Time range: [ 00:28:00.000  00:51:59.000 ]
Time range duration: 23.0 min, 59.0 sec
Longitude range: [ 57.0  93.0 ]
1680.000   619.000   337.000   93.000   -27.594   131.192
1681.000   707.000   278.000   99.000   -27.531   131.198
1682.000   635.000   287.000   90.000   -27.469   131.204
1683.000   624.000   279.000   91.000   -27.407   131.210
1684.000   615.000   301.000   98.000   -27.345   131.217
1685.000   620.000   293.000   82.000   -27.282   131.223
1686.000   599.000   315.000   95.000   -27.220   131.229
1687.000   621.000   315.000   86.000   -27.158   131.235
1688.000   631.000   336.000   98.000   -27.095   131.241
1689.000   622.000   331.000   86.000   -27.033   131.247
1690.000   582.000   335.000   96.000   -26.971   131.254
1691.000   626.000   374.000   81.000   -26.909   131.260
1692.000   599.000   307.000   77.000   -26.846   131.266
1693.000   600.000   293.000   88.000   -26.784   131.272
1694.000   656.000   341.000   90.000   -26.722   131.278
1695.000   600.000   313.000   101.000   -26.660   131.284
1696.000   602.000   343.000   80.000   -26.597   131.290
1697.000   647.000   354.000   84.000   -26.535   131.296
1698.000   627.000   388.000   101.000   -26.473   131.302
1699.000   622.000   407.000   109.000   -26.410   131.308
1700.000   674.000   401.000   115.000   -26.348   131.314
1701.000   629.000   383.000   81.000   -26.286   131.320
1702.000   580.000   383.000   103.000   -26.224   131.326
1703.000   624.000   461.000   83.000   -26.161   131.332
1704.000   658.000   392.000   98.000   -26.099   131.338
1705.000   675.000   500.000   90.000   -26.037   131.344
1706.000   588.000   466.000   72.000   -25.974   131.350
1707.000   627.000   476.000   105.000   -25.912   131.356
1708.000   604.000   497.000   108.000   -25.850   131.362
1709.000   623.000   531.000   98.000   -25.788   131.368
1710.000   601.000   525.000   89.000   -25.725   131.374
1711.000   647.000   507.000   88.000   -25.663   131.380
1712.000   590.000   561.000   72.000   -25.601   131.386
1713.000   618.000   588.000   89.000   -25.538   131.392
1714.000   681.000   618.000   83.000   -25.476   131.398
1715.000   582.000   691.000   106.000   -25.414   131.403
1716.000   625.000   702.000   97.000   -25.351   131.409
1717.000   618.000   764.000   87.000   -25.289   131.415
1718.000   606.000   776.000   79.000   -25.227   131.421
1719.000   673.000   815.000   87.000   -25.164   131.427
1720.000   618.000   872.000   81.000   -25.102   131.433
1721.000   613.000   909.000   100.000   -25.040   131.438
1722.000   618.000   975.000   112.000   -24.977   131.444
1723.000   631.000   1263.000   102.000   -24.915   131.450
1724.000   639.000   1400.000   95.000   -24.853   131.456
1725.000   637.000   1459.000   81.000   -24.790   131.461
1726.000   616.000   1614.000   97.000   -24.728   131.467
1727.000   672.000   1842.000   96.000   -24.666   131.473
1728.000   597.000   1912.000   90.000   -24.603   131.479
1729.000   609.000   2051.000   90.000   -24.541   131.484
1730.000   652.000   2116.000   87.000   -24.479   131.490
1731.000   607.000   2144.000   87.000   -24.416   131.496
1732.000   635.000   2283.000   81.000   -24.354   131.502
1733.000   625.000   2532.000   81.000   -24.292   131.507
1734.000   616.000   2761.000   126.000   -24.229   131.513
1735.000   597.000   3113.000   95.000   -24.167   131.519
1736.000   636.000   3107.000   96.000   -24.105   131.524
1737.000   639.000   3168.000   105.000   -24.042   131.530
1738.000   641.000   3376.000   97.000   -23.980   131.536
1739.000   625.000   3541.000   90.000   -23.918   131.541
1740.000   607.000   3815.000   103.000   -23.855   131.547
1741.000   652.000   3910.000   96.000   -23.793   131.552
1742.000   638.000   4103.000   70.000   -23.731   131.558
1743.000   563.000   4455.000   98.000   -23.668   131.564
1744.000   614.000   4574.000   71.000   -23.606   131.569
1745.000   646.000   4869.000   100.000   -23.543   131.575
1746.000   648.000   10601.000   91.000   -23.481   131.580
1747.000   634.000   10550.000   97.000   -23.419   131.586
1748.000   607.000   10492.000   82.000   -23.356   131.591
1749.000   598.000   10314.000   83.000   -23.294   131.597
1750.000   588.000   10325.000   83.000   -23.232   131.602
1751.000   695.000   10475.000   92.000   -23.169   131.608
1752.000   599.000   10114.000   94.000   -23.107   131.613
1753.000   622.000   10323.000   93.000   -23.045   131.619
1754.000   616.000   10102.000   109.000   -22.982   131.624
1755.000   652.000   10005.000   97.000   -22.920   131.630
1756.000   644.000   10178.000   98.000   -22.857   131.635
1757.000   626.000   9729.000   94.000   -22.795   131.641
1758.000   622.000   9844.000   98.000   -22.733   131.646
1759.000   600.000   9620.000   106.000   -22.670   131.652
1760.000   632.000   9411.000   96.000   -22.608   131.657
1761.000   625.000   9386.000   91.000   -22.545   131.663
1762.000   652.000   9399.000   98.000   -22.483   131.668
1763.000   648.000   9021.000   88.000   -22.421   131.674
1764.000   607.000   8767.000   84.000   -22.358   131.679
1765.000   649.000   8740.000   102.000   -22.296   131.684
1766.000   670.000   8352.000   89.000   -22.234   131.690
1767.000   585.000   8203.000   92.000   -22.171   131.695
1768.000   681.000   8132.000   98.000   -22.109   131.700
1769.000   643.000   7704.000   82.000   -22.046   131.706
1770.000   592.000   7494.000   79.000   -21.984   131.711
1771.000   661.000   7278.000   78.000   -21.922   131.717
1772.000   662.000   6859.000   97.000   -21.859   131.722
1773.000   644.000   6687.000   99.000   -21.797   131.727
1774.000   605.000   6330.000   87.000   -21.734   131.733
1775.000   633.000   6067.000   88.000   -21.672   131.738
1776.000   639.000   5794.000   75.000   -21.609   131.743
1777.000   649.000   5495.000   86.000   -21.547   131.748
1778.000   575.000   5077.000   92.000   -21.485   131.754
1779.000   641.000   4745.000   72.000   -21.422   131.759
1780.000   646.000   4534.000   76.000   -21.360   131.764
1781.000   662.000   4138.000   77.000   -21.297   131.770
1782.000   628.000   3910.000   110.000   -21.235   131.775
1783.000   577.000   3589.000   81.000   -21.173   131.780
1784.000   628.000   3346.000   98.000   -21.110   131.785
1785.000   587.000   2927.000   96.000   -21.048   131.791
1786.000   704.000   2794.000   96.000   -20.985   131.796
1787.000   612.000   2582.000   89.000   -20.923   131.801
1788.000   633.000   2257.000   98.000   -20.860   131.806
1789.000   635.000   2112.000   82.000   -20.798   131.811
1790.000   626.000   1959.000   92.000   -20.736   131.817
1791.000   619.000   1820.000   81.000   -20.673   131.822
1792.000   669.000   1754.000   94.000   -20.611   131.827
1793.000   610.000   1456.000   104.000   -20.548   131.832
1794.000   616.000   1361.000   100.000   -20.486   131.837
1795.000   594.000   1239.000   96.000   -20.423   131.842
1796.000   588.000   1076.000   103.000   -20.361   131.848
1797.000   648.000   1039.000   75.000   -20.299   131.853
1798.000   661.000   978.000   86.000   -20.236   131.858
1799.000   612.000   897.000   109.000   -20.174   131.863
1800.000   657.000   827.000   102.000   -20.111   131.868
1801.000   596.000   745.000   100.000   -20.049   131.873
1802.000   653.000   772.000   84.000   -19.986   131.878
1803.000   653.000   767.000   88.000   -19.924   131.884
1804.000   615.000   657.000   85.000   -19.861   131.889
1805.000   637.000   626.000   105.000   -19.799   131.894
1806.000   597.000   288.000   93.000   -19.737   131.899
1807.000   650.000   283.000   72.000   -19.674   131.904
1808.000   647.000   263.000   100.000   -19.612   131.909
1809.000   676.000   280.000   81.000   -19.549   131.914
1810.000   606.000   259.000   100.000   -19.487   131.919
1811.000   622.000   264.000   107.000   -19.424   131.924
1812.000   619.000   275.000   83.000   -19.362   131.929
1813.000   630.000   267.000   75.000   -19.299   131.934
1814.000   647.000   259.000   88.000   -19.237   131.939
1815.000   620.000   257.000   79.000   -19.174   131.944
1816.000   583.000   262.000   103.000   -19.112   131.949
1817.000   658.000   269.000   103.000   -19.049   131.954
1818.000   648.000   278.000   88.000   -18.987   131.959
1819.000   629.000   296.000   76.000   -18.924   131.964
1820.000   627.000   266.000   99.000   -18.862   131.969
1821.000   632.000   255.000   105.000   -18.800   131.974
1822.000   652.000   297.000   83.000   -18.737   131.979
1823.000   610.000   273.000   66.000   -18.675   131.984
1824.000   639.000   267.000   103.000   -18.612   131.989
1825.000   624.000   255.000   80.000   -18.550   131.994
1826.000   574.000   287.000   80.000   -18.487   131.999
1827.000   611.000   279.000   83.000   -18.425   132.004
1828.000   614.000   298.000   92.000   -18.362   132.009
1829.000   636.000   271.000   107.000   -18.300   132.014
1830.000   641.000   260.000   87.000   -18.237   132.019
1831.000   639.000   284.000   66.000   -18.175   132.024
1832.000   617.000   263.000   93.000   -18.112   132.028
1833.000   627.000   270.000   90.000   -18.050   132.033
1834.000   645.000   279.000   81.000   -17.987   132.038
1835.000   680.000   280.000   75.000   -17.925   132.043
1836.000   645.000   265.000   106.000   -17.862   132.048
1837.000   687.000   268.000   111.000   -17.800   132.053
1838.000   681.000   259.000   100.000   -17.737   132.058
1839.000   636.000   245.000   103.000   -17.675   132.063
1840.000   668.000   276.000   103.000   -17.612   132.067
1841.000   644.000   275.000   83.000   -17.550   132.072
1842.000   651.000   286.000   94.000   -17.487   132.077
1843.000   681.000   280.000   81.000   -17.425   132.082
1844.000   592.000   280.000   104.000   -17.362   132.087
1845.000   634.000   281.000   105.000   -17.300   132.092
1846.000   637.000   266.000   90.000   -17.237   132.096
1847.000   621.000   258.000   97.000   -17.175   132.101
1848.000   651.000   263.000   83.000   -17.112   132.106
1849.000   633.000   256.000   102.000   -17.050   132.111
1850.000   616.000   252.000   98.000   -16.987   132.116
1851.000   634.000   254.000   112.000   -16.925   132.120
1852.000   612.000   235.000   99.000   -16.862   132.125
1853.000   648.000   266.000   77.000   -16.800   132.130
1854.000   624.000   290.000   95.000   -16.737   132.135
1855.000   623.000   293.000   71.000   -16.675   132.140
1856.000   629.000   258.000   93.000   -16.612   132.144
1857.000   588.000   294.000   80.000   -16.550   132.149
1858.000   631.000   267.000   69.000   -16.487   132.154
1859.000   643.000   250.000   80.000   -16.425   132.159
1860.000   625.000   254.000   94.000   -16.362   132.163
1861.000   641.000   274.000   85.000   -16.300   132.168
1862.000   626.000   266.000   97.000   -16.237   132.173
1863.000   600.000   279.000   81.000   -16.175   132.177
1864.000   619.000   240.000   78.000   -16.112   132.182
1865.000   651.000   245.000   83.000   -16.049   132.187
1866.000   626.000   244.000   104.000   -15.987   132.192
1867.000   661.000   278.000   81.000   -15.924   132.196
1868.000   639.000   275.000   92.000   -15.862   132.201
1869.000   659.000   276.000   87.000   -15.799   132.206
1870.000   645.000   244.000   98.000   -15.737   132.210
1871.000   659.000   262.000   96.000   -15.674   132.215
1872.000   674.000   265.000   78.000   -15.612   132.220
1873.000   608.000   258.000   81.000   -15.549   132.224
1874.000   657.000   260.000   92.000   -15.487   132.229
1875.000   733.000   250.000   81.000   -15.424   132.234
1876.000   649.000   270.000   98.000   -15.362   132.238
1877.000   712.000   250.000   107.000   -15.299   132.243
1878.000   674.000   255.000   87.000   -15.236   132.248
1879.000   735.000   262.000   96.000   -15.174   132.252
1880.000   713.000   264.000   93.000   -15.111   132.257
1881.000   678.000   253.000   81.000   -15.049   132.261
1882.000   667.000   261.000   75.000   -14.986   132.266
1883.000   679.000   271.000   84.000   -14.924   132.271
1884.000   702.000   261.000   97.000   -14.861   132.275
1885.000   672.000   270.000   98.000   -14.799   132.280
1886.000   698.000   228.000   81.000   -14.736   132.285
1887.000   697.000   241.000   90.000   -14.674   132.289
1888.000   699.000   253.000   75.000   -14.611   132.294
1889.000   722.000   263.000   87.000   -14.548   132.298
1890.000   719.000   221.000   79.000   -14.486   132.303
1891.000   727.000   236.000   118.000   -14.423   132.307
1892.000   721.000   236.000   89.000   -14.361   132.312
1893.000   741.000   265.000   98.000   -14.298   132.317
1894.000   778.000   246.000   95.000   -14.236   132.321
1895.000   692.000   240.000   118.000   -14.173   132.326
1896.000   723.000   281.000   116.000   -14.110   132.330
1897.000   769.000   286.000   119.000   -14.048   132.335
1898.000   742.000   287.000   88.000   -13.985   132.339
1899.000   746.000   251.000   82.000   -13.923   132.344
1900.000   781.000   219.000   94.000   -13.860   132.348
1901.000   743.000   272.000   89.000   -13.798   132.353
1902.000   745.000   275.000   96.000   -13.735   132.357
1903.000   754.000   231.000   102.000   -13.673   132.362
1904.000   702.000   254.000   98.000   -13.610   132.366
1905.000   757.000   241.000   85.000   -13.547   132.371
1906.000   755.000   264.000   81.000   -13.485   132.376
1907.000   773.000   274.000   113.000   -13.422   132.380
1908.000   762.000   226.000   95.000   -13.360   132.385
1909.000   730.000   261.000   83.000   -13.297   132.389
1910.000   702.000   256.000   100.000   -13.234   132.393
1911.000   769.000   234.000   93.000   -13.172   132.398
1912.000   745.000   235.000   92.000   -13.109   132.402
1913.000   786.000   261.000   83.000   -13.047   132.407
1914.000   750.000   242.000   88.000   -12.984   132.411
1915.000   756.000   235.000   86.000   -12.922   132.416
1916.000   743.000   258.000   106.000   -12.859   132.420
1917.000   742.000   273.000   96.000   -12.796   132.425
1918.000   790.000   292.000   83.000   -12.734   132.429
1919.000   706.000   244.000   65.000   -12.671   132.434
1920.000   686.000   250.000   71.000   -12.609   132.438
1921.000   725.000   240.000   105.000   -12.546   132.443
1922.000   721.000   238.000   89.000   -12.483   132.447
1923.000   764.000   258.000   91.000   -12.421   132.451
1924.000   720.000   256.000   75.000   -12.358   132.456
1925.000   759.000   234.000   79.000   -12.296   132.460
1926.000   730.000   263.000   83.000   -12.233   132.465
1927.000   719.000   247.000   97.000   -12.171   132.469
1928.000   721.000   26363.000   79.000   -12.108   132.474
1929.000   759.000   12025.000   94.000   -12.045   132.478
1930.000   729.000   33014.000   88.000   -11.983   132.482
1931.000   732.000   224.000   84.000   -11.920   132.487
1932.000   726.000   26332.000   105.000   -11.858   132.491
1933.000   703.000   11994.000   79.000   -11.795   132.496
1934.000   560.000   32980.000   82.000   -11.732   132.500
1935.000   546.000   242.000   98.000   -11.670   132.504
1936.000   538.000   241.000   88.000   -11.607   132.509
1937.000   533.000   242.000   87.000   -11.545   132.513
1938.000   508.000   242.000   104.000   -11.482   132.517
1939.000   530.000   172.000   78.000   -11.419   132.522
1940.000   495.000   26645.000   110.000   -11.357   132.526
1941.000   554.000   11977.000   75.000   -11.294   132.531
1942.000   519.000   33025.000   83.000   -11.231   132.535
1943.000   557.000   245.000   103.000   -11.169   132.539
1944.000   514.000   60913.000   84.000   -11.106   132.544
1945.000   523.000   312.000   106.000   -11.044   132.548
1946.000   512.000   231.000   77.000   -10.981   132.552
1947.000   510.000   218.000   101.000   -10.918   132.557
1948.000   539.000   20060.000   76.000   -10.856   132.561
1949.000   525.000   61566.000   107.000   -10.793   132.565
1950.000   521.000   32830.000   92.000   -10.731   132.570
1951.000   479.000   231.000   70.000   -10.668   132.574
1952.000   555.000   60930.000   103.000   -10.605   132.578
1953.000   527.000   328.000   108.000   -10.543   132.583
1954.000   574.000   242.000   88.000   -10.480   132.587
1955.000   503.000   216.000   112.000   -10.417   132.591
1956.000   532.000   226.000   89.000   -10.355   132.596
1957.000   530.000   229.000   105.000   -10.292   132.600
1958.000   532.000   260.000   93.000   -10.230   132.604
1959.000   495.000   224.000   96.000   -10.167   132.608
1960.000   549.000   223.000   89.000   -10.104   132.613
1961.000   551.000   232.000   97.000   -10.042   132.617
1962.000   518.000   260.000   79.000   -9.979   132.621
1963.000   523.000   237.000   94.000   -9.916   132.626
1964.000   534.000   60920.000   92.000   -9.854   132.630
1965.000   580.000   286.000   73.000   -9.791   132.634
1966.000   537.000   220.000   104.000   -9.729   132.639
1967.000   554.000   257.000   66.000   -9.666   132.643
1968.000   545.000   232.000   80.000   -9.603   132.647
1969.000   496.000   220.000   97.000   -9.541   132.651
1970.000   559.000   259.000   84.000   -9.478   132.656
1971.000   490.000   238.000   88.000   -9.415   132.660
1972.000   558.000   26052.000   99.000   -9.353   132.664
1973.000   533.000   12028.000   105.000   -9.290   132.668
1974.000   536.000   33018.000   80.000   -9.228   132.673
1975.000   536.000   214.000   70.000   -9.165   132.677
1976.000   542.000   267.000   104.000   -9.102   132.681
1977.000   518.000   259.000   71.000   -9.040   132.685
1978.000   488.000   232.000   56.000   -8.977   132.690
1979.000   515.000   255.000   54.000   -8.914   132.694
1980.000   566.000   42923.000   57.000   -8.852   132.698
1981.000   511.000   33407.000   70.000   -8.789   132.702
1982.000   518.000   34933.000   71.000   -8.726   132.707
1983.000   585.000   23290.000   71.000   -8.664   132.711
1984.000   519.000   26219.000   66.000   -8.601   132.715
1985.000   584.000   11963.000   52.000   -8.538   132.719
1986.000   554.000   33016.000   64.000   -8.476   132.723
1987.000   533.000   253.000   55.000   -8.413   132.728
1988.000   566.000   227.000   69.000   -8.351   132.732
1989.000   521.000   235.000   78.000   -8.288   132.736
1990.000   575.000   230.000   51.000   -8.225   132.740
1991.000   544.000   264.000   52.000   -8.163   132.745
1992.000   560.000   26160.000   67.000   -8.100   132.749
1993.000   520.000   12045.000   66.000   -8.037   132.753
1994.000   547.000   33029.000   64.000   -7.975   132.757
1995.000   545.000   255.000   58.000   -7.912   132.761
1996.000   538.000   244.000   64.000   -7.849   132.766
1997.000   541.000   249.000   66.000   -7.787   132.770
1998.000   520.000   282.000   57.000   -7.724   132.774
1999.000   508.000   246.000   68.000   -7.661   132.778
2000.000   532.000   260.000   60.000   -7.599   132.782
2001.000   494.000   290.000   72.000   -7.536   132.786
2002.000   509.000   307.000   63.000   -7.473   132.791
2003.000   541.000   331.000   74.000   -7.411   132.795
2004.000   499.000   320.000   63.000   -7.348   132.799
2005.000   551.000   309.000   60.000   -7.285   132.803
2006.000   501.000   307.000   60.000   -7.223   132.807
2007.000   528.000   312.000   59.000   -7.160   132.812
2008.000   554.000   343.000   60.000   -7.097   132.816
2009.000   544.000   320.000   67.000   -7.035   132.820
2010.000   538.000   432.000   79.000   -6.972   132.824
2011.000   536.000   367.000   80.000   -6.909   132.828
2012.000   548.000   26374.000   52.000   -6.847   132.832
2013.000   547.000   12169.000   62.000   -6.784   132.836
2014.000   551.000   33218.000   48.000   -6.721   132.841
2015.000   582.000   405.000   68.000   -6.659   132.845
2016.000   527.000   479.000   72.000   -6.596   132.849
2017.000   578.000   484.000   50.000   -6.533   132.853
2018.000   531.000   510.000   59.000   -6.471   132.857
2019.000   544.000   604.000   71.000   -6.408   132.861
2020.000   518.000   600.000   64.000   -6.345   132.866
2021.000   525.000   642.000   62.000   -6.283   132.870
2022.000   561.000   640.000   64.000   -6.220   132.874
2023.000   514.000   732.000   65.000   -6.157   132.878
2024.000   541.000   26686.000   56.000   -6.095   132.882
2025.000   620.000   12503.000   51.000   -6.032   132.886
2026.000   521.000   33693.000   59.000   -5.969   132.890
2027.000   531.000   1165.000   52.000   -5.907   132.894
2028.000   555.000   1236.000   73.000   -5.844   132.899
2029.000   532.000   1379.000   53.000   -5.781   132.903
2030.000   504.000   1476.000   53.000   -5.719   132.907
2031.000   514.000   1664.000   68.000   -5.656   132.911
2032.000   511.000   26551.000   56.000   -5.593   132.915
2033.000   507.000   13633.000   50.000   -5.531   132.919
2034.000   557.000   34777.000   75.000   -5.468   132.923
2035.000   574.000   2031.000   67.000   -5.405   132.927
2036.000   543.000   2134.000   61.000   -5.343   132.932
2037.000   512.000   2408.000   53.000   -5.280   132.936
2038.000   571.000   66296.000   63.000   -5.217   132.940
2039.000   535.000   68503.000   78.000   -5.155   132.944
2040.000   17117.000   20052.000   57.000   -5.092   132.948
2041.000   21752.000   24664.000   77.000   -5.029   132.952
2042.000   1190.000   5468.000   67.000   -4.967   132.956
2043.000   23357.000   26706.000   73.000   -4.904   132.960
2044.000   458.000   3805.000   68.000   -4.841   132.964
2045.000   428.000   4085.000   75.000   -4.778   132.969
2046.000   408.000   37981.000   58.000   -4.716   132.973
2047.000   407.000   23814.000   59.000   -4.653   132.977
2048.000   406.000   12063.000   64.000   -4.590   132.981
2049.000   440.000   12067.000   73.000   -4.528   132.985
2050.000   412.000   11717.000   64.000   -4.465   132.989
2051.000   443.000   11953.000   74.000   -4.402   132.993
2052.000   454.000   37587.000   57.000   -4.340   132.997
2053.000   436.000   23428.000   72.000   -4.277   133.001
2054.000   417.000   44291.000   57.000   -4.214   133.005
2055.000   340.000   11321.000   66.000   -4.152   133.009
2056.000   419.000   11330.000   68.000   -4.089   133.014
2057.000   403.000   10976.000   73.000   -4.026   133.018
2058.000   416.000   10847.000   64.000   -3.964   133.022
2059.000   419.000   10856.000   60.000   -3.901   133.026
2060.000   454.000   10627.000   57.000   -3.838   133.030
2061.000   499.000   10415.000   67.000   -3.775   133.034
2062.000   450.000   10216.000   58.000   -3.713   133.038
2063.000   399.000   9962.000   72.000   -3.650   133.042
2064.000   430.000   75595.000   59.000   -3.587   133.046
2065.000   410.000   75420.000   58.000   -3.525   133.050
2066.000   426.000   75129.000   55.000   -3.462   133.054
2067.000   453.000   74934.000   54.000   -3.399   133.058
2068.000   421.000   8951.000   53.000   -3.337   133.062
2069.000   438.000   8843.000   73.000   -3.274   133.067
2070.000   435.000   8637.000   55.000   -3.211   133.071
2071.000   408.000   8162.000   50.000   -3.148   133.075
2072.000   440.000   7843.000   62.000   -3.086   133.079
2073.000   411.000   7548.000   65.000   -3.023   133.083
2074.000   416.000   7363.000   59.000   -2.960   133.087
2075.000   395.000   6991.000   80.000   -2.898   133.091
2076.000   425.000   6683.000   56.000   -2.835   133.095
2077.000   446.000   6250.000   68.000   -2.772   133.099
2078.000   429.000   31993.000   61.000   -2.710   133.103
2079.000   424.000   17541.000   60.000   -2.647   133.107
2080.000   468.000   5527.000   61.000   -2.584   133.111
2081.000   404.000   5133.000   51.000   -2.521   133.115
2082.000   402.000   4861.000   61.000   -2.459   133.119
2083.000   431.000   4638.000   63.000   -2.396   133.123
2084.000   434.000   4276.000   59.000   -2.333   133.127
2085.000   439.000   3864.000   51.000   -2.271   133.132
2086.000   433.000   3645.000   67.000   -2.208   133.136
2087.000   429.000   3486.000   78.000   -2.145   133.140
2088.000   431.000   3048.000   68.000   -2.083   133.144
2089.000   428.000   2780.000   66.000   -2.020   133.148
2090.000   394.000   2687.000   71.000   -1.957   133.152
2091.000   421.000   2480.000   79.000   -1.894   133.156
2092.000   416.000   38534.000   63.000   -1.832   133.160
2093.000   449.000   2388.000   67.000   -1.769   133.164
2094.000   427.000   1877.000   68.000   -1.706   133.168
2095.000   430.000   1747.000   65.000   -1.644   133.172
2096.000   474.000   1546.000   63.000   -1.581   133.176
2097.000   439.000   1386.000   70.000   -1.518   133.180
2098.000   427.000   1317.000   67.000   -1.455   133.184
2099.000   415.000   1173.000   61.000   -1.393   133.188
2100.000   443.000   1156.000   55.000   -1.330   133.192
2101.000   451.000   989.000   51.000   -1.267   133.196
2102.000   428.000   990.000   69.000   -1.205   133.200
2103.000   442.000   923.000   65.000   -1.142   133.204
2104.000   437.000   831.000   63.000   -1.079   133.208
2105.000   421.000   810.000   65.000   -1.016   133.213
2106.000   413.000   297.000   61.000   -0.954   133.217
2107.000   463.000   251.000   74.000   -0.891   133.221
2108.000   456.000   293.000   56.000   -0.828   133.225
2109.000   427.000   260.000   78.000   -0.766   133.229
2110.000   453.000   262.000   55.000   -0.703   133.233
2111.000   444.000   283.000   57.000   -0.640   133.237
2112.000   396.000   268.000   64.000   -0.577   133.241
2113.000   457.000   318.000   61.000   -0.515   133.245
2114.000   455.000   272.000   60.000   -0.452   133.249
2115.000   413.000   237.000   73.000   -0.389   133.253
2116.000   442.000   282.000   57.000   -0.327   133.257
2117.000   424.000   282.000   60.000   -0.264   133.261
2118.000   433.000   273.000   64.000   -0.201   133.265
2119.000   413.000   288.000   65.000   -0.138   133.269
2120.000   460.000   65803.000   58.000   -0.076   133.273
2121.000   422.000   65832.000   69.000   -0.013   133.277
2122.000   400.000   65803.000   53.000   00.050   133.281
2123.000   402.000   65777.000   49.000   00.112   133.285
2124.000   417.000   289.000   68.000   00.175   133.289
2125.000   428.000   262.000   60.000   00.238   133.293
2126.000   413.000   283.000   58.000   00.301   133.297
2127.000   418.000   241.000   54.000   00.363   133.302
2128.000   424.000   290.000   47.000   00.426   133.306
2129.000   442.000   318.000   66.000   00.489   133.310
2130.000   435.000   267.000   65.000   00.551   133.314
2131.000   415.000   239.000   63.000   00.614   133.318
2132.000   399.000   26252.000   67.000   00.677   133.322
2133.000   406.000   11980.000   63.000   00.740   133.326
2134.000   410.000   33027.000   49.000   00.802   133.330
2135.000   380.000   263.000   61.000   00.865   133.334
2136.000   443.000   26259.000   67.000   00.928   133.338
2137.000   499.000   11966.000   56.000   00.991   133.342
2138.000   408.000   33039.000   65.000   01.053   133.346
2139.000   457.000   230.000   69.000   01.116   133.350
2140.000   416.000   65804.000   59.000   01.179   133.354
2141.000   379.000   65815.000   61.000   01.241   133.358
2142.000   425.000   279.000   74.000   01.304   133.362
2143.000   430.000   264.000   60.000   01.367   133.366
2144.000   436.000   280.000   67.000   01.430   133.370
2145.000   436.000   304.000   65.000   01.492   133.374
2146.000   425.000   234.000   57.000   01.555   133.378
2147.000   382.000   249.000   66.000   01.618   133.382
2148.000   424.000   254.000   71.000   01.680   133.387
2149.000   469.000   253.000   67.000   01.743   133.391
2150.000   414.000   240.000   64.000   01.806   133.395
2151.000   447.000   267.000   68.000   01.869   133.399
2152.000   439.000   253.000   54.000   01.931   133.403
2153.000   455.000   253.000   74.000   01.994   133.407
2154.000   431.000   245.000   63.000   02.057   133.411
2155.000   446.000   248.000   50.000   02.120   133.415
2156.000   434.000   28639.000   58.000   02.182   133.419
2157.000   415.000   61555.000   76.000   02.245   133.423
2158.000   435.000   32826.000   55.000   02.308   133.427
2159.000   383.000   237.000   57.000   02.370   133.431
2160.000   611.000   337.000   93.000   02.433   133.435
2161.000   716.000   278.000   99.000   02.496   133.439
2162.000   612.000   287.000   90.000   02.559   133.443
2163.000   621.000   279.000   91.000   02.621   133.447
2164.000   658.000   301.000   98.000   02.684   133.451
2165.000   611.000   293.000   82.000   02.747   133.456
2166.000   635.000   315.000   95.000   02.810   133.460
2167.000   584.000   315.000   86.000   02.872   133.464
2168.000   619.000   336.000   98.000   02.935   133.468
2169.000   698.000   331.000   86.000   02.998   133.472
2170.000   629.000   335.000   96.000   03.060   133.476
2171.000   603.000   374.000   81.000   03.123   133.480
2172.000   651.000   307.000   77.000   03.186   133.484
2173.000   610.000   293.000   88.000   03.249   133.488
2174.000   603.000   341.000   90.000   03.311   133.492
2175.000   594.000   313.000   101.000   03.374   133.496
2176.000   641.000   343.000   80.000   03.437   133.500
2177.000   686.000   354.000   84.000   03.500   133.504
2178.000   597.000   388.000   101.000   03.562   133.508
2179.000   594.000   407.000   109.000   03.625   133.513
2180.000   616.000   401.000   115.000   03.688   133.517
2181.000   589.000   383.000   81.000   03.751   133.521
2182.000   562.000   383.000   103.000   03.813   133.525
2183.000   591.000   461.000   83.000   03.876   133.529
2184.000   581.000   392.000   98.000   03.939   133.533
2185.000   659.000   500.000   90.000   04.001   133.537
2186.000   607.000   466.000   72.000   04.064   133.541
2187.000   585.000   476.000   105.000   04.127   133.545
2188.000   583.000   497.000   108.000   04.190   133.549
2189.000   593.000   531.000   98.000   04.252   133.553
2190.000   669.000   525.000   89.000   04.315   133.558
2191.000   644.000   507.000   88.000   04.378   133.562
2192.000   578.000   561.000   72.000   04.441   133.566
2193.000   635.000   588.000   89.000   04.503   133.570
2194.000   623.000   618.000   83.000   04.566   133.574
2195.000   664.000   691.000   106.000   04.629   133.578
2196.000   635.000   702.000   97.000   04.691   133.582
2197.000   603.000   764.000   87.000   04.754   133.586
2198.000   595.000   776.000   79.000   04.817   133.590
2199.000   588.000   815.000   87.000   04.880   133.594
2200.000   555.000   872.000   81.000   04.942   133.599
2201.000   590.000   909.000   100.000   05.005   133.603
2202.000   603.000   975.000   112.000   05.068   133.607
2203.000   615.000   1263.000   102.000   05.131   133.611
2204.000   596.000   1400.000   95.000   05.193   133.615
2205.000   578.000   1459.000   81.000   05.256   133.619
2206.000   573.000   1614.000   97.000   05.319   133.623
2207.000   596.000   1842.000   96.000   05.382   133.627
2208.000   596.000   1912.000   90.000   05.444   133.631
2209.000   626.000   2051.000   90.000   05.507   133.636
2210.000   592.000   2116.000   87.000   05.570   133.640
2211.000   621.000   2144.000   87.000   05.632   133.644
2212.000   618.000   2283.000   81.000   05.695   133.648
2213.000   637.000   2532.000   81.000   05.758   133.652
2214.000   589.000   2761.000   126.000   05.821   133.656
2215.000   606.000   3113.000   95.000   05.883   133.660
2216.000   646.000   3107.000   96.000   05.946   133.664
2217.000   627.000   3168.000   105.000   06.009   133.669
2218.000   592.000   3376.000   97.000   06.072   133.673
2219.000   607.000   3541.000   90.000   06.134   133.677
2220.000   630.000   3815.000   103.000   06.197   133.681
2221.000   680.000   3910.000   96.000   06.260   133.685
2222.000   600.000   4103.000   70.000   06.322   133.689
2223.000   580.000   4455.000   98.000   06.385   133.693
2224.000   558.000   4574.000   71.000   06.448   133.698
2225.000   583.000   4869.000   100.000   06.511   133.702
2226.000   594.000   10601.000   91.000   06.573   133.706
2227.000   557.000   10550.000   97.000   06.636   133.710
2228.000   595.000   10492.000   82.000   06.699   133.714
2229.000   585.000   10314.000   83.000   06.762   133.718
2230.000   600.000   10325.000   83.000   06.824   133.723
2231.000   604.000   10475.000   92.000   06.887   133.727
2232.000   568.000   10114.000   94.000   06.950   133.731
2233.000   645.000   10323.000   93.000   07.013   133.735
2234.000   636.000   10102.000   109.000   07.075   133.739
2235.000   653.000   10005.000   97.000   07.138   133.743
2236.000   568.000   10178.000   98.000   07.201   133.748
2237.000   616.000   9729.000   94.000   07.263   133.752
2238.000   599.000   9844.000   98.000   07.326   133.756
2239.000   593.000   9620.000   106.000   07.389   133.760
2240.000   560.000   9411.000   96.000   07.452   133.764
2241.000   659.000   9386.000   91.000   07.514   133.769
2242.000   627.000   9399.000   98.000   07.577   133.773
2243.000   518.000   9021.000   88.000   07.640   133.777
2244.000   598.000   8767.000   84.000   07.703   133.781
2245.000   619.000   8740.000   102.000   07.765   133.785
2246.000   586.000   8352.000   89.000   07.828   133.790
2247.000   630.000   8203.000   92.000   07.891   133.794
2248.000   639.000   8132.000   98.000   07.953   133.798
2249.000   612.000   7704.000   82.000   08.016   133.802
2250.000   581.000   7494.000   79.000   08.079   133.806
2251.000   582.000   7278.000   78.000   08.142   133.811
2252.000   620.000   6859.000   97.000   08.204   133.815
2253.000   617.000   6687.000   99.000   08.267   133.819
2254.000   594.000   6330.000   87.000   08.330   133.823
2255.000   621.000   6067.000   88.000   08.393   133.827
2256.000   601.000   5794.000   75.000   08.455   133.832
2257.000   584.000   5495.000   86.000   08.518   133.836
2258.000   685.000   5077.000   92.000   08.581   133.840
2259.000   595.000   4745.000   72.000   08.643   133.844
2260.000   607.000   4534.000   76.000   08.706   133.849
2261.000   602.000   4138.000   77.000   08.769   133.853
2262.000   608.000   3910.000   110.000   08.832   133.857
2263.000   595.000   3589.000   81.000   08.894   133.861
2264.000   611.000   3346.000   98.000   08.957   133.866
2265.000   746.000   2927.000   96.000   09.020   133.870
2266.000   632.000   2794.000   96.000   09.083   133.874
2267.000   559.000   2582.000   89.000   09.145   133.878
2268.000   608.000   2257.000   98.000   09.208   133.883
2269.000   600.000   2112.000   82.000   09.271   133.887
2270.000   585.000   1959.000   92.000   09.333   133.891
2271.000   663.000   1820.000   81.000   09.396   133.895
2272.000   593.000   1754.000   94.000   09.459   133.900
2273.000   622.000   1456.000   104.000   09.522   133.904
2274.000   599.000   1361.000   100.000   09.584   133.908
2275.000   589.000   1239.000   96.000   09.647   133.913
2276.000   609.000   1076.000   103.000   09.710   133.917
2277.000   584.000   1039.000   75.000   09.773   133.921
2278.000   608.000   978.000   86.000   09.835   133.925
2279.000   574.000   897.000   109.000   09.898   133.930
2280.000   602.000   827.000   102.000   09.961   133.934
2281.000   650.000   745.000   100.000   10.023   133.938
2282.000   594.000   772.000   84.000   10.086   133.943
2283.000   592.000   767.000   88.000   10.149   133.947
2284.000   570.000   657.000   85.000   10.212   133.951
2285.000   592.000   626.000   105.000   10.274   133.956
2286.000   588.000   288.000   93.000   10.337   133.960
2287.000   615.000   283.000   72.000   10.400   133.964
2288.000   626.000   263.000   100.000   10.462   133.969
2289.000   616.000   280.000   81.000   10.525   133.973
2290.000   589.000   259.000   100.000   10.588   133.977
2291.000   555.000   264.000   107.000   10.651   133.982
2292.000   631.000   275.000   83.000   10.713   133.986
2293.000   618.000   267.000   75.000   10.776   133.990
2294.000   575.000   259.000   88.000   10.839   133.995
2295.000   615.000   257.000   79.000   10.902   133.999
2296.000   564.000   262.000   103.000   10.964   134.003
2297.000   660.000   269.000   103.000   11.027   134.008
2298.000   624.000   278.000   88.000   11.090   134.012
2299.000   618.000   296.000   76.000   11.152   134.016
2300.000   589.000   266.000   99.000   11.215   134.021
2301.000   644.000   255.000   105.000   11.278   134.025
2302.000   567.000   297.000   83.000   11.341   134.030
2303.000   594.000   273.000   66.000   11.403   134.034
2304.000   597.000   267.000   103.000   11.466   134.038
2305.000   598.000   255.000   80.000   11.529   134.043
2306.000   636.000   287.000   80.000   11.591   134.047
2307.000   628.000   279.000   83.000   11.654   134.051
2308.000   630.000   298.000   92.000   11.717   134.056
2309.000   637.000   271.000   107.000   11.780   134.060
2310.000   643.000   260.000   87.000   11.842   134.065
2311.000   616.000   284.000   66.000   11.905   134.069
2312.000   631.000   263.000   93.000   11.968   134.074
2313.000   623.000   270.000   90.000   12.030   134.078
2314.000   593.000   279.000   81.000   12.093   134.082
2315.000   573.000   280.000   75.000   12.156   134.087
2316.000   597.000   265.000   106.000   12.219   134.091
2317.000   600.000   268.000   111.000   12.281   134.096
2318.000   638.000   259.000   100.000   12.344   134.100
2319.000   572.000   245.000   103.000   12.407   134.105
2320.000   610.000   276.000   103.000   12.469   134.109
2321.000   573.000   275.000   83.000   12.532   134.113
2322.000   564.000   286.000   94.000   12.595   134.118
2323.000   628.000   280.000   81.000   12.658   134.122
2324.000   629.000   280.000   104.000   12.720   134.127
2325.000   675.000   281.000   105.000   12.783   134.131
2326.000   623.000   266.000   90.000   12.846   134.136
2327.000   607.000   258.000   97.000   12.908   134.140
2328.000   615.000   263.000   83.000   12.971   134.145
2329.000   600.000   256.000   102.000   13.034   134.149
2330.000   631.000   252.000   98.000   13.096   134.154
2331.000   673.000   254.000   112.000   13.159   134.158
2332.000   623.000   235.000   99.000   13.222   134.163
2333.000   568.000   266.000   77.000   13.285   134.167
2334.000   609.000   290.000   95.000   13.347   134.172
2335.000   592.000   293.000   71.000   13.410   134.176
2336.000   632.000   258.000   93.000   13.473   134.181
2337.000   589.000   294.000   80.000   13.535   134.185
2338.000   636.000   267.000   69.000   13.598   134.190
2339.000   620.000   250.000   80.000   13.661   134.194
2340.000   615.000   254.000   94.000   13.723   134.199
2341.000   664.000   274.000   85.000   13.786   134.203
2342.000   623.000   266.000   97.000   13.849   134.208
2343.000   635.000   279.000   81.000   13.912   134.212
2344.000   587.000   240.000   78.000   13.974   134.217
2345.000   567.000   245.000   83.000   14.037   134.222
2346.000   626.000   244.000   104.000   14.100   134.226
2347.000   611.000   278.000   81.000   14.162   134.231
2348.000   629.000   275.000   92.000   14.225   134.235
2349.000   731.000   276.000   87.000   14.288   134.240
2350.000   557.000   244.000   98.000   14.350   134.244
2351.000   613.000   262.000   96.000   14.413   134.249
2352.000   591.000   265.000   78.000   14.476   134.254
2353.000   586.000   258.000   81.000   14.539   134.258
2354.000   642.000   260.000   92.000   14.601   134.263
2355.000   600.000   250.000   81.000   14.664   134.267
2356.000   612.000   270.000   98.000   14.727   134.272
2357.000   608.000   250.000   107.000   14.789   134.277
2358.000   615.000   255.000   87.000   14.852   134.281
2359.000   653.000   262.000   96.000   14.915   134.286
2360.000   597.000   264.000   93.000   14.977   134.291
2361.000   613.000   253.000   81.000   15.040   134.295
2362.000   631.000   261.000   75.000   15.103   134.300
2363.000   592.000   271.000   84.000   15.165   134.304
2364.000   581.000   261.000   97.000   15.228   134.309
2365.000   619.000   270.000   98.000   15.291   134.314
2366.000   578.000   228.000   81.000   15.354   134.318
2367.000   632.000   241.000   90.000   15.416   134.323
2368.000   608.000   253.000   75.000   15.479   134.328
2369.000   608.000   263.000   87.000   15.542   134.332
2370.000   638.000   221.000   79.000   15.604   134.337
2371.000   613.000   236.000   118.000   15.667   134.342
2372.000   568.000   236.000   89.000   15.730   134.347
2373.000   612.000   265.000   98.000   15.792   134.351
2374.000   648.000   246.000   95.000   15.855   134.356
2375.000   548.000   240.000   118.000   15.918   134.361
2376.000   611.000   281.000   116.000   15.980   134.365
2377.000   667.000   286.000   119.000   16.043   134.370
2378.000   630.000   287.000   88.000   16.106   134.375
2379.000   597.000   251.000   82.000   16.168   134.380
2380.000   578.000   219.000   94.000   16.231   134.384
2381.000   577.000   272.000   89.000   16.294   134.389
2382.000   622.000   275.000   96.000   16.356   134.394
2383.000   588.000   231.000   102.000   16.419   134.399
2384.000   584.000   254.000   98.000   16.482   134.403
2385.000   577.000   241.000   85.000   16.545   134.408
2386.000   581.000   264.000   81.000   16.607   134.413
2387.000   584.000   274.000   113.000   16.670   134.418
2388.000   601.000   226.000   95.000   16.733   134.422
2389.000   602.000   261.000   83.000   16.795   134.427
2390.000   634.000   256.000   100.000   16.858   134.432
2391.000   667.000   234.000   93.000   16.921   134.437
2392.000   657.000   235.000   92.000   16.983   134.442
2393.000   580.000   261.000   83.000   17.046   134.447
2394.000   573.000   242.000   88.000   17.109   134.451
2395.000   605.000   235.000   86.000   17.171   134.456
2396.000   623.000   258.000   106.000   17.234   134.461
2397.000   617.000   273.000   96.000   17.297   134.466
2398.000   656.000   292.000   83.000   17.359   134.471
2399.000   622.000   244.000   65.000   17.422   134.476
2400.000   631.000   250.000   71.000   17.485   134.480
2401.000   590.000   240.000   105.000   17.547   134.485
2402.000   608.000   238.000   89.000   17.610   134.490
2403.000   602.000   258.000   91.000   17.673   134.495
2404.000   587.000   256.000   75.000   17.735   134.500
2405.000   595.000   234.000   79.000   17.798   134.505
2406.000   607.000   263.000   83.000   17.861   134.510
2407.000   623.000   247.000   97.000   17.923   134.515
2408.000   601.000   26363.000   79.000   17.986   134.519
2409.000   650.000   12025.000   94.000   18.049   134.524
2410.000   640.000   33014.000   88.000   18.111   134.529
2411.000   597.000   224.000   84.000   18.174   134.534
2412.000   624.000   26332.000   105.000   18.237   134.539
2413.000   601.000   11994.000   79.000   18.299   134.544
2414.000   617.000   32980.000   82.000   18.362   134.549
2415.000   602.000   242.000   98.000   18.425   134.554
2416.000   553.000   241.000   88.000   18.487   134.559
2417.000   598.000   242.000   87.000   18.550   134.564
2418.000   602.000   242.000   104.000   18.612   134.569
2419.000   593.000   172.000   78.000   18.675   134.574
2420.000   590.000   26645.000   110.000   18.738   134.579
2421.000   594.000   11977.000   75.000   18.800   134.584
2422.000   594.000   33025.000   83.000   18.863   134.589
2423.000   650.000   245.000   103.000   18.926   134.594
2424.000   634.000   60913.000   84.000   18.988   134.599
2425.000   580.000   312.000   106.000   19.051   134.604
2426.000   599.000   231.000   77.000   19.114   134.609
2427.000   598.000   218.000   101.000   19.176   134.614
2428.000   632.000   20060.000   76.000   19.239   134.619
2429.000   611.000   61566.000   107.000   19.302   134.624
2430.000   575.000   32830.000   92.000   19.364   134.629
2431.000   607.000   231.000   70.000   19.427   134.634
2432.000   607.000   60930.000   103.000   19.490   134.639
2433.000   552.000   328.000   108.000   19.552   134.644
2434.000   539.000   242.000   88.000   19.615   134.649
2435.000   606.000   216.000   112.000   19.677   134.655
2436.000   613.000   226.000   89.000   19.740   134.660
2437.000   604.000   229.000   105.000   19.803   134.665
2438.000   631.000   260.000   93.000   19.865   134.670
2439.000   593.000   224.000   96.000   19.928   134.675
2440.000   624.000   223.000   89.000   19.991   134.680
2441.000   612.000   232.000   97.000   20.053   134.685
2442.000   570.000   260.000   79.000   20.116   134.690
2443.000   610.000   237.000   94.000   20.179   134.696
2444.000   594.000   60920.000   92.000   20.241   134.701
2445.000   593.000   286.000   73.000   20.304   134.706
2446.000   581.000   220.000   104.000   20.366   134.711
2447.000   561.000   257.000   66.000   20.429   134.716
2448.000   592.000   232.000   80.000   20.492   134.721
2449.000   612.000   220.000   97.000   20.554   134.727
2450.000   611.000   259.000   84.000   20.617   134.732
2451.000   610.000   238.000   88.000   20.680   134.737
2452.000   588.000   26052.000   99.000   20.742   134.742
2453.000   616.000   12028.000   105.000   20.805   134.748
2454.000   580.000   33018.000   80.000   20.867   134.753
2455.000   621.000   214.000   70.000   20.930   134.758
2456.000   611.000   267.000   104.000   20.993   134.763
2457.000   598.000   259.000   71.000   21.055   134.768
2458.000   584.000   232.000   56.000   21.118   134.774
2459.000   596.000   255.000   54.000   21.181   134.779
2460.000   610.000   42923.000   57.000   21.243   134.784
2461.000   594.000   33407.000   70.000   21.306   134.790
2462.000   618.000   34933.000   71.000   21.368   134.795
2463.000   600.000   23290.000   71.000   21.431   134.800
2464.000   575.000   26219.000   66.000   21.494   134.806
2465.000   583.000   11963.000   52.000   21.556   134.811
2466.000   587.000   33016.000   64.000   21.619   134.816
2467.000   647.000   253.000   55.000   21.682   134.822
2468.000   608.000   227.000   69.000   21.744   134.827
2469.000   579.000   235.000   78.000   21.807   134.832
2470.000   601.000   230.000   51.000   21.869   134.838
2471.000   613.000   264.000   52.000   21.932   134.843
2472.000   603.000   26160.000   67.000   21.995   134.848
2473.000   616.000   12045.000   66.000   22.057   134.854
2474.000   607.000   33029.000   64.000   22.120   134.859
2475.000   615.000   255.000   58.000   22.182   134.865
2476.000   611.000   244.000   64.000   22.245   134.870
2477.000   600.000   249.000   66.000   22.308   134.875
2478.000   580.000   282.000   57.000   22.370   134.881
2479.000   571.000   246.000   68.000   22.433   134.886
2480.000   566.000   260.000   60.000   22.495   134.892
2481.000   616.000   290.000   72.000   22.558   134.897
2482.000   491.000   307.000   63.000   22.621   134.903
2483.000   472.000   331.000   74.000   22.683   134.908
2484.000   516.000   320.000   63.000   22.746   134.914
2485.000   464.000   309.000   60.000   22.808   134.919
2486.000   488.000   307.000   60.000   22.871   134.925
2487.000   438.000   312.000   59.000   22.934   134.930
2488.000   508.000   343.000   60.000   22.996   134.936
2489.000   509.000   320.000   67.000   23.059   134.941
2490.000   418.000   432.000   79.000   23.121   134.947
2491.000   518.000   367.000   80.000   23.184   134.952
2492.000   505.000   26374.000   52.000   23.247   134.958
2493.000   483.000   12169.000   62.000   23.309   134.963
2494.000   492.000   33218.000   48.000   23.372   134.969
2495.000   428.000   405.000   68.000   23.434   134.974
2496.000   493.000   479.000   72.000   23.497   134.980
2497.000   444.000   484.000   50.000   23.559   134.986
2498.000   497.000   510.000   59.000   23.622   134.991
2499.000   499.000   604.000   71.000   23.685   134.997
2500.000   500.000   600.000   64.000   23.747   135.003
2501.000   434.000   642.000   62.000   23.810   135.008
2502.000   482.000   640.000   64.000   23.872   135.014
2503.000   456.000   732.000   65.000   23.935   135.019
2504.000   473.000   26686.000   56.000   23.998   135.025
2505.000   475.000   12503.000   51.000   24.060   135.031
2506.000   499.000   33693.000   59.000   24.123   135.037
2507.000   483.000   1165.000   52.000   24.185   135.042
2508.000   472.000   1236.000   73.000   24.248   135.048
2509.000   497.000   1379.000   53.000   24.310   135.054
2510.000   499.000   1476.000   53.000   24.373   135.059
2511.000   471.000   1664.000   68.000   24.436   135.065
2512.000   468.000   26551.000   56.000   24.498   135.071
2513.000   466.000   13633.000   50.000   24.561   135.077
2514.000   457.000   34777.000   75.000   24.623   135.082
2515.000   489.000   2031.000   67.000   24.686   135.088
2516.000   487.000   2134.000   61.000   24.748   135.094
2517.000   458.000   2408.000   53.000   24.811   135.100
2518.000   468.000   66296.000   63.000   24.873   135.105
2519.000   472.000   68503.000   78.000   24.936   135.111
2520.000   473.000   20052.000   57.000   24.999   135.117
2521.000   466.000   24664.000   77.000   25.061   135.123
2522.000   452.000   5468.000   67.000   25.124   135.129
2523.000   492.000   26706.000   73.000   25.186   135.135
2524.000   460.000   3805.000   68.000   25.249   135.141
2525.000   489.000   4085.000   75.000   25.311   135.146
2526.000   471.000   37981.000   58.000   25.374   135.152
2527.000   496.000   23814.000   59.000   25.436   135.158
2528.000   470.000   12063.000   64.000   25.499   135.164
2529.000   459.000   12067.000   73.000   25.562   135.170
2530.000   450.000   11717.000   64.000   25.624   135.176
2531.000   474.000   11953.000   74.000   25.687   135.182
2532.000   465.000   37587.000   57.000   25.749   135.188
2533.000   455.000   23428.000   72.000   25.812   135.194
2534.000   378.000   44291.000   57.000   25.874   135.200
2535.000   403.000   11321.000   66.000   25.937   135.206
2536.000   382.000   11330.000   68.000   25.999   135.212
2537.000   381.000   10976.000   73.000   26.062   135.218
2538.000   414.000   10847.000   64.000   26.124   135.224
2539.000   403.000   10856.000   60.000   26.187   135.230
2540.000   424.000   10627.000   57.000   26.249   135.236
2541.000   395.000   10415.000   67.000   26.312   135.242
2542.000   392.000   10216.000   58.000   26.375   135.248
2543.000   371.000   9962.000   72.000   26.437   135.254
2544.000   404.000   75595.000   59.000   26.500   135.260
2545.000   399.000   75420.000   58.000   26.562   135.266
2546.000   393.000   75129.000   55.000   26.625   135.272
2547.000   410.000   74934.000   54.000   26.687   135.278
2548.000   391.000   8951.000   53.000   26.750   135.284
2549.000   468.000   8843.000   73.000   26.812   135.291
2550.000   403.000   8637.000   55.000   26.875   135.297
2551.000   373.000   8162.000   50.000   26.937   135.303
2552.000   381.000   7843.000   62.000   27.000   135.309
2553.000   406.000   7548.000   65.000   27.062   135.315
2554.000   397.000   7363.000   59.000   27.125   135.321
2555.000   386.000   6991.000   80.000   27.187   135.328
2556.000   389.000   6683.000   56.000   27.250   135.334
2557.000   434.000   6250.000   68.000   27.312   135.340
2558.000   383.000   31993.000   61.000   27.375   135.346
2559.000   389.000   17541.000   60.000   27.437   135.353
2560.000   403.000   5527.000   61.000   27.500   135.359
2561.000   402.000   5133.000   51.000   27.562   135.365
2562.000   374.000   4861.000   61.000   27.625   135.371
2563.000   374.000   4638.000   63.000   27.687   135.378
2564.000   416.000   4276.000   59.000   27.750   135.384
2565.000   366.000   3864.000   51.000   27.812   135.390
2566.000   385.000   3645.000   67.000   27.875   135.397
2567.000   392.000   3486.000   78.000   27.937   135.403
2568.000   397.000   3048.000   68.000   28.000   135.409
2569.000   371.000   2780.000   66.000   28.062   135.416
2570.000   393.000   2687.000   71.000   28.125   135.422
2571.000   435.000   2480.000   79.000   28.187   135.428
2572.000   403.000   38534.000   63.000   28.250   135.435
2573.000   460.000   2388.000   67.000   28.312   135.441
2574.000   379.000   1877.000   68.000   28.375   135.448
2575.000   375.000   1747.000   65.000   28.437   135.454
2576.000   376.000   1546.000   63.000   28.500   135.461
2577.000   350.000   1386.000   70.000   28.562   135.467
2578.000   412.000   1317.000   67.000   28.625   135.474
2579.000   389.000   1173.000   61.000   28.687   135.480
2580.000   386.000   1156.000   55.000   28.750   135.487
2581.000   464.000   989.000   51.000   28.812   135.493
2582.000   376.000   990.000   69.000   28.875   135.500
2583.000   363.000   923.000   65.000   28.937   135.506
2584.000   403.000   831.000   63.000   29.000   135.513
2585.000   415.000   810.000   65.000   29.062   135.519
2586.000   389.000   297.000   61.000   29.125   135.526
2587.000   371.000   251.000   74.000   29.187   135.532
2588.000   391.000   293.000   56.000   29.250   135.539
2589.000   398.000   260.000   78.000   29.312   135.546
2590.000   409.000   262.000   55.000   29.374   135.552
2591.000   357.000   283.000   57.000   29.437   135.559
2592.000   371.000   268.000   64.000   29.499   135.566
2593.000   390.000   318.000   61.000   29.562   135.572
2594.000   357.000   272.000   60.000   29.624   135.579
2595.000   436.000   237.000   73.000   29.687   135.586
2596.000   378.000   282.000   57.000   29.749   135.592
2597.000   465.000   282.000   60.000   29.812   135.599
2598.000   399.000   273.000   64.000   29.874   135.606
2599.000   400.000   288.000   65.000   29.937   135.613
2600.000   420.000   65803.000   58.000   29.999   135.619
2601.000   381.000   65832.000   69.000   30.062   135.626
2602.000   376.000   65803.000   53.000   30.124   135.633
2603.000   385.000   65777.000   49.000   30.186   135.640
2604.000   434.000   289.000   68.000   30.249   135.647
2605.000   417.000   262.000   60.000   30.311   135.653
2606.000   405.000   283.000   58.000   30.374   135.660
2607.000   404.000   241.000   54.000   30.436   135.667
2608.000   377.000   290.000   47.000   30.499   135.674
2609.000   381.000   318.000   66.000   30.561   135.681
2610.000   388.000   267.000   65.000   30.624   135.688
2611.000   385.000   239.000   63.000   30.686   135.695
2612.000   379.000   26252.000   67.000   30.748   135.702
2613.000   392.000   11980.000   63.000   30.811   135.709
2614.000   365.000   33027.000   49.000   30.873   135.716
2615.000   379.000   263.000   61.000   30.936   135.723
2616.000   375.000   26259.000   67.000   30.998   135.730
2617.000   379.000   11966.000   56.000   31.061   135.737
2618.000   401.000   33039.000   65.000   31.123   135.744
2619.000   375.000   230.000   69.000   31.185   135.751
2620.000   410.000   65804.000   59.000   31.248   135.758
2621.000   371.000   65815.000   61.000   31.310   135.765
2622.000   392.000   279.000   74.000   31.373   135.772
2623.000   368.000   264.000   60.000   31.435   135.779
2624.000   398.000   280.000   67.000   31.497   135.786
2625.000   389.000   304.000   65.000   31.560   135.793
2626.000   389.000   234.000   57.000   31.622   135.800
2627.000   407.000   249.000   66.000   31.685   135.807
2628.000   383.000   254.000   71.000   31.747   135.815
2629.000   378.000   253.000   67.000   31.810   135.822
2630.000   398.000   240.000   64.000   31.872   135.829
2631.000   384.000   267.000   68.000   31.934   135.836
2632.000   389.000   253.000   54.000   31.997   135.843
2633.000   395.000   253.000   74.000   32.059   135.851
2634.000   395.000   245.000   63.000   32.122   135.858
2635.000   379.000   248.000   50.000   32.184   135.865
2636.000   403.000   28639.000   58.000   32.246   135.872
2637.000   364.000   61555.000   76.000   32.309   135.880
2638.000   357.000   32826.000   55.000   32.371   135.887
2639.000   401.000   237.000   57.000   32.433   135.894
2640.000   618.000   337.000   93.000   32.496   135.902
2641.000   591.000   278.000   99.000   32.558   135.909
2642.000   608.000   287.000   90.000   32.621   135.917
2643.000   607.000   279.000   91.000   32.683   135.924
2644.000   548.000   301.000   98.000   32.745   135.931
2645.000   623.000   293.000   82.000   32.808   135.939
2646.000   605.000   315.000   95.000   32.870   135.946
2647.000   595.000   315.000   86.000   32.933   135.954
2648.000   630.000   336.000   98.000   32.995   135.961
2649.000   696.000   331.000   86.000   33.057   135.969
2650.000   550.000   335.000   96.000   33.120   135.976
2651.000   605.000   374.000   81.000   33.182   135.984
2652.000   612.000   307.000   77.000   33.244   135.991
2653.000   625.000   293.000   88.000   33.307   135.999
2654.000   618.000   341.000   90.000   33.369   136.007
2655.000   657.000   313.000   101.000   33.431   136.014
2656.000   609.000   343.000   80.000   33.494   136.022
2657.000   623.000   354.000   84.000   33.556   136.029
2658.000   586.000   388.000   101.000   33.619   136.037
2659.000   596.000   407.000   109.000   33.681   136.045
2660.000   629.000   401.000   115.000   33.743   136.052
2661.000   611.000   383.000   81.000   33.806   136.060
2662.000   622.000   383.000   103.000   33.868   136.068
2663.000   648.000   461.000   83.000   33.930   136.076
2664.000   604.000   392.000   98.000   33.993   136.083
2665.000   592.000   500.000   90.000   34.055   136.091
2666.000   592.000   466.000   72.000   34.117   136.099
2667.000   608.000   476.000   105.000   34.180   136.107
2668.000   601.000   497.000   108.000   34.242   136.115
2669.000   607.000   531.000   98.000   34.304   136.122
2670.000   596.000   525.000   89.000   34.367   136.130
2671.000   617.000   507.000   88.000   34.429   136.138
2672.000   578.000   561.000   72.000   34.491   136.146
2673.000   553.000   588.000   89.000   34.554   136.154
2674.000   691.000   618.000   83.000   34.616   136.162
2675.000   593.000   691.000   106.000   34.678   136.170
2676.000   596.000   702.000   97.000   34.741   136.178
2677.000   613.000   764.000   87.000   34.803   136.186
2678.000   588.000   776.000   79.000   34.865   136.194
2679.000   655.000   815.000   87.000   34.928   136.202
2680.000   610.000   872.000   81.000   34.990   136.210
2681.000   579.000   909.000   100.000   35.052   136.218
2682.000   640.000   975.000   112.000   35.115   136.226
2683.000   621.000   1263.000   102.000   35.177   136.234
2684.000   633.000   1400.000   95.000   35.239   136.242
2685.000   657.000   1459.000   81.000   35.301   136.250
2686.000   638.000   1614.000   97.000   35.364   136.258
2687.000   631.000   1842.000   96.000   35.426   136.267
2688.000   594.000   1912.000   90.000   35.488   136.275
2689.000   604.000   2051.000   90.000   35.551   136.283
2690.000   638.000   2116.000   87.000   35.613   136.291
2691.000   599.000   2144.000   87.000   35.675   136.300
2692.000   572.000   2283.000   81.000   35.738   136.308
2693.000   619.000   2532.000   81.000   35.800   136.316
2694.000   622.000   2761.000   126.000   35.862   136.324
2695.000   575.000   3113.000   95.000   35.924   136.333
2696.000   628.000   3107.000   96.000   35.987   136.341
2697.000   622.000   3168.000   105.000   36.049   136.349
2698.000   606.000   3376.000   97.000   36.111   136.358
2699.000   606.000   3541.000   90.000   36.174   136.366
2700.000   617.000   3815.000   103.000   36.236   136.375
2701.000   631.000   3910.000   96.000   36.298   136.383
2702.000   613.000   4103.000   70.000   36.360   136.392
2703.000   555.000   4455.000   98.000   36.423   136.400
2704.000   557.000   4574.000   71.000   36.485   136.409
2705.000   585.000   4869.000   100.000   36.547   136.417
2706.000   599.000   10601.000   91.000   36.609   136.426
2707.000   625.000   10550.000   97.000   36.672   136.434
2708.000   579.000   10492.000   82.000   36.734   136.443
2709.000   633.000   10314.000   83.000   36.796   136.451
2710.000   613.000   10325.000   83.000   36.858   136.460
2711.000   662.000   10475.000   92.000   36.921   136.469
2712.000   607.000   10114.000   94.000   36.983   136.477
2713.000   600.000   10323.000   93.000   37.045   136.486
2714.000   657.000   10102.000   109.000   37.107   136.495
2715.000   623.000   10005.000   97.000   37.170   136.504
2716.000   638.000   10178.000   98.000   37.232   136.512
2717.000   591.000   9729.000   94.000   37.294   136.521
2718.000   597.000   9844.000   98.000   37.356   136.530
2719.000   606.000   9620.000   106.000   37.419   136.539
2720.000   649.000   9411.000   96.000   37.481   136.547
2721.000   586.000   9386.000   91.000   37.543   136.556
2722.000   645.000   9399.000   98.000   37.605   136.565
2723.000   649.000   9021.000   88.000   37.668   136.574
2724.000   608.000   8767.000   84.000   37.730   136.583
2725.000   625.000   8740.000   102.000   37.792   136.592
2726.000   654.000   8352.000   89.000   37.854   136.601
2727.000   630.000   8203.000   92.000   37.917   136.610
2728.000   648.000   8132.000   98.000   37.979   136.619
2729.000   612.000   7704.000   82.000   38.041   136.628
2730.000   622.000   7494.000   79.000   38.103   136.637
2731.000   623.000   7278.000   78.000   38.165   136.646
2732.000   640.000   6859.000   97.000   38.228   136.655
2733.000   629.000   6687.000   99.000   38.290   136.664
2734.000   581.000   6330.000   87.000   38.352   136.674
2735.000   622.000   6067.000   88.000   38.414   136.683
2736.000   630.000   5794.000   75.000   38.476   136.692
2737.000   592.000   5495.000   86.000   38.539   136.701
2738.000   588.000   5077.000   92.000   38.601   136.710
2739.000   631.000   4745.000   72.000   38.663   136.720
2740.000   633.000   4534.000   76.000   38.725   136.729
2741.000   650.000   4138.000   77.000   38.787   136.738
2742.000   620.000   3910.000   110.000   38.850   136.748
2743.000   568.000   3589.000   81.000   38.912   136.757
2744.000   633.000   3346.000   98.000   38.974   136.766
2745.000   625.000   2927.000   96.000   39.036   136.776
2746.000   657.000   2794.000   96.000   39.098   136.785
2747.000   644.000   2582.000   89.000   39.160   136.795
2748.000   595.000   2257.000   98.000   39.223   136.804
2749.000   627.000   2112.000   82.000   39.285   136.814
2750.000   644.000   1959.000   92.000   39.347   136.823
2751.000   641.000   1820.000   81.000   39.409   136.833
2752.000   607.000   1754.000   94.000   39.471   136.842
2753.000   613.000   1456.000   104.000   39.533   136.852
2754.000   603.000   1361.000   100.000   39.596   136.861
2755.000   587.000   1239.000   96.000   39.658   136.871
2756.000   612.000   1076.000   103.000   39.720   136.881
2757.000   591.000   1039.000   75.000   39.782   136.891
2758.000   611.000   978.000   86.000   39.844   136.900
2759.000   595.000   897.000   109.000   39.906   136.910
2760.000   608.000   827.000   102.000   39.968   136.920
2761.000   629.000   745.000   100.000   40.031   136.930
2762.000   677.000   772.000   84.000   40.093   136.939
2763.000   664.000   767.000   88.000   40.155   136.949
2764.000   675.000   657.000   85.000   40.217   136.959
2765.000   620.000   626.000   105.000   40.279   136.969
2766.000   602.000   288.000   93.000   40.341   136.979
2767.000   631.000   283.000   72.000   40.403   136.989
2768.000   650.000   263.000   100.000   40.466   136.999
2769.000   687.000   280.000   81.000   40.528   137.009
2770.000   590.000   259.000   100.000   40.590   137.019
2771.000   665.000   264.000   107.000   40.652   137.029
2772.000   622.000   275.000   83.000   40.714   137.039
2773.000   660.000   267.000   75.000   40.776   137.049
2774.000   652.000   259.000   88.000   40.838   137.059
2775.000   662.000   257.000   79.000   40.900   137.069
2776.000   612.000   262.000   103.000   40.962   137.080
2777.000   609.000   269.000   103.000   41.025   137.090
2778.000   598.000   278.000   88.000   41.087   137.100
2779.000   594.000   296.000   76.000   41.149   137.110
2780.000   630.000   266.000   99.000   41.211   137.121
2781.000   622.000   255.000   105.000   41.273   137.131
2782.000   647.000   297.000   83.000   41.335   137.141
2783.000   607.000   273.000   66.000   41.397   137.152
2784.000   653.000   267.000   103.000   41.459   137.162
2785.000   591.000   255.000   80.000   41.521   137.173
2786.000   591.000   287.000   80.000   41.583   137.183
2787.000   650.000   279.000   83.000   41.645   137.194
2788.000   667.000   298.000   92.000   41.707   137.204
2789.000   603.000   271.000   107.000   41.770   137.215
2790.000   626.000   260.000   87.000   41.832   137.225
2791.000   598.000   284.000   66.000   41.894   137.236
2792.000   658.000   263.000   93.000   41.956   137.246
2793.000   653.000   270.000   90.000   42.018   137.257
2794.000   668.000   279.000   81.000   42.080   137.268
2795.000   656.000   280.000   75.000   42.142   137.278
2796.000   677.000   265.000   106.000   42.204   137.289
2797.000   673.000   268.000   111.000   42.266   137.300
2798.000   684.000   259.000   100.000   42.328   137.311
2799.000   631.000   245.000   103.000   42.390   137.322
2800.000   669.000   276.000   103.000   42.452   137.333
2801.000   575.000   275.000   83.000   42.514   137.343
2802.000   599.000   286.000   94.000   42.576   137.354
2803.000   690.000   280.000   81.000   42.638   137.365
2804.000   593.000   280.000   104.000   42.700   137.376
2805.000   626.000   281.000   105.000   42.762   137.387
2806.000   568.000   266.000   90.000   42.824   137.398
2807.000   592.000   258.000   97.000   42.886   137.409
2808.000   605.000   263.000   83.000   42.948   137.421
2809.000   608.000   256.000   102.000   43.010   137.432
2810.000   612.000   252.000   98.000   43.072   137.443
2811.000   635.000   254.000   112.000   43.134   137.454
2812.000   621.000   235.000   99.000   43.196   137.465
2813.000   606.000   266.000   77.000   43.258   137.477
2814.000   646.000   290.000   95.000   43.320   137.488
2815.000   661.000   293.000   71.000   43.382   137.499
2816.000   600.000   258.000   93.000   43.444   137.510
2817.000   609.000   294.000   80.000   43.506   137.522
2818.000   678.000   267.000   69.000   43.568   137.533
2819.000   606.000   250.000   80.000   43.630   137.545
2820.000   618.000   254.000   94.000   43.692   137.556
2821.000   664.000   274.000   85.000   43.754   137.568
2822.000   632.000   266.000   97.000   43.816   137.579
2823.000   648.000   279.000   81.000   43.878   137.591
2824.000   606.000   240.000   78.000   43.940   137.602
2825.000   634.000   245.000   83.000   44.002   137.614
2826.000   649.000   244.000   104.000   44.064   137.626
2827.000   626.000   278.000   81.000   44.126   137.638
2828.000   639.000   275.000   92.000   44.188   137.649
2829.000   659.000   276.000   87.000   44.250   137.661
2830.000   647.000   244.000   98.000   44.312   137.673
2831.000   671.000   262.000   96.000   44.374   137.685
2832.000   650.000   265.000   78.000   44.436   137.697
2833.000   583.000   258.000   81.000   44.498   137.709
2834.000   655.000   260.000   92.000   44.560   137.720
2835.000   697.000   250.000   81.000   44.622   137.732
2836.000   665.000   270.000   98.000   44.684   137.744
2837.000   657.000   250.000   107.000   44.746   137.756
2838.000   705.000   255.000   87.000   44.808   137.769
2839.000   753.000   262.000   96.000   44.869   137.781
2840.000   631.000   264.000   93.000   44.931   137.793
2841.000   688.000   253.000   81.000   44.993   137.805
2842.000   705.000   261.000   75.000   45.055   137.817
2843.000   740.000   271.000   84.000   45.117   137.830
2844.000   692.000   261.000   97.000   45.179   137.842
2845.000   691.000   270.000   98.000   45.241   137.854
2846.000   691.000   228.000   81.000   45.303   137.867
2847.000   682.000   241.000   90.000   45.365   137.879
2848.000   747.000   253.000   75.000   45.427   137.891
2849.000   690.000   263.000   87.000   45.489   137.904
2850.000   677.000   221.000   79.000   45.550   137.916
2851.000   701.000   236.000   118.000   45.612   137.929
2852.000   739.000   236.000   89.000   45.674   137.941
2853.000   701.000   265.000   98.000   45.736   137.954
2854.000   759.000   246.000   95.000   45.798   137.967
2855.000   684.000   240.000   118.000   45.860   137.979
2856.000   734.000   281.000   116.000   45.922   137.992
2857.000   784.000   286.000   119.000   45.984   138.005
2858.000   761.000   287.000   88.000   46.045   138.018
2859.000   732.000   251.000   82.000   46.107   138.031
2860.000   734.000   219.000   94.000   46.169   138.044
2861.000   766.000   272.000   89.000   46.231   138.056
2862.000   757.000   275.000   96.000   46.293   138.069
2863.000   715.000   231.000   102.000   46.355   138.082
2864.000   687.000   254.000   98.000   46.417   138.095
2865.000   816.000   241.000   85.000   46.478   138.109
2866.000   723.000   264.000   81.000   46.540   138.122
2867.000   735.000   274.000   113.000   46.602   138.135
2868.000   713.000   226.000   95.000   46.664   138.148
2869.000   730.000   261.000   83.000   46.726   138.161
2870.000   733.000   256.000   100.000   46.788   138.175
2871.000   782.000   234.000   93.000   46.849   138.188
2872.000   775.000   235.000   92.000   46.911   138.201
2873.000   764.000   261.000   83.000   46.973   138.215
2874.000   760.000   242.000   88.000   47.035   138.228
2875.000   768.000   235.000   86.000   47.097   138.241
2876.000   756.000   258.000   106.000   47.158   138.255
2877.000   736.000   273.000   96.000   47.220   138.269
2878.000   752.000   292.000   83.000   47.282   138.282
2879.000   741.000   244.000   65.000   47.344   138.296
2880.000   678.000   250.000   71.000   47.406   138.309
2881.000   686.000   240.000   105.000   47.467   138.323
2882.000   720.000   238.000   89.000   47.529   138.337
2883.000   742.000   258.000   91.000   47.591   138.351
2884.000   733.000   256.000   75.000   47.653   138.365
2885.000   710.000   234.000   79.000   47.715   138.379
2886.000   700.000   263.000   83.000   47.776   138.392
2887.000   704.000   247.000   97.000   47.838   138.406
2888.000   748.000   26363.000   79.000   47.900   138.420
2889.000   858.000   12025.000   94.000   47.962   138.435
2890.000   686.000   33014.000   88.000   48.023   138.449
2891.000   765.000   224.000   84.000   48.085   138.463
2892.000   696.000   26332.000   105.000   48.147   138.477
2893.000   702.000   11994.000   79.000   48.209   138.491
2894.000   516.000   32980.000   82.000   48.270   138.506
2895.000   516.000   242.000   98.000   48.332   138.520
2896.000   501.000   241.000   88.000   48.394   138.534
2897.000   596.000   242.000   87.000   48.455   138.549
2898.000   551.000   242.000   104.000   48.517   138.563
2899.000   541.000   172.000   78.000   48.579   138.578
2900.000   511.000   26645.000   110.000   48.641   138.592
2901.000   538.000   11977.000   75.000   48.702   138.607
2902.000   490.000   33025.000   83.000   48.764   138.621
2903.000   557.000   245.000   103.000   48.826   138.636
2904.000   518.000   60913.000   84.000   48.887   138.651
2905.000   544.000   312.000   106.000   48.949   138.666
2906.000   503.000   231.000   77.000   49.011   138.680
2907.000   549.000   218.000   101.000   49.073   138.695
2908.000   534.000   20060.000   76.000   49.134   138.710
2909.000   554.000   61566.000   107.000   49.196   138.725
2910.000   522.000   32830.000   92.000   49.258   138.740
2911.000   510.000   231.000   70.000   49.319   138.755
2912.000   568.000   60930.000   103.000   49.381   138.770
2913.000   564.000   328.000   108.000   49.443   138.786
2914.000   601.000   242.000   88.000   49.504   138.801
2915.000   497.000   216.000   112.000   49.566   138.816
2916.000   557.000   226.000   89.000   49.628   138.831
2917.000   555.000   229.000   105.000   49.689   138.847
2918.000   547.000   260.000   93.000   49.751   138.862
2919.000   555.000   224.000   96.000   49.812   138.878
2920.000   576.000   223.000   89.000   49.874   138.893
2921.000   498.000   232.000   97.000   49.936   138.909
2922.000   496.000   260.000   79.000   49.997   138.924
2923.000   555.000   237.000   94.000   50.059   138.940
2924.000   545.000   60920.000   92.000   50.121   138.956
2925.000   570.000   286.000   73.000   50.182   138.971
2926.000   559.000   220.000   104.000   50.244   138.987
2927.000   521.000   257.000   66.000   50.305   139.003
2928.000   513.000   232.000   80.000   50.367   139.019
2929.000   548.000   220.000   97.000   50.429   139.035
2930.000   533.000   259.000   84.000   50.490   139.051
2931.000   529.000   238.000   88.000   50.552   139.067
2932.000   531.000   26052.000   99.000   50.613   139.083
2933.000   474.000   12028.000   105.000   50.675   139.099
2934.000   573.000   33018.000   80.000   50.737   139.116
2935.000   504.000   214.000   70.000   50.798   139.132
2936.000   535.000   267.000   104.000   50.860   139.148
2937.000   496.000   259.000   71.000   50.921   139.165
2938.000   521.000   232.000   56.000   50.983   139.181
2939.000   522.000   255.000   54.000   51.044   139.198
2940.000   534.000   42923.000   57.000   51.106   139.214
2941.000   483.000   33407.000   70.000   51.167   139.231
2942.000   535.000   34933.000   71.000   51.229   139.247
2943.000   571.000   23290.000   71.000   51.291   139.264
2944.000   529.000   26219.000   66.000   51.352   139.281
2945.000   524.000   11963.000   52.000   51.414   139.298
2946.000   539.000   33016.000   64.000   51.475   139.315
2947.000   483.000   253.000   55.000   51.537   139.332
2948.000   574.000   227.000   69.000   51.598   139.349
2949.000   560.000   235.000   78.000   51.660   139.366
2950.000   532.000   230.000   51.000   51.721   139.383
2951.000   571.000   264.000   52.000   51.783   139.400
2952.000   527.000   26160.000   67.000   51.844   139.417
2953.000   508.000   12045.000   66.000   51.906   139.435
2954.000   553.000   33029.000   64.000   51.967   139.452
2955.000   609.000   255.000   58.000   52.029   139.469
2956.000   540.000   244.000   64.000   52.090   139.487
2957.000   576.000   249.000   66.000   52.152   139.504
2958.000   555.000   282.000   57.000   52.213   139.522
2959.000   574.000   246.000   68.000   52.275   139.540
2960.000   554.000   260.000   60.000   52.336   139.557
2961.000   591.000   290.000   72.000   52.397   139.575
2962.000   538.000   307.000   63.000   52.459   139.593
2963.000   586.000   331.000   74.000   52.520   139.611
2964.000   520.000   320.000   63.000   52.582   139.629
2965.000   559.000   309.000   60.000   52.643   139.647
2966.000   499.000   307.000   60.000   52.705   139.665
2967.000   553.000   312.000   59.000   52.766   139.683
2968.000   585.000   343.000   60.000   52.827   139.701
2969.000   587.000   320.000   67.000   52.889   139.719
2970.000   603.000   432.000   79.000   52.950   139.738
2971.000   586.000   367.000   80.000   53.012   139.756
2972.000   617.000   26374.000   52.000   53.073   139.775
2973.000   550.000   12169.000   62.000   53.134   139.793
2974.000   624.000   33218.000   48.000   53.196   139.812
2975.000   595.000   405.000   68.000   53.257   139.830
2976.000   570.000   479.000   72.000   53.319   139.849
2977.000   543.000   484.000   50.000   53.380   139.868
2978.000   602.000   510.000   59.000   53.441   139.887
2979.000   599.000   604.000   71.000   53.503   139.906
2980.000   577.000   600.000   64.000   53.564   139.925
2981.000   550.000   642.000   62.000   53.625   139.944
2982.000   544.000   640.000   64.000   53.687   139.963
2983.000   498.000   732.000   65.000   53.748   139.982
2984.000   566.000   26686.000   56.000   53.809   140.001
2985.000   511.000   12503.000   51.000   53.871   140.021
2986.000   535.000   33693.000   59.000   53.932   140.040
2987.000   568.000   1165.000   52.000   53.993   140.059
2988.000   570.000   1236.000   73.000   54.055   140.079
2989.000   554.000   1379.000   53.000   54.116   140.098
2990.000   519.000   1476.000   53.000   54.177   140.118
2991.000   573.000   1664.000   68.000   54.239   140.138
2992.000   559.000   26551.000   56.000   54.300   140.158
2993.000   535.000   13633.000   50.000   54.361   140.178
2994.000   571.000   34777.000   75.000   54.422   140.198
2995.000   578.000   2031.000   67.000   54.484   140.218
2996.000   550.000   2134.000   61.000   54.545   140.238
2997.000   585.000   2408.000   53.000   54.606   140.258
2998.000   575.000   66296.000   63.000   54.668   140.278
2999.000   556.000   68503.000   78.000   54.729   140.298
3000.000   603.000   20052.000   57.000   54.790   140.319
3001.000   631.000   24664.000   77.000   54.851   140.339
3002.000   579.000   5468.000   67.000   54.913   140.360
3003.000   591.000   26706.000   73.000   54.974   140.380
3004.000   610.000   3805.000   68.000   55.035   140.401
3005.000   644.000   4085.000   75.000   55.096   140.422
3006.000   566.000   37981.000   58.000   55.157   140.443
3007.000   571.000   23814.000   59.000   55.219   140.464
3008.000   580.000   12063.000   64.000   55.280   140.485
3009.000   596.000   12067.000   73.000   55.341   140.506
3010.000   590.000   11717.000   64.000   55.402   140.527
3011.000   605.000   11953.000   74.000   55.463   140.548
3012.000   579.000   37587.000   57.000   55.525   140.569
3013.000   652.000   23428.000   72.000   55.586   140.591
3014.000   607.000   44291.000   57.000   55.647   140.612
3015.000   559.000   11321.000   66.000   55.708   140.634
3016.000   590.000   11330.000   68.000   55.769   140.655
3017.000   643.000   10976.000   73.000   55.830   140.677
3018.000   597.000   10847.000   64.000   55.891   140.699
3019.000   652.000   10856.000   60.000   55.953   140.721
3020.000   637.000   10627.000   57.000   56.014   140.743
3021.000   678.000   10415.000   67.000   56.075   140.765
3022.000   702.000   10216.000   58.000   56.136   140.787
3023.000   734.000   9962.000   72.000   56.197   140.809
3024.000   668.000   75595.000   59.000   56.258   140.831
3025.000   656.000   75420.000   58.000   56.319   140.854
3026.000   682.000   75129.000   55.000   56.380   140.876
3027.000   695.000   74934.000   54.000   56.441   140.899
3028.000   706.000   8951.000   53.000   56.502   140.921
3029.000   672.000   8843.000   73.000   56.564   140.944
3030.000   708.000   8637.000   55.000   56.625   140.967
3031.000   658.000   8162.000   50.000   56.686   140.990
3032.000   668.000   7843.000   62.000   56.747   141.013
3033.000   690.000   7548.000   65.000   56.808   141.036
3034.000   698.000   7363.000   59.000   56.869   141.059
3035.000   690.000   6991.000   80.000   56.930   141.082
3036.000   737.000   6683.000   56.000   56.991   141.105
3037.000   734.000   6250.000   68.000   57.052   141.129
3038.000   697.000   31993.000   61.000   57.113   141.152
3039.000   691.000   17541.000   60.000   57.174   141.176
3040.000   765.000   5527.000   61.000   57.235   141.200
3041.000   738.000   5133.000   51.000   57.296   141.223
3042.000   791.000   4861.000   61.000   57.357   141.247
3043.000   812.000   4638.000   63.000   57.418   141.271
3044.000   804.000   4276.000   59.000   57.479   141.295
3045.000   843.000   3864.000   51.000   57.540   141.320
3046.000   765.000   3645.000   67.000   57.601   141.344
3047.000   743.000   3486.000   78.000   57.662   141.368
3048.000   798.000   3048.000   68.000   57.723   141.393
3049.000   811.000   2780.000   66.000   57.783   141.417
3050.000   826.000   2687.000   71.000   57.844   141.442
3051.000   846.000   2480.000   79.000   57.905   141.466
3052.000   776.000   38534.000   63.000   57.966   141.491
3053.000   879.000   2388.000   67.000   58.027   141.516
3054.000   866.000   1877.000   68.000   58.088   141.541
3055.000   856.000   1747.000   65.000   58.149   141.566
3056.000   834.000   1546.000   63.000   58.210   141.592
3057.000   797.000   1386.000   70.000   58.271   141.617
3058.000   858.000   1317.000   67.000   58.331   141.642
3059.000   820.000   1173.000   61.000   58.392   141.668
3060.000   818.000   1156.000   55.000   58.453   141.694
3061.000   892.000   989.000   51.000   58.514   141.719
3062.000   899.000   990.000   69.000   58.575   141.745
3063.000   904.000   923.000   65.000   58.636   141.771
3064.000   866.000   831.000   63.000   58.696   141.797
3065.000   871.000   810.000   65.000   58.757   141.823
3066.000   812.000   297.000   61.000   58.818   141.850
3067.000   908.000   251.000   74.000   58.879   141.876
3068.000   920.000   293.000   56.000   58.940   141.902
3069.000   907.000   260.000   78.000   59.000   141.929
3070.000   879.000   262.000   55.000   59.061   141.956
3071.000   903.000   283.000   57.000   59.122   141.982
3072.000   892.000   268.000   64.000   59.183   142.009
3073.000   826.000   318.000   61.000   59.243   142.036
3074.000   918.000   272.000   60.000   59.304   142.063
3075.000   846.000   237.000   73.000   59.365   142.091
3076.000   873.000   282.000   57.000   59.426   142.118
3077.000   850.000   282.000   60.000   59.486   142.146
3078.000   856.000   273.000   64.000   59.547   142.173
3079.000   866.000   288.000   65.000   59.608   142.201
3080.000   840.000   65803.000   58.000   59.668   142.229
3081.000   790.000   65832.000   69.000   59.729   142.257
3082.000   409.000   65803.000   53.000   59.790   142.285
3083.000   433.000   65777.000   49.000   59.850   142.313
3084.000   417.000   289.000   68.000   59.911   142.341
3085.000   439.000   262.000   60.000   59.972   142.369
3086.000   383.000   283.000   58.000   60.032   142.398
3087.000   413.000   241.000   54.000   60.093   142.427
3088.000   418.000   290.000   47.000   60.154   142.455
3089.000   448.000   318.000   66.000   60.214   142.484
3090.000   436.000   267.000   65.000   60.275   142.513
3091.000   390.000   239.000   63.000   60.335   142.542
3092.000   384.000   26252.000   67.000   60.396   142.572
3093.000   440.000   11980.000   63.000   60.457   142.601
3094.000   375.000   33027.000   49.000   60.517   142.630
3095.000   412.000   263.000   61.000   60.578   142.660
3096.000   431.000   26259.000   67.000   60.638   142.690
3097.000   509.000   11966.000   56.000   60.699   142.720
3098.000   423.000   33039.000   65.000   60.759   142.750
3099.000   422.000   230.000   69.000   60.820   142.780
3100.000   386.000   65804.000   59.000   60.880   142.810
3101.000   411.000   65815.000   61.000   60.941   142.840
3102.000   419.000   279.000   74.000   61.001   142.871
3103.000   420.000   264.000   60.000   61.062   142.902
3104.000   412.000   280.000   67.000   61.122   142.932
3105.000   418.000   304.000   65.000   61.183   142.963
3106.000   424.000   234.000   57.000   61.243   142.994
3107.000   418.000   249.000   66.000   61.304   143.026
3108.000   443.000   254.000   71.000   61.364   143.057
3109.000   419.000   253.000   67.000   61.424   143.088
3110.000   407.000   240.000   64.000   61.485   143.120
3111.000   412.000   267.000   68.000   61.545   143.152
3112.000   432.000   253.000   54.000   61.606   143.184
3113.000   447.000   253.000   74.000   61.666   143.216
3114.000   470.000   245.000   63.000   61.726   143.248
3115.000   430.000   248.000   50.000   61.787   143.280
3116.000   403.000   28639.000   58.000   61.847   143.312
3117.000   440.000   61555.000   76.000   61.907   143.345
3118.000   462.000   32826.000   55.000   61.968   143.378
3119.000   381.000   237.000   57.000   62.028   143.411
