Time range: [ 02:28:01.000  02:34:53.000 ]
Time range duration: 6.0 min, 52.0 sec
Longitude range: [ 0.0  13972.0 ]
8881.000   1392.000   461.000   00.000   63.141   119.984
8882.000   1418.000   334.000   00.000   63.201   120.020
8883.000   1416.000   362.000   00.000   63.261   120.056
8884.000   1423.000   351.000   00.000   63.321   120.093
8885.000   1393.000   353.000   00.000   63.381   120.129
8886.000   1335.000   333.000   00.000   63.441   120.166
8887.000   1355.000   341.000   00.000   63.501   120.202
8888.000   1409.000   315.000   00.000   63.561   120.239
8889.000   1520.000   317.000   00.000   63.621   120.276
8890.000   1418.000   368.000   00.000   63.681   120.314
8891.000   1427.000   333.000   00.000   63.741   120.351
8892.000   1370.000   355.000   00.000   63.801   120.389
8893.000   1375.000   345.000   00.000   63.861   120.427
8894.000   1476.000   341.000   00.000   63.921   120.465
8895.000   1379.000   377.000   00.000   63.981   120.503
8896.000   1381.000   339.000   00.000   64.041   120.541
8897.000   1456.000   323.000   00.000   64.101   120.580
8898.000   1406.000   336.000   00.000   64.161   120.618
8899.000   1354.000   349.000   00.000   64.221   120.657
8900.000   1416.000   359.000   00.000   64.281   120.696
8901.000   1380.000   373.000   00.000   64.340   120.736
8902.000   1123.000   352.000   00.000   64.400   120.775
8903.000   1040.000   344.000   00.000   64.460   120.815
8904.000   1045.000   350.000   00.000   64.520   120.855
8905.000   1015.000   339.000   00.000   64.580   120.895
8906.000   1019.000   302.000   00.000   64.639   120.935
8907.000   995.000   382.000   00.000   64.699   120.975
8908.000   963.000   327.000   00.000   64.759   121.016
8909.000   974.000   352.000   00.000   64.819   121.057
8910.000   978.000   352.000   00.000   64.878   121.098
8911.000   990.000   314.000   00.000   64.938   121.139
8912.000   949.000   354.000   00.000   64.998   121.180
8913.000   949.000   336.000   00.000   65.058   121.222
8914.000   932.000   357.000   00.000   65.117   121.264
8915.000   940.000   365.000   00.000   65.177   121.306
8916.000   948.000   369.000   00.000   65.236   121.348
8917.000   1030.000   339.000   00.000   65.296   121.391
8918.000   919.000   356.000   00.000   65.356   121.433
8919.000   893.000   334.000   00.000   65.415   121.476
8920.000   858.000   367.000   00.000   65.475   121.519
8921.000   887.000   352.000   00.000   65.534   121.563
8922.000   953.000   346.000   00.000   65.594   121.606
8923.000   871.000   368.000   00.000   65.654   121.650
8924.000   922.000   363.000   00.000   65.713   121.694
8925.000   890.000   372.000   00.000   65.773   121.738
8926.000   871.000   351.000   00.000   65.832   121.783
8927.000   868.000   350.000   00.000   65.891   121.827
8928.000   873.000   342.000   00.000   65.951   121.872
8929.000   879.000   363.000   00.000   66.010   121.917
8930.000   933.000   343.000   00.000   66.070   121.962
8931.000   869.000   346.000   00.000   66.129   122.008
8932.000   889.000   343.000   00.000   66.189   122.054
8933.000   922.000   367.000   00.000   66.248   122.100
8934.000   850.000   347.000   00.000   66.307   122.146
8935.000   913.000   380.000   00.000   66.367   122.193
8936.000   888.000   383.000   00.000   66.426   122.239
8937.000   934.000   323.000   00.000   66.485   122.286
8938.000   923.000   365.000   00.000   66.544   122.333
8939.000   911.000   346.000   00.000   66.604   122.381
8940.000   918.000   352.000   00.000   66.663   122.429
8941.000   927.000   339.000   00.000   66.722   122.477
8942.000   923.000   313.000   00.000   66.781   122.525
8943.000   918.000   328.000   00.000   66.841   122.573
8944.000   896.000   362.000   00.000   66.900   122.622
8945.000   948.000   324.000   00.000   66.959   122.671
8946.000   908.000   382.000   00.000   67.018   122.720
8947.000   975.000   358.000   00.000   67.077   122.770
8948.000   958.000   330.000   00.000   67.136   122.819
8949.000   941.000   360.000   00.000   67.195   122.869
8950.000   955.000   344.000   00.000   67.254   122.920
8951.000   995.000   369.000   00.000   67.313   122.970
8952.000   1015.000   324.000   00.000   67.372   123.021
8953.000   1058.000   392.000   00.000   67.431   123.072
8954.000   1112.000   350.000   00.000   67.490   123.124
8955.000   1067.000   358.000   00.000   67.549   123.175
8956.000   1117.000   376.000   00.000   67.608   123.227
8957.000   1155.000   494.000   00.000   67.667   123.279
8958.000   1212.000   378.000   00.000   67.726   123.332
8959.000   1193.000   310.000   00.000   67.785   123.385
8960.000   1271.000   378.000   00.000   67.844   123.438
8961.000   1329.000   378.000   00.000   67.903   123.491
8962.000   3055.000   383.000   00.000   67.962   123.545
8963.000   2950.000   382.000   00.000   68.020   123.599
8964.000   2908.000   390.000   00.000   68.079   123.653
8965.000   2835.000   452.000   00.000   68.138   123.707
8966.000   2878.000   413.000   00.000   68.197   123.762
8967.000   2733.000   376.000   00.000   68.255   123.817
8968.000   2631.000   410.000   00.000   68.314   123.873
8969.000   2666.000   406.000   00.000   68.373   123.928
8970.000   2619.000   423.000   00.000   68.431   123.985
8971.000   2532.000   420.000   00.000   68.490   124.041
8972.000   2555.000   427.000   00.000   68.549   124.098
8973.000   2489.000   584.000   00.000   68.607   124.155
8974.000   2481.000   407.000   00.000   68.666   124.212
8975.000   2409.000   443.000   00.000   68.724   124.270
8976.000   2451.000   450.000   00.000   68.783   124.327
8977.000   2488.000   462.000   00.000   68.841   124.386
8978.000   2536.000   490.000   00.000   68.900   124.444
8979.000   2403.000   491.000   00.000   68.958   124.503
8980.000   2400.000   472.000   00.000   69.017   124.563
8981.000   2483.000   459.000   00.000   69.075   124.622
8982.000   2336.000   487.000   00.000   69.133   124.682
8983.000   2335.000   534.000   00.000   69.192   124.743
8984.000   2329.000   548.000   00.000   69.250   124.803
8985.000   2501.000   565.000   00.000   69.308   124.864
8986.000   2449.000   541.000   00.000   69.367   124.925
8987.000   2465.000   625.000   00.000   69.425   124.987
8988.000   2381.000   611.000   00.000   69.483   125.049
8989.000   2441.000   708.000   00.000   69.541   125.112
8990.000   2580.000   668.000   00.000   69.599   125.174
8991.000   2473.000   633.000   00.000   69.657   125.238
8992.000   2498.000   666.000   00.000   69.716   125.301
8993.000   2577.000   675.000   00.000   69.774   125.365
8994.000   2572.000   698.000   00.000   69.832   125.429
8995.000   2559.000   721.000   00.000   69.890   125.494
8996.000   2586.000   767.000   00.000   69.948   125.559
8997.000   2589.000   712.000   00.000   70.006   125.624
8998.000   2681.000   716.000   444.000   70.064   125.690
8999.000   2766.000   758.000   420.000   70.122   125.756
9000.000   2679.000   794.000   415.000   70.180   125.823
9001.000   2701.000   830.000   409.000   70.237   125.890
9002.000   2761.000   3742.000   381.000   70.295   125.957
9003.000   2657.000   3346.000   369.000   70.353   126.025
9004.000   2848.000   3374.000   384.000   70.411   126.093
9005.000   2809.000   3225.000   344.000   70.469   126.162
9006.000   2881.000   2878.000   368.000   70.526   126.231
9007.000   3090.000   2811.000   357.000   70.584   126.300
9008.000   3018.000   3104.000   339.000   70.642   126.370
9009.000   3086.000   2863.000   354.000   70.699   126.440
9010.000   3186.000   2714.000   360.000   70.757   126.511
9011.000   3241.000   2555.000   350.000   70.814   126.582
9012.000   3322.000   2490.000   301.000   70.872   126.654
9013.000   3380.000   1870.000   316.000   70.929   126.726
9014.000   9013.000   1814.000   312.000   70.987   126.798
9015.000   9310.000   1772.000   330.000   71.044   126.871
9016.000   9221.000   1483.000   325.000   71.102   126.945
9017.000   9112.000   1173.000   301.000   71.159   127.018
9018.000   9082.000   1040.000   317.000   71.216   127.093
9019.000   9132.000   1009.000   294.000   71.274   127.167
9020.000   9085.000   1008.000   279.000   71.331   127.243
9021.000   8936.000   996.000   293.000   71.388   127.318
9022.000   8930.000   995.000   302.000   71.445   127.394
9023.000   8783.000   935.000   295.000   71.503   127.471
9024.000   8939.000   975.000   279.000   71.560   127.548
9025.000   8965.000   1026.000   304.000   71.617   127.626
9026.000   8984.000   917.000   278.000   71.674   127.704
9027.000   8936.000   940.000   276.000   71.731   127.782
9028.000   8889.000   962.000   295.000   71.788   127.861
9029.000   8938.000   925.000   266.000   71.845   127.941
9030.000   9094.000   917.000   303.000   71.902   128.021
9031.000   9137.000   922.000   294.000   71.959   128.102
9032.000   9046.000   952.000   268.000   72.015   128.183
9033.000   9154.000   838.000   277.000   72.072   128.264
9034.000   9380.000   921.000   255.000   72.129   128.346
9035.000   9215.000   845.000   285.000   72.186   128.429
9036.000   9236.000   902.000   285.000   72.242   128.512
9037.000   9254.000   839.000   266.000   72.299   128.596
9038.000   9357.000   887.000   240.000   72.356   128.680
9039.000   9391.000   852.000   252.000   72.412   128.765
9040.000   9547.000   873.000   299.000   72.469   128.851
9041.000   9397.000   798.000   260.000   72.525   128.937
9042.000   9652.000   868.000   249.000   72.582   129.023
9043.000   9773.000   805.000   250.000   72.638   129.110
9044.000   9641.000   810.000   259.000   72.694   129.198
9045.000   9632.000   854.000   249.000   72.751   129.286
9046.000   9661.000   779.000   259.000   72.807   129.375
9047.000   9766.000   853.000   282.000   72.863   129.465
9048.000   9651.000   800.000   282.000   72.919   129.555
9049.000   9775.000   816.000   270.000   72.976   129.645
9050.000   9811.000   803.000   238.000   73.032   129.737
9051.000   9689.000   829.000   249.000   73.088   129.829
9052.000   10207.000   815.000   265.000   73.144   129.921
9053.000   10430.000   800.000   259.000   73.200   130.014
9054.000   10081.000   748.000   237.000   73.256   130.108
9055.000   9884.000   769.000   247.000   73.311   130.202
9056.000   9529.000   766.000   268.000   73.367   130.297
9057.000   9540.000   811.000   250.000   73.423   130.393
9058.000   9434.000   740.000   260.000   73.479   130.489
9059.000   9549.000   734.000   257.000   73.534   130.586
9060.000   9238.000   759.000   251.000   73.590   130.684
9061.000   9614.000   779.000   275.000   73.646   130.782
9062.000   9252.000   691.000   261.000   73.701   130.881
9063.000   9822.000   786.000   247.000   73.757   130.981
9064.000   10479.000   724.000   256.000   73.812   131.081
9065.000   8573.000   862.000   329.000   73.867   131.182
9066.000   8606.000   622.000   256.000   73.923   131.284
9067.000   8496.000   652.000   260.000   73.978   131.387
9068.000   8860.000   649.000   247.000   74.033   131.490
9069.000   8824.000   601.000   265.000   74.088   131.594
9070.000   8687.000   635.000   272.000   74.143   131.698
9071.000   8495.000   619.000   262.000   74.198   131.804
9072.000   8416.000   666.000   268.000   74.253   131.910
9073.000   7894.000   654.000   239.000   74.308   132.017
9074.000   2390.000   593.000   261.000   74.363   132.125
9075.000   2427.000   624.000   228.000   74.418   132.233
9076.000   2323.000   632.000   220.000   74.473   132.342
9077.000   2039.000   623.000   249.000   74.528   132.452
9078.000   2300.000   611.000   256.000   74.582   132.563
9079.000   1619.000   628.000   239.000   74.637   132.675
9080.000   1262.000   635.000   287.000   74.691   132.787
9081.000   1045.000   628.000   235.000   74.746   132.900
9082.000   906.000   621.000   259.000   74.800   133.014
9083.000   862.000   623.000   263.000   74.855   133.129
9084.000   822.000   576.000   243.000   74.909   133.245
9085.000   870.000   628.000   249.000   74.963   133.361
9086.000   906.000   615.000   230.000   75.017   133.478
9087.000   856.000   594.000   242.000   75.071   133.597
9088.000   841.000   663.000   262.000   75.125   133.716
9089.000   882.000   602.000   267.000   75.179   133.836
9090.000   909.000   642.000   258.000   75.233   133.957
9091.000   829.000   595.000   228.000   75.287   134.078
9092.000   893.000   632.000   276.000   75.341   134.201
9093.000   861.000   595.000   251.000   75.394   134.325
9094.000   900.000   626.000   232.000   75.448   134.449
9095.000   853.000   620.000   230.000   75.501   134.574
9096.000   888.000   635.000   239.000   75.555   134.701
9097.000   919.000   583.000   235.000   75.608   134.828
9098.000   870.000   620.000   248.000   75.662   134.956
9099.000   822.000   611.000   256.000   75.715   135.086
9100.000   803.000   599.000   274.000   75.768   135.216
9101.000   860.000   568.000   257.000   75.821   135.347
9102.000   821.000   620.000   260.000   75.874   135.479
9103.000   823.000   595.000   270.000   75.927   135.612
9104.000   844.000   655.000   247.000   75.980   135.747
9105.000   846.000   596.000   239.000   76.033   135.882
9106.000   845.000   623.000   250.000   76.085   136.018
9107.000   827.000   621.000   259.000   76.138   136.155
9108.000   816.000   646.000   241.000   76.190   136.294
9109.000   807.000   607.000   271.000   76.243   136.433
9110.000   789.000   576.000   241.000   76.295   136.574
9111.000   776.000   594.000   236.000   76.348   136.715
9112.000   750.000   667.000   260.000   76.400   136.858
9113.000   782.000   585.000   235.000   76.452   137.002
9114.000   760.000   626.000   261.000   76.504   137.147
9115.000   810.000   579.000   259.000   76.556   137.293
9116.000   794.000   563.000   249.000   76.608   137.440
9117.000   724.000   600.000   266.000   76.659   137.588
9118.000   767.000   589.000   265.000   76.711   137.738
9119.000   735.000   586.000   262.000   76.763   137.888
9120.000   770.000   34202.000   246.000   76.814   138.040
9121.000   774.000   43420.000   222.000   76.865   138.193
9122.000   722.000   4391.000   248.000   76.917   138.347
9123.000   720.000   46766.000   249.000   76.968   138.503
9124.000   737.000   702.000   256.000   77.019   138.660
9125.000   703.000   721.000   288.000   77.070   138.818
9126.000   742.000   672.000   268.000   77.121   138.977
9127.000   704.000   727.000   246.000   77.172   139.137
9128.000   717.000   716.000   254.000   77.222   139.299
9129.000   706.000   699.000   260.000   77.273   139.462
9130.000   667.000   730.000   273.000   77.323   139.627
9131.000   660.000   743.000   269.000   77.374   139.792
9132.000   657.000   751.000   247.000   77.424   139.959
9133.000   678.000   690.000   272.000   77.474   140.128
9134.000   10211.000   725.000   267.000   77.524   140.297
9135.000   10290.000   673.000   246.000   77.574   140.469
9136.000   10098.000   671.000   266.000   77.624   140.641
9137.000   9961.000   684.000   270.000   77.673   140.815
9138.000   10017.000   687.000   259.000   77.723   140.990
9139.000   9701.000   650.000   262.000   77.772   141.167
9140.000   9578.000   647.000   228.000   77.822   141.345
9141.000   9598.000   716.000   269.000   77.871   141.525
9142.000   9832.000   710.000   236.000   77.920   141.706
9143.000   9815.000   685.000   253.000   77.969   141.889
9144.000   9988.000   723.000   243.000   78.018   142.073
9145.000   10022.000   660.000   261.000   78.067   142.259
9146.000   9800.000   644.000   264.000   78.115   142.446
9147.000   9682.000   647.000   259.000   78.164   142.635
9148.000   9818.000   679.000   253.000   78.212   142.825
9149.000   9570.000   662.000   245.000   78.260   143.017
9150.000   9731.000   707.000   261.000   78.308   143.210
9151.000   9960.000   722.000   291.000   78.356   143.405
9152.000   9909.000   690.000   274.000   78.404   143.602
9153.000   9719.000   691.000   272.000   78.451   143.800
9154.000   10099.000   696.000   252.000   78.499   144.000
9155.000   9847.000   726.000   242.000   78.546   144.202
9156.000   10080.000   681.000   267.000   78.593   144.405
9157.000   10259.000   731.000   248.000   78.640   144.610
9158.000   10459.000   688.000   287.000   78.687   144.817
9159.000   10484.000   700.000   267.000   78.734   145.025
9160.000   10648.000   669.000   230.000   78.781   145.235
9161.000   10816.000   668.000   255.000   78.827   145.447
9162.000   11160.000   682.000   265.000   78.873   145.661
9163.000   11222.000   707.000   262.000   78.920   145.877
9164.000   11455.000   693.000   268.000   78.966   146.094
9165.000   11834.000   685.000   261.000   79.011   146.313
9166.000   11939.000   677.000   249.000   79.057   146.534
9167.000   12059.000   652.000   256.000   79.103   146.757
9168.000   12588.000   698.000   262.000   79.148   146.982
9169.000   12494.000   690.000   261.000   79.193   147.208
9170.000   12811.000   636.000   296.000   79.238   147.437
9171.000   13056.000   691.000   247.000   79.283   147.667
9172.000   13128.000   671.000   244.000   79.327   147.900
9173.000   13526.000   722.000   263.000   79.372   148.134
9174.000   13771.000   701.000   257.000   79.416   148.370
9175.000   13794.000   673.000   245.000   79.460   148.609
9176.000   14259.000   722.000   259.000   79.504   148.849
9177.000   14224.000   719.000   264.000   79.548   149.091
9178.000   14159.000   675.000   00.000   79.591   149.336
9179.000   14287.000   668.000   00.000   79.634   149.582
9180.000   14449.000   17375.000   00.000   79.678   149.831
9181.000   14395.000   21995.000   00.000   79.720   150.081
9182.000   14529.000   2511.000   00.000   79.763   150.334
9183.000   14487.000   23708.000   00.000   79.806   150.589
9184.000   14246.000   433.000   00.000   79.848   150.846
9185.000   14437.000   440.000   00.000   79.890   151.105
9186.000   14324.000   439.000   00.000   79.932   151.366
9187.000   14252.000   429.000   00.000   79.974   151.630
9188.000   14241.000   443.000   00.000   80.015   151.896
9189.000   14100.000   476.000   00.000   80.056   152.164
9190.000   14081.000   442.000   00.000   80.097   152.434
9191.000   13975.000   452.000   00.000   80.138   152.706
9192.000   13981.000   427.000   00.000   80.179   152.981
9193.000   13911.000   446.000   00.000   80.219   153.258
9194.000   13879.000   457.000   00.000   80.259   153.537
9195.000   13724.000   411.000   00.000   80.299   153.819
9196.000   13543.000   439.000   00.000   80.339   154.102
9197.000   13607.000   458.000   00.000   80.378   154.389
9198.000   13477.000   474.000   00.000   80.417   154.677
9199.000   13617.000   476.000   00.000   80.456   154.968
9200.000   13447.000   485.000   00.000   80.495   155.262
9201.000   13459.000   483.000   00.000   80.533   155.557
9202.000   13185.000   484.000   00.000   80.571   155.855
9203.000   13322.000   503.000   00.000   80.609   156.156
9204.000   13140.000   489.000   00.000   80.647   156.459
9205.000   13297.000   467.000   00.000   80.684   156.765
9206.000   13001.000   461.000   00.000   80.721   157.072
9207.000   13141.000   482.000   00.000   80.758   157.383
9208.000   13190.000   493.000   00.000   80.794   157.696
9209.000   13189.000   482.000   00.000   80.831   158.011
9210.000   13064.000   504.000   00.000   80.866   158.329
9211.000   12886.000   481.000   00.000   80.902   158.649
9212.000   13244.000   469.000   00.000   80.938   158.972
9213.000   13190.000   530.000   00.000   80.973   159.298
9214.000   13102.000   557.000   00.000   81.007   159.626
9215.000   12886.000   535.000   00.000   81.042   159.956
9216.000   12885.000   529.000   00.000   81.076   160.289
9217.000   12844.000   615.000   00.000   81.110   160.625
9218.000   12772.000   551.000   00.000   81.144   160.963
9219.000   12681.000   572.000   00.000   81.177   161.304
9220.000   12717.000   564.000   00.000   81.210   161.647
9221.000   12392.000   595.000   00.000   81.242   161.993
9222.000   12265.000   614.000   00.000   81.275   162.341
9223.000   12419.000   605.000   00.000   81.307   162.693
9224.000   12207.000   621.000   00.000   81.338   163.046
9225.000   11963.000   614.000   00.000   81.370   163.402
9226.000   11791.000   634.000   00.000   81.400   163.761
9227.000   11906.000   653.000   00.000   81.431   164.123
9228.000   11351.000   623.000   00.000   81.461   164.487
9229.000   11284.000   667.000   00.000   81.491   164.853
9230.000   11091.000   722.000   00.000   81.521   165.222
9231.000   11017.000   717.000   00.000   81.550   165.594
9232.000   10561.000   731.000   00.000   81.579   165.969
9233.000   10510.000   731.000   00.000   81.607   166.345
9234.000   10121.000   757.000   00.000   81.636   166.725
9235.000   9828.000   814.000   00.000   81.663   167.107
9236.000   9612.000   823.000   00.000   81.691   167.491
9237.000   9468.000   831.000   00.000   81.718   167.879
9238.000   9335.000   827.000   00.000   81.744   168.268
9239.000   9048.000   870.000   00.000   81.770   168.660
9240.000   8857.000   896.000   00.000   81.796   169.055
9241.000   8514.000   867.000   00.000   81.822   169.452
9242.000   8167.000   860.000   00.000   81.847   169.851
9243.000   8213.000   982.000   00.000   81.871   170.253
9244.000   8064.000   981.000   00.000   81.896   170.658
9245.000   7727.000   1020.000   00.000   81.919   171.065
9246.000   7555.000   1064.000   00.000   81.943   171.474
9247.000   7186.000   1115.000   00.000   81.966   171.885
9248.000   7963.000   1192.000   00.000   81.988   172.299
9249.000   6412.000   1163.000   00.000   82.010   172.716
9250.000   5976.000   1196.000   00.000   82.032   173.134
9251.000   5960.000   1261.000   00.000   82.053   173.555
9252.000   6195.000   1254.000   00.000   82.074   173.978
9253.000   6009.000   1345.000   00.000   82.095   174.403
9254.000   6113.000   1533.000   00.000   82.115   174.831
9255.000   6021.000   2353.000   00.000   82.134   175.261
9256.000   5817.000   3965.000   00.000   82.153   175.692
9257.000   5079.000   6567.000   00.000   82.172   176.126
9258.000   5255.000   8731.000   00.000   82.190   176.562
9259.000   5167.000   9840.000   00.000   82.208   177.000
9260.000   5161.000   10696.000   00.000   82.225   177.440
9261.000   4797.000   12558.000   00.000   82.242   177.882
9262.000   4777.000   14809.000   00.000   82.258   178.325
9263.000   4666.000   16028.000   00.000   82.274   178.771
9264.000   4673.000   17464.000   00.000   82.289   179.218
9265.000   4709.000   17612.000   00.000   82.304   179.667
9266.000   4976.000   16561.000   00.000   82.319   -179.882
9267.000   4988.000   15697.000   00.000   82.333   -179.429
9268.000   5118.000   15176.000   00.000   82.346   -178.975
9269.000   5162.000   14738.000   00.000   82.359   -178.520
9270.000   5351.000   13942.000   00.000   82.372   -178.062
9271.000   5514.000   13159.000   00.000   82.384   -177.604
9272.000   5625.000   12221.000   00.000   82.395   -177.143
9273.000   5713.000   11257.000   00.000   82.406   -176.682
9274.000   5927.000   10733.000   00.000   82.417   -176.219
9275.000   6015.000   10755.000   00.000   82.427   -175.755
9276.000   6031.000   10757.000   00.000   82.436   -175.290
9277.000   6330.000   11089.000   00.000   82.445   -174.823
9278.000   6310.000   11359.000   01.000   82.454   -174.356
9279.000   6472.000   11414.000   33.000   82.462   -173.887
9280.000   6603.000   11435.000   96.000   82.469   -173.418
9281.000   6776.000   11508.000   315.000   82.476   -172.947
9282.000   6742.000   11165.000   1442.000   82.483   -172.476
9283.000   6822.000   11257.000   3423.000   82.489   -172.004
9284.000   6693.000   11486.000   5477.000   82.494   -171.531
9285.000   6904.000   11443.000   6929.000   82.499   -171.058
9286.000   6853.000   11530.000   7927.000   82.504   -170.584
9287.000   6945.000   11756.000   9022.000   82.508   -170.110
9288.000   6958.000   11917.000   9645.000   82.511   -169.635
9289.000   6935.000   12117.000   10478.000   82.514   -169.159
9290.000   6652.000   12468.000   11358.000   82.516   -168.683
9291.000   6842.000   12445.000   12140.000   82.518   -168.208
9292.000   6757.000   12586.000   13518.000   82.519   -167.731
9293.000   6742.000   12925.000   13972.000   82.520   -167.255
