Time range: [ 02:34:54.000  03:15:59.000 ]
Time range duration: 41.0 min, 5.0 sec
Longitude range: [ 135.0  14565.0 ]
9294.000   6622.000   13267.000   14565.000   82.520   -166.779
9295.000   6733.000   13366.000   15017.000   82.520   -166.302
9296.000   6624.000   13678.000   15412.000   82.519   -165.826
9297.000   6756.000   14115.000   15494.000   82.518   -165.350
9298.000   6409.000   14442.000   506.000   82.516   -164.874
9299.000   6378.000   14330.000   520.000   82.514   -164.398
9300.000   6065.000   14010.000   466.000   82.511   -163.923
9301.000   5811.000   13870.000   496.000   82.508   -163.448
9302.000   5578.000   13584.000   408.000   82.504   -162.973
9303.000   5433.000   13063.000   437.000   82.499   -162.499
9304.000   5382.000   12881.000   446.000   82.494   -162.026
9305.000   5383.000   13205.000   400.000   82.489   -161.553
9306.000   5086.000   11789.000   388.000   82.483   -161.081
9307.000   5285.000   12311.000   368.000   82.477   -160.610
9308.000   5935.000   12612.000   355.000   82.470   -160.140
9309.000   4152.000   13091.000   373.000   82.462   -159.670
9310.000   3659.000   13342.000   355.000   82.454   -159.202
9311.000   3541.000   13778.000   323.000   82.446   -158.734
9312.000   3637.000   13883.000   319.000   82.437   -158.268
9313.000   3709.000   14367.000   299.000   82.427   -157.802
9314.000   3392.000   14743.000   295.000   82.417   -157.338
9315.000   3417.000   14956.000   328.000   82.407   -156.876
9316.000   3131.000   15308.000   263.000   82.396   -156.414
9317.000   2330.000   15399.000   303.000   82.384   -155.954
9318.000   2172.000   15856.000   257.000   82.372   -155.495
9319.000   2133.000   16059.000   284.000   82.360   -155.038
9320.000   2080.000   16305.000   244.000   82.347   -154.582
9321.000   1599.000   16433.000   232.000   82.333   -154.128
9322.000   607.000   16789.000   247.000   82.319   -153.676
9323.000   581.000   17232.000   257.000   82.305   -153.225
9324.000   586.000   17121.000   243.000   82.290   -152.776
9325.000   635.000   17348.000   231.000   82.275   -152.329
9326.000   619.000   17718.000   218.000   82.259   -151.883
9327.000   578.000   17843.000   223.000   82.242   -151.439
9328.000   624.000   18029.000   212.000   82.226   -150.998
9329.000   582.000   18458.000   202.000   82.208   -150.558
9330.000   588.000   18305.000   201.000   82.191   -150.120
9331.000   580.000   18364.000   214.000   82.173   -149.684
9332.000   576.000   18705.000   189.000   82.154   -149.250
9333.000   608.000   18757.000   192.000   82.135   -148.819
9334.000   576.000   18641.000   198.000   82.115   -148.389
9335.000   566.000   18996.000   209.000   82.095   -147.961
9336.000   590.000   18932.000   176.000   82.075   -147.536
9337.000   557.000   19030.000   192.000   82.054   -147.113
9338.000   614.000   19016.000   177.000   82.033   -146.692
9339.000   577.000   19091.000   172.000   82.011   -146.274
9340.000   627.000   18982.000   186.000   81.989   -145.858
9341.000   596.000   19121.000   189.000   81.967   -145.444
9342.000   591.000   19014.000   184.000   81.944   -145.032
9343.000   644.000   19214.000   169.000   81.920   -144.623
9344.000   598.000   19206.000   168.000   81.897   -144.216
9345.000   521.000   19286.000   194.000   81.872   -143.812
9346.000   663.000   19194.000   171.000   81.848   -143.410
9347.000   596.000   19528.000   161.000   81.823   -143.010
9348.000   584.000   19401.000   175.000   81.797   -142.613
9349.000   554.000   19269.000   186.000   81.771   -142.219
9350.000   573.000   19515.000   164.000   81.745   -141.827
9351.000   567.000   19253.000   167.000   81.719   -141.437
9352.000   605.000   19293.000   177.000   81.692   -141.050
9353.000   682.000   19313.000   154.000   81.664   -140.666
9354.000   585.000   19252.000   149.000   81.637   -140.284
9355.000   586.000   19284.000   160.000   81.609   -139.904
9356.000   558.000   19383.000   161.000   81.580   -139.527
9357.000   638.000   19178.000   177.000   81.551   -139.153
9358.000   570.000   19387.000   168.000   81.522   -138.781
9359.000   571.000   19034.000   135.000   81.493   -138.412
9360.000   1483.000   355.000   00.000   81.463   -138.046
9361.000   1392.000   461.000   00.000   81.432   -137.682
9362.000   1418.000   334.000   00.000   81.402   -137.320
9363.000   1416.000   362.000   00.000   81.371   -136.962
9364.000   1423.000   351.000   00.000   81.340   -136.605
9365.000   1393.000   353.000   00.000   81.308   -136.252
9366.000   1335.000   333.000   00.000   81.276   -135.901
9367.000   1355.000   341.000   00.000   81.244   -135.552
9368.000   1409.000   315.000   00.000   81.211   -135.206
9369.000   1520.000   317.000   00.000   81.178   -134.863
9370.000   1418.000   368.000   00.000   81.145   -134.522
9371.000   1427.000   333.000   00.000   81.112   -134.184
9372.000   1370.000   355.000   00.000   81.078   -133.849
9373.000   1375.000   345.000   00.000   81.044   -133.516
9374.000   1476.000   341.000   00.000   81.009   -133.185
9375.000   1379.000   377.000   00.000   80.974   -132.857
9376.000   1381.000   339.000   00.000   80.939   -132.532
9377.000   1456.000   323.000   00.000   80.904   -132.209
9378.000   1406.000   336.000   00.000   80.868   -131.889
9379.000   1354.000   349.000   00.000   80.832   -131.571
9380.000   1416.000   359.000   00.000   80.796   -131.255
9381.000   1380.000   373.000   00.000   80.760   -130.943
9382.000   1123.000   352.000   00.000   80.723   -130.632
9383.000   1040.000   344.000   00.000   80.686   -130.324
9384.000   1045.000   350.000   00.000   80.649   -130.019
9385.000   1015.000   339.000   00.000   80.611   -129.716
9386.000   1019.000   302.000   00.000   80.573   -129.415
9387.000   995.000   382.000   00.000   80.535   -129.117
9388.000   963.000   327.000   00.000   80.497   -128.822
9389.000   974.000   352.000   00.000   80.458   -128.528
9390.000   978.000   352.000   00.000   80.419   -128.237
9391.000   990.000   314.000   00.000   80.380   -127.949
9392.000   949.000   354.000   00.000   80.341   -127.663
9393.000   949.000   336.000   00.000   80.301   -127.379
9394.000   932.000   357.000   00.000   80.262   -127.097
9395.000   940.000   365.000   00.000   80.222   -126.818
9396.000   948.000   369.000   00.000   80.181   -126.541
9397.000   1030.000   339.000   00.000   80.141   -126.266
9398.000   919.000   356.000   00.000   80.100   -125.994
9399.000   893.000   334.000   00.000   80.059   -125.724
9400.000   858.000   367.000   00.000   80.018   -125.456
9401.000   887.000   352.000   00.000   79.976   -125.190
9402.000   953.000   346.000   00.000   79.935   -124.927
9403.000   871.000   368.000   00.000   79.893   -124.666
9404.000   922.000   363.000   00.000   79.851   -124.407
9405.000   890.000   372.000   00.000   79.809   -124.150
9406.000   871.000   351.000   00.000   79.766   -123.895
9407.000   868.000   350.000   00.000   79.723   -123.642
9408.000   873.000   342.000   00.000   79.681   -123.391
9409.000   879.000   363.000   00.000   79.638   -123.143
9410.000   933.000   343.000   00.000   79.594   -122.897
9411.000   869.000   346.000   00.000   79.551   -122.652
9412.000   889.000   343.000   00.000   79.507   -122.410
9413.000   922.000   367.000   00.000   79.463   -122.170
9414.000   850.000   347.000   00.000   79.419   -121.931
9415.000   913.000   380.000   00.000   79.375   -121.695
9416.000   888.000   383.000   00.000   79.331   -121.461
9417.000   934.000   323.000   00.000   79.286   -121.228
9418.000   923.000   365.000   00.000   79.241   -120.998
9419.000   911.000   346.000   00.000   79.197   -120.769
9420.000   918.000   352.000   00.000   79.151   -120.543
9421.000   927.000   339.000   00.000   79.106   -120.318
9422.000   923.000   313.000   00.000   79.061   -120.095
9423.000   918.000   328.000   00.000   79.015   -119.874
9424.000   896.000   362.000   00.000   78.969   -119.655
9425.000   948.000   324.000   00.000   78.923   -119.438
9426.000   908.000   382.000   00.000   78.877   -119.222
9427.000   975.000   358.000   00.000   78.831   -119.009
9428.000   958.000   330.000   00.000   78.785   -118.797
9429.000   941.000   360.000   00.000   78.738   -118.587
9430.000   955.000   344.000   00.000   78.692   -118.378
9431.000   995.000   369.000   00.000   78.645   -118.171
9432.000   1015.000   324.000   00.000   78.598   -117.966
9433.000   1058.000   392.000   00.000   78.551   -117.763
9434.000   1112.000   350.000   00.000   78.503   -117.562
9435.000   1067.000   358.000   00.000   78.456   -117.362
9436.000   1117.000   376.000   00.000   78.408   -117.163
9437.000   1155.000   494.000   00.000   78.361   -116.967
9438.000   1212.000   378.000   00.000   78.313   -116.772
9439.000   1193.000   310.000   00.000   78.265   -116.578
9440.000   1271.000   378.000   00.000   78.217   -116.386
9441.000   1329.000   378.000   00.000   78.168   -116.196
9442.000   3055.000   383.000   00.000   78.120   -116.007
9443.000   2950.000   382.000   00.000   78.071   -115.820
9444.000   2908.000   390.000   00.000   78.023   -115.635
9445.000   2835.000   452.000   00.000   77.974   -115.451
9446.000   2878.000   413.000   00.000   77.925   -115.268
9447.000   2733.000   376.000   00.000   77.876   -115.087
9448.000   2631.000   410.000   00.000   77.827   -114.907
9449.000   2666.000   406.000   00.000   77.778   -114.729
9450.000   2619.000   423.000   00.000   77.728   -114.552
9451.000   2532.000   420.000   00.000   77.679   -114.377
9452.000   2555.000   427.000   00.000   77.629   -114.203
9453.000   2489.000   584.000   00.000   77.579   -114.030
9454.000   2481.000   407.000   00.000   77.530   -113.859
9455.000   2409.000   443.000   00.000   77.480   -113.690
9456.000   2451.000   450.000   00.000   77.430   -113.521
9457.000   2488.000   462.000   00.000   77.379   -113.354
9458.000   2536.000   490.000   00.000   77.329   -113.189
9459.000   2403.000   491.000   00.000   77.279   -113.024
9460.000   2400.000   472.000   00.000   77.228   -112.861
9461.000   2483.000   459.000   00.000   77.178   -112.699
9462.000   2336.000   487.000   00.000   77.127   -112.539
9463.000   2335.000   534.000   00.000   77.076   -112.380
9464.000   2329.000   548.000   00.000   77.025   -112.222
9465.000   2501.000   565.000   00.000   76.974   -112.065
9466.000   2449.000   541.000   00.000   76.923   -111.910
9467.000   2465.000   625.000   00.000   76.872   -111.755
9468.000   2381.000   611.000   00.000   76.820   -111.602
9469.000   2441.000   708.000   00.000   76.769   -111.450
9470.000   2580.000   668.000   00.000   76.718   -111.300
9471.000   2473.000   633.000   00.000   76.666   -111.150
9472.000   2498.000   666.000   00.000   76.614   -111.002
9473.000   2577.000   675.000   00.000   76.563   -110.855
9474.000   2572.000   698.000   00.000   76.511   -110.709
9475.000   2559.000   721.000   00.000   76.459   -110.564
9476.000   2586.000   767.000   00.000   76.407   -110.420
9477.000   2589.000   712.000   00.000   76.355   -110.278
9478.000   2681.000   716.000   444.000   76.302   -110.136
9479.000   2766.000   758.000   420.000   76.250   -109.995
9480.000   2679.000   794.000   415.000   76.198   -109.856
9481.000   2701.000   830.000   409.000   76.145   -109.718
9482.000   2761.000   3742.000   381.000   76.093   -109.580
9483.000   2657.000   3346.000   369.000   76.040   -109.444
9484.000   2848.000   3374.000   384.000   75.987   -109.309
9485.000   2809.000   3225.000   344.000   75.935   -109.175
9486.000   2881.000   2878.000   368.000   75.882   -109.042
9487.000   3090.000   2811.000   357.000   75.829   -108.910
9488.000   3018.000   3104.000   339.000   75.776   -108.778
9489.000   3086.000   2863.000   354.000   75.723   -108.648
9490.000   3186.000   2714.000   360.000   75.670   -108.519
9491.000   3241.000   2555.000   350.000   75.616   -108.391
9492.000   3322.000   2490.000   301.000   75.563   -108.263
9493.000   3380.000   1870.000   316.000   75.510   -108.137
9494.000   9013.000   1814.000   312.000   75.456   -108.012
9495.000   9310.000   1772.000   330.000   75.403   -107.887
9496.000   9221.000   1483.000   325.000   75.349   -107.764
9497.000   9112.000   1173.000   301.000   75.295   -107.641
9498.000   9082.000   1040.000   317.000   75.242   -107.519
9499.000   9132.000   1009.000   294.000   75.188   -107.399
9500.000   9085.000   1008.000   279.000   75.134   -107.279
9501.000   8936.000   996.000   293.000   75.080   -107.159
9502.000   8930.000   995.000   302.000   75.026   -107.041
9503.000   8783.000   935.000   295.000   74.972   -106.924
9504.000   8939.000   975.000   279.000   74.918   -106.807
9505.000   8965.000   1026.000   304.000   74.864   -106.692
9506.000   8984.000   917.000   278.000   74.809   -106.577
9507.000   8936.000   940.000   276.000   74.755   -106.463
9508.000   8889.000   962.000   295.000   74.701   -106.350
9509.000   8938.000   925.000   266.000   74.646   -106.237
9510.000   9094.000   917.000   303.000   74.592   -106.126
9511.000   9137.000   922.000   294.000   74.537   -106.015
9512.000   9046.000   952.000   268.000   74.483   -105.905
9513.000   9154.000   838.000   277.000   74.428   -105.796
9514.000   9380.000   921.000   255.000   74.373   -105.688
9515.000   9215.000   845.000   285.000   74.318   -105.580
9516.000   9236.000   902.000   285.000   74.264   -105.473
9517.000   9254.000   839.000   266.000   74.209   -105.367
9518.000   9357.000   887.000   240.000   74.154   -105.261
9519.000   9391.000   852.000   252.000   74.099   -105.157
9520.000   9547.000   873.000   299.000   74.044   -105.053
9521.000   9397.000   798.000   260.000   73.989   -104.950
9522.000   9652.000   868.000   249.000   73.933   -104.847
9523.000   9773.000   805.000   250.000   73.878   -104.745
9524.000   9641.000   810.000   259.000   73.823   -104.644
9525.000   9632.000   854.000   249.000   73.767   -104.544
9526.000   9661.000   779.000   259.000   73.712   -104.444
9527.000   9766.000   853.000   282.000   73.657   -104.345
9528.000   9651.000   800.000   282.000   73.601   -104.247
9529.000   9775.000   816.000   270.000   73.546   -104.149
9530.000   9811.000   803.000   238.000   73.490   -104.052
9531.000   9689.000   829.000   249.000   73.434   -103.956
9532.000   10207.000   815.000   265.000   73.379   -103.860
9533.000   10430.000   800.000   259.000   73.323   -103.765
9534.000   10081.000   748.000   237.000   73.267   -103.671
9535.000   9884.000   769.000   247.000   73.211   -103.577
9536.000   9529.000   766.000   268.000   73.156   -103.484
9537.000   9540.000   811.000   250.000   73.100   -103.392
9538.000   9434.000   740.000   260.000   73.044   -103.300
9539.000   9549.000   734.000   257.000   72.988   -103.209
9540.000   9238.000   759.000   251.000   72.932   -103.118
9541.000   9614.000   779.000   275.000   72.876   -103.028
9542.000   9252.000   691.000   261.000   72.819   -102.939
9543.000   9822.000   786.000   247.000   72.763   -102.850
9544.000   10479.000   724.000   256.000   72.707   -102.761
9545.000   8573.000   862.000   329.000   72.651   -102.674
9546.000   8606.000   622.000   256.000   72.594   -102.587
9547.000   8496.000   652.000   260.000   72.538   -102.500
9548.000   8860.000   649.000   247.000   72.482   -102.414
9549.000   8824.000   601.000   265.000   72.425   -102.329
9550.000   8687.000   635.000   272.000   72.369   -102.244
9551.000   8495.000   619.000   262.000   72.312   -102.160
9552.000   8416.000   666.000   268.000   72.256   -102.076
9553.000   7894.000   654.000   239.000   72.199   -101.993
9554.000   2390.000   593.000   261.000   72.143   -101.910
9555.000   2427.000   624.000   228.000   72.086   -101.828
9556.000   2323.000   632.000   220.000   72.029   -101.746
9557.000   2039.000   623.000   249.000   71.973   -101.665
9558.000   2300.000   611.000   256.000   71.916   -101.584
9559.000   1619.000   628.000   239.000   71.859   -101.504
9560.000   1262.000   635.000   287.000   71.802   -101.425
9561.000   1045.000   628.000   235.000   71.745   -101.346
9562.000   906.000   621.000   259.000   71.688   -101.267
9563.000   862.000   623.000   263.000   71.631   -101.189
9564.000   822.000   576.000   243.000   71.574   -101.112
9565.000   870.000   628.000   249.000   71.517   -101.035
9566.000   906.000   615.000   230.000   71.460   -100.958
9567.000   856.000   594.000   242.000   71.403   -100.882
9568.000   841.000   663.000   262.000   71.346   -100.806
9569.000   882.000   602.000   267.000   71.289   -100.731
9570.000   909.000   642.000   258.000   71.232   -100.656
9571.000   829.000   595.000   228.000   71.174   -100.582
9572.000   893.000   632.000   276.000   71.117   -100.508
9573.000   861.000   595.000   251.000   71.060   -100.435
9574.000   900.000   626.000   232.000   71.003   -100.362
9575.000   853.000   620.000   230.000   70.945   -100.290
9576.000   888.000   635.000   239.000   70.888   -100.218
9577.000   919.000   583.000   235.000   70.830   -100.146
9578.000   870.000   620.000   248.000   70.773   -100.075
9579.000   822.000   611.000   256.000   70.715   -100.004
9580.000   803.000   599.000   274.000   70.658   -99.934
9581.000   860.000   568.000   257.000   70.600   -99.864
9582.000   821.000   620.000   260.000   70.543   -99.795
9583.000   823.000   595.000   270.000   70.485   -99.726
9584.000   844.000   655.000   247.000   70.428   -99.657
9585.000   846.000   596.000   239.000   70.370   -99.589
9586.000   845.000   623.000   250.000   70.312   -99.521
9587.000   827.000   621.000   259.000   70.255   -99.454
9588.000   816.000   646.000   241.000   70.197   -99.387
9589.000   807.000   607.000   271.000   70.139   -99.320
9590.000   789.000   576.000   241.000   70.081   -99.254
9591.000   776.000   594.000   236.000   70.023   -99.188
9592.000   750.000   667.000   260.000   69.965   -99.123
9593.000   782.000   585.000   235.000   69.908   -99.058
9594.000   760.000   626.000   261.000   69.850   -98.993
9595.000   810.000   579.000   259.000   69.792   -98.929
9596.000   794.000   563.000   249.000   69.734   -98.865
9597.000   724.000   600.000   266.000   69.676   -98.802
9598.000   767.000   589.000   265.000   69.618   -98.738
9599.000   735.000   586.000   262.000   69.560   -98.676
9600.000   770.000   34202.000   246.000   69.502   -98.613
9601.000   774.000   43420.000   222.000   69.444   -98.551
9602.000   722.000   4391.000   248.000   69.385   -98.489
9603.000   720.000   46766.000   249.000   69.327   -98.428
9604.000   737.000   702.000   256.000   69.269   -98.367
9605.000   703.000   721.000   288.000   69.211   -98.306
9606.000   742.000   672.000   268.000   69.153   -98.246
9607.000   704.000   727.000   246.000   69.094   -98.186
9608.000   717.000   716.000   254.000   69.036   -98.127
9609.000   706.000   699.000   260.000   68.978   -98.067
9610.000   667.000   730.000   273.000   68.920   -98.008
9611.000   660.000   743.000   269.000   68.861   -97.950
9612.000   657.000   751.000   247.000   68.803   -97.892
9613.000   678.000   690.000   272.000   68.744   -97.834
9614.000   10211.000   725.000   267.000   68.686   -97.776
9615.000   10290.000   673.000   246.000   68.628   -97.719
9616.000   10098.000   671.000   266.000   68.569   -97.662
9617.000   9961.000   684.000   270.000   68.511   -97.605
9618.000   10017.000   687.000   259.000   68.452   -97.549
9619.000   9701.000   650.000   262.000   68.394   -97.493
9620.000   9578.000   647.000   228.000   68.335   -97.437
9621.000   9598.000   716.000   269.000   68.277   -97.381
9622.000   9832.000   710.000   236.000   68.218   -97.326
9623.000   9815.000   685.000   253.000   68.159   -97.271
9624.000   9988.000   723.000   243.000   68.101   -97.217
9625.000   10022.000   660.000   261.000   68.042   -97.163
9626.000   9800.000   644.000   264.000   67.983   -97.109
9627.000   9682.000   647.000   259.000   67.925   -97.055
9628.000   9818.000   679.000   253.000   67.866   -97.002
9629.000   9570.000   662.000   245.000   67.807   -96.949
9630.000   9731.000   707.000   261.000   67.748   -96.896
9631.000   9960.000   722.000   291.000   67.690   -96.844
9632.000   9909.000   690.000   274.000   67.631   -96.791
9633.000   9719.000   691.000   272.000   67.572   -96.739
9634.000   10099.000   696.000   252.000   67.513   -96.688
9635.000   9847.000   726.000   242.000   67.454   -96.636
9636.000   10080.000   681.000   267.000   67.396   -96.585
9637.000   10259.000   731.000   248.000   67.337   -96.535
9638.000   10459.000   688.000   287.000   67.278   -96.484
9639.000   10484.000   700.000   267.000   67.219   -96.434
9640.000   10648.000   669.000   230.000   67.160   -96.384
9641.000   10816.000   668.000   255.000   67.101   -96.334
9642.000   11160.000   682.000   265.000   67.042   -96.285
9643.000   11222.000   707.000   262.000   66.983   -96.235
9644.000   11455.000   693.000   268.000   66.924   -96.186
9645.000   11834.000   685.000   261.000   66.865   -96.138
9646.000   11939.000   677.000   249.000   66.806   -96.089
9647.000   12059.000   652.000   256.000   66.747   -96.041
9648.000   12588.000   698.000   262.000   66.688   -95.993
9649.000   12494.000   690.000   261.000   66.629   -95.945
9650.000   12811.000   636.000   296.000   66.569   -95.898
9651.000   13056.000   691.000   247.000   66.510   -95.851
9652.000   13128.000   671.000   244.000   66.451   -95.804
9653.000   13526.000   722.000   263.000   66.392   -95.757
9654.000   13771.000   701.000   257.000   66.333   -95.710
9655.000   13794.000   673.000   245.000   66.274   -95.664
9656.000   14259.000   722.000   259.000   66.214   -95.618
9657.000   14224.000   719.000   264.000   66.155   -95.572
9658.000   14159.000   675.000   00.000   66.096   -95.527
9659.000   14287.000   668.000   00.000   66.037   -95.482
9660.000   14449.000   17375.000   00.000   65.977   -95.436
9661.000   14395.000   21995.000   00.000   65.918   -95.392
9662.000   14529.000   2511.000   00.000   65.859   -95.347
9663.000   14487.000   23708.000   00.000   65.799   -95.303
9664.000   14246.000   433.000   00.000   65.740   -95.258
9665.000   14437.000   440.000   00.000   65.681   -95.214
9666.000   14324.000   439.000   00.000   65.621   -95.171
9667.000   14252.000   429.000   00.000   65.562   -95.127
9668.000   14241.000   443.000   00.000   65.502   -95.084
9669.000   14100.000   476.000   00.000   65.443   -95.041
9670.000   14081.000   442.000   00.000   65.383   -94.998
9671.000   13975.000   452.000   00.000   65.324   -94.955
9672.000   13981.000   427.000   00.000   65.265   -94.913
9673.000   13911.000   446.000   00.000   65.205   -94.871
9674.000   13879.000   457.000   00.000   65.146   -94.829
9675.000   13724.000   411.000   00.000   65.086   -94.787
9676.000   13543.000   439.000   00.000   65.026   -94.745
9677.000   13607.000   458.000   00.000   64.967   -94.704
9678.000   13477.000   474.000   00.000   64.907   -94.662
9679.000   13617.000   476.000   00.000   64.848   -94.621
9680.000   13447.000   485.000   00.000   64.788   -94.581
9681.000   13459.000   483.000   00.000   64.729   -94.540
9682.000   13185.000   484.000   00.000   64.669   -94.500
9683.000   13322.000   503.000   00.000   64.609   -94.459
9684.000   13140.000   489.000   00.000   64.550   -94.419
9685.000   13297.000   467.000   00.000   64.490   -94.379
9686.000   13001.000   461.000   00.000   64.430   -94.340
9687.000   13141.000   482.000   00.000   64.371   -94.300
9688.000   13190.000   493.000   00.000   64.311   -94.261
9689.000   13189.000   482.000   00.000   64.251   -94.222
9690.000   13064.000   504.000   00.000   64.192   -94.183
9691.000   12886.000   481.000   00.000   64.132   -94.144
9692.000   13244.000   469.000   00.000   64.072   -94.106
9693.000   13190.000   530.000   00.000   64.012   -94.068
9694.000   13102.000   557.000   00.000   63.952   -94.029
9695.000   12886.000   535.000   00.000   63.893   -93.991
9696.000   12885.000   529.000   00.000   63.833   -93.954
9697.000   12844.000   615.000   00.000   63.773   -93.916
9698.000   12772.000   551.000   00.000   63.713   -93.879
9699.000   12681.000   572.000   00.000   63.653   -93.841
9700.000   12717.000   564.000   00.000   63.594   -93.804
9701.000   12392.000   595.000   00.000   63.534   -93.767
9702.000   12265.000   614.000   00.000   63.474   -93.730
9703.000   12419.000   605.000   00.000   63.414   -93.694
9704.000   12207.000   621.000   00.000   63.354   -93.657
9705.000   11963.000   614.000   00.000   63.294   -93.621
9706.000   11791.000   634.000   00.000   63.234   -93.585
9707.000   11906.000   653.000   00.000   63.174   -93.549
9708.000   11351.000   623.000   00.000   63.114   -93.514
9709.000   11284.000   667.000   00.000   63.054   -93.478
9710.000   11091.000   722.000   00.000   62.994   -93.443
9711.000   11017.000   717.000   00.000   62.934   -93.407
9712.000   10561.000   731.000   00.000   62.874   -93.372
9713.000   10510.000   731.000   00.000   62.814   -93.337
9714.000   10121.000   757.000   00.000   62.754   -93.302
9715.000   9828.000   814.000   00.000   62.694   -93.268
9716.000   9612.000   823.000   00.000   62.634   -93.233
9717.000   9468.000   831.000   00.000   62.574   -93.199
9718.000   9335.000   827.000   00.000   62.514   -93.165
9719.000   9048.000   870.000   00.000   62.454   -93.131
9720.000   8857.000   896.000   00.000   62.394   -93.097
9721.000   8514.000   867.000   00.000   62.334   -93.063
9722.000   8167.000   860.000   00.000   62.274   -93.030
9723.000   8213.000   982.000   00.000   62.214   -92.996
9724.000   8064.000   981.000   00.000   62.154   -92.963
9725.000   7727.000   1020.000   00.000   62.094   -92.930
9726.000   7555.000   1064.000   00.000   62.033   -92.897
9727.000   7186.000   1115.000   00.000   61.973   -92.864
9728.000   7963.000   1192.000   00.000   61.913   -92.832
9729.000   6412.000   1163.000   00.000   61.853   -92.799
9730.000   5976.000   1196.000   00.000   61.793   -92.767
9731.000   5960.000   1261.000   00.000   61.732   -92.735
9732.000   6195.000   1254.000   00.000   61.672   -92.703
9733.000   6009.000   1345.000   00.000   61.612   -92.671
9734.000   6113.000   1533.000   00.000   61.552   -92.639
9735.000   6021.000   2353.000   00.000   61.492   -92.607
9736.000   5817.000   3965.000   00.000   61.431   -92.576
9737.000   5079.000   6567.000   00.000   61.371   -92.544
9738.000   5255.000   8731.000   00.000   61.311   -92.513
9739.000   5167.000   9840.000   00.000   61.251   -92.482
9740.000   5161.000   10696.000   00.000   61.190   -92.451
9741.000   4797.000   12558.000   00.000   61.130   -92.420
9742.000   4777.000   14809.000   00.000   61.070   -92.389
9743.000   4666.000   16028.000   00.000   61.009   -92.359
9744.000   4673.000   17464.000   00.000   60.949   -92.328
9745.000   4709.000   17612.000   00.000   60.889   -92.298
9746.000   4976.000   16561.000   00.000   60.828   -92.268
9747.000   4988.000   15697.000   00.000   60.768   -92.238
9748.000   5118.000   15176.000   00.000   60.708   -92.208
9749.000   5162.000   14738.000   00.000   60.647   -92.178
9750.000   5351.000   13942.000   00.000   60.587   -92.148
9751.000   5514.000   13159.000   00.000   60.527   -92.119
9752.000   5625.000   12221.000   00.000   60.466   -92.089
9753.000   5713.000   11257.000   00.000   60.406   -92.060
9754.000   5927.000   10733.000   00.000   60.345   -92.031
9755.000   6015.000   10755.000   00.000   60.285   -92.002
9756.000   6031.000   10757.000   00.000   60.225   -91.973
9757.000   6330.000   11089.000   00.000   60.164   -91.944
9758.000   6310.000   11359.000   01.000   60.104   -91.916
9759.000   6472.000   11414.000   33.000   60.043   -91.887
9760.000   6603.000   11435.000   96.000   59.983   -91.859
9761.000   6776.000   11508.000   315.000   59.922   -91.830
9762.000   6742.000   11165.000   1442.000   59.862   -91.802
9763.000   6822.000   11257.000   3423.000   59.801   -91.774
9764.000   6693.000   11486.000   5477.000   59.741   -91.746
9765.000   6904.000   11443.000   6929.000   59.680   -91.718
9766.000   6853.000   11530.000   7927.000   59.620   -91.690
9767.000   6945.000   11756.000   9022.000   59.559   -91.663
9768.000   6958.000   11917.000   9645.000   59.499   -91.635
9769.000   6935.000   12117.000   10478.000   59.438   -91.608
9770.000   6652.000   12468.000   11358.000   59.378   -91.580
9771.000   6842.000   12445.000   12140.000   59.317   -91.553
9772.000   6757.000   12586.000   13518.000   59.257   -91.526
9773.000   6742.000   12925.000   13972.000   59.196   -91.499
9774.000   6622.000   13267.000   14565.000   59.135   -91.472
9775.000   6733.000   13366.000   15017.000   59.075   -91.446
9776.000   6624.000   13678.000   15412.000   59.014   -91.419
9777.000   6756.000   14115.000   15494.000   58.954   -91.393
9778.000   6409.000   14442.000   506.000   58.893   -91.366
9779.000   6378.000   14330.000   520.000   58.832   -91.340
9780.000   6065.000   14010.000   466.000   58.772   -91.314
9781.000   5811.000   13870.000   496.000   58.711   -91.288
9782.000   5578.000   13584.000   408.000   58.651   -91.262
9783.000   5433.000   13063.000   437.000   58.590   -91.236
9784.000   5382.000   12881.000   446.000   58.529   -91.210
9785.000   5383.000   13205.000   400.000   58.469   -91.184
9786.000   5086.000   11789.000   388.000   58.408   -91.159
9787.000   5285.000   12311.000   368.000   58.347   -91.133
9788.000   5935.000   12612.000   355.000   58.287   -91.108
9789.000   4152.000   13091.000   373.000   58.226   -91.083
9790.000   3659.000   13342.000   355.000   58.165   -91.057
9791.000   3541.000   13778.000   323.000   58.104   -91.032
9792.000   3637.000   13883.000   319.000   58.044   -91.007
9793.000   3709.000   14367.000   299.000   57.983   -90.983
9794.000   3392.000   14743.000   295.000   57.922   -90.958
9795.000   3417.000   14956.000   328.000   57.862   -90.933
9796.000   3131.000   15308.000   263.000   57.801   -90.908
9797.000   2330.000   15399.000   303.000   57.740   -90.884
9798.000   2172.000   15856.000   257.000   57.679   -90.860
9799.000   2133.000   16059.000   284.000   57.619   -90.835
9800.000   2080.000   16305.000   244.000   57.558   -90.811
9801.000   1599.000   16433.000   232.000   57.497   -90.787
9802.000   607.000   16789.000   247.000   57.436   -90.763
9803.000   581.000   17232.000   257.000   57.375   -90.739
9804.000   586.000   17121.000   243.000   57.315   -90.715
9805.000   635.000   17348.000   231.000   57.254   -90.692
9806.000   619.000   17718.000   218.000   57.193   -90.668
9807.000   578.000   17843.000   223.000   57.132   -90.644
9808.000   624.000   18029.000   212.000   57.071   -90.621
9809.000   582.000   18458.000   202.000   57.011   -90.598
9810.000   588.000   18305.000   201.000   56.950   -90.574
9811.000   580.000   18364.000   214.000   56.889   -90.551
9812.000   576.000   18705.000   189.000   56.828   -90.528
9813.000   608.000   18757.000   192.000   56.767   -90.505
9814.000   576.000   18641.000   198.000   56.706   -90.482
9815.000   566.000   18996.000   209.000   56.646   -90.459
9816.000   590.000   18932.000   176.000   56.585   -90.437
9817.000   557.000   19030.000   192.000   56.524   -90.414
9818.000   614.000   19016.000   177.000   56.463   -90.391
9819.000   577.000   19091.000   172.000   56.402   -90.369
9820.000   627.000   18982.000   186.000   56.341   -90.346
9821.000   596.000   19121.000   189.000   56.280   -90.324
9822.000   591.000   19014.000   184.000   56.219   -90.302
9823.000   644.000   19214.000   169.000   56.158   -90.280
9824.000   598.000   19206.000   168.000   56.097   -90.258
9825.000   521.000   19286.000   194.000   56.037   -90.236
9826.000   663.000   19194.000   171.000   55.976   -90.214
9827.000   596.000   19528.000   161.000   55.915   -90.192
9828.000   584.000   19401.000   175.000   55.854   -90.170
9829.000   554.000   19269.000   186.000   55.793   -90.149
9830.000   573.000   19515.000   164.000   55.732   -90.127
9831.000   567.000   19253.000   167.000   55.671   -90.105
9832.000   605.000   19293.000   177.000   55.610   -90.084
9833.000   682.000   19313.000   154.000   55.549   -90.063
9834.000   585.000   19252.000   149.000   55.488   -90.041
9835.000   586.000   19284.000   160.000   55.427   -90.020
9836.000   558.000   19383.000   161.000   55.366   -89.999
9837.000   638.000   19178.000   177.000   55.305   -89.978
9838.000   570.000   19387.000   168.000   55.244   -89.957
9839.000   571.000   19034.000   135.000   55.183   -89.936
9840.000   8076.000   10207.000   00.000   55.122   -89.916
9841.000   7923.000   10231.000   00.000   55.061   -89.895
9842.000   8097.000   10328.000   00.000   55.000   -89.874
9843.000   8058.000   10394.000   00.000   54.939   -89.854
9844.000   7843.000   10572.000   00.000   54.878   -89.833
9845.000   7791.000   10631.000   00.000   54.817   -89.813
9846.000   7845.000   10082.000   00.000   54.756   -89.792
9847.000   7696.000   10102.000   00.000   54.695   -89.772
9848.000   7678.000   9823.000   00.000   54.634   -89.752
9849.000   7801.000   9389.000   00.000   54.573   -89.732
9850.000   7870.000   9403.000   00.000   54.512   -89.712
9851.000   7750.000   9159.000   00.000   54.451   -89.692
9852.000   7558.000   9021.000   00.000   54.389   -89.672
9853.000   7543.000   8618.000   00.000   54.328   -89.652
9854.000   7752.000   8292.000   00.000   54.267   -89.632
9855.000   7526.000   8317.000   00.000   54.206   -89.613
9856.000   7455.000   7991.000   00.000   54.145   -89.593
9857.000   7547.000   7604.000   00.000   54.084   -89.573
9858.000   1705.000   7233.000   00.000   54.023   -89.554
9859.000   1633.000   6902.000   00.000   53.962   -89.534
9860.000   1693.000   6609.000   00.000   53.901   -89.515
9861.000   1671.000   6348.000   00.000   53.840   -89.496
9862.000   1432.000   6075.000   00.000   53.778   -89.477
9863.000   1312.000   5786.000   00.000   53.717   -89.458
9864.000   1304.000   5470.000   00.000   53.656   -89.438
9865.000   1346.000   5168.000   00.000   53.595   -89.419
9866.000   1261.000   4796.000   00.000   53.534   -89.401
9867.000   1289.000   4622.000   00.000   53.473   -89.382
9868.000   1233.000   4383.000   00.000   53.412   -89.363
9869.000   1212.000   4019.000   00.000   53.350   -89.344
9870.000   1264.000   3940.000   00.000   53.289   -89.325
9871.000   1288.000   3450.000   00.000   53.228   -89.307
9872.000   1215.000   3381.000   00.000   53.167   -89.288
9873.000   1232.000   3154.000   00.000   53.106   -89.270
9874.000   1200.000   2922.000   00.000   53.044   -89.251
9875.000   1219.000   2790.000   00.000   52.983   -89.233
9876.000   1240.000   2551.000   00.000   52.922   -89.215
9877.000   1285.000   2376.000   00.000   52.861   -89.196
9878.000   1174.000   2165.000   00.000   52.800   -89.178
9879.000   1155.000   2036.000   00.000   52.738   -89.160
9880.000   1106.000   1953.000   00.000   52.677   -89.142
9881.000   1232.000   1813.000   00.000   52.616   -89.124
9882.000   1238.000   1772.000   00.000   52.555   -89.106
9883.000   1131.000   1614.000   00.000   52.494   -89.088
9884.000   1179.000   1552.000   00.000   52.432   -89.071
9885.000   1168.000   1511.000   00.000   52.371   -89.053
9886.000   1112.000   1395.000   00.000   52.310   -89.035
9887.000   1133.000   1343.000   00.000   52.249   -89.018
9888.000   1096.000   1270.000   00.000   52.187   -89.000
9889.000   1122.000   1129.000   00.000   52.126   -88.983
9890.000   1195.000   1090.000   00.000   52.065   -88.965
9891.000   1146.000   1112.000   00.000   52.004   -88.948
9892.000   1180.000   1053.000   00.000   51.942   -88.931
9893.000   1181.000   1026.000   00.000   51.881   -88.913
9894.000   1154.000   1010.000   00.000   51.820   -88.896
9895.000   1176.000   963.000   00.000   51.758   -88.879
9896.000   1155.000   1007.000   00.000   51.697   -88.862
9897.000   1259.000   884.000   00.000   51.636   -88.845
9898.000   1206.000   942.000   00.000   51.575   -88.828
9899.000   1185.000   895.000   00.000   51.513   -88.811
9900.000   1185.000   894.000   00.000   51.452   -88.794
9901.000   1178.000   842.000   00.000   51.391   -88.777
9902.000   1191.000   818.000   00.000   51.329   -88.761
9903.000   1193.000   815.000   00.000   51.268   -88.744
9904.000   1147.000   794.000   00.000   51.207   -88.727
9905.000   1269.000   809.000   00.000   51.145   -88.711
9906.000   1176.000   830.000   00.000   51.084   -88.694
9907.000   1234.000   839.000   00.000   51.023   -88.678
9908.000   1205.000   704.000   00.000   50.961   -88.661
9909.000   1202.000   775.000   00.000   50.900   -88.645
9910.000   1200.000   763.000   00.000   50.839   -88.629
9911.000   1236.000   768.000   00.000   50.777   -88.612
9912.000   1252.000   731.000   00.000   50.716   -88.596
9913.000   1335.000   747.000   00.000   50.655   -88.580
9914.000   1361.000   713.000   00.000   50.593   -88.564
9915.000   1344.000   734.000   00.000   50.532   -88.548
9916.000   1389.000   763.000   00.000   50.471   -88.532
9917.000   1401.000   832.000   00.000   50.409   -88.516
9918.000   1452.000   733.000   00.000   50.348   -88.500
9919.000   1429.000   638.000   00.000   50.286   -88.484
9920.000   1510.000   729.000   00.000   50.225   -88.469
9921.000   1589.000   709.000   00.000   50.164   -88.453
9922.000   3322.000   684.000   00.000   50.102   -88.437
9923.000   3192.000   671.000   00.000   50.041   -88.421
9924.000   3148.000   712.000   00.000   49.979   -88.406
9925.000   3062.000   761.000   00.000   49.918   -88.390
9926.000   3106.000   706.000   00.000   49.857   -88.375
9927.000   2994.000   662.000   00.000   49.795   -88.359
9928.000   2883.000   698.000   00.000   49.734   -88.344
9929.000   2921.000   729.000   00.000   49.672   -88.329
9930.000   2864.000   697.000   00.000   49.611   -88.314
9931.000   2796.000   734.000   00.000   49.550   -88.298
9932.000   2812.000   708.000   00.000   49.488   -88.283
9933.000   2745.000   836.000   00.000   49.427   -88.268
9934.000   2753.000   707.000   00.000   49.365   -88.253
9935.000   2688.000   728.000   00.000   49.304   -88.238
9936.000   2695.000   719.000   00.000   49.242   -88.223
9937.000   2728.000   742.000   00.000   49.181   -88.208
9938.000   2816.000   760.000   00.000   49.119   -88.193
9939.000   2692.000   769.000   00.000   49.058   -88.178
9940.000   2636.000   771.000   00.000   48.997   -88.163
9941.000   2699.000   701.000   00.000   48.935   -88.149
9942.000   2578.000   749.000   00.000   48.874   -88.134
9943.000   2587.000   802.000   00.000   48.812   -88.119
9944.000   2574.000   792.000   00.000   48.751   -88.105
9945.000   2773.000   814.000   00.000   48.689   -88.090
9946.000   2695.000   798.000   00.000   48.628   -88.076
9947.000   2684.000   868.000   00.000   48.566   -88.061
9948.000   2623.000   867.000   00.000   48.505   -88.047
9949.000   2707.000   1001.000   00.000   48.443   -88.032
9950.000   2828.000   918.000   00.000   48.382   -88.018
9951.000   2720.000   894.000   00.000   48.320   -88.004
9952.000   2744.000   906.000   00.000   48.259   -87.989
9953.000   2849.000   916.000   00.000   48.197   -87.975
9954.000   2806.000   956.000   00.000   48.136   -87.961
9955.000   2805.000   977.000   00.000   48.074   -87.947
9956.000   2840.000   1025.000   00.000   48.013   -87.933
9957.000   2841.000   943.000   00.000   47.951   -87.919
9958.000   2908.000   975.000   444.000   47.890   -87.905
9959.000   3015.000   1003.000   420.000   47.828   -87.891
9960.000   2936.000   1019.000   415.000   47.767   -87.877
9961.000   2929.000   1072.000   409.000   47.705   -87.863
9962.000   3035.000   3984.000   381.000   47.644   -87.849
9963.000   2870.000   3589.000   369.000   47.582   -87.836
9964.000   3088.000   3622.000   384.000   47.520   -87.822
9965.000   3042.000   2765.000   344.000   47.459   -87.808
9966.000   3132.000   2360.000   368.000   47.397   -87.794
9967.000   3331.000   2263.000   357.000   47.336   -87.781
9968.000   3281.000   2585.000   339.000   47.274   -87.767
9969.000   3324.000   2336.000   354.000   47.213   -87.754
9970.000   3418.000   2198.000   360.000   47.151   -87.740
9971.000   3476.000   1962.000   350.000   47.090   -87.727
9972.000   3573.000   2044.000   301.000   47.028   -87.713
9973.000   3647.000   1409.000   316.000   46.966   -87.700
9974.000   9245.000   1325.000   312.000   46.905   -87.687
9975.000   9553.000   1288.000   330.000   46.843   -87.673
9976.000   9470.000   959.000   325.000   46.782   -87.660
9977.000   9344.000   666.000   301.000   46.720   -87.647
9978.000   16287.000   557.000   317.000   46.659   -87.634
9979.000   16251.000   561.000   294.000   46.597   -87.621
9980.000   16045.000   540.000   279.000   46.535   -87.608
9981.000   15714.000   570.000   293.000   46.474   -87.595
9982.000   15558.000   570.000   302.000   46.412   -87.582
9983.000   15057.000   577.000   295.000   46.351   -87.569
9984.000   15072.000   521.000   279.000   46.289   -87.556
9985.000   14918.000   608.000   304.000   46.227   -87.543
9986.000   14712.000   525.000   278.000   46.166   -87.530
9987.000   14479.000   536.000   276.000   46.104   -87.517
9988.000   14168.000   573.000   295.000   46.042   -87.504
9989.000   13807.000   609.000   266.000   45.981   -87.492
9990.000   13780.000   566.000   303.000   45.919   -87.479
9991.000   13617.000   580.000   294.000   45.858   -87.466
9992.000   13239.000   574.000   268.000   45.796   -87.454
9993.000   13162.000   502.000   277.000   45.734   -87.441
9994.000   13062.000   562.000   255.000   45.673   -87.428
9995.000   12747.000   484.000   285.000   45.611   -87.416
9996.000   12481.000   565.000   285.000   45.549   -87.403
9997.000   12286.000   548.000   266.000   45.488   -87.391
9998.000   12245.000   569.000   240.000   45.426   -87.379
9999.000   11995.000   565.000   252.000   45.364   -87.366
10000.000   11931.000   551.000   299.000   45.303   -87.354
10001.000   11584.000   534.000   260.000   45.241   -87.342
10002.000   11663.000   581.000   249.000   45.180   -87.329
10003.000   11596.000   465.000   250.000   45.118   -87.317
10004.000   11490.000   511.000   259.000   45.056   -87.305
10005.000   11221.000   554.000   249.000   44.995   -87.293
10006.000   11140.000   509.000   259.000   44.933   -87.281
10007.000   11134.000   598.000   282.000   44.871   -87.268
10008.000   10851.000   512.000   282.000   44.809   -87.256
10009.000   10965.000   566.000   270.000   44.748   -87.244
10010.000   10904.000   543.000   238.000   44.686   -87.232
10011.000   10742.000   571.000   249.000   44.624   -87.220
10012.000   11156.000   495.000   265.000   44.563   -87.209
10013.000   11261.000   555.000   259.000   44.501   -87.197
10014.000   10926.000   508.000   237.000   44.439   -87.185
10015.000   10631.000   529.000   247.000   44.378   -87.173
10016.000   10248.000   515.000   268.000   44.316   -87.161
10017.000   10206.000   553.000   250.000   44.254   -87.149
10018.000   10087.000   536.000   260.000   44.193   -87.138
10019.000   10165.000   484.000   257.000   44.131   -87.126
10020.000   9882.000   17323.000   251.000   44.069   -87.114
10021.000   10175.000   21938.000   275.000   44.007   -87.103
10022.000   9785.000   2373.000   261.000   43.946   -87.091
10023.000   10379.000   23612.000   247.000   43.884   -87.080
10024.000   11006.000   11677.000   256.000   43.822   -87.068
10025.000   9066.000   12174.000   329.000   43.761   -87.057
10026.000   9096.000   12120.000   256.000   43.699   -87.045
10027.000   8954.000   12322.000   260.000   43.637   -87.034
10028.000   9322.000   12388.000   247.000   43.575   -87.022
10029.000   9293.000   12758.000   265.000   43.514   -87.011
10030.000   9149.000   12846.000   272.000   43.452   -87.000
10031.000   8894.000   12939.000   262.000   43.390   -86.988
10032.000   8865.000   12819.000   268.000   43.328   -86.977
10033.000   8280.000   13010.000   239.000   43.267   -86.966
10034.000   2811.000   12800.000   261.000   43.205   -86.955
10035.000   2794.000   13247.000   228.000   43.143   -86.944
10036.000   2693.000   13282.000   220.000   43.081   -86.932
10037.000   2399.000   13337.000   249.000   43.020   -86.921
10038.000   2673.000   13494.000   256.000   42.958   -86.910
10039.000   2006.000   13308.000   239.000   42.896   -86.899
10040.000   1620.000   13653.000   287.000   42.834   -86.888
10041.000   1394.000   13530.000   235.000   42.773   -86.877
10042.000   1264.000   13514.000   259.000   42.711   -86.866
10043.000   1219.000   13986.000   263.000   42.649   -86.855
10044.000   1158.000   13906.000   243.000   42.587   -86.844
10045.000   1185.000   13985.000   249.000   42.526   -86.834
10046.000   1238.000   13948.000   230.000   42.464   -86.823
10047.000   1205.000   13859.000   242.000   42.402   -86.812
10048.000   1180.000   13812.000   262.000   42.340   -86.801
10049.000   1220.000   14108.000   267.000   42.278   -86.790
10050.000   1198.000   14356.000   258.000   42.217   -86.780
10051.000   1130.000   13999.000   228.000   42.155   -86.769
10052.000   1213.000   14329.000   276.000   42.093   -86.758
10053.000   1158.000   14292.000   251.000   42.031   -86.748
10054.000   1227.000   14364.000   232.000   41.969   -86.737
10055.000   1180.000   14393.000   230.000   41.908   -86.726
10056.000   1243.000   14288.000   239.000   41.846   -86.716
10057.000   1210.000   14371.000   235.000   41.784   -86.705
10058.000   1137.000   14530.000   248.000   41.722   -86.695
10059.000   1146.000   14659.000   256.000   41.660   -86.684
10060.000   1110.000   14204.000   274.000   41.599   -86.674
10061.000   1159.000   14494.000   257.000   41.537   -86.664
10062.000   1114.000   14377.000   260.000   41.475   -86.653
10063.000   1117.000   14552.000   270.000   41.413   -86.643
10064.000   1136.000   14302.000   247.000   41.351   -86.633
10065.000   1136.000   14378.000   239.000   41.290   -86.622
10066.000   1125.000   14348.000   250.000   41.228   -86.612
10067.000   1124.000   14058.000   259.000   41.166   -86.602
10068.000   1102.000   14221.000   241.000   41.104   -86.591
10069.000   1081.000   14474.000   271.000   41.042   -86.581
10070.000   1105.000   14089.000   241.000   40.980   -86.571
10071.000   1069.000   14086.000   236.000   40.919   -86.561
10072.000   1084.000   14088.000   260.000   40.857   -86.551
10073.000   1083.000   14068.000   235.000   40.795   -86.541
10074.000   1037.000   13795.000   261.000   40.733   -86.531
10075.000   1114.000   13905.000   259.000   40.671   -86.521
10076.000   1099.000   13711.000   249.000   40.609   -86.511
10077.000   1013.000   13700.000   266.000   40.548   -86.501
10078.000   1067.000   13681.000   265.000   40.486   -86.491
10079.000   1014.000   13644.000   262.000   40.424   -86.481
10080.000   1059.000   47188.000   246.000   40.362   -86.471
10081.000   1089.000   56127.000   222.000   40.300   -86.461
10082.000   1009.000   17069.000   248.000   40.238   -86.451
10083.000   1018.000   59174.000   249.000   40.176   -86.441
10084.000   1050.000   13140.000   256.000   40.115   -86.432
10085.000   992.000   12881.000   288.000   40.053   -86.422
10086.000   1035.000   12700.000   268.000   39.991   -86.412
10087.000   1003.000   12536.000   246.000   39.929   -86.402
10088.000   1031.000   12317.000   254.000   39.867   -86.393
10089.000   960.000   12125.000   260.000   39.805   -86.383
10090.000   947.000   11640.000   273.000   39.743   -86.373
10091.000   976.000   11426.000   269.000   39.681   -86.364
10092.000   961.000   11186.000   247.000   39.620   -86.354
10093.000   972.000   11002.000   272.000   39.558   -86.345
10094.000   10504.000   10776.000   267.000   39.496   -86.335
10095.000   10557.000   10360.000   246.000   39.434   -86.326
10096.000   10392.000   10074.000   266.000   39.372   -86.316
10097.000   10232.000   9686.000   270.000   39.310   -86.307
10098.000   10307.000   9341.000   259.000   39.248   -86.297
10099.000   10011.000   8976.000   262.000   39.186   -86.288
10100.000   9859.000   8528.000   228.000   39.124   -86.278
10101.000   9923.000   8140.000   269.000   39.062   -86.269
10102.000   10109.000   7770.000   236.000   39.001   -86.260
10103.000   10132.000   7409.000   253.000   38.939   -86.250
10104.000   10275.000   7306.000   243.000   38.877   -86.241
10105.000   10341.000   6743.000   261.000   38.815   -86.232
10106.000   10109.000   6360.000   264.000   38.753   -86.222
10107.000   9987.000   6146.000   259.000   38.691   -86.213
10108.000   10113.000   5894.000   253.000   38.629   -86.204
10109.000   9838.000   5407.000   245.000   38.567   -86.195
10110.000   10062.000   5086.000   261.000   38.505   -86.185
10111.000   10237.000   4799.000   291.000   38.443   -86.176
10112.000   10188.000   4448.000   274.000   38.381   -86.167
10113.000   10036.000   4315.000   272.000   38.319   -86.158
10114.000   10388.000   4011.000   252.000   38.258   -86.149
10115.000   10156.000   3761.000   242.000   38.196   -86.140
10116.000   10395.000   3576.000   267.000   38.134   -86.131
10117.000   10520.000   3228.000   248.000   38.072   -86.122
10118.000   10755.000   3071.000   287.000   38.010   -86.113
10119.000   10790.000   2869.000   267.000   37.948   -86.104
10120.000   10966.000   2642.000   230.000   37.886   -86.095
10121.000   11131.000   2498.000   255.000   37.824   -86.086
10122.000   11438.000   2345.000   265.000   37.762   -86.077
10123.000   11533.000   2223.000   262.000   37.700   -86.068
10124.000   11759.000   2097.000   268.000   37.638   -86.059
10125.000   12120.000   1968.000   261.000   37.576   -86.051
10126.000   12236.000   1863.000   249.000   37.514   -86.042
10127.000   12375.000   1707.000   256.000   37.452   -86.033
10128.000   12906.000   1633.000   262.000   37.390   -86.024
10129.000   12841.000   1539.000   261.000   37.328   -86.016
10130.000   13132.000   1393.000   296.000   37.266   -86.007
10131.000   13398.000   1381.000   247.000   37.205   -85.998
10132.000   13456.000   1353.000   244.000   37.143   -85.989
10133.000   13860.000   1316.000   263.000   37.081   -85.981
10134.000   14045.000   1245.000   257.000   37.019   -85.972
10135.000   14071.000   1194.000   245.000   36.957   -85.963
10136.000   14559.000   1168.000   259.000   36.895   -85.955
10137.000   14571.000   1087.000   264.000   36.833   -85.946
10138.000   14465.000   1094.000   00.000   36.771   -85.938
10139.000   14591.000   1027.000   00.000   36.709   -85.929
10140.000   14742.000   966.000   00.000   36.647   -85.921
10141.000   14707.000   980.000   00.000   36.585   -85.912
10142.000   14817.000   1026.000   00.000   36.523   -85.904
10143.000   14782.000   1008.000   00.000   36.461   -85.895
10144.000   14554.000   993.000   00.000   36.399   -85.887
10145.000   14756.000   958.000   00.000   36.337   -85.878
10146.000   14578.000   910.000   00.000   36.275   -85.870
10147.000   14530.000   896.000   00.000   36.213   -85.862
10148.000   14591.000   871.000   00.000   36.151   -85.853
10149.000   14401.000   910.000   00.000   36.089   -85.845
10150.000   14355.000   848.000   00.000   36.027   -85.837
10151.000   14267.000   818.000   00.000   35.965   -85.828
10152.000   14301.000   807.000   00.000   35.903   -85.820
10153.000   14228.000   809.000   00.000   35.841   -85.812
10154.000   14150.000   818.000   00.000   35.779   -85.803
10155.000   14028.000   755.000   00.000   35.717   -85.795
10156.000   13839.000   805.000   00.000   35.655   -85.787
10157.000   13933.000   793.000   00.000   35.593   -85.779
10158.000   13808.000   809.000   00.000   35.531   -85.771
10159.000   13944.000   821.000   00.000   35.469   -85.762
10160.000   13780.000   773.000   00.000   35.407   -85.754
10161.000   13782.000   772.000   00.000   35.345   -85.746
10162.000   13541.000   811.000   00.000   35.283   -85.738
10163.000   13661.000   790.000   00.000   35.221   -85.730
10164.000   13459.000   770.000   00.000   35.159   -85.722
10165.000   13641.000   740.000   00.000   35.097   -85.714
10166.000   13323.000   710.000   00.000   35.035   -85.706
10167.000   13476.000   753.000   00.000   34.973   -85.698
10168.000   13552.000   770.000   00.000   34.911   -85.690
10169.000   13491.000   747.000   00.000   34.849   -85.682
10170.000   13403.000   741.000   00.000   34.787   -85.674
10171.000   13189.000   726.000   00.000   34.725   -85.666
10172.000   13563.000   732.000   00.000   34.663   -85.658
10173.000   13528.000   773.000   00.000   34.601   -85.650
10174.000   13422.000   782.000   00.000   34.539   -85.642
10175.000   13215.000   778.000   00.000   34.477   -85.635
10176.000   13208.000   766.000   00.000   34.414   -85.627
10177.000   13157.000   831.000   00.000   34.352   -85.619
10178.000   13086.000   756.000   00.000   34.290   -85.611
10179.000   13023.000   774.000   00.000   34.228   -85.603
10180.000   13016.000   783.000   00.000   34.166   -85.596
10181.000   12705.000   799.000   00.000   34.104   -85.588
10182.000   12592.000   811.000   00.000   34.042   -85.580
10183.000   12745.000   821.000   00.000   33.980   -85.572
10184.000   12538.000   808.000   00.000   33.918   -85.565
10185.000   12290.000   831.000   00.000   33.856   -85.557
10186.000   12132.000   804.000   00.000   33.794   -85.549
10187.000   12252.000   858.000   00.000   33.732   -85.542
10188.000   11679.000   808.000   00.000   33.670   -85.534
10189.000   11615.000   886.000   00.000   33.608   -85.527
10190.000   11394.000   906.000   00.000   33.546   -85.519
10191.000   11349.000   881.000   00.000   33.484   -85.511
10192.000   10865.000   932.000   00.000   33.422   -85.504
10193.000   10843.000   932.000   00.000   33.360   -85.496
10194.000   10467.000   951.000   00.000   33.298   -85.489
10195.000   10144.000   1000.000   00.000   33.235   -85.481
10196.000   9942.000   1012.000   00.000   33.173   -85.474
10197.000   9765.000   1017.000   00.000   33.111   -85.466
10198.000   9638.000   1008.000   00.000   33.049   -85.459
10199.000   9383.000   1069.000   00.000   32.987   -85.451
10200.000   9178.000   1080.000   00.000   32.925   -85.444
10201.000   8819.000   1060.000   00.000   32.863   -85.436
10202.000   8504.000   1034.000   00.000   32.801   -85.429
10203.000   8521.000   1163.000   00.000   32.739   -85.422
10204.000   8375.000   1150.000   00.000   32.677   -85.414
10205.000   8015.000   1216.000   00.000   32.615   -85.407
10206.000   7839.000   1210.000   00.000   32.553   -85.400
10207.000   7464.000   1272.000   00.000   32.490   -85.392
10208.000   8227.000   1337.000   00.000   32.428   -85.385
10209.000   6728.000   1322.000   00.000   32.366   -85.378
10210.000   6294.000   1381.000   00.000   32.304   -85.370
10211.000   6222.000   1414.000   00.000   32.242   -85.363
10212.000   6477.000   1424.000   00.000   32.180   -85.356
10213.000   6316.000   1489.000   00.000   32.118   -85.349
10214.000   6410.000   1475.000   00.000   32.056   -85.342
10215.000   6318.000   1588.000   00.000   31.994   -85.334
10216.000   6087.000   1585.000   00.000   31.932   -85.327
10217.000   5363.000   1530.000   00.000   31.870   -85.320
10218.000   5504.000   1665.000   00.000   31.807   -85.313
10219.000   5386.000   1719.000   00.000   31.745   -85.306
10220.000   5414.000   1703.000   00.000   31.683   -85.299
10221.000   5028.000   1757.000   00.000   31.621   -85.292
10222.000   4998.000   1892.000   00.000   31.559   -85.284
10223.000   4897.000   1821.000   00.000   31.497   -85.277
10224.000   4925.000   1964.000   00.000   31.435   -85.270
10225.000   4940.000   1980.000   00.000   31.373   -85.263
10226.000   5219.000   2033.000   00.000   31.311   -85.256
10227.000   5202.000   2012.000   00.000   31.248   -85.249
10228.000   5365.000   2089.000   00.000   31.186   -85.242
10229.000   5390.000   2232.000   00.000   31.124   -85.235
10230.000   5586.000   2293.000   00.000   31.062   -85.228
10231.000   5733.000   2330.000   00.000   31.000   -85.221
10232.000   5835.000   2389.000   00.000   30.938   -85.214
10233.000   5935.000   2493.000   00.000   30.876   -85.207
10234.000   6154.000   2598.000   00.000   30.814   -85.201
10235.000   6275.000   2902.000   00.000   30.751   -85.194
10236.000   6249.000   2875.000   00.000   30.689   -85.187
10237.000   6573.000   2914.000   00.000   30.627   -85.180
10238.000   6550.000   3150.000   01.000   30.565   -85.173
10239.000   6688.000   3297.000   33.000   30.503   -85.166
10240.000   6831.000   3449.000   96.000   30.441   -85.159
10241.000   7015.000   3637.000   315.000   30.379   -85.153
10242.000   6995.000   3746.000   1442.000   30.317   -85.146
10243.000   7048.000   3898.000   3423.000   30.254   -85.139
10244.000   6929.000   4301.000   5477.000   30.192   -85.132
10245.000   7131.000   4447.000   6929.000   30.130   -85.125
10246.000   7079.000   4542.000   7927.000   30.068   -85.119
10247.000   7163.000   4829.000   9022.000   30.006   -85.112
10248.000   7210.000   5178.000   9645.000   29.944   -85.105
10249.000   7178.000   5403.000   10478.000   29.882   -85.099
10250.000   6882.000   5773.000   11358.000   29.819   -85.092
10251.000   7079.000   5918.000   12140.000   29.757   -85.085
10252.000   6997.000   6307.000   13518.000   29.695   -85.079
10253.000   6970.000   6782.000   13972.000   29.633   -85.072
10254.000   6830.000   7045.000   14565.000   29.571   -85.065
10255.000   6941.000   7381.000   15017.000   29.509   -85.059
10256.000   6866.000   7673.000   15412.000   29.447   -85.052
10257.000   7001.000   8242.000   15494.000   29.384   -85.045
10258.000   6627.000   8636.000   506.000   29.322   -85.039
10259.000   6607.000   8863.000   520.000   29.260   -85.032
10260.000   6318.000   9234.000   466.000   29.198   -85.026
10261.000   6016.000   9657.000   496.000   29.136   -85.019
10262.000   5786.000   10123.000   408.000   29.074   -85.013
10263.000   5671.000   10486.000   437.000   29.011   -85.006
10264.000   5591.000   10789.000   446.000   28.949   -85.000
10265.000   5633.000   11242.000   400.000   28.887   -84.993
10266.000   5334.000   11484.000   388.000   28.825   -84.987
10267.000   5490.000   12027.000   368.000   28.763   -84.980
10268.000   6203.000   12357.000   355.000   28.701   -84.974
10269.000   4382.000   12812.000   373.000   28.638   -84.967
10270.000   3877.000   13095.000   355.000   28.576   -84.961
10271.000   3745.000   13539.000   323.000   28.514   -84.955
10272.000   3889.000   13657.000   319.000   28.452   -84.948
10273.000   3940.000   14103.000   299.000   28.390   -84.942
10274.000   3641.000   14522.000   295.000   28.328   -84.935
10275.000   3666.000   14742.000   328.000   28.265   -84.929
10276.000   3333.000   15094.000   263.000   28.203   -84.923
10277.000   2548.000   15165.000   303.000   28.141   -84.916
10278.000   12290.000   15650.000   257.000   28.079   -84.910
10279.000   11970.000   15863.000   284.000   28.017   -84.904
10280.000   12031.000   16084.000   244.000   27.955   -84.897
10281.000   11647.000   16241.000   232.000   27.892   -84.891
10282.000   10575.000   16581.000   247.000   27.830   -84.885
10283.000   10482.000   17053.000   257.000   27.768   -84.878
10284.000   10618.000   16934.000   243.000   27.706   -84.872
10285.000   10456.000   17142.000   231.000   27.644   -84.866
10286.000   10587.000   17485.000   218.000   27.581   -84.860
10287.000   10445.000   17664.000   223.000   27.519   -84.854
10288.000   10502.000   17833.000   212.000   27.457   -84.847
10289.000   10568.000   18245.000   202.000   27.395   -84.841
10290.000   10486.000   18069.000   201.000   27.333   -84.835
10291.000   10353.000   18190.000   214.000   27.270   -84.829
10292.000   10519.000   18535.000   189.000   27.208   -84.823
10293.000   10657.000   18583.000   192.000   27.146   -84.816
10294.000   10500.000   18474.000   198.000   27.084   -84.810
10295.000   10468.000   18806.000   209.000   27.022   -84.804
10296.000   10787.000   18744.000   176.000   26.959   -84.798
10297.000   10522.000   18832.000   192.000   26.897   -84.792
10298.000   10391.000   18846.000   177.000   26.835   -84.786
10299.000   10556.000   18935.000   172.000   26.773   -84.780
10300.000   10629.000   18798.000   186.000   26.711   -84.774
10301.000   10413.000   18970.000   189.000   26.648   -84.768
10302.000   10403.000   18837.000   184.000   26.586   -84.762
10303.000   10548.000   19031.000   169.000   26.524   -84.756
10304.000   10645.000   19046.000   168.000   26.462   -84.749
10305.000   10494.000   19119.000   194.000   26.400   -84.743
10306.000   10521.000   19040.000   171.000   26.337   -84.737
10307.000   10562.000   19344.000   161.000   26.275   -84.731
10308.000   10541.000   19256.000   175.000   26.213   -84.725
10309.000   10584.000   19110.000   186.000   26.151   -84.720
10310.000   10680.000   19341.000   164.000   26.089   -84.714
10311.000   10632.000   19102.000   167.000   26.026   -84.708
10312.000   10699.000   19170.000   177.000   25.964   -84.702
10313.000   10583.000   19183.000   154.000   25.902   -84.696
10314.000   10485.000   19116.000   149.000   25.840   -84.690
10315.000   10476.000   19189.000   160.000   25.777   -84.684
10316.000   10477.000   19285.000   161.000   25.715   -84.678
10317.000   10592.000   19046.000   177.000   25.653   -84.672
10318.000   10571.000   19243.000   168.000   25.591   -84.666
10319.000   10624.000   18929.000   135.000   25.529   -84.660
11280.000   1880.000   10135.000   00.000   -34.262   -79.960
11281.000   1768.000   10124.000   00.000   -34.323   -79.953
11282.000   1792.000   10258.000   00.000   -34.385   -79.945
11283.000   1809.000   10263.000   00.000   -34.447   -79.937
11284.000   1848.000   10460.000   00.000   -34.508   -79.929
11285.000   1803.000   10549.000   00.000   -34.570   -79.921
11286.000   1747.000   10003.000   00.000   -34.632   -79.914
11287.000   1750.000   9996.000   00.000   -34.694   -79.906
11288.000   1853.000   9734.000   00.000   -34.755   -79.898
11289.000   1913.000   9302.000   00.000   -34.817   -79.890
11290.000   1808.000   9272.000   00.000   -34.879   -79.882
11291.000   1823.000   9056.000   00.000   -34.941   -79.874
11292.000   1786.000   8930.000   00.000   -35.002   -79.866
11293.000   1789.000   8533.000   00.000   -35.064   -79.858
11294.000   1858.000   8208.000   00.000   -35.126   -79.850
11295.000   1760.000   8197.000   00.000   -35.187   -79.842
11296.000   1809.000   7885.000   00.000   -35.249   -79.834
11297.000   1884.000   7521.000   00.000   -35.311   -79.826
11298.000   1803.000   7143.000   00.000   -35.372   -79.818
11299.000   1713.000   6787.000   00.000   -35.434   -79.810
11300.000   1765.000   6487.000   00.000   -35.496   -79.802
11301.000   1817.000   6254.000   00.000   -35.558   -79.794
11302.000   1524.000   5964.000   00.000   -35.619   -79.786
11303.000   1484.000   5697.000   00.000   -35.681   -79.778
11304.000   1458.000   5362.000   00.000   -35.743   -79.770
11305.000   1412.000   5078.000   00.000   -35.804   -79.762
11306.000   1441.000   4708.000   00.000   -35.866   -79.753
11307.000   1398.000   4496.000   00.000   -35.928   -79.745
11308.000   1383.000   4281.000   00.000   -35.989   -79.737
11309.000   1368.000   3919.000   00.000   -36.051   -79.729
11310.000   1405.000   3857.000   00.000   -36.113   -79.720
11311.000   1411.000   3344.000   00.000   -36.174   -79.712
11312.000   1352.000   3254.000   00.000   -36.236   -79.704
11313.000   1323.000   3059.000   00.000   -36.298   -79.695
11314.000   1342.000   2806.000   00.000   -36.359   -79.687
11315.000   1344.000   2669.000   00.000   -36.421   -79.679
11316.000   1340.000   2434.000   00.000   -36.483   -79.670
11317.000   1428.000   2282.000   00.000   -36.544   -79.662
11318.000   1305.000   2052.000   00.000   -36.606   -79.654
11319.000   1286.000   1902.000   00.000   -36.668   -79.645
11320.000   1266.000   1827.000   00.000   -36.729   -79.637
11321.000   1288.000   1713.000   00.000   -36.791   -79.628
11322.000   1365.000   1669.000   00.000   -36.853   -79.620
11323.000   1268.000   1484.000   00.000   -36.914   -79.611
11324.000   1294.000   1418.000   00.000   -36.976   -79.603
11325.000   1320.000   1392.000   00.000   -37.038   -79.594
11326.000   1281.000   1300.000   00.000   -37.099   -79.585
11327.000   1275.000   1269.000   00.000   -37.161   -79.577
11328.000   1275.000   1156.000   00.000   -37.222   -79.568
11329.000   1264.000   1017.000   00.000   -37.284   -79.560
11330.000   1345.000   996.000   00.000   -37.346   -79.551
11331.000   1312.000   973.000   00.000   -37.407   -79.542
11332.000   1275.000   950.000   00.000   -37.469   -79.534
11333.000   1364.000   915.000   00.000   -37.531   -79.525
11334.000   1305.000   872.000   00.000   -37.592   -79.516
11335.000   1290.000   849.000   00.000   -37.654   -79.507
11336.000   1294.000   863.000   00.000   -37.715   -79.498
11337.000   1348.000   802.000   00.000   -37.777   -79.490
11338.000   1329.000   825.000   00.000   -37.839   -79.481
11339.000   1347.000   781.000   00.000   -37.900   -79.472
11340.000   1351.000   773.000   00.000   -37.962   -79.463
11341.000   1292.000   726.000   00.000   -38.023   -79.454
11342.000   1358.000   744.000   00.000   -38.085   -79.445
11343.000   1299.000   742.000   00.000   -38.147   -79.436
11344.000   1308.000   633.000   00.000   -38.208   -79.427
11345.000   1317.000   755.000   00.000   -38.270   -79.418
11346.000   1303.000   717.000   00.000   -38.331   -79.409
11347.000   1384.000   732.000   00.000   -38.393   -79.400
11348.000   1344.000   595.000   00.000   -38.455   -79.391
11349.000   1342.000   659.000   00.000   -38.516   -79.382
11350.000   1328.000   654.000   00.000   -38.578   -79.373
11351.000   1400.000   666.000   00.000   -38.639   -79.364
11352.000   1385.000   629.000   00.000   -38.701   -79.355
11353.000   1453.000   608.000   00.000   -38.763   -79.346
11354.000   1509.000   612.000   00.000   -38.824   -79.336
11355.000   1451.000   609.000   00.000   -38.886   -79.327
11356.000   1535.000   654.000   00.000   -38.947   -79.318
11357.000   1556.000   620.000   00.000   -39.009   -79.309
11358.000   1620.000   610.000   00.000   -39.070   -79.299
11359.000   1584.000   561.000   00.000   -39.132   -79.290
11360.000   1660.000   605.000   00.000   -39.193   -79.281
11361.000   1723.000   576.000   00.000   -39.255   -79.271
11362.000   3456.000   566.000   00.000   -39.317   -79.262
11363.000   3382.000   522.000   00.000   -39.378   -79.253
11364.000   3351.000   531.000   00.000   -39.440   -79.243
11365.000   3253.000   549.000   00.000   -39.501   -79.234
11366.000   3255.000   554.000   00.000   -39.563   -79.224
11367.000   3132.000   494.000   00.000   -39.624   -79.215
11368.000   3001.000   545.000   00.000   -39.686   -79.205
11369.000   3075.000   544.000   00.000   -39.747   -79.196
11370.000   3033.000   502.000   00.000   -39.809   -79.186
11371.000   2943.000   554.000   00.000   -39.870   -79.177
11372.000   2977.000   523.000   00.000   -39.932   -79.167
11373.000   2882.000   586.000   00.000   -39.993   -79.157
11374.000   2900.000   543.000   00.000   -40.055   -79.148
11375.000   2802.000   524.000   00.000   -40.117   -79.138
11376.000   2830.000   494.000   00.000   -40.178   -79.128
11377.000   2916.000   494.000   00.000   -40.240   -79.118
11378.000   2868.000   501.000   00.000   -40.301   -79.109
11379.000   2807.000   539.000   00.000   -40.363   -79.099
11380.000   2772.000   534.000   00.000   -40.424   -79.089
11381.000   2836.000   463.000   00.000   -40.486   -79.079
11382.000   2736.000   483.000   00.000   -40.547   -79.069
11383.000   2734.000   534.000   00.000   -40.609   -79.059
11384.000   2666.000   511.000   00.000   -40.670   -79.050
11385.000   2892.000   479.000   00.000   -40.732   -79.040
11386.000   2853.000   501.000   00.000   -40.793   -79.030
11387.000   2865.000   508.000   00.000   -40.855   -79.020
11388.000   2742.000   491.000   00.000   -40.916   -79.010
11389.000   2844.000   629.000   00.000   -40.978   -79.000
11390.000   2942.000   485.000   00.000   -41.039   -78.989
11391.000   2864.000   507.000   00.000   -41.100   -78.979
11392.000   2893.000   484.000   00.000   -41.162   -78.969
11393.000   2959.000   534.000   00.000   -41.223   -78.959
11394.000   2940.000   510.000   00.000   -41.285   -78.949
11395.000   3002.000   522.000   00.000   -41.346   -78.939
11396.000   2964.000   512.000   00.000   -41.408   -78.928
11397.000   2997.000   485.000   00.000   -41.469   -78.918
11398.000   3080.000   484.000   444.000   -41.531   -78.908
11399.000   3126.000   502.000   420.000   -41.592   -78.898
11400.000   3045.000   458.000   415.000   -41.654   -78.887
11401.000   3089.000   493.000   409.000   -41.715   -78.877
11402.000   3128.000   478.000   381.000   -41.777   -78.866
11403.000   3068.000   489.000   369.000   -41.838   -78.856
11404.000   3230.000   510.000   384.000   -41.899   -78.846
11405.000   3210.000   509.000   344.000   -41.961   -78.835
11406.000   3237.000   440.000   368.000   -42.022   -78.825
11407.000   3488.000   484.000   357.000   -42.084   -78.814
11408.000   3408.000   460.000   339.000   -42.145   -78.803
11409.000   3486.000   454.000   354.000   -42.207   -78.793
11410.000   3575.000   431.000   360.000   -42.268   -78.782
11411.000   3616.000   430.000   350.000   -42.329   -78.772
11412.000   3669.000   456.000   301.000   -42.391   -78.761
11413.000   3746.000   458.000   316.000   -42.452   -78.750
11414.000   9406.000   456.000   312.000   -42.514   -78.739
11415.000   9672.000   427.000   330.000   -42.575   -78.729
11416.000   9625.000   438.000   325.000   -42.636   -78.718
11417.000   9498.000   539.000   301.000   -42.698   -78.707
11418.000   9856.000   430.000   317.000   -42.759   -78.696
11419.000   9850.000   444.000   294.000   -42.821   -78.685
11420.000   9870.000   425.000   279.000   -42.882   -78.674
11421.000   9663.000   475.000   293.000   -42.943   -78.663
11422.000   9697.000   484.000   302.000   -43.005   -78.652
11423.000   9579.000   469.000   295.000   -43.066   -78.641
11424.000   9726.000   423.000   279.000   -43.128   -78.630
11425.000   9808.000   520.000   304.000   -43.189   -78.619
11426.000   9785.000   441.000   278.000   -43.250   -78.608
11427.000   9749.000   475.000   276.000   -43.312   -78.597
11428.000   9780.000   440.000   295.000   -43.373   -78.586
11429.000   9833.000   503.000   266.000   -43.435   -78.575
11430.000   9960.000   450.000   303.000   -43.496   -78.563
11431.000   10013.000   482.000   294.000   -43.557   -78.552
11432.000   9895.000   454.000   268.000   -43.619   -78.541
11433.000   10001.000   420.000   277.000   -43.680   -78.530
11434.000   10211.000   466.000   255.000   -43.741   -78.518
11435.000   10060.000   414.000   285.000   -43.803   -78.507
11436.000   10059.000   459.000   285.000   -43.864   -78.495
11437.000   10109.000   474.000   266.000   -43.925   -78.484
11438.000   10204.000   468.000   240.000   -43.987   -78.472
11439.000   10242.000   459.000   252.000   -44.048   -78.461
11440.000   10449.000   468.000   299.000   -44.109   -78.449
11441.000   10308.000   458.000   260.000   -44.171   -78.438
11442.000   10521.000   468.000   249.000   -44.232   -78.426
11443.000   10647.000   391.000   250.000   -44.293   -78.415
11444.000   10598.000   456.000   259.000   -44.355   -78.403
11445.000   10617.000   450.000   249.000   -44.416   -78.391
11446.000   10614.000   438.000   259.000   -44.477   -78.379
11447.000   10784.000   482.000   282.000   -44.539   -78.368
11448.000   10627.000   424.000   282.000   -44.600   -78.356
11449.000   10776.000   472.000   270.000   -44.661   -78.344
11450.000   10799.000   462.000   238.000   -44.723   -78.332
11451.000   10722.000   461.000   249.000   -44.784   -78.320
11452.000   11234.000   398.000   265.000   -44.845   -78.308
11453.000   11395.000   502.000   259.000   -44.906   -78.296
11454.000   11146.000   414.000   237.000   -44.968   -78.284
11455.000   10987.000   466.000   247.000   -45.029   -78.272
11456.000   10572.000   427.000   268.000   -45.090   -78.260
11457.000   10543.000   494.000   250.000   -45.152   -78.248
11458.000   10451.000   457.000   260.000   -45.213   -78.236
11459.000   10583.000   397.000   257.000   -45.274   -78.224
11460.000   10230.000   17251.000   251.000   -45.335   -78.212
11461.000   10630.000   21845.000   275.000   -45.397   -78.199
11462.000   10262.000   2294.000   261.000   -45.458   -78.187
11463.000   10857.000   23543.000   247.000   -45.519   -78.175
11464.000   11540.000   11618.000   256.000   -45.580   -78.162
11465.000   9676.000   12074.000   329.000   -45.642   -78.150
11466.000   9747.000   12045.000   256.000   -45.703   -78.138
11467.000   9597.000   12247.000   260.000   -45.764   -78.125
11468.000   9930.000   12293.000   247.000   -45.825   -78.113
11469.000   9947.000   12683.000   265.000   -45.887   -78.100
11470.000   9769.000   12744.000   272.000   -45.948   -78.087
11471.000   9655.000   12850.000   262.000   -46.009   -78.075
11472.000   9572.000   12726.000   268.000   -46.070   -78.062
11473.000   9023.000   12924.000   239.000   -46.132   -78.049
11474.000   3505.000   12736.000   261.000   -46.193   -78.037
11475.000   3626.000   13154.000   228.000   -46.254   -78.024
11476.000   3499.000   13184.000   220.000   -46.315   -78.011
11477.000   3216.000   13251.000   249.000   -46.377   -77.998
11478.000   3543.000   13438.000   256.000   -46.438   -77.985
11479.000   2777.000   13226.000   239.000   -46.499   -77.973
11480.000   2498.000   13569.000   287.000   -46.560   -77.960
11481.000   2317.000   13422.000   235.000   -46.621   -77.947
11482.000   2180.000   13433.000   259.000   -46.683   -77.934
11483.000   2042.000   13887.000   263.000   -46.744   -77.920
11484.000   1955.000   13837.000   243.000   -46.805   -77.907
11485.000   2071.000   13912.000   249.000   -46.866   -77.894
11486.000   2074.000   13873.000   230.000   -46.927   -77.881
11487.000   2072.000   13768.000   242.000   -46.989   -77.868
11488.000   2037.000   13730.000   262.000   -47.050   -77.855
11489.000   2114.000   14045.000   267.000   -47.111   -77.841
11490.000   2164.000   14239.000   258.000   -47.172   -77.828
11491.000   2030.000   13892.000   228.000   -47.233   -77.815
11492.000   2060.000   14260.000   276.000   -47.294   -77.801
11493.000   2072.000   14242.000   251.000   -47.356   -77.788
11494.000   2097.000   14261.000   232.000   -47.417   -77.774
11495.000   2013.000   14322.000   230.000   -47.478   -77.761
11496.000   2056.000   14211.000   239.000   -47.539   -77.747
11497.000   2106.000   14306.000   235.000   -47.600   -77.733
11498.000   1995.000   14453.000   248.000   -47.661   -77.720
11499.000   2033.000   14556.000   256.000   -47.722   -77.706
11500.000   1940.000   14122.000   274.000   -47.784   -77.692
11501.000   2011.000   14423.000   257.000   -47.845   -77.678
11502.000   1956.000   14271.000   260.000   -47.906   -77.665
11503.000   1954.000   14460.000   270.000   -47.967   -77.651
11504.000   1962.000   14209.000   247.000   -48.028   -77.637
11505.000   1978.000   14298.000   239.000   -48.089   -77.623
11506.000   1947.000   14288.000   250.000   -48.150   -77.609
11507.000   1916.000   13983.000   259.000   -48.211   -77.595
11508.000   1907.000   14147.000   241.000   -48.272   -77.581
11509.000   1892.000   14401.000   271.000   -48.334   -77.566
11510.000   1880.000   14016.000   241.000   -48.395   -77.552
11511.000   1809.000   14009.000   236.000   -48.456   -77.538
11512.000   1839.000   13992.000   260.000   -48.517   -77.524
11513.000   1869.000   13995.000   235.000   -48.578   -77.509
11514.000   1844.000   13731.000   261.000   -48.639   -77.495
11515.000   1857.000   13815.000   259.000   -48.700   -77.481
11516.000   1826.000   13669.000   249.000   -48.761   -77.466
11517.000   1779.000   13622.000   266.000   -48.822   -77.452
11518.000   1730.000   13564.000   265.000   -48.883   -77.437
11519.000   1773.000   13575.000   262.000   -48.944   -77.423
11520.000   17737.000   30342.000   246.000   -49.005   -77.408
11521.000   22350.000   34654.000   222.000   -49.066   -77.393
11522.000   2019.000   14868.000   248.000   -49.128   -77.379
11523.000   23970.000   36074.000   249.000   -49.189   -77.364
11524.000   1079.000   12993.000   256.000   -49.250   -77.349
11525.000   1046.000   12758.000   288.000   -49.311   -77.334
11526.000   1087.000   12575.000   268.000   -49.372   -77.319
11527.000   1024.000   12414.000   246.000   -49.433   -77.304
11528.000   1040.000   12198.000   254.000   -49.494   -77.289
11529.000   1022.000   11997.000   260.000   -49.555   -77.274
11530.000   962.000   11483.000   273.000   -49.616   -77.259
11531.000   977.000   11301.000   269.000   -49.677   -77.244
11532.000   959.000   11039.000   247.000   -49.738   -77.229
11533.000   997.000   10893.000   272.000   -49.799   -77.214
11534.000   10516.000   10639.000   267.000   -49.860   -77.198
11535.000   10581.000   10260.000   246.000   -49.921   -77.183
11536.000   10407.000   9966.000   266.000   -49.982   -77.167
11537.000   10270.000   9533.000   270.000   -50.043   -77.152
11538.000   10354.000   9223.000   259.000   -50.104   -77.137
11539.000   9980.000   8880.000   262.000   -50.165   -77.121
11540.000   9907.000   8432.000   228.000   -50.226   -77.105
11541.000   9912.000   8006.000   269.000   -50.287   -77.090
11542.000   10132.000   7650.000   236.000   -50.348   -77.074
11543.000   10142.000   7318.000   253.000   -50.409   -77.058
11544.000   10304.000   7212.000   243.000   -50.470   -77.043
11545.000   10318.000   6660.000   261.000   -50.531   -77.027
11546.000   10091.000   6282.000   264.000   -50.592   -77.011
11547.000   10005.000   6046.000   259.000   -50.652   -76.995
11548.000   10115.000   5762.000   253.000   -50.713   -76.979
11549.000   9903.000   5291.000   245.000   -50.774   -76.963
11550.000   10017.000   4975.000   261.000   -50.835   -76.947
11551.000   10268.000   4678.000   291.000   -50.896   -76.931
11552.000   10260.000   4338.000   274.000   -50.957   -76.914
11553.000   10055.000   4171.000   272.000   -51.018   -76.898
11554.000   10397.000   3893.000   252.000   -51.079   -76.882
11555.000   10157.000   3604.000   242.000   -51.140   -76.865
11556.000   10377.000   3484.000   267.000   -51.201   -76.849
11557.000   10571.000   3100.000   248.000   -51.262   -76.832
11558.000   10782.000   2949.000   287.000   -51.323   -76.816
11559.000   10802.000   2769.000   267.000   -51.383   -76.799
11560.000   10954.000   2564.000   230.000   -51.444   -76.783
11561.000   11162.000   2385.000   255.000   -51.505   -76.766
11562.000   11472.000   2245.000   265.000   -51.566   -76.749
11563.000   11513.000   2107.000   262.000   -51.627   -76.732
11564.000   11769.000   1972.000   268.000   -51.688   -76.716
11565.000   12165.000   1858.000   261.000   -51.749   -76.699
11566.000   12250.000   1745.000   249.000   -51.810   -76.682
11567.000   12334.000   1616.000   256.000   -51.870   -76.665
11568.000   12871.000   1524.000   262.000   -51.931   -76.647
11569.000   12800.000   1455.000   261.000   -51.992   -76.630
11570.000   13090.000   1284.000   296.000   -52.053   -76.613
11571.000   13376.000   1266.000   247.000   -52.114   -76.596
11572.000   13430.000   1232.000   244.000   -52.175   -76.578
11573.000   13834.000   1169.000   263.000   -52.236   -76.561
11574.000   14060.000   1166.000   257.000   -52.296   -76.544
11575.000   14129.000   1088.000   245.000   -52.357   -76.526
11576.000   14571.000   1055.000   259.000   -52.418   -76.509
11577.000   14497.000   992.000   264.000   -52.479   -76.491
11578.000   14453.000   984.000   00.000   -52.540   -76.473
11579.000   14603.000   923.000   00.000   -52.600   -76.456
11580.000   14752.000   17684.000   00.000   -52.661   -76.438
11581.000   14698.000   22314.000   00.000   -52.722   -76.420
11582.000   14836.000   3074.000   00.000   -52.783   -76.402
11583.000   14799.000   23965.000   00.000   -52.844   -76.384
11584.000   14523.000   876.000   00.000   -52.904   -76.366
11585.000   14736.000   852.000   00.000   -52.965   -76.348
11586.000   14618.000   786.000   00.000   -53.026   -76.330
11587.000   14570.000   757.000   00.000   -53.087   -76.311
11588.000   14548.000   748.000   00.000   -53.147   -76.293
11589.000   14377.000   758.000   00.000   -53.208   -76.275
11590.000   14345.000   689.000   00.000   -53.269   -76.256
11591.000   14323.000   687.000   00.000   -53.330   -76.238
11592.000   14272.000   690.000   00.000   -53.390   -76.219
11593.000   14215.000   640.000   00.000   -53.451   -76.201
11594.000   14193.000   682.000   00.000   -53.512   -76.182
11595.000   14045.000   638.000   00.000   -53.573   -76.163
11596.000   13831.000   646.000   00.000   -53.633   -76.144
11597.000   13917.000   665.000   00.000   -53.694   -76.125
11598.000   13755.000   638.000   00.000   -53.755   -76.106
11599.000   13947.000   664.000   00.000   -53.815   -76.087
11600.000   13742.000   589.000   00.000   -53.876   -76.068
11601.000   13757.000   589.000   00.000   -53.937   -76.049
11602.000   13465.000   646.000   00.000   -53.997   -76.030
11603.000   13609.000   608.000   00.000   -54.058   -76.011
11604.000   13442.000   621.000   00.000   -54.119   -75.991
11605.000   13603.000   565.000   00.000   -54.179   -75.972
11606.000   13309.000   525.000   00.000   -54.240   -75.952
11607.000   13437.000   569.000   00.000   -54.301   -75.933
11608.000   13476.000   570.000   00.000   -54.361   -75.913
11609.000   13485.000   556.000   00.000   -54.422   -75.894
11610.000   13365.000   553.000   00.000   -54.483   -75.874
11611.000   13160.000   554.000   00.000   -54.543   -75.854
11612.000   13521.000   535.000   00.000   -54.604   -75.834
11613.000   13449.000   525.000   00.000   -54.665   -75.814
11614.000   13409.000   513.000   00.000   -54.725   -75.794
11615.000   13156.000   534.000   00.000   -54.786   -75.774
11616.000   13169.000   526.000   00.000   -54.846   -75.754
11617.000   13149.000   523.000   00.000   -54.907   -75.733
11618.000   13087.000   471.000   00.000   -54.968   -75.713
11619.000   12985.000   516.000   00.000   -55.028   -75.693
11620.000   13001.000   526.000   00.000   -55.089   -75.672
11621.000   12651.000   499.000   00.000   -55.149   -75.652
11622.000   12546.000   504.000   00.000   -55.210   -75.631
11623.000   12700.000   519.000   00.000   -55.270   -75.610
11624.000   12482.000   496.000   00.000   -55.331   -75.589
11625.000   12237.000   492.000   00.000   -55.392   -75.568
11626.000   12079.000   441.000   00.000   -55.452   -75.548
11627.000   12186.000   453.000   00.000   -55.513   -75.526
11628.000   11646.000   469.000   00.000   -55.573   -75.505
11629.000   11581.000   508.000   00.000   -55.634   -75.484
11630.000   11391.000   481.000   00.000   -55.694   -75.463
11631.000   11287.000   446.000   00.000   -55.755   -75.442
11632.000   10830.000   469.000   00.000   -55.815   -75.420
11633.000   10783.000   510.000   00.000   -55.876   -75.399
11634.000   10362.000   493.000   00.000   -55.936   -75.377
11635.000   10098.000   499.000   00.000   -55.997   -75.355
11636.000   9887.000   467.000   00.000   -56.057   -75.334
11637.000   9766.000   482.000   00.000   -56.118   -75.312
11638.000   9615.000   467.000   00.000   -56.178   -75.290
11639.000   9342.000   501.000   00.000   -56.239   -75.268
11640.000   9145.000   449.000   00.000   -56.299   -75.246
11641.000   8793.000   458.000   00.000   -56.360   -75.224
11642.000   8468.000   417.000   00.000   -56.420   -75.202
11643.000   8479.000   474.000   00.000   -56.481   -75.179
11644.000   8353.000   415.000   00.000   -56.541   -75.157
11645.000   8004.000   453.000   00.000   -56.601   -75.134
11646.000   7835.000   435.000   00.000   -56.662   -75.112
11647.000   7443.000   419.000   00.000   -56.722   -75.089
11648.000   8248.000   450.000   00.000   -56.783   -75.066
11649.000   6691.000   430.000   00.000   -56.843   -75.044
11650.000   6218.000   509.000   00.000   -56.903   -75.021
11651.000   6239.000   438.000   00.000   -56.964   -74.998
11652.000   6488.000   460.000   00.000   -57.024   -74.974
11653.000   6282.000   462.000   00.000   -57.085   -74.951
11654.000   6394.000   426.000   00.000   -57.145   -74.928
11655.000   6335.000   444.000   00.000   -57.205   -74.905
11656.000   6098.000   448.000   00.000   -57.266   -74.881
11657.000   5373.000   412.000   00.000   -57.326   -74.858
11658.000   5518.000   465.000   00.000   -57.386   -74.834
11659.000   5430.000   490.000   00.000   -57.447   -74.810
11660.000   5444.000   475.000   00.000   -57.507   -74.787
11661.000   5040.000   462.000   00.000   -57.567   -74.763
11662.000   5047.000   485.000   00.000   -57.628   -74.739
11663.000   4952.000   398.000   00.000   -57.688   -74.715
11664.000   4963.000   469.000   00.000   -57.748   -74.690
11665.000   5028.000   448.000   00.000   -57.809   -74.666
11666.000   5227.000   429.000   00.000   -57.869   -74.642
11667.000   5246.000   462.000   00.000   -57.929   -74.617
11668.000   5381.000   425.000   00.000   -57.989   -74.593
11669.000   5446.000   472.000   00.000   -58.050   -74.568
11670.000   5641.000   450.000   00.000   -58.110   -74.543
11671.000   5801.000   461.000   00.000   -58.170   -74.518
11672.000   5913.000   438.000   00.000   -58.230   -74.493
11673.000   6000.000   451.000   00.000   -58.291   -74.468
11674.000   6235.000   427.000   00.000   -58.351   -74.443
11675.000   6303.000   512.000   00.000   -58.411   -74.418
11676.000   6330.000   478.000   00.000   -58.471   -74.393
11677.000   6605.000   455.000   00.000   -58.532   -74.367
11678.000   6605.000   484.000   01.000   -58.592   -74.342
11679.000   6752.000   457.000   33.000   -58.652   -74.316
11680.000   6891.000   451.000   96.000   -58.712   -74.290
11681.000   7121.000   445.000   315.000   -58.772   -74.264
11682.000   7017.000   464.000   1442.000   -58.832   -74.238
11683.000   7082.000   457.000   3423.000   -58.893   -74.212
11684.000   6966.000   445.000   5477.000   -58.953   -74.186
11685.000   7169.000   521.000   6929.000   -59.013   -74.160
11686.000   7123.000   439.000   7927.000   -59.073   -74.133
11687.000   7226.000   423.000   9022.000   -59.133   -74.107
11688.000   7261.000   465.000   9645.000   -59.193   -74.080
11689.000   7282.000   549.000   10478.000   -59.253   -74.054
11690.000   6951.000   450.000   11358.000   -59.314   -74.027
11691.000   7100.000   432.000   12140.000   -59.374   -74.000
11692.000   7061.000   510.000   13518.000   -59.434   -73.973
11693.000   7006.000   450.000   13972.000   -59.494   -73.946
11694.000   6924.000   491.000   14565.000   -59.554   -73.918
11695.000   7024.000   449.000   15017.000   -59.614   -73.891
11696.000   6913.000   468.000   15412.000   -59.674   -73.863
11697.000   7041.000   450.000   15494.000   -59.734   -73.836
11698.000   6702.000   446.000   506.000   -59.794   -73.808
11699.000   6667.000   428.000   520.000   -59.854   -73.780
11700.000   6354.000   468.000   466.000   -59.914   -73.752
11701.000   6098.000   447.000   496.000   -59.974   -73.724
11702.000   5864.000   425.000   408.000   -60.034   -73.696
11703.000   5737.000   450.000   437.000   -60.094   -73.668
11704.000   5665.000   466.000   446.000   -60.154   -73.639
11705.000   5702.000   468.000   400.000   -60.214   -73.611
11706.000   5359.000   458.000   388.000   -60.274   -73.582
11707.000   5545.000   439.000   368.000   -60.334   -73.553
11708.000   6220.000   492.000   355.000   -60.394   -73.525
11709.000   4441.000   554.000   373.000   -60.454   -73.496
11710.000   3938.000   473.000   355.000   -60.514   -73.466
11711.000   3818.000   435.000   323.000   -60.574   -73.437
11712.000   3922.000   455.000   319.000   -60.634   -73.408
11713.000   4024.000   431.000   299.000   -60.694   -73.378
11714.000   3711.000   437.000   295.000   -60.754   -73.349
11715.000   3710.000   429.000   328.000   -60.813   -73.319
11716.000   3426.000   462.000   263.000   -60.873   -73.289
11717.000   2617.000   409.000   303.000   -60.933   -73.259
11718.000   2504.000   492.000   257.000   -60.993   -73.229
11719.000   2424.000   486.000   284.000   -61.053   -73.198
11720.000   2361.000   497.000   244.000   -61.113   -73.168
11721.000   1869.000   462.000   232.000   -61.173   -73.138
11722.000   888.000   436.000   247.000   -61.232   -73.107
11723.000   918.000   453.000   257.000   -61.292   -73.076
11724.000   884.000   451.000   243.000   -61.352   -73.045
11725.000   918.000   630.000   231.000   -61.412   -73.014
11726.000   920.000   458.000   218.000   -61.472   -72.983
11727.000   866.000   491.000   223.000   -61.531   -72.952
11728.000   924.000   472.000   212.000   -61.591   -72.920
11729.000   869.000   450.000   202.000   -61.651   -72.888
11730.000   880.000   457.000   201.000   -61.711   -72.857
11731.000   858.000   490.000   214.000   -61.770   -72.825
11732.000   839.000   468.000   189.000   -61.830   -72.793
11733.000   889.000   443.000   192.000   -61.890   -72.761
11734.000   834.000   475.000   198.000   -61.950   -72.728
11735.000   796.000   454.000   209.000   -62.009   -72.696
11736.000   864.000   440.000   176.000   -62.069   -72.663
11737.000   824.000   453.000   192.000   -62.129   -72.630
11738.000   908.000   449.000   177.000   -62.188   -72.598
11739.000   874.000   462.000   172.000   -62.248   -72.565
11740.000   919.000   423.000   186.000   -62.308   -72.531
11741.000   868.000   438.000   189.000   -62.367   -72.498
11742.000   880.000   416.000   184.000   -62.427   -72.465
11743.000   906.000   453.000   169.000   -62.486   -72.431
11744.000   884.000   487.000   168.000   -62.546   -72.397
11745.000   828.000   458.000   194.000   -62.606   -72.363
11746.000   925.000   474.000   171.000   -62.665   -72.329
11747.000   869.000   472.000   161.000   -62.725   -72.295
11748.000   855.000   513.000   175.000   -62.784   -72.260
11749.000   820.000   520.000   186.000   -62.844   -72.226
11750.000   860.000   454.000   164.000   -62.903   -72.191
11751.000   822.000   434.000   167.000   -62.963   -72.156
11752.000   884.000   473.000   177.000   -63.022   -72.121
11753.000   956.000   451.000   154.000   -63.082   -72.086
11754.000   834.000   460.000   149.000   -63.141   -72.051
11755.000   874.000   483.000   160.000   -63.201   -72.015
11756.000   856.000   431.000   161.000   -63.260   -71.980
11757.000   921.000   544.000   177.000   -63.320   -71.944
11758.000   868.000   482.000   168.000   -63.379   -71.908
11759.000   895.000   449.000   135.000   -63.439   -71.872
