Time range: [ 17:24:00.000  17:47:59.000 ]
Time range duration: 23.0 min, 59.0 sec
Longitude range: [ 73.0  149.0 ]
62640.000   754.000   464.000   149.000   01.704   61.480
62641.000   757.000   412.000   119.000   01.641   61.484
62642.000   803.000   395.000   119.000   01.579   61.488
62643.000   795.000   449.000   121.000   01.516   61.492
62644.000   804.000   441.000   128.000   01.454   61.496
62645.000   763.000   414.000   126.000   01.392   61.500
62646.000   780.000   455.000   112.000   01.329   61.504
62647.000   751.000   481.000   121.000   01.267   61.508
62648.000   817.000   435.000   133.000   01.205   61.512
62649.000   782.000   440.000   134.000   01.142   61.516
62650.000   776.000   473.000   125.000   01.080   61.520
62651.000   783.000   400.000   112.000   01.018   61.524
62652.000   790.000   493.000   136.000   00.955   61.528
62653.000   749.000   501.000   144.000   00.893   61.532
62654.000   807.000   436.000   130.000   00.830   61.536
62655.000   796.000   475.000   124.000   00.768   61.540
62656.000   772.000   437.000   112.000   00.706   61.544
62657.000   745.000   468.000   106.000   00.643   61.548
62658.000   797.000   404.000   109.000   00.581   61.552
62659.000   773.000   447.000   115.000   00.519   61.556
62660.000   757.000   406.000   102.000   00.456   61.560
62661.000   843.000   435.000   116.000   00.394   61.564
62662.000   807.000   464.000   123.000   00.331   61.568
62663.000   783.000   433.000   132.000   00.269   61.572
62664.000   785.000   398.000   97.000   00.207   61.576
62665.000   806.000   455.000   108.000   00.144   61.580
62666.000   802.000   448.000   116.000   00.082   61.584
62667.000   757.000   480.000   110.000   00.020   61.588
62668.000   772.000   448.000   116.000   -0.043   61.592
62669.000   766.000   444.000   112.000   -0.105   61.596
62670.000   780.000   422.000   128.000   -0.167   61.600
62671.000   822.000   443.000   117.000   -0.230   61.604
62672.000   807.000   425.000   117.000   -0.292   61.608
62673.000   791.000   420.000   121.000   -0.355   61.612
62674.000   790.000   431.000   126.000   -0.417   61.616
62675.000   782.000   439.000   124.000   -0.479   61.620
62676.000   795.000   442.000   107.000   -0.542   61.624
62677.000   786.000   422.000   121.000   -0.604   61.628
62678.000   814.000   430.000   123.000   -0.666   61.632
62679.000   793.000   419.000   115.000   -0.729   61.636
62680.000   802.000   440.000   110.000   -0.791   61.640
62681.000   776.000   445.000   106.000   -0.853   61.644
62682.000   779.000   441.000   100.000   -0.916   61.648
62683.000   836.000   434.000   118.000   -0.978   61.652
62684.000   755.000   423.000   109.000   -1.040   61.656
62685.000   784.000   499.000   108.000   -1.103   61.660
62686.000   779.000   432.000   93.000   -1.165   61.664
62687.000   745.000   374.000   113.000   -1.228   61.668
62688.000   738.000   420.000   104.000   -1.290   61.672
62689.000   743.000   442.000   91.000   -1.352   61.676
62690.000   745.000   435.000   97.000   -1.415   61.680
62691.000   766.000   416.000   109.000   -1.477   61.684
62692.000   833.000   440.000   120.000   -1.539   61.688
62693.000   767.000   423.000   117.000   -1.602   61.692
62694.000   782.000   434.000   103.000   -1.664   61.696
62695.000   827.000   445.000   108.000   -1.726   61.700
62696.000   782.000   447.000   111.000   -1.789   61.704
62697.000   769.000   446.000   103.000   -1.851   61.708
62698.000   763.000   470.000   116.000   -1.913   61.712
62699.000   728.000   486.000   115.000   -1.976   61.716
62700.000   793.000   415.000   89.000   -2.038   61.720
62701.000   821.000   532.000   102.000   -2.100   61.724
62702.000   802.000   438.000   98.000   -2.163   61.728
62703.000   782.000   402.000   114.000   -2.225   61.732
62704.000   788.000   438.000   99.000   -2.288   61.736
62705.000   746.000   449.000   93.000   -2.350   61.740
62706.000   729.000   451.000   105.000   -2.412   61.744
62707.000   760.000   438.000   109.000   -2.475   61.748
62708.000   827.000   422.000   99.000   -2.537   61.752
62709.000   763.000   441.000   96.000   -2.599   61.756
62710.000   814.000   431.000   122.000   -2.662   61.760
62711.000   866.000   428.000   95.000   -2.724   61.764
62712.000   772.000   365.000   95.000   -2.786   61.768
62713.000   804.000   447.000   112.000   -2.849   61.772
62714.000   797.000   444.000   127.000   -2.911   61.776
62715.000   819.000   446.000   96.000   -2.973   61.780
62716.000   835.000   434.000   113.000   -3.036   61.784
62717.000   815.000   473.000   119.000   -3.098   61.788
62718.000   788.000   437.000   90.000   -3.160   61.792
62719.000   799.000   411.000   114.000   -3.223   61.796
62720.000   814.000   473.000   108.000   -3.285   61.800
62721.000   788.000   465.000   80.000   -3.347   61.804
62722.000   749.000   458.000   113.000   -3.410   61.808
62723.000   817.000   458.000   95.000   -3.472   61.812
62724.000   768.000   421.000   110.000   -3.534   61.816
62725.000   818.000   427.000   83.000   -3.597   61.820
62726.000   829.000   478.000   121.000   -3.659   61.824
62727.000   831.000   441.000   119.000   -3.721   61.828
62728.000   762.000   436.000   105.000   -3.784   61.832
62729.000   766.000   433.000   104.000   -3.846   61.836
62730.000   769.000   436.000   108.000   -3.908   61.840
62731.000   813.000   466.000   109.000   -3.971   61.845
62732.000   805.000   431.000   107.000   -4.033   61.849
62733.000   801.000   430.000   95.000   -4.096   61.853
62734.000   776.000   435.000   109.000   -4.158   61.857
62735.000   752.000   469.000   84.000   -4.220   61.861
62736.000   757.000   424.000   99.000   -4.283   61.865
62737.000   743.000   441.000   101.000   -4.345   61.869
62738.000   786.000   445.000   112.000   -4.407   61.873
62739.000   803.000   473.000   87.000   -4.470   61.877
62740.000   832.000   427.000   96.000   -4.532   61.881
62741.000   794.000   479.000   106.000   -4.594   61.885
62742.000   771.000   503.000   84.000   -4.657   61.889
62743.000   772.000   447.000   109.000   -4.719   61.893
62744.000   803.000   422.000   102.000   -4.781   61.897
62745.000   787.000   428.000   111.000   -4.844   61.901
62746.000   794.000   455.000   101.000   -4.906   61.905
62747.000   765.000   431.000   96.000   -4.968   61.909
62748.000   761.000   446.000   98.000   -5.030   61.913
62749.000   782.000   445.000   91.000   -5.093   61.917
62750.000   821.000   479.000   105.000   -5.155   61.921
62751.000   803.000   430.000   94.000   -5.217   61.925
62752.000   779.000   447.000   103.000   -5.280   61.930
62753.000   798.000   468.000   107.000   -5.342   61.934
62754.000   748.000   432.000   101.000   -5.404   61.938
62755.000   822.000   435.000   80.000   -5.467   61.942
62756.000   736.000   443.000   82.000   -5.529   61.946
62757.000   801.000   510.000   111.000   -5.591   61.950
62758.000   817.000   466.000   108.000   -5.654   61.954
62759.000   812.000   467.000   104.000   -5.716   61.958
62760.000   763.000   459.000   104.000   -5.778   61.962
62761.000   760.000   425.000   95.000   -5.841   61.966
62762.000   792.000   450.000   86.000   -5.903   61.970
62763.000   765.000   457.000   103.000   -5.965   61.974
62764.000   766.000   425.000   80.000   -6.028   61.978
62765.000   759.000   462.000   91.000   -6.090   61.983
62766.000   802.000   440.000   108.000   -6.152   61.987
62767.000   809.000   423.000   106.000   -6.215   61.991
62768.000   793.000   438.000   97.000   -6.277   61.995
62769.000   769.000   477.000   98.000   -6.339   61.999
62770.000   754.000   557.000   113.000   -6.402   62.003
62771.000   778.000   541.000   99.000   -6.464   62.007
62772.000   782.000   514.000   108.000   -6.526   62.011
62773.000   857.000   646.000   87.000   -6.589   62.015
62774.000   799.000   545.000   88.000   -6.651   62.019
62775.000   780.000   562.000   78.000   -6.713   62.023
62776.000   774.000   538.000   108.000   -6.775   62.028
62777.000   807.000   531.000   94.000   -6.838   62.032
62778.000   795.000   590.000   94.000   -6.900   62.036
62779.000   793.000   558.000   99.000   -6.962   62.040
62780.000   816.000   553.000   95.000   -7.025   62.044
62781.000   832.000   602.000   93.000   -7.087   62.048
62782.000   772.000   581.000   88.000   -7.149   62.052
62783.000   785.000   594.000   94.000   -7.212   62.056
62784.000   813.000   620.000   85.000   -7.274   62.061
62785.000   828.000   630.000   93.000   -7.336   62.065
62786.000   758.000   688.000   100.000   -7.399   62.069
62787.000   760.000   763.000   88.000   -7.461   62.073
62788.000   750.000   820.000   91.000   -7.523   62.077
62789.000   788.000   899.000   97.000   -7.585   62.081
62790.000   810.000   994.000   116.000   -7.648   62.085
62791.000   779.000   1098.000   99.000   -7.710   62.089
62792.000   778.000   1203.000   99.000   -7.772   62.094
62793.000   788.000   1265.000   106.000   -7.835   62.098
62794.000   795.000   1402.000   103.000   -7.897   62.102
62795.000   788.000   1483.000   113.000   -7.959   62.106
62796.000   824.000   1920.000   120.000   -8.022   62.110
62797.000   882.000   1970.000   105.000   -8.084   62.114
62798.000   764.000   2030.000   126.000   -8.146   62.119
62799.000   769.000   2279.000   112.000   -8.209   62.123
62800.000   834.000   2372.000   105.000   -8.271   62.127
62801.000   797.000   2510.000   122.000   -8.333   62.131
62802.000   823.000   2770.000   125.000   -8.395   62.135
62803.000   831.000   2899.000   106.000   -8.458   62.139
62804.000   753.000   3181.000   125.000   -8.520   62.144
62805.000   843.000   3493.000   119.000   -8.582   62.148
62806.000   768.000   3721.000   138.000   -8.645   62.152
62807.000   769.000   3826.000   142.000   -8.707   62.156
62808.000   777.000   4213.000   126.000   -8.769   62.160
62809.000   829.000   4544.000   144.000   -8.831   62.164
62810.000   790.000   4839.000   117.000   -8.894   62.169
62811.000   775.000   5001.000   126.000   -8.956   62.173
62812.000   835.000   5382.000   144.000   -9.018   62.177
62813.000   801.000   5695.000   132.000   -9.081   62.181
62814.000   826.000   5913.000   156.000   -9.143   62.185
62815.000   780.000   6103.000   151.000   -9.205   62.190
62816.000   802.000   6456.000   149.000   -9.267   62.194
62817.000   783.000   6821.000   135.000   -9.330   62.198
62818.000   781.000   7163.000   158.000   -9.392   62.202
62819.000   818.000   7293.000   172.000   -9.454   62.206
62820.000   780.000   24505.000   155.000   -9.517   62.211
62821.000   880.000   29189.000   158.000   -9.579   62.215
62822.000   824.000   9919.000   146.000   -9.641   62.219
62823.000   847.000   31257.000   175.000   -9.703   62.223
62824.000   842.000   8348.000   171.000   -9.766   62.228
62825.000   861.000   8603.000   153.000   -9.828   62.232
62826.000   795.000   8848.000   180.000   -9.890   62.236
62827.000   805.000   9102.000   173.000   -9.953   62.240
62828.000   786.000   9116.000   176.000   -10.015   62.245
62829.000   907.000   9400.000   166.000   -10.077   62.249
62830.000   783.000   9635.000   183.000   -10.139   62.253
62831.000   821.000   9703.000   185.000   -10.202   62.257
62832.000   813.000   9890.000   190.000   -10.264   62.262
62833.000   831.000   9832.000   177.000   -10.326   62.266
62834.000   862.000   10099.000   220.000   -10.388   62.270
62835.000   812.000   10052.000   246.000   -10.451   62.274
62836.000   825.000   10108.000   219.000   -10.513   62.279
62837.000   783.000   10150.000   237.000   -10.575   62.283
62838.000   786.000   10227.000   238.000   -10.638   62.287
62839.000   812.000   10511.000   273.000   -10.700   62.291
62840.000   805.000   10357.000   244.000   -10.762   62.296
62841.000   818.000   10524.000   247.000   -10.824   62.300
62842.000   828.000   10376.000   288.000   -10.887   62.304
62843.000   834.000   10331.000   298.000   -10.949   62.309
62844.000   813.000   10601.000   283.000   -11.011   62.313
62845.000   844.000   10539.000   295.000   -11.073   62.317
62846.000   843.000   10637.000   308.000   -11.136   62.321
62847.000   798.000   10368.000   326.000   -11.198   62.326
62848.000   866.000   10185.000   6005.000   -11.260   62.330
62849.000   792.000   10422.000   5805.000   -11.322   62.334
62850.000   793.000   10434.000   5234.000   -11.385   62.339
62851.000   761.000   10482.000   5576.000   -11.447   62.343
62852.000   864.000   10346.000   5963.000   -11.509   62.347
62853.000   840.000   10432.000   6351.000   -11.571   62.352
62854.000   816.000   10321.000   7022.000   -11.634   62.356
62855.000   830.000   10451.000   7711.000   -11.696   62.360
62856.000   797.000   10208.000   8463.000   -11.758   62.365
62857.000   829.000   10347.000   9273.000   -11.821   62.369
62858.000   882.000   10458.000   10347.000   -11.883   62.373
62859.000   838.000   10376.000   11337.000   -11.945   62.378
62860.000   820.000   10385.000   12364.000   -12.007   62.382
62861.000   861.000   10298.000   12999.000   -12.070   62.386
62862.000   817.000   10458.000   13974.000   -12.132   62.391
62863.000   864.000   10388.000   14479.000   -12.194   62.395
62864.000   829.000   10437.000   15832.000   -12.256   62.400
62865.000   765.000   10328.000   17295.000   -12.319   62.404
62866.000   792.000   10427.000   18452.000   -12.381   62.408
62867.000   804.000   10476.000   19528.000   -12.443   62.413
62868.000   841.000   10229.000   19794.000   -12.505   62.417
62869.000   839.000   10422.000   19688.000   -12.567   62.421
62870.000   824.000   10512.000   19372.000   -12.630   62.426
62871.000   855.000   10425.000   18852.000   -12.692   62.430
62872.000   827.000   10460.000   17671.000   -12.754   62.435
62873.000   798.000   10514.000   17115.000   -12.816   62.439
62874.000   850.000   10629.000   15457.000   -12.879   62.443
62875.000   767.000   10532.000   14447.000   -12.941   62.448
62876.000   858.000   10509.000   12887.000   -13.003   62.452
62877.000   873.000   10478.000   11718.000   -13.065   62.457
62878.000   796.000   10496.000   9400.000   -13.128   62.461
62879.000   846.000   10634.000   8565.000   -13.190   62.466
62880.000   17399.000   27589.000   7731.000   -13.252   62.470
62881.000   21960.000   32041.000   6464.000   -13.314   62.474
62882.000   1453.000   12753.000   5214.000   -13.377   62.479
62883.000   23604.000   33774.000   3728.000   -13.439   62.483
62884.000   729.000   10487.000   1679.000   -13.501   62.488
62885.000   743.000   10336.000   755.000   -13.563   62.492
62886.000   685.000   10310.000   76.000   -13.625   62.497
62887.000   746.000   10074.000   20.000   -13.688   62.501
62888.000   710.000   10029.000   04.000   -13.750   62.506
62889.000   692.000   9818.000   01.000   -13.812   62.510
62890.000   713.000   9844.000   00.000   -13.874   62.515
62891.000   733.000   9702.000   00.000   -13.937   62.519
62892.000   694.000   9453.000   00.000   -13.999   62.524
62893.000   714.000   9311.000   00.000   -14.061   62.528
62894.000   690.000   9099.000   00.000   -14.123   62.533
62895.000   654.000   8904.000   00.000   -14.185   62.537
62896.000   736.000   8566.000   00.000   -14.248   62.542
62897.000   669.000   8313.000   00.000   -14.310   62.546
62898.000   685.000   8320.000   00.000   -14.372   62.551
62899.000   707.000   7889.000   00.000   -14.434   62.555
62900.000   726.000   7612.000   00.000   -14.497   62.560
62901.000   738.000   7415.000   00.000   -14.559   62.564
62902.000   696.000   6991.000   00.000   -14.621   62.569
62903.000   755.000   6628.000   00.000   -14.683   62.573
62904.000   713.000   6378.000   00.000   -14.745   62.578
62905.000   706.000   6186.000   00.000   -14.808   62.582
62906.000   720.000   5943.000   00.000   -14.870   62.587
62907.000   707.000   5556.000   00.000   -14.932   62.592
62908.000   733.000   5320.000   00.000   -14.994   62.596
62909.000   737.000   5086.000   00.000   -15.056   62.601
62910.000   691.000   4756.000   00.000   -15.119   62.605
62911.000   711.000   4349.000   00.000   -15.181   62.610
62912.000   705.000   4131.000   00.000   -15.243   62.614
62913.000   652.000   3932.000   00.000   -15.305   62.619
62914.000   720.000   3496.000   00.000   -15.367   62.624
62915.000   718.000   3231.000   00.000   -15.430   62.628
62916.000   630.000   3100.000   00.000   -15.492   62.633
62917.000   688.000   2970.000   00.000   -15.554   62.637
62918.000   691.000   2659.000   00.000   -15.616   62.642
62919.000   739.000   2450.000   00.000   -15.678   62.647
62920.000   679.000   2265.000   00.000   -15.741   62.651
62921.000   746.000   2067.000   00.000   -15.803   62.656
62922.000   681.000   1938.000   00.000   -15.865   62.661
62923.000   736.000   1764.000   00.000   -15.927   62.665
62924.000   704.000   1584.000   00.000   -15.989   62.670
62925.000   837.000   1493.000   00.000   -16.052   62.675
62926.000   717.000   1359.000   00.000   -16.114   62.679
62927.000   709.000   1305.000   00.000   -16.176   62.684
62928.000   697.000   1158.000   00.000   -16.238   62.689
62929.000   721.000   1159.000   00.000   -16.300   62.693
62930.000   735.000   1049.000   00.000   -16.362   62.698
62931.000   750.000   1048.000   00.000   -16.425   62.703
62932.000   671.000   955.000   00.000   -16.487   62.707
62933.000   755.000   933.000   00.000   -16.549   62.712
62934.000   666.000   851.000   00.000   -16.611   62.717
62935.000   713.000   862.000   00.000   -16.673   62.721
62936.000   708.000   752.000   00.000   -16.736   62.726
62937.000   690.000   735.000   00.000   -16.798   62.731
62938.000   745.000   712.000   00.000   -16.860   62.736
62939.000   668.000   655.000   00.000   -16.922   62.740
62940.000   17451.000   17140.000   16967.000   -16.984   62.745
62941.000   22078.000   21764.000   21576.000   -17.046   62.750
62942.000   1769.000   1957.000   2577.000   -17.109   62.754
62943.000   23683.000   23304.000   23145.000   -17.171   62.759
62944.000   647.000   368.000   97.000   -17.233   62.764
62945.000   698.000   357.000   82.000   -17.295   62.769
62946.000   680.000   371.000   88.000   -17.357   62.774
62947.000   682.000   386.000   82.000   -17.419   62.778
62948.000   632.000   373.000   84.000   -17.482   62.783
62949.000   668.000   370.000   65.000   -17.544   62.788
62950.000   692.000   405.000   80.000   -17.606   62.793
62951.000   647.000   383.000   93.000   -17.668   62.798
62952.000   664.000   351.000   77.000   -17.730   62.802
62953.000   628.000   381.000   90.000   -17.792   62.807
62954.000   575.000   422.000   84.000   -17.855   62.812
62955.000   601.000   392.000   77.000   -17.917   62.817
62956.000   543.000   372.000   75.000   -17.979   62.822
62957.000   560.000   354.000   72.000   -18.041   62.826
62958.000   570.000   384.000   88.000   -18.103   62.831
62959.000   537.000   404.000   76.000   -18.165   62.836
62960.000   560.000   373.000   87.000   -18.227   62.841
62961.000   585.000   382.000   90.000   -18.290   62.846
62962.000   522.000   314.000   92.000   -18.352   62.851
62963.000   499.000   364.000   89.000   -18.414   62.856
62964.000   501.000   321.000   81.000   -18.476   62.861
62965.000   571.000   377.000   84.000   -18.538   62.865
62966.000   523.000   382.000   75.000   -18.600   62.870
62967.000   560.000   348.000   71.000   -18.662   62.875
62968.000   525.000   384.000   80.000   -18.725   62.880
62969.000   542.000   414.000   72.000   -18.787   62.885
62970.000   559.000   395.000   72.000   -18.849   62.890
62971.000   547.000   370.000   89.000   -18.911   62.895
62972.000   563.000   400.000   74.000   -18.973   62.900
62973.000   532.000   366.000   84.000   -19.035   62.905
62974.000   503.000   401.000   72.000   -19.097   62.910
62975.000   566.000   390.000   77.000   -19.160   62.915
62976.000   532.000   374.000   78.000   -19.222   62.920
62977.000   567.000   374.000   78.000   -19.284   62.925
62978.000   530.000   376.000   78.000   -19.346   62.930
62979.000   587.000   376.000   88.000   -19.408   62.935
62980.000   566.000   379.000   88.000   -19.470   62.940
62981.000   547.000   370.000   81.000   -19.532   62.945
62982.000   530.000   394.000   78.000   -19.594   62.950
62983.000   519.000   423.000   78.000   -19.657   62.955
62984.000   573.000   344.000   86.000   -19.719   62.960
62985.000   563.000   428.000   66.000   -19.781   62.965
62986.000   558.000   408.000   84.000   -19.843   62.970
62987.000   557.000   389.000   90.000   -19.905   62.975
62988.000   510.000   408.000   76.000   -19.967   62.980
62989.000   538.000   394.000   81.000   -20.029   62.985
62990.000   544.000   397.000   83.000   -20.091   62.990
62991.000   566.000   338.000   75.000   -20.154   62.995
62992.000   536.000   389.000   75.000   -20.216   63.000
62993.000   548.000   401.000   66.000   -20.278   63.005
62994.000   535.000   364.000   83.000   -20.340   63.010
62995.000   544.000   395.000   82.000   -20.402   63.015
62996.000   530.000   377.000   63.000   -20.464   63.020
62997.000   552.000   412.000   70.000   -20.526   63.026
62998.000   562.000   362.000   76.000   -20.588   63.031
62999.000   517.000   382.000   65.000   -20.650   63.036
63000.000   515.000   405.000   91.000   -20.712   63.041
63001.000   539.000   410.000   77.000   -20.775   63.046
63002.000   526.000   407.000   80.000   -20.837   63.051
63003.000   560.000   346.000   68.000   -20.899   63.056
63004.000   573.000   418.000   65.000   -20.961   63.062
63005.000   554.000   418.000   83.000   -21.023   63.067
63006.000   534.000   2624.000   75.000   -21.085   63.072
63007.000   586.000   23469.000   66.000   -21.147   63.077
63008.000   618.000   380.000   62.000   -21.209   63.082
63009.000   574.000   379.000   68.000   -21.271   63.088
63010.000   518.000   404.000   66.000   -21.333   63.093
63011.000   524.000   402.000   66.000   -21.395   63.098
63012.000   609.000   378.000   66.000   -21.458   63.103
63013.000   561.000   369.000   79.000   -21.520   63.108
63014.000   542.000   379.000   64.000   -21.582   63.114
63015.000   544.000   397.000   71.000   -21.644   63.119
63016.000   562.000   345.000   76.000   -21.706   63.124
63017.000   524.000   345.000   68.000   -21.768   63.129
63018.000   540.000   394.000   59.000   -21.830   63.135
63019.000   572.000   374.000   62.000   -21.892   63.140
63020.000   526.000   419.000   77.000   -21.954   63.145
63021.000   553.000   376.000   77.000   -22.016   63.151
63022.000   544.000   411.000   58.000   -22.078   63.156
63023.000   564.000   385.000   74.000   -22.140   63.161
63024.000   540.000   408.000   61.000   -22.202   63.167
63025.000   577.000   421.000   81.000   -22.265   63.172
63026.000   559.000   378.000   83.000   -22.327   63.177
63027.000   553.000   396.000   72.000   -22.389   63.183
63028.000   565.000   391.000   72.000   -22.451   63.188
63029.000   535.000   372.000   79.000   -22.513   63.193
63030.000   551.000   375.000   85.000   -22.575   63.199
63031.000   565.000   384.000   62.000   -22.637   63.204
63032.000   516.000   358.000   86.000   -22.699   63.210
63033.000   585.000   409.000   75.000   -22.761   63.215
63034.000   515.000   392.000   82.000   -22.823   63.220
63035.000   564.000   357.000   82.000   -22.885   63.226
63036.000   545.000   322.000   61.000   -22.947   63.231
63037.000   554.000   403.000   57.000   -23.009   63.237
63038.000   542.000   373.000   68.000   -23.071   63.242
63039.000   577.000   361.000   68.000   -23.133   63.248
63040.000   556.000   376.000   68.000   -23.195   63.253
63041.000   559.000   409.000   76.000   -23.257   63.258
63042.000   537.000   388.000   69.000   -23.320   63.264
63043.000   558.000   384.000   62.000   -23.382   63.269
63044.000   587.000   372.000   65.000   -23.444   63.275
63045.000   572.000   392.000   77.000   -23.506   63.280
63046.000   560.000   370.000   60.000   -23.568   63.286
63047.000   583.000   374.000   58.000   -23.630   63.291
63048.000   550.000   409.000   68.000   -23.692   63.297
63049.000   568.000   396.000   66.000   -23.754   63.303
63050.000   574.000   435.000   69.000   -23.816   63.308
63051.000   596.000   377.000   60.000   -23.878   63.314
63052.000   591.000   410.000   62.000   -23.940   63.319
63053.000   545.000   381.000   60.000   -24.002   63.325
63054.000   534.000   397.000   72.000   -24.064   63.330
63055.000   580.000   413.000   57.000   -24.126   63.336
63056.000   518.000   400.000   63.000   -24.188   63.342
63057.000   570.000   417.000   49.000   -24.250   63.347
63058.000   584.000   396.000   75.000   -24.312   63.353
63059.000   556.000   372.000   66.000   -24.374   63.359
63060.000   522.000   357.000   54.000   -24.436   63.364
63061.000   568.000   362.000   67.000   -24.498   63.370
63062.000   529.000   377.000   51.000   -24.560   63.375
63063.000   571.000   399.000   66.000   -24.622   63.381
63064.000   555.000   432.000   59.000   -24.684   63.387
63065.000   559.000   366.000   68.000   -24.746   63.393
63066.000   606.000   401.000   64.000   -24.808   63.398
63067.000   620.000   382.000   56.000   -24.870   63.404
63068.000   587.000   385.000   58.000   -24.932   63.410
63069.000   521.000   427.000   67.000   -24.994   63.415
63070.000   563.000   415.000   81.000   -25.056   63.421
63071.000   524.000   423.000   56.000   -25.118   63.427
63072.000   575.000   427.000   68.000   -25.180   63.433
63073.000   527.000   383.000   75.000   -25.242   63.438
63074.000   681.000   398.000   67.000   -25.304   63.444
63075.000   559.000   399.000   64.000   -25.366   63.450
63076.000   606.000   413.000   68.000   -25.428   63.456
63077.000   617.000   377.000   86.000   -25.490   63.462
63078.000   579.000   378.000   68.000   -25.552   63.467
63079.000   601.000   379.000   62.000   -25.614   63.473
63080.000   614.000   396.000   63.000   -25.676   63.479
63081.000   576.000   409.000   47.000   -25.738   63.485
63082.000   613.000   391.000   59.000   -25.800   63.491
63083.000   578.000   425.000   59.000   -25.862   63.497
63084.000   649.000   397.000   63.000   -25.924   63.503
63085.000   649.000   429.000   70.000   -25.986   63.509
63086.000   608.000   404.000   54.000   -26.048   63.514
63087.000   623.000   390.000   73.000   -26.110   63.520
63088.000   600.000   464.000   60.000   -26.172   63.526
63089.000   720.000   403.000   51.000   -26.234   63.532
63090.000   608.000   419.000   59.000   -26.296   63.538
63091.000   590.000   422.000   68.000   -26.358   63.544
63092.000   605.000   501.000   58.000   -26.420   63.550
63093.000   611.000   487.000   68.000   -26.482   63.556
63094.000   600.000   623.000   69.000   -26.544   63.562
63095.000   582.000   608.000   54.000   -26.606   63.568
63096.000   594.000   710.000   77.000   -26.668   63.574
63097.000   646.000   767.000   62.000   -26.730   63.580
63098.000   594.000   778.000   66.000   -26.792   63.586
63099.000   557.000   925.000   67.000   -26.854   63.592
63100.000   630.000   1074.000   62.000   -26.916   63.598
63101.000   632.000   1167.000   60.000   -26.977   63.604
63102.000   619.000   1208.000   71.000   -27.039   63.610
63103.000   617.000   1379.000   63.000   -27.101   63.617
63104.000   598.000   1407.000   62.000   -27.163   63.623
63105.000   707.000   1453.000   68.000   -27.225   63.629
63106.000   607.000   1630.000   55.000   -27.287   63.635
63107.000   640.000   1791.000   64.000   -27.349   63.641
63108.000   557.000   1971.000   72.000   -27.411   63.647
63109.000   645.000   2161.000   57.000   -27.473   63.653
63110.000   616.000   2353.000   69.000   -27.535   63.659
63111.000   562.000   2552.000   61.000   -27.597   63.666
63112.000   598.000   2787.000   61.000   -27.659   63.672
63113.000   628.000   3118.000   63.000   -27.721   63.678
63114.000   615.000   3417.000   62.000   -27.783   63.684
63115.000   586.000   3586.000   72.000   -27.845   63.691
63116.000   636.000   3803.000   65.000   -27.907   63.697
63117.000   595.000   4210.000   47.000   -27.969   63.703
63118.000   635.000   4432.000   59.000   -28.030   63.709
63119.000   593.000   4722.000   73.000   -28.092   63.716
63600.000   8962.000   6911.000   149.000   -57.581   69.613
63601.000   8691.000   6486.000   119.000   -57.641   69.637
63602.000   8433.000   6161.000   119.000   -57.702   69.661
63603.000   8408.000   5885.000   121.000   -57.762   69.685
63604.000   8252.000   5429.000   128.000   -57.822   69.710
63605.000   7924.000   5283.000   126.000   -57.883   69.734
63606.000   7696.000   4841.000   112.000   -57.943   69.759
63607.000   7182.000   4503.000   121.000   -58.003   69.783
63608.000   7131.000   4290.000   133.000   -58.063   69.808
63609.000   6733.000   3937.000   134.000   -58.124   69.833
63610.000   6625.000   3711.000   125.000   -58.184   69.857
63611.000   6170.000   3379.000   112.000   -58.244   69.882
63612.000   6077.000   3148.000   136.000   -58.304   69.908
63613.000   5750.000   2794.000   144.000   -58.365   69.933
63614.000   962.000   2715.000   130.000   -58.425   69.958
63615.000   978.000   2554.000   124.000   -58.485   69.983
63616.000   936.000   2339.000   112.000   -58.545   70.009
63617.000   929.000   2174.000   106.000   -58.605   70.034
63618.000   982.000   2002.000   109.000   -58.666   70.060
63619.000   920.000   1909.000   115.000   -58.726   70.086
63620.000   927.000   1787.000   102.000   -58.786   70.112
63621.000   993.000   1751.000   116.000   -58.846   70.138
63622.000   976.000   1669.000   123.000   -58.906   70.164
63623.000   924.000   1571.000   132.000   -58.966   70.190
63624.000   976.000   1356.000   97.000   -59.027   70.216
63625.000   951.000   1323.000   108.000   -59.087   70.243
63626.000   970.000   1344.000   116.000   -59.147   70.269
63627.000   909.000   1242.000   110.000   -59.207   70.296
63628.000   947.000   1228.000   116.000   -59.267   70.323
63629.000   908.000   1161.000   112.000   -59.327   70.350
63630.000   941.000   1049.000   128.000   -59.387   70.376
63631.000   986.000   1024.000   117.000   -59.447   70.404
63632.000   937.000   905.000   117.000   -59.507   70.431
63633.000   946.000   838.000   121.000   -59.567   70.458
63634.000   972.000   823.000   126.000   -59.627   70.485
63635.000   912.000   761.000   124.000   -59.688   70.513
63636.000   941.000   720.000   107.000   -59.748   70.541
63637.000   929.000   699.000   121.000   -59.808   70.568
63638.000   947.000   656.000   123.000   -59.868   70.596
63639.000   913.000   637.000   115.000   -59.928   70.624
63640.000   964.000   607.000   110.000   -59.988   70.652
63641.000   914.000   595.000   106.000   -60.048   70.680
63642.000   900.000   596.000   100.000   -60.108   70.709
63643.000   988.000   547.000   118.000   -60.168   70.737
63644.000   908.000   559.000   109.000   -60.228   70.766
63645.000   893.000   564.000   108.000   -60.288   70.794
63646.000   936.000   527.000   93.000   -60.348   70.823
63647.000   909.000   509.000   113.000   -60.408   70.852
63648.000   851.000   529.000   104.000   -60.467   70.881
63649.000   903.000   554.000   91.000   -60.527   70.910
63650.000   902.000   578.000   97.000   -60.587   70.940
63651.000   881.000   513.000   109.000   -60.647   70.969
63652.000   984.000   528.000   120.000   -60.707   70.999
63653.000   919.000   548.000   117.000   -60.767   71.028
63654.000   916.000   559.000   103.000   -60.827   71.058
63655.000   914.000   554.000   108.000   -60.887   71.088
63656.000   902.000   525.000   111.000   -60.947   71.118
63657.000   899.000   547.000   103.000   -61.007   71.148
63658.000   876.000   576.000   116.000   -61.066   71.179
63659.000   871.000   535.000   115.000   -61.126   71.209
63660.000   870.000   533.000   89.000   -61.186   71.240
63661.000   943.000   563.000   102.000   -61.246   71.270
63662.000   900.000   517.000   98.000   -61.306   71.301
63663.000   914.000   543.000   114.000   -61.365   71.332
63664.000   909.000   540.000   99.000   -61.425   71.363
63665.000   849.000   552.000   93.000   -61.485   71.394
63666.000   860.000   511.000   105.000   -61.545   71.426
63667.000   869.000   510.000   109.000   -61.605   71.457
63668.000   974.000   494.000   99.000   -61.664   71.489
63669.000   859.000   524.000   96.000   -61.724   71.521
63670.000   948.000   489.000   122.000   -61.784   71.553
63671.000   988.000   484.000   95.000   -61.844   71.585
63672.000   910.000   434.000   95.000   -61.903   71.617
63673.000   944.000   503.000   112.000   -61.963   71.649
63674.000   902.000   521.000   127.000   -62.023   71.682
63675.000   922.000   527.000   96.000   -62.082   71.714
63676.000   940.000   507.000   113.000   -62.142   71.747
63677.000   934.000   543.000   119.000   -62.202   71.780
63678.000   912.000   497.000   90.000   -62.261   71.813
63679.000   915.000   474.000   114.000   -62.321   71.846
63680.000   909.000   539.000   108.000   -62.381   71.880
63681.000   959.000   513.000   80.000   -62.440   71.913
63682.000   883.000   498.000   113.000   -62.500   71.947
63683.000   920.000   495.000   95.000   -62.559   71.981
63684.000   875.000   492.000   110.000   -62.619   72.015
63685.000   952.000   483.000   83.000   -62.679   72.049
63686.000   897.000   537.000   121.000   -62.738   72.083
63687.000   919.000   514.000   119.000   -62.798   72.117
63688.000   863.000   518.000   105.000   -62.857   72.152
63689.000   875.000   462.000   104.000   -62.917   72.187
63690.000   863.000   496.000   108.000   -62.976   72.222
63691.000   882.000   544.000   109.000   -63.036   72.257
63692.000   883.000   478.000   107.000   -63.095   72.292
63693.000   919.000   538.000   95.000   -63.155   72.327
63694.000   897.000   496.000   109.000   -63.214   72.363
63695.000   834.000   557.000   84.000   -63.274   72.399
63696.000   897.000   463.000   99.000   -63.333   72.434
63697.000   943.000   519.000   101.000   -63.392   72.470
63698.000   920.000   520.000   112.000   -63.452   72.507
63699.000   884.000   533.000   87.000   -63.511   72.543
63700.000   901.000   524.000   96.000   -63.571   72.580
63701.000   887.000   540.000   106.000   -63.630   72.616
63702.000   897.000   544.000   84.000   -63.689   72.653
63703.000   897.000   507.000   109.000   -63.749   72.690
63704.000   955.000   496.000   102.000   -63.808   72.727
63705.000   959.000   480.000   111.000   -63.868   72.765
63706.000   880.000   522.000   101.000   -63.927   72.802
63707.000   864.000   520.000   96.000   -63.986   72.840
63708.000   880.000   495.000   98.000   -64.045   72.878
63709.000   928.000   526.000   91.000   -64.105   72.916
63710.000   902.000   528.000   105.000   -64.164   72.954
63711.000   918.000   513.000   94.000   -64.223   72.993
63712.000   937.000   508.000   103.000   -64.283   73.032
63713.000   954.000   538.000   107.000   -64.342   73.070
63714.000   843.000   487.000   101.000   -64.401   73.109
63715.000   932.000   526.000   80.000   -64.460   73.149
63716.000   850.000   517.000   82.000   -64.519   73.188
63717.000   914.000   549.000   111.000   -64.579   73.228
63718.000   937.000   523.000   108.000   -64.638   73.267
63719.000   872.000   519.000   104.000   -64.697   73.307
63720.000   873.000   512.000   104.000   -64.756   73.348
63721.000   926.000   509.000   95.000   -64.815   73.388
63722.000   917.000   521.000   86.000   -64.874   73.428
63723.000   872.000   492.000   103.000   -64.933   73.469
63724.000   852.000   514.000   80.000   -64.992   73.510
63725.000   923.000   519.000   91.000   -65.052   73.551
63726.000   924.000   491.000   108.000   -65.111   73.593
63727.000   930.000   493.000   106.000   -65.170   73.634
63728.000   881.000   530.000   97.000   -65.229   73.676
63729.000   875.000   488.000   98.000   -65.288   73.718
63730.000   860.000   623.000   113.000   -65.347   73.760
63731.000   902.000   598.000   99.000   -65.406   73.802
63732.000   841.000   569.000   108.000   -65.465   73.845
63733.000   967.000   658.000   87.000   -65.524   73.888
63734.000   864.000   589.000   88.000   -65.583   73.931
63735.000   871.000   590.000   78.000   -65.641   73.974
63736.000   913.000   574.000   108.000   -65.700   74.017
63737.000   917.000   566.000   94.000   -65.759   74.061
63738.000   887.000   622.000   94.000   -65.818   74.105
63739.000   890.000   627.000   99.000   -65.877   74.149
63740.000   926.000   582.000   95.000   -65.936   74.193
63741.000   938.000   626.000   93.000   -65.995   74.238
63742.000   888.000   612.000   88.000   -66.053   74.283
63743.000   901.000   668.000   94.000   -66.112   74.328
63744.000   905.000   657.000   85.000   -66.171   74.373
63745.000   901.000   699.000   93.000   -66.230   74.418
63746.000   880.000   753.000   100.000   -66.289   74.464
63747.000   873.000   813.000   88.000   -66.347   74.510
63748.000   862.000   866.000   91.000   -66.406   74.556
63749.000   894.000   1015.000   97.000   -66.465   74.602
63750.000   920.000   1034.000   116.000   -66.523   74.649
63751.000   881.000   1190.000   99.000   -66.582   74.696
63752.000   872.000   1250.000   99.000   -66.641   74.743
63753.000   912.000   1301.000   106.000   -66.699   74.790
63754.000   929.000   1473.000   103.000   -66.758   74.838
63755.000   932.000   1549.000   113.000   -66.816   74.886
63756.000   976.000   1970.000   120.000   -66.875   74.934
63757.000   978.000   1996.000   105.000   -66.934   74.982
63758.000   893.000   2107.000   126.000   -66.992   75.031
63759.000   863.000   2343.000   112.000   -67.051   75.079
63760.000   903.000   2452.000   105.000   -67.109   75.129
63761.000   884.000   2542.000   122.000   -67.168   75.178
63762.000   913.000   2810.000   125.000   -67.226   75.228
63763.000   934.000   2982.000   106.000   -67.285   75.277
63764.000   915.000   3234.000   125.000   -67.343   75.328
63765.000   907.000   3615.000   119.000   -67.401   75.378
63766.000   876.000   3767.000   138.000   -67.460   75.429
63767.000   882.000   3921.000   142.000   -67.518   75.480
63768.000   889.000   4240.000   126.000   -67.577   75.531
63769.000   915.000   4590.000   144.000   -67.635   75.582
63770.000   896.000   4870.000   117.000   -67.693   75.634
63771.000   917.000   5029.000   126.000   -67.752   75.686
63772.000   912.000   5449.000   144.000   -67.810   75.738
63773.000   913.000   5715.000   132.000   -67.868   75.791
63774.000   922.000   5938.000   156.000   -67.926   75.844
63775.000   892.000   6106.000   151.000   -67.984   75.897
63776.000   882.000   6519.000   149.000   -68.043   75.950
63777.000   881.000   6908.000   135.000   -68.101   76.004
63778.000   907.000   7208.000   158.000   -68.159   76.058
63779.000   908.000   7349.000   172.000   -68.217   76.113
63780.000   873.000   7748.000   155.000   -68.275   76.167
63781.000   1018.000   7865.000   158.000   -68.333   76.222
63782.000   882.000   8039.000   146.000   -68.391   76.277
63783.000   938.000   8257.000   175.000   -68.449   76.333
63784.000   942.000   8457.000   171.000   -68.507   76.389
63785.000   908.000   8711.000   153.000   -68.565   76.445
63786.000   899.000   14280.000   180.000   -68.623   76.501
63787.000   860.000   14294.000   173.000   -68.681   76.558
63788.000   888.000   13927.000   176.000   -68.739   76.615
63789.000   1012.000   13836.000   166.000   -68.797   76.673
63790.000   858.000   13787.000   183.000   -68.855   76.730
63791.000   894.000   13285.000   185.000   -68.913   76.788
63792.000   914.000   13221.000   190.000   -68.971   76.847
63793.000   909.000   12942.000   177.000   -69.029   76.906
63794.000   926.000   12807.000   220.000   -69.086   76.965
63795.000   923.000   12545.000   246.000   -69.144   77.024
63796.000   892.000   12330.000   219.000   -69.202   77.084
63797.000   902.000   12247.000   237.000   -69.260   77.144
63798.000   895.000   12105.000   238.000   -69.317   77.204
63799.000   924.000   12170.000   273.000   -69.375   77.265
63800.000   901.000   11857.000   244.000   -69.433   77.326
63801.000   890.000   11827.000   247.000   -69.490   77.387
63802.000   886.000   11501.000   288.000   -69.548   77.449
63803.000   916.000   11348.000   298.000   -69.606   77.511
63804.000   904.000   11590.000   283.000   -69.663   77.574
63805.000   923.000   11479.000   295.000   -69.721   77.637
63806.000   906.000   11542.000   308.000   -69.778   77.700
63807.000   909.000   11178.000   326.000   -69.836   77.764
63808.000   953.000   10927.000   6005.000   -69.893   77.828
63809.000   872.000   11167.000   5805.000   -69.950   77.892
63810.000   871.000   11166.000   5234.000   -70.008   77.957
63811.000   876.000   11128.000   5576.000   -70.065   78.022
63812.000   952.000   11004.000   5963.000   -70.123   78.087
63813.000   948.000   11013.000   6351.000   -70.180   78.153
63814.000   927.000   10901.000   7022.000   -70.237   78.219
63815.000   916.000   10933.000   7711.000   -70.294   78.286
63816.000   934.000   10634.000   8463.000   -70.352   78.353
63817.000   920.000   10716.000   9273.000   -70.409   78.421
63818.000   978.000   10740.000   10347.000   -70.466   78.488
63819.000   888.000   10629.000   11337.000   -70.523   78.557
63820.000   930.000   10621.000   12364.000   -70.580   78.625
63821.000   968.000   10484.000   12999.000   -70.637   78.694
63822.000   903.000   10618.000   13974.000   -70.694   78.764
63823.000   971.000   10548.000   14479.000   -70.751   78.834
63824.000   952.000   10520.000   15832.000   -70.808   78.904
63825.000   844.000   10447.000   17295.000   -70.865   78.975
63826.000   905.000   10545.000   18452.000   -70.922   79.046
63827.000   931.000   10573.000   19528.000   -70.979   79.118
63828.000   932.000   10349.000   19794.000   -71.036   79.190
63829.000   959.000   10516.000   19688.000   -71.093   79.262
63830.000   904.000   10609.000   19372.000   -71.150   79.335
63831.000   926.000   10530.000   18852.000   -71.206   79.409
63832.000   903.000   10528.000   17671.000   -71.263   79.483
63833.000   902.000   10648.000   17115.000   -71.320   79.557
63834.000   931.000   10734.000   15457.000   -71.377   79.632
63835.000   848.000   10626.000   14447.000   -71.433   79.707
63836.000   947.000   10597.000   12887.000   -71.490   79.783
63837.000   940.000   10587.000   11718.000   -71.546   79.859
63838.000   880.000   10572.000   9400.000   -71.603   79.935
63839.000   914.000   10725.000   8565.000   -71.659   80.013
63840.000   17550.000   27669.000   7731.000   -71.716   80.090
63841.000   22061.000   32155.000   6464.000   -71.772   80.168
63842.000   1546.000   12823.000   5214.000   -71.829   80.247
63843.000   23700.000   33878.000   3728.000   -71.885   80.326
63844.000   780.000   10593.000   1679.000   -71.941   80.406
63845.000   813.000   10423.000   755.000   -71.998   80.486
63846.000   765.000   10404.000   76.000   -72.054   80.566
63847.000   790.000   10189.000   20.000   -72.110   80.647
63848.000   763.000   10133.000   04.000   -72.166   80.729
63849.000   772.000   9912.000   01.000   -72.222   80.811
63850.000   818.000   9924.000   00.000   -72.278   80.894
63851.000   812.000   9783.000   00.000   -72.335   80.977
63852.000   778.000   9563.000   00.000   -72.391   81.061
63853.000   809.000   9380.000   00.000   -72.447   81.145
63854.000   5081.000   9195.000   00.000   -72.502   81.230
63855.000   4917.000   8985.000   00.000   -72.558   81.316
63856.000   4748.000   8622.000   00.000   -72.614   81.402
63857.000   4249.000   8396.000   00.000   -72.670   81.488
63858.000   4148.000   8366.000   00.000   -72.726   81.575
63859.000   3902.000   7976.000   00.000   -72.782   81.663
63860.000   3754.000   7705.000   00.000   -72.837   81.751
63861.000   3460.000   7461.000   00.000   -72.893   81.840
63862.000   3233.000   7052.000   00.000   -72.948   81.929
63863.000   2958.000   6718.000   00.000   -73.004   82.019
63864.000   2746.000   6497.000   00.000   -73.060   82.110
63865.000   2707.000   6282.000   00.000   -73.115   82.201
63866.000   2581.000   6023.000   00.000   -73.170   82.293
63867.000   2508.000   5653.000   00.000   -73.226   82.386
63868.000   2404.000   5407.000   00.000   -73.281   82.479
63869.000   2177.000   5102.000   00.000   -73.336   82.572
63870.000   2082.000   4826.000   00.000   -73.392   82.667
63871.000   1970.000   4408.000   00.000   -73.447   82.762
63872.000   1809.000   4211.000   00.000   -73.502   82.857
63873.000   1744.000   4015.000   00.000   -73.557   82.954
63874.000   1695.000   3569.000   00.000   -73.612   83.050
63875.000   1557.000   3348.000   00.000   -73.667   83.148
63876.000   1413.000   3183.000   00.000   -73.722   83.246
63877.000   1365.000   2981.000   00.000   -73.777   83.345
63878.000   1286.000   2737.000   00.000   -73.832   83.445
63879.000   1283.000   2514.000   00.000   -73.887   83.545
63880.000   1189.000   2341.000   00.000   -73.942   83.646
63881.000   1133.000   2128.000   00.000   -73.996   83.748
63882.000   1028.000   2027.000   00.000   -74.051   83.850
63883.000   1040.000   1828.000   00.000   -74.105   83.953
63884.000   935.000   1681.000   00.000   -74.160   84.057
63885.000   1083.000   1540.000   00.000   -74.214   84.162
63886.000   939.000   1435.000   00.000   -74.269   84.267
63887.000   861.000   1386.000   00.000   -74.323   84.373
63888.000   889.000   1254.000   00.000   -74.378   84.480
63889.000   895.000   1224.000   00.000   -74.432   84.587
63890.000   878.000   1137.000   00.000   -74.486   84.696
63891.000   867.000   1122.000   00.000   -74.540   84.805
63892.000   801.000   1007.000   00.000   -74.594   84.914
63893.000   830.000   1015.000   00.000   -74.648   85.025
63894.000   798.000   958.000   00.000   -74.702   85.136
63895.000   813.000   947.000   00.000   -74.756   85.249
63896.000   763.000   824.000   00.000   -74.810   85.362
63897.000   794.000   806.000   00.000   -74.864   85.475
63898.000   835.000   779.000   00.000   -74.918   85.590
63899.000   745.000   726.000   00.000   -74.971   85.706
63900.000   17538.000   17225.000   16967.000   -75.025   85.822
63901.000   22162.000   21806.000   21576.000   -75.078   85.939
63902.000   1879.000   2050.000   2577.000   -75.132   86.057
63903.000   23788.000   23381.000   23145.000   -75.185   86.176
63904.000   728.000   437.000   97.000   -75.239   86.296
63905.000   771.000   439.000   82.000   -75.292   86.416
63906.000   712.000   451.000   88.000   -75.345   86.538
63907.000   766.000   448.000   82.000   -75.398   86.660
63908.000   723.000   438.000   84.000   -75.451   86.783
63909.000   733.000   426.000   65.000   -75.504   86.908
63910.000   732.000   472.000   80.000   -75.557   87.033
63911.000   748.000   456.000   93.000   -75.610   87.159
63912.000   733.000   435.000   77.000   -75.663   87.286
63913.000   681.000   530.000   90.000   -75.716   87.414
63914.000   683.000   493.000   84.000   -75.768   87.543
63915.000   715.000   443.000   77.000   -75.821   87.673
63916.000   673.000   432.000   75.000   -75.873   87.803
63917.000   722.000   409.000   72.000   -75.926   87.935
63918.000   700.000   464.000   88.000   -75.978   88.068
63919.000   691.000   454.000   76.000   -76.030   88.202
63920.000   676.000   421.000   87.000   -76.083   88.337
63921.000   706.000   470.000   90.000   -76.135   88.473
63922.000   670.000   400.000   92.000   -76.187   88.610
63923.000   630.000   420.000   89.000   -76.239   88.748
63924.000   625.000   409.000   81.000   -76.291   88.887
63925.000   703.000   466.000   84.000   -76.342   89.027
63926.000   646.000   437.000   75.000   -76.394   89.168
63927.000   670.000   444.000   71.000   -76.446   89.310
63928.000   665.000   442.000   80.000   -76.497   89.453
63929.000   702.000   585.000   72.000   -76.549   89.598
63930.000   689.000   444.000   72.000   -76.600   89.743
63931.000   666.000   416.000   89.000   -76.651   89.890
63932.000   693.000   460.000   74.000   -76.702   90.038
63933.000   684.000   428.000   84.000   -76.754   90.187
63934.000   636.000   472.000   72.000   -76.805   90.337
63935.000   693.000   448.000   77.000   -76.855   90.488
63936.000   675.000   468.000   78.000   -76.906   90.641
63937.000   702.000   517.000   78.000   -76.957   90.795
63938.000   661.000   421.000   78.000   -77.008   90.949
63939.000   674.000   446.000   88.000   -77.058   91.106
63940.000   696.000   429.000   88.000   -77.108   91.263
63941.000   633.000   451.000   81.000   -77.159   91.422
63942.000   656.000   453.000   78.000   -77.209   91.581
63943.000   661.000   505.000   78.000   -77.259   91.743
63944.000   708.000   429.000   86.000   -77.309   91.905
63945.000   681.000   544.000   66.000   -77.359   92.069
63946.000   667.000   450.000   84.000   -77.409   92.234
63947.000   726.000   450.000   90.000   -77.458   92.400
63948.000   642.000   451.000   76.000   -77.508   92.568
63949.000   662.000   465.000   81.000   -77.558   92.737
63950.000   669.000   457.000   83.000   -77.607   92.907
63951.000   679.000   418.000   75.000   -77.656   93.079
63952.000   641.000   464.000   75.000   -77.705   93.252
63953.000   663.000   532.000   66.000   -77.754   93.427
63954.000   653.000   453.000   83.000   -77.803   93.603
63955.000   642.000   464.000   82.000   -77.852   93.780
63956.000   597.000   446.000   63.000   -77.901   93.959
63957.000   654.000   484.000   70.000   -77.949   94.139
63958.000   680.000   456.000   76.000   -77.998   94.321
63959.000   614.000   461.000   65.000   -78.046   94.504
63960.000   618.000   459.000   91.000   -78.094   94.689
63961.000   651.000   584.000   77.000   -78.142   94.875
63962.000   642.000   479.000   80.000   -78.190   95.063
63963.000   655.000   386.000   68.000   -78.238   95.252
63964.000   647.000   482.000   65.000   -78.285   95.443
63965.000   648.000   487.000   83.000   -78.333   95.635
63966.000   645.000   454.000   75.000   -78.380   95.829
63967.000   685.000   447.000   66.000   -78.428   96.025
63968.000   718.000   442.000   62.000   -78.475   96.222
63969.000   694.000   450.000   68.000   -78.522   96.421
63970.000   645.000   478.000   66.000   -78.568   96.621
63971.000   666.000   478.000   66.000   -78.615   96.823
63972.000   682.000   434.000   66.000   -78.662   97.027
63973.000   665.000   506.000   79.000   -78.708   97.233
63974.000   675.000   454.000   64.000   -78.754   97.440
63975.000   650.000   456.000   71.000   -78.800   97.649
63976.000   686.000   414.000   76.000   -78.846   97.860
63977.000   650.000   425.000   68.000   -78.892   98.072
63978.000   647.000   454.000   59.000   -78.938   98.286
63979.000   636.000   445.000   62.000   -78.983   98.502
63980.000   633.000   478.000   77.000   -79.029   98.720
63981.000   648.000   504.000   77.000   -79.074   98.939
63982.000   647.000   471.000   58.000   -79.119   99.161
63983.000   649.000   426.000   74.000   -79.164   99.384
63984.000   630.000   509.000   61.000   -79.208   99.609
63985.000   658.000   479.000   81.000   -79.253   99.836
63986.000   648.000   450.000   83.000   -79.297   100.065
63987.000   625.000   486.000   72.000   -79.341   100.296
63988.000   673.000   486.000   72.000   -79.385   100.529
63989.000   635.000   415.000   79.000   -79.429   100.763
63990.000   668.000   452.000   85.000   -79.472   101.000
63991.000   679.000   459.000   62.000   -79.516   101.238
63992.000   630.000   413.000   86.000   -79.559   101.479
63993.000   681.000   471.000   75.000   -79.602   101.722
63994.000   610.000   455.000   82.000   -79.645   101.966
63995.000   658.000   427.000   82.000   -79.688   102.213
63996.000   613.000   395.000   61.000   -79.730   102.462
63997.000   642.000   480.000   57.000   -79.772   102.712
63998.000   614.000   435.000   68.000   -79.814   102.965
63999.000   693.000   478.000   68.000   -79.856   103.220
64000.000   630.000   444.000   68.000   -79.898   103.477
64001.000   623.000   464.000   76.000   -79.939   103.737
64002.000   639.000   471.000   69.000   -79.981   103.998
64003.000   670.000   438.000   62.000   -80.022   104.262
64004.000   668.000   443.000   65.000   -80.063   104.527
64005.000   674.000   531.000   77.000   -80.103   104.795
64006.000   665.000   436.000   60.000   -80.143   105.065
64007.000   660.000   458.000   58.000   -80.184   105.338
64008.000   641.000   478.000   68.000   -80.224   105.612
64009.000   682.000   467.000   66.000   -80.263   105.889
64010.000   655.000   522.000   69.000   -80.303   106.169
64011.000   657.000   433.000   60.000   -80.342   106.450
64012.000   712.000   458.000   62.000   -80.381   106.734
64013.000   636.000   530.000   60.000   -80.420   107.020
64014.000   618.000   463.000   72.000   -80.458   107.308
64015.000   682.000   492.000   57.000   -80.496   107.599
64016.000   651.000   461.000   63.000   -80.535   107.892
64017.000   674.000   518.000   49.000   -80.572   108.187
64018.000   686.000   468.000   75.000   -80.610   108.485
64019.000   680.000   438.000   66.000   -80.647   108.786
64020.000   620.000   488.000   54.000   -80.684   109.088
64021.000   662.000   406.000   67.000   -80.721   109.393
64022.000   614.000   443.000   51.000   -80.757   109.701
64023.000   669.000   438.000   66.000   -80.793   110.011
64024.000   620.000   498.000   59.000   -80.829   110.323
64025.000   655.000   441.000   68.000   -80.865   110.638
64026.000   685.000   497.000   64.000   -80.900   110.955
64027.000   697.000   450.000   56.000   -80.935   111.275
64028.000   690.000   457.000   58.000   -80.970   111.597
64029.000   620.000   501.000   67.000   -81.005   111.922
64030.000   637.000   465.000   81.000   -81.039   112.249
64031.000   627.000   496.000   56.000   -81.073   112.579
64032.000   634.000   489.000   68.000   -81.106   112.911
64033.000   623.000   444.000   75.000   -81.140   113.246
64034.000   682.000   451.000   67.000   -81.173   113.583
64035.000   631.000   464.000   64.000   -81.205   113.923
64036.000   681.000   469.000   68.000   -81.238   114.265
64037.000   673.000   433.000   86.000   -81.270   114.610
64038.000   648.000   463.000   68.000   -81.301   114.958
64039.000   649.000   465.000   62.000   -81.333   115.308
64040.000   670.000   492.000   63.000   -81.364   115.660
64041.000   658.000   484.000   47.000   -81.395   116.015
64042.000   701.000   448.000   59.000   -81.425   116.373
64043.000   661.000   491.000   59.000   -81.455   116.733
64044.000   710.000   468.000   63.000   -81.485   117.096
64045.000   688.000   476.000   70.000   -81.514   117.461
64046.000   709.000   489.000   54.000   -81.543   117.829
64047.000   676.000   448.000   73.000   -81.572   118.199
64048.000   623.000   524.000   60.000   -81.600   118.572
64049.000   722.000   476.000   51.000   -81.628   118.947
64050.000   699.000   490.000   59.000   -81.656   119.325
64051.000   651.000   488.000   68.000   -81.683   119.705
64052.000   669.000   576.000   58.000   -81.710   120.088
64053.000   670.000   572.000   68.000   -81.736   120.473
64054.000   639.000   673.000   69.000   -81.762   120.861
64055.000   636.000   682.000   54.000   -81.788   121.251
64056.000   642.000   786.000   77.000   -81.813   121.644
64057.000   718.000   854.000   62.000   -81.838   122.039
64058.000   647.000   849.000   66.000   -81.863   122.437
64059.000   625.000   1011.000   67.000   -81.887   122.837
64060.000   657.000   1150.000   62.000   -81.911   123.239
64061.000   677.000   1257.000   60.000   -81.934   123.643
64062.000   714.000   1288.000   71.000   -81.957   124.050
64063.000   677.000   1437.000   63.000   -81.980   124.460
64064.000   639.000   1480.000   62.000   -82.002   124.871
64065.000   763.000   1505.000   68.000   -82.023   125.285
64066.000   653.000   1711.000   55.000   -82.045   125.701
64067.000   668.000   1866.000   64.000   -82.065   126.120
64068.000   623.000   2046.000   72.000   -82.086   126.540
64069.000   674.000   2207.000   57.000   -82.106   126.963
64070.000   694.000   2414.000   69.000   -82.125   127.388
64071.000   611.000   2611.000   61.000   -82.145   127.814
64072.000   689.000   2853.000   61.000   -82.163   128.243
64073.000   682.000   3177.000   63.000   -82.181   128.674
64074.000   693.000   3468.000   62.000   -82.199   129.107
64075.000   666.000   3643.000   72.000   -82.217   129.542
64076.000   649.000   3863.000   65.000   -82.233   129.979
64077.000   647.000   4266.000   47.000   -82.250   130.418
64078.000   669.000   4528.000   59.000   -82.266   130.859
64079.000   663.000   4768.000   73.000   -82.281   131.301
