Time range: [ 23:23:27.000  00:15:30.000 ]
Time range duration: -1388.0 min, 3.0 sec
Longitude range: [ 51.0  141.0 ]
84207.000   517.000   563.000   141.000   82.520   -118.639
84208.000   563.000   560.000   151.000   82.520   -118.163
84209.000   472.000   610.000   187.000   82.519   -117.687
84210.000   538.000   588.000   173.000   82.518   -117.211
84211.000   501.000   562.000   145.000   82.516   -116.735
84212.000   524.000   566.000   158.000   82.514   -116.259
84213.000   528.000   581.000   172.000   82.511   -115.784
84214.000   519.000   559.000   142.000   82.508   -115.309
84215.000   491.000   553.000   166.000   82.504   -114.834
84216.000   479.000   554.000   155.000   82.499   -114.360
84217.000   469.000   548.000   251.000   82.494   -113.887
84218.000   493.000   618.000   132.000   82.489   -113.414
84219.000   543.000   609.000   183.000   82.483   -112.942
84220.000   529.000   528.000   145.000   82.476   -112.471
84221.000   534.000   576.000   155.000   82.469   -112.000
84222.000   503.000   562.000   154.000   82.462   -111.531
84223.000   509.000   550.000   165.000   82.454   -111.062
84224.000   497.000   569.000   167.000   82.445   -110.595
84225.000   516.000   554.000   155.000   82.436   -110.129
84226.000   496.000   552.000   184.000   82.427   -109.663
84227.000   512.000   523.000   148.000   82.417   -109.199
84228.000   456.000   552.000   149.000   82.406   -108.737
84229.000   529.000   493.000   158.000   82.395   -108.275
84230.000   511.000   539.000   171.000   82.384   -107.815
84231.000   516.000   506.000   171.000   82.372   -107.356
84232.000   528.000   545.000   163.000   82.359   -106.899
84233.000   526.000   510.000   191.000   82.346   -106.444
84234.000   474.000   516.000   163.000   82.333   -105.990
84235.000   521.000   527.000   146.000   82.319   -105.537
84236.000   508.000   512.000   150.000   82.304   -105.086
84237.000   543.000   473.000   147.000   82.289   -104.637
84238.000   531.000   555.000   165.000   82.274   -104.190
84239.000   475.000   529.000   144.000   82.258   -103.745
84240.000   858.000   728.000   66.000   82.242   -103.301
84241.000   875.000   710.000   69.000   82.225   -102.859
84242.000   895.000   672.000   57.000   82.208   -102.419
84243.000   843.000   688.000   60.000   82.190   -101.982
84244.000   818.000   689.000   71.000   82.172   -101.546
84245.000   830.000   666.000   59.000   82.153   -101.112
84246.000   853.000   627.000   55.000   82.134   -100.680
84247.000   867.000   624.000   67.000   82.115   -100.251
84248.000   852.000   647.000   77.000   82.095   -99.824
84249.000   850.000   709.000   47.000   82.074   -99.398
84250.000   843.000   667.000   63.000   82.054   -98.975
84251.000   878.000   628.000   65.000   82.032   -98.555
84252.000   878.000   681.000   57.000   82.011   -98.136
84253.000   907.000   635.000   66.000   81.988   -97.720
84254.000   835.000   607.000   55.000   81.966   -97.306
84255.000   846.000   655.000   59.000   81.943   -96.895
84256.000   841.000   678.000   72.000   81.919   -96.486
84257.000   830.000   620.000   53.000   81.896   -96.079
84258.000   858.000   592.000   66.000   81.871   -95.675
84259.000   815.000   682.000   67.000   81.847   -95.273
84260.000   906.000   686.000   69.000   81.822   -94.873
84261.000   900.000   647.000   59.000   81.796   -94.476
84262.000   832.000   658.000   67.000   81.771   -94.082
84263.000   888.000   628.000   70.000   81.744   -93.690
84264.000   846.000   649.000   62.000   81.718   -93.300
84265.000   924.000   626.000   67.000   81.691   -92.913
84266.000   803.000   625.000   63.000   81.663   -92.529
84267.000   861.000   625.000   62.000   81.636   -92.147
84268.000   864.000   631.000   50.000   81.608   -91.768
84269.000   847.000   602.000   73.000   81.579   -91.391
84270.000   803.000   630.000   52.000   81.550   -91.017
84271.000   860.000   642.000   54.000   81.521   -90.645
84272.000   835.000   638.000   42.000   81.492   -90.276
84273.000   838.000   622.000   39.000   81.462   -89.910
84274.000   826.000   640.000   58.000   81.431   -89.546
84275.000   797.000   606.000   66.000   81.401   -89.184
84276.000   818.000   620.000   57.000   81.370   -88.826
84277.000   854.000   592.000   65.000   81.339   -88.470
84278.000   855.000   600.000   72.000   81.307   -88.116
84279.000   845.000   592.000   65.000   81.275   -87.765
84280.000   812.000   619.000   59.000   81.243   -87.417
84281.000   849.000   611.000   69.000   81.210   -87.071
84282.000   832.000   614.000   51.000   81.177   -86.728
84283.000   828.000   617.000   68.000   81.144   -86.387
84284.000   860.000   639.000   61.000   81.110   -86.049
84285.000   836.000   618.000   64.000   81.077   -85.714
84286.000   886.000   586.000   56.000   81.042   -85.381
84287.000   824.000   630.000   59.000   81.008   -85.050
84288.000   783.000   618.000   69.000   80.973   -84.722
84289.000   819.000   608.000   77.000   80.938   -84.397
84290.000   857.000   605.000   72.000   80.903   -84.074
84291.000   853.000   621.000   62.000   80.867   -83.754
84292.000   807.000   578.000   57.000   80.831   -83.436
84293.000   795.000   605.000   63.000   80.795   -83.121
84294.000   821.000   630.000   60.000   80.758   -82.808
84295.000   835.000   617.000   54.000   80.722   -82.498
84296.000   809.000   609.000   73.000   80.685   -82.190
84297.000   823.000   629.000   65.000   80.647   -81.885
84298.000   781.000   587.000   78.000   80.610   -81.582
84299.000   830.000   592.000   68.000   80.572   -81.282
84300.000   813.000   592.000   72.000   80.534   -80.983
84301.000   834.000   618.000   66.000   80.495   -80.688
84302.000   825.000   562.000   52.000   80.457   -80.395
84303.000   819.000   520.000   80.000   80.418   -80.104
84304.000   810.000   527.000   63.000   80.379   -79.815
84305.000   840.000   535.000   57.000   80.340   -79.529
84306.000   810.000   558.000   58.000   80.300   -79.245
84307.000   819.000   513.000   38.000   80.260   -78.964
84308.000   849.000   547.000   75.000   80.220   -78.685
84309.000   791.000   515.000   65.000   80.180   -78.408
84310.000   838.000   527.000   66.000   80.139   -78.133
84311.000   846.000   506.000   62.000   80.098   -77.861
84312.000   839.000   526.000   64.000   80.058   -77.591
84313.000   781.000   577.000   93.000   80.016   -77.323
84314.000   818.000   529.000   70.000   79.975   -77.058
84315.000   784.000   530.000   65.000   79.933   -76.794
84316.000   781.000   545.000   58.000   79.891   -76.533
84317.000   850.000   528.000   59.000   79.849   -76.274
84318.000   744.000   588.000   68.000   79.807   -76.017
84319.000   839.000   506.000   71.000   79.765   -75.762
84320.000   800.000   574.000   68.000   79.722   -75.510
84321.000   831.000   575.000   93.000   79.679   -75.259
84322.000   812.000   538.000   53.000   79.636   -75.011
84323.000   795.000   525.000   38.000   79.593   -74.764
84324.000   835.000   520.000   66.000   79.549   -74.520
84325.000   863.000   555.000   62.000   79.506   -74.278
84326.000   781.000   551.000   47.000   79.462   -74.038
84327.000   805.000   519.000   70.000   79.418   -73.799
84328.000   826.000   565.000   70.000   79.374   -73.563
84329.000   768.000   598.000   61.000   79.329   -73.329
84330.000   794.000   517.000   57.000   79.285   -73.097
84331.000   815.000   559.000   33.000   79.240   -72.866
84332.000   771.000   550.000   60.000   79.195   -72.638
84333.000   801.000   520.000   69.000   79.150   -72.411
84334.000   749.000   521.000   55.000   79.105   -72.187
84335.000   853.000   502.000   67.000   79.059   -71.964
84336.000   835.000   562.000   72.000   79.013   -71.743
84337.000   796.000   519.000   91.000   78.968   -71.524
84338.000   840.000   535.000   71.000   78.922   -71.307
84339.000   799.000   517.000   38.000   78.876   -71.091
84340.000   865.000   542.000   66.000   78.829   -70.878
84341.000   853.000   504.000   65.000   78.783   -70.666
84342.000   744.000   566.000   72.000   78.737   -70.456
84343.000   779.000   479.000   67.000   78.690   -70.247
84344.000   823.000   529.000   65.000   78.643   -70.041
84345.000   764.000   578.000   125.000   78.596   -69.836
84346.000   793.000   539.000   67.000   78.549   -69.632
84347.000   762.000   547.000   66.000   78.501   -69.431
84348.000   845.000   507.000   45.000   78.454   -69.231
84349.000   858.000   526.000   60.000   78.406   -69.033
84350.000   795.000   569.000   70.000   78.359   -68.836
84351.000   806.000   541.000   72.000   78.311   -68.641
84352.000   847.000   567.000   58.000   78.263   -68.448
84353.000   810.000   536.000   91.000   78.215   -68.256
84354.000   841.000   531.000   66.000   78.167   -68.066
84355.000   815.000   524.000   39.000   78.118   -67.877
84356.000   783.000   525.000   60.000   78.070   -67.690
84357.000   877.000   590.000   60.000   78.021   -67.505
84358.000   803.000   518.000   66.000   77.972   -67.321
84359.000   814.000   524.000   50.000   77.923   -67.138
84360.000   765.000   513.000   49.000   77.874   -66.957
84361.000   809.000   643.000   64.000   77.825   -66.777
84362.000   760.000   520.000   53.000   77.776   -66.599
84363.000   812.000   489.000   61.000   77.726   -66.422
84364.000   832.000   552.000   65.000   77.677   -66.247
84365.000   899.000   526.000   85.000   77.627   -66.073
84366.000   793.000   497.000   57.000   77.578   -65.901
84367.000   813.000   524.000   86.000   77.528   -65.730
84368.000   769.000   525.000   62.000   77.478   -65.560
84369.000   771.000   527.000   61.000   77.428   -65.392
84370.000   818.000   680.000   55.000   77.377   -65.225
84371.000   801.000   688.000   73.000   77.327   -65.059
84372.000   830.000   622.000   62.000   77.277   -64.895
84373.000   857.000   568.000   81.000   77.226   -64.732
84374.000   841.000   540.000   63.000   77.176   -64.570
84375.000   831.000   554.000   81.000   77.125   -64.410
84376.000   808.000   522.000   78.000   77.074   -64.250
84377.000   790.000   581.000   67.000   77.023   -64.093
84378.000   827.000   626.000   62.000   76.972   -63.936
84379.000   762.000   562.000   69.000   76.921   -63.780
84380.000   782.000   662.000   51.000   76.870   -63.626
84381.000   779.000   729.000   117.000   76.819   -63.473
84382.000   879.000   652.000   60.000   76.767   -63.321
84383.000   820.000   630.000   82.000   76.716   -63.171
84384.000   803.000   580.000   63.000   76.664   -63.021
84385.000   857.000   615.000   58.000   76.612   -62.873
84386.000   869.000   573.000   62.000   76.561   -62.726
84387.000   763.000   573.000   76.000   76.509   -62.580
84388.000   796.000   607.000   62.000   76.457   -62.435
84389.000   799.000   604.000   117.000   76.405   -62.292
84390.000   781.000   652.000   53.000   76.353   -62.149
84391.000   858.000   684.000   86.000   76.300   -62.007
84392.000   786.000   613.000   75.000   76.248   -61.867
84393.000   793.000   655.000   68.000   76.196   -61.728
84394.000   844.000   681.000   73.000   76.143   -61.589
84395.000   782.000   712.000   62.000   76.091   -61.452
84396.000   828.000   609.000   57.000   76.038   -61.316
84397.000   779.000   594.000   81.000   75.985   -61.181
84398.000   773.000   557.000   64.000   75.933   -61.047
84399.000   822.000   556.000   83.000   75.880   -60.913
84400.000   797.000   582.000   75.000   75.827   -60.781
84401.000   808.000   578.000   68.000   75.774   -60.650
84402.000   805.000   576.000   52.000   75.721   -60.520
84403.000   789.000   539.000   50.000   75.668   -60.391
84404.000   814.000   584.000   60.000   75.614   -60.263
84405.000   816.000   604.000   85.000   75.561   -60.135
84406.000   804.000   652.000   60.000   75.508   -60.009
84407.000   793.000   590.000   55.000   75.454   -59.884
84408.000   821.000   579.000   68.000   75.401   -59.759
84409.000   887.000   602.000   77.000   75.347   -59.636
84410.000   845.000   608.000   57.000   75.293   -59.513
84411.000   786.000   577.000   69.000   75.240   -59.391
84412.000   847.000   523.000   81.000   75.186   -59.271
84413.000   845.000   512.000   85.000   75.132   -59.151
84414.000   801.000   535.000   67.000   75.078   -59.032
84415.000   807.000   533.000   85.000   75.024   -58.913
84416.000   796.000   479.000   74.000   74.970   -58.796
84417.000   831.000   531.000   70.000   74.916   -58.680
84418.000   776.000   550.000   65.000   74.862   -58.564
84419.000   783.000   540.000   73.000   74.807   -58.449
84420.000   848.000   511.000   70.000   74.753   -58.335
84421.000   769.000   524.000   77.000   74.699   -58.222
84422.000   812.000   519.000   65.000   74.644   -58.110
84423.000   793.000   566.000   66.000   74.590   -57.998
84424.000   851.000   541.000   52.000   74.535   -57.888
84425.000   829.000   535.000   57.000   74.481   -57.778
84426.000   791.000   531.000   69.000   74.426   -57.668
84427.000   841.000   518.000   72.000   74.371   -57.560
84428.000   865.000   545.000   70.000   74.316   -57.452
84429.000   813.000   520.000   62.000   74.261   -57.346
84430.000   833.000   478.000   64.000   74.207   -57.239
84431.000   798.000   524.000   51.000   74.152   -57.134
84432.000   823.000   522.000   68.000   74.097   -57.030
84433.000   817.000   538.000   77.000   74.041   -56.926
84434.000   793.000   485.000   72.000   73.986   -56.822
84435.000   795.000   534.000   75.000   73.931   -56.720
84436.000   805.000   546.000   69.000   73.876   -56.618
84437.000   804.000   515.000   65.000   73.821   -56.517
84438.000   790.000   512.000   52.000   73.765   -56.417
84439.000   816.000   517.000   79.000   73.710   -56.317
84440.000   848.000   541.000   59.000   73.655   -56.218
84441.000   937.000   567.000   75.000   73.599   -56.120
84442.000   851.000   513.000   66.000   73.543   -56.022
84443.000   874.000   515.000   72.000   73.488   -55.925
84444.000   801.000   504.000   60.000   73.432   -55.829
84445.000   872.000   502.000   65.000   73.377   -55.733
84446.000   759.000   483.000   55.000   73.321   -55.638
84447.000   797.000   530.000   72.000   73.265   -55.544
84448.000   853.000   537.000   76.000   73.209   -55.450
84449.000   883.000   510.000   73.000   73.153   -55.357
84450.000   782.000   511.000   70.000   73.097   -55.265
84451.000   816.000   552.000   61.000   73.042   -55.173
84452.000   814.000   554.000   73.000   72.986   -55.082
84453.000   835.000   514.000   56.000   72.929   -54.991
84454.000   801.000   508.000   96.000   72.873   -54.901
84455.000   785.000   536.000   75.000   72.817   -54.812
84456.000   766.000   480.000   68.000   72.761   -54.723
84457.000   917.000   584.000   77.000   72.705   -54.635
84458.000   890.000   531.000   81.000   72.649   -54.547
84459.000   791.000   495.000   59.000   72.592   -54.460
84460.000   831.000   535.000   66.000   72.536   -54.373
84461.000   808.000   490.000   51.000   72.480   -54.288
84462.000   787.000   523.000   56.000   72.423   -54.202
84463.000   826.000   519.000   67.000   72.367   -54.117
84464.000   810.000   485.000   62.000   72.310   -54.033
84465.000   832.000   537.000   77.000   72.254   -53.949
84466.000   799.000   490.000   63.000   72.197   -53.866
84467.000   851.000   494.000   59.000   72.140   -53.783
84468.000   841.000   493.000   69.000   72.084   -53.701
84469.000   910.000   510.000   65.000   72.027   -53.620
84470.000   817.000   518.000   56.000   71.970   -53.539
84471.000   757.000   490.000   69.000   71.913   -53.458
84472.000   818.000   494.000   57.000   71.857   -53.378
84473.000   898.000   542.000   73.000   71.800   -53.298
84474.000   842.000   517.000   62.000   71.743   -53.219
84475.000   843.000   526.000   60.000   71.686   -53.141
84476.000   830.000   539.000   55.000   71.629   -53.063
84477.000   817.000   531.000   79.000   71.572   -52.985
84478.000   858.000   491.000   72.000   71.515   -52.908
84479.000   815.000   516.000   62.000   71.458   -52.832
84480.000   833.000   17292.000   70.000   71.401   -52.755
84481.000   854.000   21880.000   70.000   71.344   -52.680
84482.000   811.000   4275.000   63.000   71.287   -52.605
84483.000   834.000   46589.000   66.000   71.229   -52.530
84484.000   867.000   575.000   62.000   71.172   -52.456
84485.000   926.000   569.000   66.000   71.115   -52.382
84486.000   826.000   576.000   81.000   71.058   -52.309
84487.000   835.000   590.000   72.000   71.000   -52.236
84488.000   878.000   602.000   69.000   70.943   -52.163
84489.000   824.000   576.000   68.000   70.885   -52.091
84490.000   810.000   563.000   70.000   70.828   -52.020
84491.000   859.000   552.000   73.000   70.771   -51.949
84492.000   837.000   569.000   63.000   70.713   -51.878
84493.000   938.000   654.000   66.000   70.656   -51.808
84494.000   918.000   580.000   65.000   70.598   -51.738
84495.000   806.000   554.000   57.000   70.540   -51.669
84496.000   838.000   576.000   72.000   70.483   -51.600
84497.000   811.000   602.000   64.000   70.425   -51.531
84498.000   825.000   545.000   71.000   70.368   -51.463
84499.000   761.000   631.000   82.000   70.310   -51.395
84500.000   778.000   591.000   66.000   70.252   -51.328
84501.000   798.000   646.000   80.000   70.194   -51.261
84502.000   743.000   538.000   60.000   70.137   -51.194
84503.000   732.000   585.000   78.000   70.079   -51.128
84504.000   714.000   567.000   55.000   70.021   -51.062
84505.000   822.000   599.000   85.000   69.963   -50.997
84506.000   767.000   577.000   69.000   69.905   -50.932
84507.000   702.000   602.000   60.000   69.847   -50.867
84508.000   759.000   580.000   60.000   69.789   -50.803
84509.000   750.000   630.000   73.000   69.731   -50.739
84510.000   714.000   578.000   52.000   69.673   -50.676
84511.000   772.000   552.000   59.000   69.615   -50.613
84512.000   743.000   599.000   59.000   69.557   -50.550
84513.000   726.000   606.000   78.000   69.499   -50.487
84514.000   783.000   534.000   66.000   69.441   -50.425
84515.000   758.000   568.000   74.000   69.383   -50.364
84516.000   763.000   551.000   80.000   69.325   -50.302
84517.000   757.000   658.000   77.000   69.267   -50.241
84518.000   754.000   552.000   63.000   69.208   -50.181
84519.000   750.000   529.000   67.000   69.150   -50.120
84520.000   770.000   534.000   79.000   69.092   -50.060
84521.000   751.000   594.000   73.000   69.034   -50.001
84522.000   789.000   530.000   68.000   68.975   -49.942
84523.000   769.000   521.000   78.000   68.917   -49.883
84524.000   729.000   552.000   67.000   68.859   -49.824
84525.000   1467.000   543.000   73.000   68.800   -49.766
84526.000   2755.000   570.000   83.000   68.742   -49.708
84527.000   2335.000   521.000   55.000   68.684   -49.650
84528.000   2976.000   567.000   57.000   68.625   -49.593
84529.000   3035.000   529.000   60.000   68.567   -49.536
84530.000   3272.000   528.000   56.000   68.508   -49.479
84531.000   2846.000   557.000   63.000   68.450   -49.423
84532.000   2619.000   571.000   79.000   68.391   -49.367
84533.000   2648.000   618.000   74.000   68.333   -49.311
84534.000   2391.000   504.000   66.000   68.274   -49.256
84535.000   2261.000   522.000   72.000   68.216   -49.201
84536.000   2367.000   527.000   68.000   68.157   -49.146
84537.000   1532.000   651.000   65.000   68.098   -49.091
84538.000   1422.000   516.000   43.000   68.040   -49.037
84539.000   1343.000   522.000   50.000   67.981   -48.983
84540.000   1099.000   547.000   40.000   67.922   -48.930
84541.000   979.000   582.000   56.000   67.864   -48.876
84542.000   999.000   446.000   49.000   67.805   -48.823
84543.000   934.000   484.000   44.000   67.746   -48.771
84544.000   1229.000   512.000   42.000   67.687   -48.718
84545.000   1027.000   567.000   51.000   67.628   -48.666
84546.000   949.000   507.000   43.000   67.570   -48.614
84547.000   1079.000   485.000   54.000   67.511   -48.562
84548.000   1051.000   438.000   47.000   67.452   -48.511
84549.000   1025.000   566.000   45.000   67.393   -48.460
84550.000   1110.000   514.000   53.000   67.334   -48.409
84551.000   1083.000   470.000   44.000   67.275   -48.359
84552.000   1032.000   477.000   45.000   67.216   -48.308
84553.000   934.000   562.000   39.000   67.157   -48.258
84554.000   1016.000   468.000   39.000   67.098   -48.209
84555.000   977.000   466.000   55.000   67.039   -48.159
84556.000   1019.000   472.000   35.000   66.980   -48.110
84557.000   1021.000   567.000   35.000   66.921   -48.061
84558.000   974.000   457.000   34.000   66.862   -48.012
84559.000   998.000   453.000   40.000   66.803   -47.964
84560.000   1157.000   460.000   48.000   66.744   -47.916
84561.000   1239.000   599.000   71.000   66.685   -47.868
84562.000   1041.000   504.000   33.000   66.626   -47.820
84563.000   1513.000   506.000   55.000   66.567   -47.773
84564.000   1443.000   501.000   47.000   66.508   -47.725
84565.000   1294.000   446.000   36.000   66.449   -47.678
84566.000   1410.000   501.000   41.000   66.389   -47.632
84567.000   1449.000   522.000   49.000   66.330   -47.585
84568.000   1054.000   489.000   49.000   66.271   -47.539
84569.000   891.000   539.000   101.000   66.212   -47.493
84570.000   857.000   477.000   64.000   66.153   -47.447
84571.000   939.000   466.000   54.000   66.093   -47.402
84572.000   916.000   484.000   49.000   66.034   -47.356
84573.000   942.000   429.000   48.000   65.975   -47.311
84574.000   1134.000   490.000   41.000   65.915   -47.266
84575.000   1236.000   534.000   36.000   65.856   -47.222
84576.000   1368.000   478.000   42.000   65.797   -47.177
84577.000   1452.000   575.000   97.000   65.737   -47.133
84578.000   1381.000   484.000   68.000   65.678   -47.089
84579.000   1354.000   476.000   53.000   65.619   -47.046
84580.000   1433.000   523.000   58.000   65.559   -47.002
84581.000   1675.000   570.000   53.000   65.500   -46.959
84582.000   1682.000   511.000   47.000   65.440   -46.916
84583.000   1653.000   504.000   34.000   65.381   -46.873
84584.000   1535.000   481.000   40.000   65.321   -46.830
84585.000   1640.000   544.000   103.000   65.262   -46.788
84586.000   1523.000   484.000   50.000   65.202   -46.745
84587.000   1478.000   503.000   49.000   65.143   -46.703
84588.000   1620.000   511.000   50.000   65.083   -46.662
84589.000   1527.000   597.000   43.000   65.024   -46.620
84590.000   1366.000   594.000   51.000   64.964   -46.579
84591.000   1241.000   610.000   41.000   64.905   -46.537
84592.000   1265.000   767.000   43.000   64.845   -46.496
84593.000   1111.000   909.000   97.000   64.786   -46.456
84594.000   1127.000   1301.000   38.000   64.726   -46.415
84595.000   1113.000   1000.000   52.000   64.666   -46.375
84596.000   1268.000   1030.000   37.000   64.607   -46.334
84597.000   1453.000   975.000   55.000   64.547   -46.294
84598.000   1543.000   842.000   35.000   64.487   -46.254
84599.000   1683.000   895.000   39.000   64.428   -46.215
84600.000   1334.000   809.000   58.000   64.368   -46.175
84601.000   1363.000   708.000   44.000   64.308   -46.136
84602.000   1651.000   998.000   38.000   64.249   -46.097
84603.000   1329.000   963.000   50.000   64.189   -46.058
84604.000   1146.000   995.000   39.000   64.129   -46.019
84605.000   1019.000   959.000   34.000   64.069   -45.981
84606.000   998.000   991.000   41.000   64.010   -45.943
84607.000   1010.000   978.000   46.000   63.950   -45.904
84608.000   988.000   1013.000   43.000   63.890   -45.866
84609.000   1040.000   1000.000   57.000   63.830   -45.829
84610.000   1040.000   1048.000   42.000   63.770   -45.791
84611.000   989.000   1019.000   43.000   63.711   -45.754
84612.000   944.000   1108.000   52.000   63.651   -45.716
84613.000   1075.000   1158.000   40.000   63.591   -45.679
84614.000   1015.000   1183.000   45.000   63.531   -45.642
84615.000   1015.000   1201.000   48.000   63.471   -45.606
84616.000   1085.000   1133.000   52.000   63.411   -45.569
84617.000   1101.000   1074.000   45.000   63.351   -45.533
84618.000   1085.000   1052.000   56.000   63.291   -45.496
84619.000   1095.000   1128.000   50.000   63.232   -45.460
84620.000   1137.000   1170.000   46.000   63.172   -45.424
84621.000   962.000   1297.000   34.000   63.112   -45.389
84622.000   1028.000   1266.000   43.000   63.052   -45.353
84623.000   1059.000   1301.000   45.000   62.992   -45.318
84624.000   1047.000   1422.000   43.000   62.932   -45.282
84625.000   994.000   1517.000   31.000   62.872   -45.247
84626.000   976.000   1537.000   42.000   62.812   -45.212
84627.000   1093.000   1582.000   47.000   62.752   -45.178
84628.000   1164.000   1674.000   58.000   62.692   -45.143
84629.000   1135.000   1582.000   41.000   62.632   -45.109
84630.000   1131.000   1569.000   37.000   62.572   -45.074
84631.000   1001.000   1802.000   37.000   62.512   -45.040
84632.000   969.000   1572.000   46.000   62.451   -45.006
84633.000   958.000   1623.000   44.000   62.391   -44.972
84634.000   915.000   1603.000   56.000   62.331   -44.939
84635.000   1038.000   1642.000   47.000   62.271   -44.905
84636.000   965.000   1673.000   50.000   62.211   -44.872
84637.000   1008.000   1737.000   34.000   62.151   -44.838
84638.000   989.000   2023.000   51.000   62.091   -44.805
84639.000   958.000   2008.000   48.000   62.031   -44.772
84640.000   942.000   2179.000   55.000   61.971   -44.740
84641.000   949.000   2295.000   33.000   61.910   -44.707
84642.000   1003.000   2241.000   50.000   61.850   -44.675
84643.000   970.000   2267.000   47.000   61.790   -44.642
84644.000   936.000   2413.000   52.000   61.730   -44.610
84645.000   883.000   2689.000   40.000   61.670   -44.578
84646.000   806.000   2921.000   42.000   61.609   -44.546
84647.000   825.000   2762.000   54.000   61.549   -44.514
84648.000   893.000   2936.000   40.000   61.489   -44.483
84649.000   911.000   3046.000   49.000   61.429   -44.451
84650.000   803.000   3193.000   50.000   61.368   -44.420
84651.000   788.000   3147.000   60.000   61.308   -44.388
84652.000   855.000   3411.000   48.000   61.248   -44.357
84653.000   843.000   3160.000   35.000   61.188   -44.326
84654.000   858.000   3047.000   48.000   61.127   -44.295
84655.000   854.000   2972.000   48.000   61.067   -44.265
84656.000   865.000   2995.000   55.000   61.007   -44.234
84657.000   821.000   2950.000   61.000   60.946   -44.204
84658.000   792.000   3060.000   160.000   60.886   -44.173
84659.000   795.000   3093.000   135.000   60.826   -44.143
84660.000   17389.000   3310.000   149.000   60.765   -44.113
84661.000   22005.000   3635.000   165.000   60.705   -44.083
84662.000   1948.000   3736.000   144.000   60.645   -44.053
84663.000   23636.000   4286.000   174.000   60.584   -44.024
84664.000   621.000   18222.000   135.000   60.524   -43.994
84665.000   649.000   22812.000   239.000   60.463   -43.965
84666.000   626.000   5133.000   155.000   60.403   -43.936
84667.000   607.000   46635.000   130.000   60.343   -43.906
84668.000   592.000   679.000   163.000   60.282   -43.877
84669.000   616.000   707.000   164.000   60.222   -43.848
84670.000   611.000   614.000   155.000   60.161   -43.820
84671.000   634.000   680.000   143.000   60.101   -43.791
84672.000   640.000   604.000   164.000   60.040   -43.762
84673.000   571.000   639.000   155.000   59.980   -43.734
84674.000   610.000   641.000   152.000   59.919   -43.706
84675.000   546.000   614.000   144.000   59.859   -43.677
84676.000   588.000   657.000   172.000   59.799   -43.649
84677.000   618.000   622.000   139.000   59.738   -43.621
84678.000   620.000   624.000   176.000   59.678   -43.594
84679.000   609.000   599.000   126.000   59.617   -43.566
84680.000   608.000   576.000   149.000   59.556   -43.538
84681.000   632.000   632.000   253.000   59.496   -43.511
84682.000   610.000   578.000   146.000   59.435   -43.483
84683.000   589.000   617.000   183.000   59.375   -43.456
84684.000   623.000   648.000   142.000   59.314   -43.429
84685.000   618.000   608.000   174.000   59.254   -43.402
84686.000   656.000   612.000   145.000   59.193   -43.375
84687.000   613.000   544.000   141.000   59.133   -43.348
84688.000   645.000   592.000   151.000   59.072   -43.321
84689.000   604.000   634.000   187.000   59.011   -43.295
84690.000   657.000   590.000   173.000   58.951   -43.268
84691.000   606.000   590.000   145.000   58.890   -43.242
84692.000   645.000   588.000   158.000   58.830   -43.215
84693.000   619.000   610.000   172.000   58.769   -43.189
84694.000   641.000   590.000   142.000   58.708   -43.163
84695.000   611.000   541.000   166.000   58.648   -43.137
84696.000   584.000   549.000   155.000   58.587   -43.111
84697.000   593.000   542.000   251.000   58.526   -43.085
84698.000   578.000   599.000   132.000   58.466   -43.060
84699.000   664.000   623.000   183.000   58.405   -43.034
84700.000   635.000   519.000   145.000   58.344   -43.009
84701.000   619.000   589.000   155.000   58.284   -42.983
84702.000   613.000   565.000   154.000   58.223   -42.958
84703.000   620.000   560.000   165.000   58.162   -42.933
84704.000   609.000   572.000   167.000   58.102   -42.908
84705.000   646.000   577.000   155.000   58.041   -42.883
84706.000   595.000   582.000   184.000   57.980   -42.858
84707.000   616.000   532.000   148.000   57.919   -42.833
84708.000   544.000   539.000   149.000   57.859   -42.809
84709.000   618.000   514.000   158.000   57.798   -42.784
84710.000   634.000   546.000   171.000   57.737   -42.760
84711.000   632.000   548.000   171.000   57.676   -42.735
84712.000   635.000   577.000   163.000   57.616   -42.711
84713.000   626.000   528.000   191.000   57.555   -42.687
84714.000   561.000   536.000   163.000   57.494   -42.663
84715.000   611.000   541.000   146.000   57.433   -42.639
84716.000   628.000   544.000   150.000   57.373   -42.615
84717.000   671.000   518.000   147.000   57.312   -42.591
84718.000   636.000   525.000   165.000   57.251   -42.567
84719.000   587.000   526.000   144.000   57.190   -42.544
85200.000   735.000   728.000   78.000   27.515   -36.730
85201.000   756.000   710.000   78.000   27.453   -36.724
85202.000   784.000   672.000   72.000   27.391   -36.717
85203.000   729.000   688.000   76.000   27.329   -36.711
85204.000   701.000   689.000   73.000   27.267   -36.705
85205.000   723.000   666.000   74.000   27.204   -36.699
85206.000   735.000   627.000   81.000   27.142   -36.693
85207.000   702.000   624.000   66.000   27.080   -36.687
85208.000   761.000   647.000   76.000   27.018   -36.680
85209.000   683.000   709.000   74.000   26.956   -36.674
85210.000   731.000   667.000   71.000   26.893   -36.668
85211.000   730.000   628.000   72.000   26.831   -36.662
85212.000   738.000   681.000   75.000   26.769   -36.656
85213.000   759.000   635.000   59.000   26.707   -36.650
85214.000   688.000   607.000   87.000   26.645   -36.644
85215.000   735.000   655.000   85.000   26.582   -36.638
85216.000   702.000   678.000   89.000   26.520   -36.632
85217.000   706.000   620.000   76.000   26.458   -36.626
85218.000   719.000   592.000   76.000   26.396   -36.620
85219.000   717.000   682.000   86.000   26.334   -36.614
85220.000   741.000   686.000   76.000   26.271   -36.608
85221.000   740.000   647.000   82.000   26.209   -36.602
85222.000   716.000   658.000   73.000   26.147   -36.596
85223.000   734.000   628.000   84.000   26.085   -36.590
85224.000   676.000   649.000   67.000   26.023   -36.584
85225.000   810.000   626.000   81.000   25.960   -36.578
85226.000   692.000   625.000   67.000   25.898   -36.572
85227.000   751.000   625.000   76.000   25.836   -36.566
85228.000   737.000   631.000   57.000   25.774   -36.560
85229.000   690.000   602.000   81.000   25.711   -36.554
85230.000   720.000   630.000   69.000   25.649   -36.548
85231.000   742.000   642.000   68.000   25.587   -36.543
85232.000   714.000   638.000   66.000   25.525   -36.537
85233.000   755.000   622.000   61.000   25.463   -36.531
85234.000   723.000   640.000   84.000   25.400   -36.525
85235.000   706.000   606.000   81.000   25.338   -36.519
85236.000   738.000   620.000   78.000   25.276   -36.513
85237.000   727.000   592.000   73.000   25.214   -36.507
85238.000   726.000   600.000   74.000   25.151   -36.502
85239.000   726.000   592.000   73.000   25.089   -36.496
85240.000   722.000   619.000   72.000   25.027   -36.490
85241.000   695.000   611.000   76.000   24.965   -36.484
85242.000   732.000   614.000   91.000   24.902   -36.479
85243.000   704.000   617.000   67.000   24.840   -36.473
85244.000   710.000   639.000   72.000   24.778   -36.467
85245.000   721.000   618.000   75.000   24.716   -36.461
85246.000   738.000   586.000   74.000   24.653   -36.456
85247.000   735.000   630.000   75.000   24.591   -36.450
85248.000   671.000   618.000   71.000   24.529   -36.444
85249.000   692.000   608.000   64.000   24.467   -36.438
85250.000   765.000   605.000   82.000   24.405   -36.433
85251.000   707.000   621.000   58.000   24.342   -36.427
85252.000   681.000   578.000   64.000   24.280   -36.421
85253.000   755.000   605.000   64.000   24.218   -36.416
85254.000   717.000   630.000   69.000   24.156   -36.410
85255.000   723.000   617.000   79.000   24.093   -36.404
85256.000   706.000   609.000   79.000   24.031   -36.399
85257.000   746.000   629.000   68.000   23.969   -36.393
85258.000   706.000   587.000   58.000   23.907   -36.388
85259.000   705.000   592.000   65.000   23.844   -36.382
85260.000   741.000   592.000   72.000   23.782   -36.376
85261.000   685.000   618.000   77.000   23.720   -36.371
85262.000   720.000   562.000   60.000   23.658   -36.365
85263.000   723.000   520.000   81.000   23.595   -36.360
85264.000   735.000   527.000   92.000   23.533   -36.354
85265.000   734.000   535.000   73.000   23.471   -36.349
85266.000   722.000   558.000   76.000   23.408   -36.343
85267.000   697.000   513.000   76.000   23.346   -36.338
85268.000   733.000   547.000   63.000   23.284   -36.332
85269.000   686.000   515.000   61.000   23.222   -36.327
85270.000   711.000   527.000   77.000   23.159   -36.321
85271.000   732.000   506.000   65.000   23.097   -36.316
85272.000   739.000   526.000   69.000   23.035   -36.310
85273.000   706.000   577.000   74.000   22.973   -36.305
85274.000   702.000   529.000   89.000   22.910   -36.299
85275.000   664.000   530.000   83.000   22.848   -36.294
85276.000   671.000   545.000   83.000   22.786   -36.288
85277.000   722.000   528.000   78.000   22.724   -36.283
85278.000   675.000   588.000   68.000   22.661   -36.277
85279.000   715.000   506.000   73.000   22.599   -36.272
85280.000   701.000   574.000   54.000   22.537   -36.266
85281.000   695.000   575.000   65.000   22.475   -36.261
85282.000   716.000   538.000   77.000   22.412   -36.256
85283.000   671.000   525.000   78.000   22.350   -36.250
85284.000   688.000   520.000   73.000   22.288   -36.245
85285.000   761.000   555.000   73.000   22.225   -36.240
85286.000   657.000   551.000   75.000   22.163   -36.234
85287.000   706.000   519.000   80.000   22.101   -36.229
85288.000   717.000   565.000   79.000   22.039   -36.223
85289.000   702.000   598.000   67.000   21.976   -36.218
85290.000   681.000   517.000   69.000   21.914   -36.213
85291.000   694.000   559.000   79.000   21.852   -36.208
85292.000   681.000   550.000   83.000   21.789   -36.202
85293.000   664.000   520.000   69.000   21.727   -36.197
85294.000   688.000   521.000   70.000   21.665   -36.192
85295.000   712.000   502.000   70.000   21.603   -36.186
85296.000   721.000   562.000   95.000   21.540   -36.181
85297.000   715.000   519.000   83.000   21.478   -36.176
85298.000   718.000   535.000   61.000   21.416   -36.170
85299.000   700.000   517.000   75.000   21.354   -36.165
85300.000   710.000   542.000   67.000   21.291   -36.160
85301.000   744.000   504.000   67.000   21.229   -36.155
85302.000   680.000   566.000   73.000   21.167   -36.150
85303.000   711.000   479.000   77.000   21.104   -36.144
85304.000   731.000   529.000   64.000   21.042   -36.139
85305.000   693.000   578.000   78.000   20.980   -36.134
85306.000   689.000   539.000   77.000   20.917   -36.129
85307.000   649.000   547.000   76.000   20.855   -36.123
85308.000   739.000   507.000   76.000   20.793   -36.118
85309.000   757.000   526.000   70.000   20.731   -36.113
85310.000   688.000   569.000   63.000   20.668   -36.108
85311.000   678.000   541.000   74.000   20.606   -36.103
85312.000   754.000   567.000   87.000   20.544   -36.098
85313.000   790.000   536.000   72.000   20.481   -36.092
85314.000   721.000   531.000   72.000   20.419   -36.087
85315.000   723.000   524.000   65.000   20.357   -36.082
85316.000   649.000   525.000   60.000   20.295   -36.077
85317.000   734.000   590.000   80.000   20.232   -36.072
85318.000   683.000   518.000   68.000   20.170   -36.067
85319.000   695.000   524.000   60.000   20.108   -36.062
85320.000   656.000   513.000   80.000   20.045   -36.057
85321.000   712.000   643.000   79.000   19.983   -36.052
85322.000   657.000   520.000   62.000   19.921   -36.047
85323.000   700.000   489.000   76.000   19.858   -36.041
85324.000   706.000   552.000   63.000   19.796   -36.036
85325.000   786.000   526.000   79.000   19.734   -36.031
85326.000   683.000   497.000   68.000   19.672   -36.026
85327.000   723.000   524.000   60.000   19.609   -36.021
85328.000   670.000   525.000   66.000   19.547   -36.016
85329.000   720.000   527.000   89.000   19.485   -36.011
85330.000   683.000   680.000   65.000   19.422   -36.006
85331.000   696.000   688.000   48.000   19.360   -36.001
85332.000   703.000   622.000   71.000   19.298   -35.996
85333.000   759.000   568.000   73.000   19.235   -35.991
85334.000   733.000   540.000   81.000   19.173   -35.986
85335.000   714.000   554.000   56.000   19.111   -35.981
85336.000   724.000   522.000   68.000   19.048   -35.976
85337.000   690.000   581.000   70.000   18.986   -35.971
85338.000   714.000   626.000   72.000   18.924   -35.966
85339.000   608.000   562.000   76.000   18.862   -35.961
85340.000   690.000   662.000   88.000   18.799   -35.956
85341.000   744.000   729.000   127.000   18.737   -35.951
85342.000   732.000   652.000   59.000   18.675   -35.946
85343.000   685.000   630.000   56.000   18.612   -35.942
85344.000   686.000   580.000   78.000   18.550   -35.937
85345.000   721.000   615.000   76.000   18.488   -35.932
85346.000   718.000   573.000   62.000   18.425   -35.927
85347.000   654.000   573.000   62.000   18.363   -35.922
85348.000   688.000   607.000   72.000   18.301   -35.917
85349.000   787.000   604.000   77.000   18.238   -35.912
85350.000   675.000   652.000   81.000   18.176   -35.907
85351.000   760.000   684.000   76.000   18.114   -35.902
85352.000   673.000   613.000   76.000   18.051   -35.897
85353.000   691.000   655.000   67.000   17.989   -35.893
85354.000   696.000   681.000   64.000   17.927   -35.888
85355.000   636.000   712.000   55.000   17.864   -35.883
85356.000   728.000   609.000   61.000   17.802   -35.878
85357.000   738.000   594.000   75.000   17.740   -35.873
85358.000   690.000   557.000   81.000   17.677   -35.868
85359.000   717.000   556.000   75.000   17.615   -35.863
85360.000   679.000   582.000   71.000   17.553   -35.859
85361.000   701.000   578.000   78.000   17.490   -35.854
85362.000   689.000   576.000   69.000   17.428   -35.849
85363.000   677.000   539.000   51.000   17.366   -35.844
85364.000   707.000   584.000   66.000   17.303   -35.839
85365.000   717.000   604.000   77.000   17.241   -35.835
85366.000   677.000   652.000   72.000   17.179   -35.830
85367.000   711.000   590.000   73.000   17.117   -35.825
85368.000   694.000   579.000   73.000   17.054   -35.820
85369.000   772.000   602.000   76.000   16.992   -35.816
85370.000   741.000   608.000   76.000   16.930   -35.811
85371.000   660.000   577.000   73.000   16.867   -35.806
85372.000   717.000   523.000   65.000   16.805   -35.801
85373.000   785.000   512.000   77.000   16.743   -35.796
85374.000   710.000   535.000   74.000   16.680   -35.792
85375.000   707.000   533.000   79.000   16.618   -35.787
85376.000   684.000   479.000   71.000   16.556   -35.782
85377.000   697.000   531.000   56.000   16.493   -35.778
85378.000   697.000   550.000   210.000   16.431   -35.773
85379.000   683.000   540.000   193.000   16.369   -35.768
85380.000   721.000   511.000   16967.000   16.306   -35.763
85381.000   666.000   524.000   21576.000   16.244   -35.759
85382.000   704.000   519.000   2577.000   16.181   -35.754
85383.000   731.000   566.000   23224.000   16.119   -35.749
85384.000   707.000   541.000   43.000   16.057   -35.745
85385.000   695.000   535.000   56.000   15.994   -35.740
85386.000   700.000   531.000   60.000   15.932   -35.735
85387.000   722.000   518.000   44.000   15.870   -35.731
85388.000   695.000   545.000   35.000   15.807   -35.726
85389.000   756.000   520.000   64.000   15.745   -35.721
85390.000   711.000   478.000   42.000   15.683   -35.717
85391.000   706.000   524.000   48.000   15.620   -35.712
85392.000   645.000   522.000   48.000   15.558   -35.707
85393.000   660.000   538.000   42.000   15.496   -35.703
85394.000   652.000   485.000   59.000   15.433   -35.698
85395.000   697.000   534.000   49.000   15.371   -35.694
85396.000   679.000   546.000   36.000   15.309   -35.689
85397.000   712.000   515.000   51.000   15.246   -35.684
85398.000   669.000   512.000   44.000   15.184   -35.680
85399.000   643.000   517.000   42.000   15.122   -35.675
85400.000   734.000   541.000   45.000   15.059   -35.670
85401.000   813.000   567.000   43.000   14.997   -35.666
85402.000   693.000   513.000   60.000   14.935   -35.661
85403.000   745.000   515.000   51.000   14.872   -35.657
85404.000   689.000   504.000   57.000   14.810   -35.652
85405.000   746.000   502.000   38.000   14.748   -35.648
85406.000   676.000   483.000   44.000   14.685   -35.643
85407.000   722.000   530.000   54.000   14.623   -35.638
85408.000   691.000   537.000   46.000   14.561   -35.634
85409.000   715.000   510.000   40.000   14.498   -35.629
85410.000   695.000   511.000   51.000   14.436   -35.625
85411.000   690.000   552.000   61.000   14.374   -35.620
85412.000   708.000   554.000   37.000   14.311   -35.616
85413.000   731.000   514.000   49.000   14.249   -35.611
85414.000   676.000   508.000   55.000   14.186   -35.607
85415.000   676.000   536.000   48.000   14.124   -35.602
85416.000   642.000   480.000   46.000   14.062   -35.598
85417.000   813.000   584.000   57.000   13.999   -35.593
85418.000   729.000   531.000   67.000   13.937   -35.589
85419.000   690.000   495.000   56.000   13.875   -35.584
85420.000   710.000   535.000   39.000   13.812   -35.580
85421.000   668.000   490.000   51.000   13.750   -35.575
85422.000   647.000   523.000   49.000   13.688   -35.571
85423.000   712.000   519.000   48.000   13.625   -35.566
85424.000   695.000   485.000   42.000   13.563   -35.562
85425.000   756.000   537.000   42.000   13.501   -35.557
85426.000   725.000   490.000   46.000   13.438   -35.553
85427.000   723.000   494.000   46.000   13.376   -35.548
85428.000   716.000   493.000   62.000   13.314   -35.544
85429.000   750.000   510.000   47.000   13.251   -35.539
85430.000   680.000   518.000   57.000   13.189   -35.535
85431.000   650.000   490.000   57.000   13.126   -35.530
85432.000   702.000   494.000   51.000   13.064   -35.526
85433.000   788.000   542.000   51.000   13.002   -35.522
85434.000   728.000   517.000   52.000   12.939   -35.517
85435.000   654.000   526.000   53.000   12.877   -35.513
85436.000   729.000   539.000   44.000   12.815   -35.508
85437.000   707.000   531.000   46.000   12.752   -35.504
85438.000   716.000   491.000   38.000   12.690   -35.499
85439.000   674.000   516.000   53.000   12.628   -35.495
85440.000   723.000   17292.000   42.000   12.565   -35.491
85441.000   690.000   21880.000   46.000   12.503   -35.486
85442.000   705.000   4275.000   54.000   12.440   -35.482
85443.000   710.000   46589.000   49.000   12.378   -35.477
85444.000   703.000   575.000   65.000   12.316   -35.473
85445.000   813.000   569.000   43.000   12.253   -35.469
85446.000   666.000   576.000   42.000   12.191   -35.464
85447.000   667.000   590.000   55.000   12.129   -35.460
85448.000   735.000   602.000   49.000   12.066   -35.455
85449.000   756.000   576.000   61.000   12.004   -35.451
85450.000   668.000   563.000   54.000   11.942   -35.447
85451.000   698.000   552.000   42.000   11.879   -35.442
85452.000   721.000   569.000   53.000   11.817   -35.438
85453.000   774.000   654.000   39.000   11.754   -35.434
85454.000   753.000   580.000   46.000   11.692   -35.429
85455.000   661.000   554.000   57.000   11.630   -35.425
85456.000   697.000   576.000   41.000   11.567   -35.421
85457.000   675.000   602.000   48.000   11.505   -35.416
85458.000   653.000   545.000   44.000   11.443   -35.412
85459.000   646.000   631.000   43.000   11.380   -35.408
85460.000   648.000   591.000   48.000   11.318   -35.403
85461.000   644.000   646.000   45.000   11.256   -35.399
85462.000   603.000   538.000   42.000   11.193   -35.395
85463.000   582.000   585.000   55.000   11.131   -35.390
85464.000   576.000   567.000   44.000   11.068   -35.386
85465.000   648.000   599.000   43.000   11.006   -35.382
85466.000   585.000   577.000   47.000   10.944   -35.377
85467.000   575.000   602.000   45.000   10.881   -35.373
85468.000   609.000   580.000   39.000   10.819   -35.369
85469.000   622.000   630.000   50.000   10.757   -35.364
85470.000   606.000   578.000   40.000   10.694   -35.360
85471.000   617.000   552.000   44.000   10.632   -35.356
85472.000   590.000   599.000   49.000   10.570   -35.352
85473.000   617.000   606.000   44.000   10.507   -35.347
85474.000   622.000   534.000   49.000   10.445   -35.343
85475.000   614.000   568.000   59.000   10.382   -35.339
85476.000   622.000   551.000   58.000   10.320   -35.334
85477.000   611.000   658.000   51.000   10.258   -35.330
85478.000   552.000   552.000   56.000   10.195   -35.326
85479.000   615.000   529.000   39.000   10.133   -35.322
85480.000   630.000   534.000   49.000   10.071   -35.317
85481.000   615.000   594.000   49.000   10.008   -35.313
85482.000   644.000   530.000   48.000   09.946   -35.309
85483.000   596.000   521.000   46.000   09.883   -35.305
85484.000   582.000   552.000   48.000   09.821   -35.300
85485.000   574.000   543.000   47.000   09.759   -35.296
85486.000   626.000   570.000   50.000   09.696   -35.292
85487.000   595.000   521.000   45.000   09.634   -35.288
85488.000   601.000   567.000   53.000   09.572   -35.283
85489.000   655.000   529.000   47.000   09.509   -35.279
85490.000   596.000   528.000   49.000   09.447   -35.275
85491.000   635.000   557.000   47.000   09.384   -35.271
85492.000   645.000   571.000   47.000   09.322   -35.266
85493.000   655.000   618.000   50.000   09.260   -35.262
85494.000   561.000   504.000   37.000   09.197   -35.258
85495.000   572.000   522.000   57.000   09.135   -35.254
85496.000   591.000   527.000   51.000   09.073   -35.250
85497.000   624.000   651.000   43.000   09.010   -35.245
85498.000   602.000   516.000   49.000   08.948   -35.241
85499.000   638.000   522.000   37.000   08.886   -35.237
85500.000   590.000   547.000   51.000   08.823   -35.233
85501.000   585.000   582.000   49.000   08.761   -35.229
85502.000   612.000   446.000   49.000   08.698   -35.224
85503.000   598.000   484.000   45.000   08.636   -35.220
85504.000   627.000   512.000   59.000   08.574   -35.216
85505.000   613.000   567.000   43.000   08.511   -35.212
85506.000   591.000   507.000   50.000   08.449   -35.208
85507.000   595.000   485.000   48.000   08.387   -35.203
85508.000   605.000   438.000   58.000   08.324   -35.199
85509.000   605.000   566.000   39.000   08.262   -35.195
85510.000   620.000   514.000   36.000   08.199   -35.191
85511.000   620.000   470.000   44.000   08.137   -35.187
85512.000   614.000   477.000   44.000   08.075   -35.183
85513.000   567.000   562.000   45.000   08.012   -35.178
85514.000   533.000   468.000   46.000   07.950   -35.174
85515.000   545.000   466.000   48.000   07.888   -35.170
85516.000   515.000   472.000   53.000   07.825   -35.166
85517.000   527.000   567.000   49.000   07.763   -35.162
85518.000   484.000   457.000   45.000   07.700   -35.158
85519.000   508.000   453.000   48.000   07.638   -35.153
85520.000   497.000   460.000   49.000   07.576   -35.149
85521.000   533.000   599.000   105.000   07.513   -35.145
85522.000   475.000   504.000   43.000   07.451   -35.141
85523.000   525.000   506.000   48.000   07.389   -35.137
85524.000   516.000   501.000   54.000   07.326   -35.133
85525.000   544.000   446.000   58.000   07.264   -35.129
85526.000   512.000   501.000   43.000   07.201   -35.124
85527.000   503.000   522.000   44.000   07.139   -35.120
85528.000   526.000   489.000   53.000   07.077   -35.116
85529.000   508.000   539.000   109.000   07.014   -35.112
85530.000   494.000   477.000   45.000   06.952   -35.108
85531.000   514.000   466.000   38.000   06.890   -35.104
85532.000   561.000   484.000   57.000   06.827   -35.100
85533.000   520.000   429.000   40.000   06.765   -35.096
85534.000   508.000   490.000   40.000   06.702   -35.091
85535.000   554.000   534.000   45.000   06.640   -35.087
85536.000   537.000   478.000   44.000   06.578   -35.083
85537.000   501.000   575.000   105.000   06.515   -35.079
85538.000   498.000   484.000   47.000   06.453   -35.075
85539.000   556.000   476.000   38.000   06.391   -35.071
85540.000   520.000   523.000   52.000   06.328   -35.067
85541.000   515.000   570.000   45.000   06.266   -35.063
85542.000   534.000   511.000   32.000   06.203   -35.059
85543.000   540.000   504.000   40.000   06.141   -35.055
85544.000   492.000   481.000   48.000   06.079   -35.050
85545.000   529.000   544.000   41.000   06.016   -35.046
85546.000   501.000   484.000   46.000   05.954   -35.042
85547.000   503.000   503.000   38.000   05.891   -35.038
85548.000   491.000   511.000   38.000   05.829   -35.034
85549.000   539.000   597.000   54.000   05.767   -35.030
85550.000   529.000   594.000   39.000   05.704   -35.026
85551.000   540.000   610.000   50.000   05.642   -35.022
85552.000   553.000   767.000   44.000   05.580   -35.018
85553.000   479.000   909.000   105.000   05.517   -35.014
85554.000   502.000   1301.000   62.000   05.455   -35.010
85555.000   484.000   1000.000   36.000   05.392   -35.006
85556.000   529.000   1030.000   46.000   05.330   -35.001
85557.000   501.000   975.000   49.000   05.268   -34.997
85558.000   569.000   842.000   46.000   05.205   -34.993
85559.000   507.000   895.000   47.000   05.143   -34.989
85560.000   520.000   809.000   58.000   05.081   -34.985
85561.000   526.000   708.000   38.000   05.018   -34.981
85562.000   532.000   998.000   54.000   04.956   -34.977
85563.000   485.000   963.000   50.000   04.893   -34.973
85564.000   515.000   995.000   50.000   04.831   -34.969
85565.000   537.000   959.000   109.000   04.769   -34.965
85566.000   488.000   991.000   39.000   04.706   -34.961
85567.000   533.000   978.000   42.000   04.644   -34.957
85568.000   494.000   1013.000   44.000   04.582   -34.953
85569.000   576.000   1000.000   41.000   04.519   -34.949
85570.000   539.000   1048.000   41.000   04.457   -34.945
85571.000   535.000   1019.000   38.000   04.394   -34.941
85572.000   511.000   1108.000   40.000   04.332   -34.937
85573.000   549.000   1158.000   107.000   04.270   -34.932
85574.000   523.000   1183.000   39.000   04.207   -34.928
85575.000   538.000   1201.000   47.000   04.145   -34.924
85576.000   518.000   1133.000   38.000   04.083   -34.920
85577.000   504.000   1074.000   49.000   04.020   -34.916
85578.000   526.000   1052.000   51.000   03.958   -34.912
85579.000   498.000   1128.000   49.000   03.895   -34.908
85580.000   508.000   1170.000   42.000   03.833   -34.904
85581.000   521.000   1297.000   109.000   03.771   -34.900
85582.000   548.000   1266.000   49.000   03.708   -34.896
85583.000   549.000   1301.000   40.000   03.646   -34.892
85584.000   508.000   1422.000   44.000   03.584   -34.888
85585.000   526.000   1517.000   53.000   03.521   -34.884
85586.000   525.000   1537.000   38.000   03.459   -34.880
85587.000   530.000   1582.000   39.000   03.397   -34.876
85588.000   541.000   1674.000   43.000   03.334   -34.872
85589.000   550.000   1582.000   41.000   03.272   -34.868
85590.000   482.000   1569.000   46.000   03.209   -34.864
85591.000   494.000   1802.000   46.000   03.147   -34.860
85592.000   477.000   1572.000   55.000   03.085   -34.856
85593.000   519.000   1623.000   43.000   03.022   -34.852
85594.000   500.000   1603.000   44.000   02.960   -34.848
85595.000   538.000   1642.000   58.000   02.898   -34.844
85596.000   484.000   1673.000   55.000   02.835   -34.840
85597.000   505.000   1737.000   107.000   02.773   -34.836
85598.000   524.000   2023.000   47.000   02.710   -34.832
85599.000   491.000   2008.000   46.000   02.648   -34.828
85600.000   525.000   2179.000   45.000   02.586   -34.824
85601.000   505.000   2295.000   40.000   02.523   -34.820
85602.000   501.000   2241.000   43.000   02.461   -34.816
85603.000   536.000   2267.000   39.000   02.399   -34.812
85604.000   504.000   2413.000   43.000   02.336   -34.808
85605.000   525.000   2689.000   127.000   02.274   -34.804
85606.000   505.000   2921.000   43.000   02.211   -34.800
85607.000   463.000   2762.000   40.000   02.149   -34.796
85608.000   521.000   2936.000   29.000   02.087   -34.792
85609.000   544.000   3046.000   45.000   02.024   -34.788
85610.000   523.000   3193.000   47.000   01.962   -34.784
85611.000   502.000   3147.000   46.000   01.900   -34.780
85612.000   552.000   3411.000   51.000   01.837   -34.776
85613.000   546.000   3160.000   59.000   01.775   -34.772
85614.000   518.000   3047.000   39.000   01.713   -34.768
85615.000   526.000   2972.000   41.000   01.650   -34.763
85616.000   500.000   2995.000   62.000   01.588   -34.759
85617.000   525.000   2950.000   38.000   01.525   -34.755
85618.000   498.000   3060.000   50.000   01.463   -34.751
85619.000   528.000   3093.000   52.000   01.401   -34.747
85620.000   528.000   3310.000   52.000   01.338   -34.743
85621.000   520.000   3635.000   38.000   01.276   -34.739
85622.000   509.000   3736.000   50.000   01.214   -34.735
85623.000   515.000   4286.000   34.000   01.151   -34.731
85624.000   531.000   18222.000   51.000   01.089   -34.727
85625.000   524.000   22812.000   47.000   01.026   -34.723
85626.000   519.000   5133.000   52.000   00.964   -34.719
85627.000   538.000   46635.000   49.000   00.902   -34.715
85628.000   495.000   679.000   46.000   00.839   -34.711
85629.000   499.000   707.000   38.000   00.777   -34.707
85630.000   513.000   614.000   38.000   00.715   -34.703
85631.000   523.000   680.000   37.000   00.652   -34.699
85632.000   535.000   604.000   47.000   00.590   -34.695
85633.000   472.000   639.000   48.000   00.528   -34.691
85634.000   507.000   641.000   47.000   00.465   -34.687
85635.000   444.000   614.000   49.000   00.403   -34.683
85636.000   511.000   657.000   47.000   00.340   -34.679
85637.000   501.000   622.000   55.000   00.278   -34.675
85638.000   513.000   624.000   40.000   00.216   -34.671
85639.000   472.000   599.000   39.000   00.153   -34.667
85640.000   498.000   576.000   42.000   00.091   -34.663
85641.000   546.000   632.000   39.000   00.029   -34.659
85642.000   506.000   578.000   60.000   -0.034   -34.655
85643.000   497.000   617.000   47.000   -0.096   -34.651
85644.000   520.000   648.000   54.000   -0.158   -34.647
85645.000   507.000   608.000   44.000   -0.221   -34.643
85646.000   556.000   612.000   40.000   -0.283   -34.639
85647.000   519.000   544.000   41.000   -0.345   -34.635
85648.000   529.000   592.000   42.000   -0.408   -34.631
85649.000   512.000   634.000   49.000   -0.470   -34.627
85650.000   537.000   590.000   54.000   -0.533   -34.623
85651.000   507.000   590.000   36.000   -0.595   -34.619
85652.000   524.000   588.000   45.000   -0.657   -34.615
85653.000   514.000   610.000   52.000   -0.720   -34.611
85654.000   538.000   590.000   47.000   -0.782   -34.607
85655.000   510.000   541.000   49.000   -0.844   -34.603
85656.000   500.000   549.000   50.000   -0.907   -34.599
85657.000   507.000   542.000   42.000   -0.969   -34.595
85658.000   465.000   599.000   39.000   -1.031   -34.591
85659.000   571.000   623.000   34.000   -1.094   -34.587
85660.000   534.000   519.000   50.000   -1.156   -34.583
85661.000   529.000   589.000   58.000   -1.218   -34.579
85662.000   490.000   565.000   37.000   -1.281   -34.575
85663.000   506.000   560.000   48.000   -1.343   -34.571
85664.000   494.000   572.000   64.000   -1.406   -34.567
85665.000   556.000   577.000   42.000   -1.468   -34.563
85666.000   504.000   582.000   41.000   -1.530   -34.559
85667.000   531.000   532.000   50.000   -1.593   -34.555
85668.000   464.000   539.000   44.000   -1.655   -34.551
85669.000   509.000   514.000   35.000   -1.717   -34.547
85670.000   519.000   546.000   44.000   -1.780   -34.543
85671.000   509.000   548.000   39.000   -1.842   -34.539
85672.000   549.000   577.000   47.000   -1.904   -34.535
85673.000   528.000   528.000   40.000   -1.967   -34.531
85674.000   473.000   536.000   45.000   -2.029   -34.527
85675.000   494.000   541.000   43.000   -2.091   -34.523
85676.000   514.000   544.000   41.000   -2.154   -34.519
85677.000   576.000   518.000   36.000   -2.216   -34.515
85678.000   547.000   525.000   45.000   -2.278   -34.511
85679.000   470.000   526.000   45.000   -2.341   -34.507
-0.000   17443.000   17356.000   42.000   -31.798   -31.206
01.000   22032.000   21941.000   46.000   -31.860   -31.199
02.000   1494.000   4359.000   54.000   -31.922   -31.192
03.000   23679.000   46634.000   49.000   -31.983   -31.185
04.000   435.000   622.000   65.000   -32.045   -31.178
05.000   541.000   624.000   43.000   -32.107   -31.171
06.000   410.000   425.000   42.000   -32.169   -31.163
07.000   407.000   428.000   55.000   -32.231   -31.156
08.000   482.000   438.000   49.000   -32.292   -31.149
09.000   514.000   409.000   61.000   -32.354   -31.142
10.000   432.000   404.000   54.000   -32.416   -31.135
11.000   432.000   412.000   42.000   -32.478   -31.127
12.000   462.000   420.000   53.000   -32.540   -31.120
13.000   510.000   426.000   39.000   -32.601   -31.113
14.000   475.000   437.000   46.000   -32.663   -31.106
15.000   397.000   426.000   57.000   -32.725   -31.098
16.000   442.000   427.000   41.000   -32.787   -31.091
17.000   411.000   464.000   48.000   -32.849   -31.084
18.000   381.000   391.000   44.000   -32.910   -31.076
19.000   389.000   459.000   43.000   -32.972   -31.069
20.000   393.000   437.000   48.000   -33.034   -31.062
21.000   389.000   514.000   45.000   -33.096   -31.054
22.000   383.000   374.000   42.000   -33.158   -31.047
23.000   394.000   425.000   55.000   -33.219   -31.039
24.000   382.000   423.000   44.000   -33.281   -31.032
25.000   409.000   454.000   43.000   -33.343   -31.024
26.000   388.000   425.000   47.000   -33.405   -31.017
27.000   369.000   436.000   45.000   -33.466   -31.009
28.000   400.000   450.000   39.000   -33.528   -31.002
29.000   413.000   482.000   50.000   -33.590   -30.994
30.000   405.000   442.000   40.000   -33.652   -30.987
31.000   394.000   421.000   44.000   -33.713   -30.979
32.000   367.000   418.000   49.000   -33.775   -30.972
33.000   405.000   466.000   44.000   -33.837   -30.964
34.000   414.000   388.000   49.000   -33.899   -30.956
35.000   386.000   421.000   59.000   -33.960   -30.949
36.000   402.000   395.000   58.000   -34.022   -30.941
37.000   403.000   480.000   51.000   -34.084   -30.933
38.000   352.000   404.000   56.000   -34.146   -30.926
39.000   399.000   394.000   39.000   -34.207   -30.918
40.000   399.000   385.000   49.000   -34.269   -30.910
41.000   409.000   432.000   49.000   -34.331   -30.903
42.000   413.000   397.000   48.000   -34.393   -30.895
43.000   383.000   362.000   46.000   -34.454   -30.887
44.000   393.000   412.000   48.000   -34.516   -30.879
45.000   437.000   395.000   47.000   -34.578   -30.872
46.000   421.000   409.000   50.000   -34.639   -30.864
47.000   415.000   389.000   45.000   -34.701   -30.856
48.000   863.000   405.000   53.000   -34.763   -30.848
49.000   1614.000   382.000   47.000   -34.825   -30.840
50.000   2146.000   379.000   49.000   -34.886   -30.832
51.000   3245.000   406.000   47.000   -34.948   -30.824
52.000   3666.000   402.000   47.000   -35.010   -30.816
53.000   3966.000   470.000   50.000   -35.072   -30.808
54.000   4407.000   366.000   37.000   -35.133   -30.800
55.000   6519.000   389.000   57.000   -35.195   -30.792
56.000   7213.000   379.000   51.000   -35.257   -30.784
57.000   7871.000   482.000   43.000   -35.318   -30.776
58.000   7637.000   381.000   49.000   -35.380   -30.768
59.000   7156.000   378.000   37.000   -35.442   -30.760
60.000   6299.000   386.000   51.000   -35.503   -30.752
61.000   5904.000   412.000   49.000   -35.565   -30.744
62.000   5268.000   470.000   49.000   -35.627   -30.736
63.000   4948.000   647.000   45.000   -35.688   -30.728
64.000   4602.000   1477.000   59.000   -35.750   -30.720
65.000   4096.000   2864.000   43.000   -35.812   -30.712
66.000   3770.000   4711.000   50.000   -35.874   -30.703
67.000   3428.000   6000.000   48.000   -35.935   -30.695
68.000   3347.000   6375.000   58.000   -35.997   -30.687
69.000   3167.000   8082.000   39.000   -36.059   -30.679
70.000   2862.000   9465.000   36.000   -36.120   -30.670
71.000   2836.000   10778.000   44.000   -36.182   -30.662
72.000   2825.000   12041.000   44.000   -36.244   -30.654
73.000   2666.000   14236.000   45.000   -36.305   -30.646
74.000   2557.000   15655.000   46.000   -36.367   -30.637
75.000   2569.000   15909.000   48.000   -36.429   -30.629
76.000   2518.000   16522.000   53.000   -36.490   -30.620
77.000   2601.000   16249.000   49.000   -36.552   -30.612
78.000   2382.000   15582.000   45.000   -36.614   -30.604
79.000   2433.000   15082.000   48.000   -36.675   -30.595
80.000   2359.000   15000.000   49.000   -36.737   -30.587
81.000   2395.000   14767.000   105.000   -36.799   -30.578
82.000   2450.000   14018.000   43.000   -36.860   -30.570
83.000   2398.000   13289.000   48.000   -36.922   -30.561
84.000   2403.000   12970.000   54.000   -36.983   -30.553
85.000   2503.000   11521.000   58.000   -37.045   -30.544
86.000   2512.000   10505.000   43.000   -37.107   -30.535
87.000   2430.000   10000.000   44.000   -37.168   -30.527
88.000   2385.000   9814.000   53.000   -37.230   -30.518
89.000   2542.000   9877.000   109.000   -37.292   -30.510
90.000   2469.000   10099.000   45.000   -37.353   -30.501
91.000   2504.000   10125.000   38.000   -37.415   -30.492
92.000   2556.000   10276.000   57.000   -37.476   -30.484
93.000   2516.000   9807.000   40.000   -37.538   -30.475
94.000   2468.000   9920.000   40.000   -37.600   -30.466
95.000   2502.000   9605.000   45.000   -37.661   -30.457
96.000   2553.000   9760.000   44.000   -37.723   -30.448
97.000   2529.000   9307.000   105.000   -37.785   -30.440
98.000   2598.000   9230.000   47.000   -37.846   -30.431
99.000   2590.000   8861.000   38.000   -37.908   -30.422
100.000   2748.000   8883.000   52.000   -37.969   -30.413
101.000   2694.000   8851.000   45.000   -38.031   -30.404
102.000   2799.000   8614.000   32.000   -38.093   -30.395
103.000   2754.000   8587.000   40.000   -38.154   -30.386
104.000   2848.000   8466.000   48.000   -38.216   -30.377
105.000   2956.000   8472.000   41.000   -38.277   -30.368
106.000   2991.000   8273.000   46.000   -38.339   -30.359
107.000   3040.000   8395.000   38.000   -38.401   -30.350
108.000   3148.000   8289.000   38.000   -38.462   -30.341
109.000   3233.000   8111.000   54.000   -38.524   -30.332
110.000   3295.000   7995.000   39.000   -38.585   -30.323
111.000   3234.000   8036.000   50.000   -38.647   -30.314
112.000   3373.000   7986.000   44.000   -38.708   -30.305
113.000   3465.000   7859.000   105.000   -38.770   -30.296
114.000   3453.000   7789.000   62.000   -38.832   -30.286
115.000   3499.000   7783.000   36.000   -38.893   -30.277
116.000   3676.000   7461.000   46.000   -38.955   -30.268
117.000   3679.000   7464.000   49.000   -39.016   -30.259
118.000   3774.000   7237.000   46.000   -39.078   -30.249
119.000   3911.000   6609.000   47.000   -39.139   -30.240
120.000   3894.000   6251.000   58.000   -39.201   -30.231
121.000   3992.000   5582.000   38.000   -39.263   -30.221
122.000   4182.000   5144.000   54.000   -39.324   -30.212
123.000   4139.000   4726.000   50.000   -39.386   -30.203
124.000   4147.000   4548.000   50.000   -39.447   -30.193
125.000   4395.000   4153.000   109.000   -39.509   -30.184
126.000   4347.000   680.000   39.000   -39.570   -30.174
127.000   4333.000   662.000   42.000   -39.632   -30.165
128.000   4433.000   659.000   44.000   -39.693   -30.155
129.000   4435.000   684.000   41.000   -39.755   -30.146
130.000   4507.000   757.000   41.000   -39.816   -30.136
131.000   4430.000   725.000   38.000   -39.878   -30.126
132.000   4635.000   784.000   40.000   -39.939   -30.117
133.000   4642.000   869.000   107.000   -40.001   -30.107
134.000   4519.000   886.000   39.000   -40.062   -30.098
135.000   4683.000   941.000   47.000   -40.124   -30.088
136.000   4764.000   919.000   38.000   -40.185   -30.078
137.000   4866.000   889.000   49.000   -40.247   -30.068
138.000   4817.000   1021.000   51.000   -40.309   -30.059
139.000   4958.000   1398.000   49.000   -40.370   -30.049
140.000   4968.000   2834.000   42.000   -40.432   -30.039
141.000   4898.000   4273.000   109.000   -40.493   -30.029
142.000   5076.000   5580.000   49.000   -40.555   -30.019
143.000   5005.000   7381.000   40.000   -40.616   -30.009
144.000   5079.000   8030.000   44.000   -40.678   -29.999
145.000   5152.000   9105.000   53.000   -40.739   -29.989
146.000   5031.000   10140.000   38.000   -40.800   -29.979
147.000   4970.000   11726.000   39.000   -40.862   -29.969
148.000   5187.000   12174.000   43.000   -40.923   -29.959
149.000   5152.000   14451.000   41.000   -40.985   -29.949
150.000   5145.000   15808.000   46.000   -41.046   -29.939
151.000   5109.000   17050.000   46.000   -41.108   -29.929
152.000   5210.000   17985.000   55.000   -41.169   -29.919
153.000   5297.000   19340.000   43.000   -41.231   -29.909
154.000   5264.000   19788.000   44.000   -41.292   -29.899
155.000   5292.000   20796.000   58.000   -41.354   -29.888
156.000   5238.000   21534.000   55.000   -41.415   -29.878
157.000   5265.000   22412.000   107.000   -41.477   -29.868
158.000   5309.000   22711.000   47.000   -41.538   -29.858
159.000   5269.000   22811.000   46.000   -41.600   -29.847
160.000   5188.000   22932.000   45.000   -41.661   -29.837
161.000   5390.000   22166.000   40.000   -41.722   -29.827
162.000   5281.000   21032.000   43.000   -41.784   -29.816
163.000   5386.000   19975.000   39.000   -41.845   -29.806
164.000   5223.000   18909.000   43.000   -41.907   -29.795
165.000   5471.000   17964.000   127.000   -41.968   -29.785
166.000   5452.000   17257.000   43.000   -42.030   -29.774
167.000   5396.000   16694.000   40.000   -42.091   -29.764
168.000   5475.000   15425.000   29.000   -42.153   -29.753
169.000   5707.000   15228.000   45.000   -42.214   -29.743
170.000   5462.000   14093.000   47.000   -42.275   -29.732
171.000   5341.000   13124.000   46.000   -42.337   -29.721
172.000   5516.000   12210.000   51.000   -42.398   -29.711
173.000   5494.000   11768.000   59.000   -42.460   -29.700
174.000   5538.000   10816.000   39.000   -42.521   -29.689
175.000   5527.000   10605.000   41.000   -42.582   -29.678
176.000   5560.000   10094.000   62.000   -42.644   -29.668
177.000   5569.000   9405.000   38.000   -42.705   -29.657
178.000   5592.000   9253.000   50.000   -42.767   -29.646
179.000   5579.000   8700.000   52.000   -42.828   -29.635
180.000   5663.000   8438.000   52.000   -42.889   -29.624
181.000   5626.000   8322.000   38.000   -42.951   -29.613
182.000   5625.000   8173.000   50.000   -43.012   -29.602
183.000   5564.000   8598.000   34.000   -43.074   -29.591
184.000   5762.000   23271.000   51.000   -43.135   -29.580
185.000   5733.000   28213.000   47.000   -43.196   -29.569
186.000   5833.000   9547.000   52.000   -43.258   -29.558
187.000   5712.000   30266.000   49.000   -43.319   -29.547
188.000   5804.000   7450.000   46.000   -43.380   -29.536
189.000   5701.000   7528.000   38.000   -43.442   -29.524
190.000   5779.000   7533.000   38.000   -43.503   -29.513
191.000   5731.000   7284.000   37.000   -43.565   -29.502
192.000   5885.000   7315.000   47.000   -43.626   -29.491
193.000   5725.000   7205.000   48.000   -43.687   -29.479
194.000   5827.000   6946.000   47.000   -43.749   -29.468
195.000   5749.000   6899.000   49.000   -43.810   -29.457
196.000   5848.000   6840.000   47.000   -43.871   -29.445
197.000   5891.000   6825.000   55.000   -43.933   -29.434
198.000   5920.000   6631.000   40.000   -43.994   -29.422
199.000   5939.000   6550.000   39.000   -44.055   -29.411
200.000   5825.000   6489.000   42.000   -44.117   -29.399
201.000   5856.000   6264.000   39.000   -44.178   -29.388
202.000   5881.000   6367.000   60.000   -44.239   -29.376
203.000   5860.000   6343.000   47.000   -44.301   -29.364
204.000   5988.000   6233.000   54.000   -44.362   -29.353
205.000   6101.000   6065.000   44.000   -44.423   -29.341
206.000   6122.000   6016.000   40.000   -44.485   -29.329
207.000   6012.000   5784.000   41.000   -44.546   -29.317
208.000   5988.000   5795.000   42.000   -44.607   -29.306
209.000   6098.000   5723.000   49.000   -44.669   -29.294
210.000   6270.000   5550.000   54.000   -44.730   -29.282
211.000   6070.000   5565.000   36.000   -44.791   -29.270
212.000   6029.000   5388.000   45.000   -44.852   -29.258
213.000   6032.000   5440.000   52.000   -44.914   -29.246
214.000   6275.000   5245.000   47.000   -44.975   -29.234
215.000   6146.000   5024.000   49.000   -45.036   -29.222
216.000   6138.000   4974.000   50.000   -45.098   -29.210
217.000   6215.000   4847.000   42.000   -45.159   -29.198
218.000   6122.000   4850.000   39.000   -45.220   -29.186
219.000   6249.000   4782.000   34.000   -45.281   -29.173
220.000   6246.000   4478.000   50.000   -45.343   -29.161
221.000   6311.000   4382.000   58.000   -45.404   -29.149
222.000   6210.000   4360.000   37.000   -45.465   -29.137
223.000   6136.000   4158.000   48.000   -45.526   -29.124
224.000   6259.000   4076.000   64.000   -45.588   -29.112
225.000   6150.000   4128.000   42.000   -45.649   -29.100
226.000   6438.000   3901.000   41.000   -45.710   -29.087
227.000   6319.000   3718.000   50.000   -45.771   -29.075
228.000   6159.000   3605.000   44.000   -45.833   -29.062
229.000   6112.000   3408.000   35.000   -45.894   -29.050
230.000   6363.000   3229.000   44.000   -45.955   -29.037
231.000   6214.000   3275.000   39.000   -46.016   -29.024
232.000   6240.000   3204.000   47.000   -46.078   -29.012
233.000   6153.000   3008.000   40.000   -46.139   -28.999
234.000   6158.000   2922.000   45.000   -46.200   -28.986
235.000   6127.000   2845.000   43.000   -46.261   -28.974
236.000   6067.000   2787.000   41.000   -46.323   -28.961
237.000   6133.000   2607.000   36.000   -46.384   -28.948
238.000   6297.000   2485.000   45.000   -46.445   -28.935
239.000   6142.000   2527.000   45.000   -46.506   -28.922
720.000   840.000   757.000   78.000   -74.964   -9.632
721.000   881.000   688.000   78.000   -75.017   -9.516
722.000   927.000   679.000   72.000   -75.071   -9.399
723.000   875.000   726.000   76.000   -75.124   -9.281
724.000   825.000   725.000   73.000   -75.178   -9.163
725.000   872.000   696.000   74.000   -75.231   -9.043
726.000   913.000   670.000   81.000   -75.284   -8.923
727.000   802.000   636.000   66.000   -75.338   -8.801
728.000   932.000   672.000   76.000   -75.391   -8.679
729.000   859.000   720.000   74.000   -75.444   -8.556
730.000   862.000   704.000   71.000   -75.497   -8.432
731.000   848.000   656.000   72.000   -75.550   -8.307
732.000   924.000   698.000   75.000   -75.603   -8.181
733.000   909.000   677.000   59.000   -75.655   -8.054
734.000   867.000   643.000   87.000   -75.708   -7.926
735.000   910.000   667.000   85.000   -75.761   -7.797
736.000   872.000   684.000   89.000   -75.813   -7.668
737.000   836.000   660.000   76.000   -75.866   -7.537
738.000   912.000   637.000   76.000   -75.918   -7.405
739.000   886.000   714.000   86.000   -75.971   -7.273
740.000   936.000   681.000   76.000   -76.023   -7.139
741.000   859.000   672.000   82.000   -76.075   -7.004
742.000   833.000   671.000   73.000   -76.127   -6.869
743.000   922.000   671.000   84.000   -76.179   -6.732
744.000   869.000   670.000   67.000   -76.231   -6.594
745.000   951.000   648.000   81.000   -76.283   -6.455
746.000   878.000   652.000   67.000   -76.335   -6.315
747.000   911.000   660.000   76.000   -76.387   -6.174
748.000   922.000   648.000   57.000   -76.438   -6.032
749.000   884.000   602.000   81.000   -76.490   -5.889
750.000   931.000   608.000   69.000   -76.541   -5.745
751.000   909.000   681.000   68.000   -76.593   -5.599
752.000   890.000   618.000   66.000   -76.644   -5.453
753.000   933.000   648.000   61.000   -76.695   -5.305
754.000   908.000   669.000   84.000   -76.746   -5.156
755.000   918.000   595.000   81.000   -76.797   -5.006
756.000   968.000   638.000   78.000   -76.848   -4.855
757.000   926.000   622.000   73.000   -76.899   -4.703
758.000   898.000   606.000   74.000   -76.949   -4.549
759.000   904.000   636.000   73.000   -77.000   -4.395
760.000   930.000   644.000   72.000   -77.051   -4.239
761.000   930.000   622.000   76.000   -77.101   -4.082
762.000   939.000   633.000   91.000   -77.151   -3.923
763.000   899.000   630.000   67.000   -77.202   -3.764
764.000   920.000   630.000   72.000   -77.252   -3.603
765.000   956.000   646.000   75.000   -77.302   -3.440
766.000   939.000   621.000   74.000   -77.352   -3.277
767.000   974.000   655.000   75.000   -77.401   -3.112
768.000   933.000   616.000   71.000   -77.451   -2.946
769.000   890.000   650.000   64.000   -77.501   -2.778
770.000   986.000   614.000   82.000   -77.550   -2.610
771.000   963.000   636.000   58.000   -77.600   -2.440
772.000   887.000   618.000   64.000   -77.649   -2.268
773.000   978.000   598.000   64.000   -77.698   -2.095
774.000   954.000   668.000   69.000   -77.747   -1.921
775.000   982.000   622.000   79.000   -77.796   -1.745
776.000   999.000   625.000   79.000   -77.845   -1.568
777.000   1015.000   652.000   68.000   -77.893   -1.389
778.000   1021.000   629.000   58.000   -77.942   -1.209
779.000   941.000   601.000   65.000   -77.990   -1.028
780.000   1011.000   564.000   72.000   -78.039   -0.845
781.000   1039.000   618.000   77.000   -78.087   -0.660
782.000   1028.000   566.000   60.000   -78.135   -0.474
783.000   1002.000   525.000   81.000   -78.183   -0.287
784.000   1043.000   570.000   92.000   -78.231   -0.098
785.000   1004.000   575.000   73.000   -78.278   00.093
786.000   1005.000   568.000   76.000   -78.326   00.285
787.000   1021.000   545.000   76.000   -78.373   00.479
788.000   1070.000   592.000   63.000   -78.421   00.674
789.000   1070.000   537.000   61.000   -78.468   00.871
790.000   1023.000   582.000   77.000   -78.515   01.070
791.000   1050.000   546.000   65.000   -78.561   01.270
792.000   1069.000   557.000   69.000   -78.608   01.472
793.000   1069.000   546.000   74.000   -78.655   01.675
794.000   1019.000   535.000   89.000   -78.701   01.880
795.000   986.000   581.000   83.000   -78.747   02.087
796.000   1011.000   584.000   83.000   -78.794   02.296
797.000   1047.000   541.000   78.000   -78.839   02.506
798.000   1052.000   593.000   68.000   -78.885   02.718
799.000   1039.000   542.000   73.000   -78.931   02.932
800.000   1068.000   591.000   54.000   -78.976   03.148
801.000   1092.000   561.000   65.000   -79.022   03.365
802.000   1022.000   566.000   77.000   -79.067   03.585
803.000   1091.000   550.000   78.000   -79.112   03.806
804.000   1083.000   566.000   73.000   -79.157   04.029
805.000   1203.000   575.000   73.000   -79.201   04.254
806.000   1073.000   545.000   75.000   -79.246   04.480
807.000   1126.000   512.000   80.000   -79.290   04.709
808.000   1182.000   565.000   79.000   -79.334   04.939
809.000   1158.000   551.000   67.000   -79.378   05.172
810.000   1204.000   567.000   69.000   -79.422   05.406
811.000   1151.000   571.000   79.000   -79.466   05.642
812.000   1113.000   533.000   83.000   -79.509   05.881
813.000   1150.000   564.000   69.000   -79.553   06.121
814.000   1166.000   546.000   70.000   -79.596   06.363
815.000   1132.000   535.000   70.000   -79.638   06.607
816.000   1177.000   573.000   95.000   -79.681   06.854
817.000   1226.000   526.000   83.000   -79.724   07.102
818.000   1216.000   558.000   61.000   -79.766   07.353
819.000   1188.000   546.000   75.000   -79.808   07.605
820.000   1151.000   537.000   67.000   -79.850   07.860
821.000   1241.000   519.000   67.000   -79.892   08.117
822.000   1187.000   606.000   73.000   -79.933   08.376
823.000   1171.000   546.000   77.000   -79.974   08.637
824.000   1228.000   567.000   64.000   -80.015   08.900
825.000   1194.000   517.000   78.000   -80.056   09.165
826.000   1185.000   570.000   77.000   -80.097   09.433
827.000   1138.000   577.000   76.000   -80.137   09.703
828.000   1211.000   550.000   76.000   -80.178   09.975
829.000   1259.000   582.000   70.000   -80.217   10.249
830.000   1153.000   562.000   63.000   -80.257   10.525
831.000   1156.000   582.000   74.000   -80.297   10.804
832.000   1222.000   577.000   87.000   -80.336   11.085
833.000   1268.000   543.000   72.000   -80.375   11.368
834.000   1213.000   580.000   72.000   -80.414   11.654
835.000   1201.000   584.000   65.000   -80.452   11.942
836.000   1155.000   572.000   60.000   -80.491   12.233
837.000   1266.000   599.000   80.000   -80.529   12.525
838.000   1233.000   536.000   68.000   -80.566   12.820
839.000   1174.000   534.000   60.000   -80.604   13.118
840.000   1185.000   548.000   80.000   -80.641   13.418
841.000   1184.000   629.000   79.000   -80.678   13.720
842.000   1187.000   580.000   62.000   -80.715   14.024
843.000   1214.000   531.000   76.000   -80.752   14.331
844.000   1252.000   571.000   63.000   -80.788   14.641
845.000   1361.000   564.000   79.000   -80.824   14.953
846.000   1293.000   537.000   68.000   -80.859   15.267
847.000   1289.000   605.000   60.000   -80.895   15.584
848.000   1222.000   561.000   66.000   -80.930   15.903
849.000   1298.000   558.000   89.000   -80.965   16.225
850.000   1266.000   777.000   65.000   -80.999   16.550
851.000   1249.000   729.000   48.000   -81.034   16.876
852.000   1279.000   705.000   71.000   -81.067   17.206
853.000   1343.000   662.000   73.000   -81.101   17.538
854.000   1356.000   591.000   81.000   -81.134   17.872
855.000   1289.000   627.000   56.000   -81.167   18.209
856.000   1319.000   596.000   68.000   -81.200   18.548
857.000   1298.000   658.000   70.000   -81.233   18.890
858.000   1284.000   679.000   72.000   -81.265   19.235
859.000   1217.000   636.000   76.000   -81.296   19.582
860.000   1360.000   742.000   88.000   -81.328   19.931
861.000   1419.000   791.000   127.000   -81.359   20.283
862.000   1376.000   735.000   59.000   -81.390   20.638
863.000   1332.000   647.000   56.000   -81.420   20.995
864.000   1357.000   654.000   78.000   -81.450   21.355
865.000   1336.000   671.000   76.000   -81.480   21.717
866.000   1387.000   635.000   62.000   -81.510   22.082
867.000   1332.000   646.000   62.000   -81.539   22.449
868.000   1364.000   695.000   72.000   -81.567   22.819
869.000   1412.000   715.000   77.000   -81.596   23.191
870.000   1404.000   708.000   81.000   -81.624   23.566
871.000   1349.000   711.000   76.000   -81.651   23.944
872.000   1336.000   648.000   76.000   -81.679   24.324
873.000   1384.000   729.000   67.000   -81.706   24.706
874.000   1328.000   769.000   64.000   -81.732   25.091
875.000   1326.000   764.000   55.000   -81.758   25.478
876.000   1437.000   676.000   61.000   -81.784   25.868
877.000   1435.000   693.000   75.000   -81.809   26.260
878.000   1330.000   625.000   81.000   -81.834   26.655
879.000   1359.000   588.000   75.000   -81.859   27.052
880.000   1308.000   676.000   71.000   -81.883   27.452
881.000   1381.000   664.000   78.000   -81.907   27.853
882.000   1386.000   624.000   69.000   -81.930   28.258
883.000   1388.000   616.000   51.000   -81.953   28.664
884.000   1441.000   662.000   66.000   -81.976   29.073
885.000   1447.000   654.000   77.000   -81.998   29.484
886.000   1363.000   714.000   72.000   -82.020   29.898
887.000   1461.000   650.000   73.000   -82.041   30.313
888.000   1424.000   656.000   73.000   -82.062   30.731
889.000   1480.000   662.000   76.000   -82.083   31.151
890.000   1454.000   632.000   76.000   -82.103   31.574
891.000   1372.000   634.000   73.000   -82.122   31.998
892.000   1436.000   600.000   65.000   -82.141   32.425
893.000   1444.000   630.000   77.000   -82.160   32.853
894.000   1436.000   623.000   74.000   -82.179   33.284
895.000   1424.000   607.000   79.000   -82.196   33.717
896.000   1431.000   529.000   71.000   -82.214   34.151
897.000   1419.000   604.000   56.000   -82.231   34.588
898.000   1392.000   607.000   210.000   -82.247   35.026
899.000   1435.000   621.000   193.000   -82.263   35.466
900.000   1512.000   549.000   16967.000   -82.279   35.908
901.000   1428.000   599.000   21576.000   -82.294   36.352
902.000   1465.000   569.000   2577.000   -82.309   36.798
903.000   1473.000   647.000   23224.000   -82.323   37.245
904.000   1442.000   596.000   43.000   -82.336   37.694
905.000   1423.000   571.000   56.000   -82.350   38.144
906.000   1440.000   589.000   60.000   -82.362   38.596
907.000   1481.000   579.000   44.000   -82.375   39.050
908.000   1463.000   598.000   35.000   -82.386   39.505
909.000   1578.000   558.000   64.000   -82.398   39.961
910.000   1402.000   584.000   42.000   -82.408   40.419
911.000   1452.000   556.000   48.000   -82.419   40.878
912.000   1423.000   592.000   48.000   -82.429   41.338
913.000   1427.000   576.000   42.000   -82.438   41.799
914.000   1408.000   540.000   59.000   -82.447   42.261
915.000   1483.000   570.000   49.000   -82.455   42.725
916.000   1433.000   619.000   36.000   -82.463   43.189
917.000   1541.000   562.000   51.000   -82.470   43.655
918.000   1481.000   570.000   44.000   -82.477   44.121
919.000   1457.000   602.000   42.000   -82.484   44.588
920.000   1518.000   604.000   45.000   -82.489   45.056
921.000   1557.000   595.000   43.000   -82.495   45.525
922.000   1452.000   572.000   60.000   -82.500   45.994
923.000   1528.000   556.000   51.000   -82.504   46.464
924.000   1502.000   581.000   57.000   -82.508   46.934
925.000   1530.000   569.000   38.000   -82.511   47.405
926.000   1450.000   550.000   44.000   -82.514   47.876
927.000   1536.000   622.000   54.000   -82.516   48.347
928.000   1459.000   568.000   46.000   -82.518   48.819
929.000   1513.000   574.000   40.000   -82.519   49.291
930.000   1423.000   567.000   51.000   -82.520   49.763
