Time range: [ 18:36:16.000  19:00:00.000 ]
Time range duration: 23.0 min, 44.0 sec
Longitude range: [ 66.0  93.0 ]
66976.000   1005.000   2212.000   66.000   82.520   -46.668
66977.000   1051.000   2018.000   86.000   82.520   -46.191
66978.000   1064.000   1916.000   88.000   82.520   -45.715
66979.000   997.000   1816.000   90.000   82.519   -45.239
66980.000   1002.000   1699.000   73.000   82.517   -44.762
66981.000   1059.000   1657.000   79.000   82.515   -44.287
66982.000   980.000   1569.000   104.000   82.512   -43.811
66983.000   1017.000   1451.000   79.000   82.509   -43.336
66984.000   1054.000   1275.000   101.000   82.505   -42.861
66985.000   1021.000   1182.000   86.000   82.501   -42.387
66986.000   1075.000   1249.000   77.000   82.497   -41.913
66987.000   1003.000   1109.000   93.000   82.491   -41.440
66988.000   1044.000   1096.000   91.000   82.486   -40.968
66989.000   979.000   1046.000   101.000   82.479   -40.496
66990.000   967.000   950.000   72.000   82.473   -40.026
66991.000   1056.000   900.000   74.000   82.465   -39.556
66992.000   1041.000   818.000   86.000   82.457   -39.087
66993.000   988.000   731.000   85.000   82.449   -38.619
66994.000   1034.000   712.000   74.000   82.440   -38.152
66995.000   988.000   672.000   89.000   82.431   -37.686
66996.000   970.000   602.000   70.000   82.421   -37.222
66997.000   998.000   613.000   67.000   82.411   -36.758
66998.000   1016.000   564.000   87.000   82.400   -36.296
66999.000   983.000   540.000   89.000   82.389   -35.835
67000.000   1030.000   492.000   85.000   82.377   -35.376
67001.000   965.000   486.000   96.000   82.365   -34.918
67002.000   991.000   494.000   77.000   82.352   -34.462
67003.000   1042.000   447.000   93.000   82.339   -34.007
67004.000   981.000   468.000   75.000   82.325   -33.554
67005.000   953.000   488.000   71.000   82.311   -33.102
67006.000   953.000   430.000   75.000   82.296   -32.653
67007.000   1000.000   433.000   97.000   82.281   -32.204
67008.000   959.000   424.000   79.000   82.265   -31.758
67009.000   1010.000   483.000   91.000   82.249   -31.314
67010.000   971.000   458.000   92.000   82.233   -30.871
67011.000   970.000   488.000   121.000   82.216   -30.430
67012.000   1033.000   450.000   109.000   82.198   -29.992
67013.000   963.000   466.000   99.000   82.180   -29.555
67014.000   1013.000   446.000   82.000   82.162   -29.120
67015.000   950.000   479.000   88.000   82.143   -28.688
67016.000   996.000   455.000   84.000   82.124   -28.257
67017.000   974.000   447.000   89.000   82.104   -27.829
67018.000   950.000   469.000   88.000   82.084   -27.403
67019.000   956.000   442.000   93.000   82.063   -26.979
67020.000   966.000   452.000   94.000   82.042   -26.557
67021.000   956.000   462.000   102.000   82.020   -26.138
67022.000   967.000   441.000   80.000   81.998   -25.720
67023.000   981.000   463.000   92.000   81.976   -25.305
67024.000   1007.000   471.000   91.000   81.953   -24.893
67025.000   934.000   485.000   99.000   81.930   -24.483
67026.000   968.000   416.000   73.000   81.906   -24.075
67027.000   928.000   461.000   95.000   81.882   -23.669
67028.000   1074.000   433.000   91.000   81.858   -23.267
67029.000   922.000   443.000   71.000   81.833   -22.866
67030.000   1021.000   457.000   91.000   81.808   -22.468
67031.000   1067.000   417.000   105.000   81.782   -22.072
67032.000   986.000   370.000   87.000   81.756   -21.679
67033.000   1012.000   410.000   88.000   81.730   -21.289
67034.000   1009.000   436.000   100.000   81.703   -20.900
67035.000   987.000   462.000   89.000   81.676   -20.515
67036.000   1008.000   405.000   97.000   81.648   -20.132
67037.000   988.000   447.000   70.000   81.620   -19.751
67038.000   986.000   415.000   64.000   81.592   -19.373
67039.000   1031.000   429.000   105.000   81.563   -18.998
67040.000   983.000   432.000   86.000   81.534   -18.625
67041.000   1027.000   395.000   83.000   81.505   -18.255
67042.000   971.000   419.000   71.000   81.475   -17.887
67043.000   988.000   404.000   95.000   81.445   -17.522
67044.000   948.000   416.000   79.000   81.414   -17.160
67045.000   982.000   432.000   97.000   81.384   -16.800
67046.000   964.000   420.000   94.000   81.353   -16.443
67047.000   950.000   390.000   82.000   81.321   -16.088
67048.000   939.000   416.000   96.000   81.289   -15.736
67049.000   953.000   385.000   87.000   81.257   -15.386
67050.000   940.000   385.000   99.000   81.225   -15.039
67051.000   942.000   433.000   78.000   81.192   -14.695
67052.000   940.000   389.000   91.000   81.159   -14.353
67053.000   970.000   427.000   119.000   81.125   -14.014
67054.000   952.000   435.000   96.000   81.092   -13.677
67055.000   904.000   453.000   88.000   81.058   -13.343
67056.000   1018.000   397.000   90.000   81.023   -13.012
67057.000   1009.000   426.000   76.000   80.989   -12.683
67058.000   1018.000   410.000   111.000   80.954   -12.356
67059.000   946.000   371.000   84.000   80.918   -12.032
67060.000   969.000   431.000   89.000   80.883   -11.711
67061.000   971.000   447.000   84.000   80.847   -11.392
67062.000   1017.000   457.000   93.000   80.811   -11.076
67063.000   992.000   407.000   89.000   80.775   -10.762
67064.000   996.000   466.000   95.000   80.738   -10.451
67065.000   1060.000   399.000   84.000   80.701   -10.142
67066.000   930.000   439.000   87.000   80.664   -9.835
67067.000   964.000   481.000   91.000   80.626   -9.531
67068.000   1034.000   442.000   94.000   80.589   -9.230
67069.000   1009.000   485.000   92.000   80.551   -8.931
67070.000   1033.000   450.000   101.000   80.513   -8.634
67071.000   1065.000   444.000   89.000   80.474   -8.340
67072.000   1070.000   443.000   79.000   80.435   -8.048
67073.000   1109.000   475.000   104.000   80.396   -7.758
67074.000   997.000   427.000   100.000   80.357   -7.471
67075.000   1090.000   436.000   99.000   80.318   -7.186
67076.000   1005.000   468.000   95.000   80.278   -6.904
67077.000   1080.000   447.000   85.000   80.238   -6.623
67078.000   1069.000   446.000   82.000   80.198   -6.346
67079.000   1016.000   437.000   81.000   80.157   -6.070
67080.000   1027.000   467.000   88.000   80.117   -5.797
67081.000   1095.000   426.000   100.000   80.076   -5.526
67082.000   1053.000   430.000   110.000   80.035   -5.257
67083.000   1020.000   419.000   113.000   79.993   -4.990
67084.000   989.000   445.000   91.000   79.952   -4.726
67085.000   1034.000   430.000   99.000   79.910   -4.464
67086.000   1055.000   415.000   106.000   79.868   -4.204
67087.000   1088.000   438.000   91.000   79.826   -3.946
67088.000   990.000   427.000   93.000   79.783   -3.690
67089.000   993.000   408.000   86.000   79.741   -3.437
67090.000   958.000   497.000   99.000   79.698   -3.185
67091.000   1083.000   420.000   99.000   79.655   -2.936
67092.000   1008.000   417.000   101.000   79.612   -2.688
67093.000   1006.000   464.000   102.000   79.569   -2.443
67094.000   1039.000   415.000   88.000   79.525   -2.200
67095.000   1053.000   422.000   89.000   79.481   -1.959
67096.000   1056.000   425.000   106.000   79.437   -1.720
67097.000   1031.000   433.000   102.000   79.393   -1.483
67098.000   1005.000   426.000   98.000   79.349   -1.248
67099.000   1041.000   449.000   106.000   79.304   -1.014
67100.000   1062.000   433.000   114.000   79.260   -0.783
67101.000   1039.000   450.000   89.000   79.215   -0.554
67102.000   1016.000   401.000   86.000   79.170   -0.326
67103.000   1060.000   467.000   97.000   79.125   -0.101
67104.000   1072.000   437.000   87.000   79.079   00.123
67105.000   1086.000   459.000   120.000   79.034   00.344
67106.000   1053.000   447.000   94.000   78.988   00.564
67107.000   1015.000   461.000   91.000   78.942   00.782
67108.000   1003.000   442.000   101.000   78.896   00.999
67109.000   1026.000   490.000   70.000   78.850   01.213
67110.000   1026.000   464.000   112.000   78.804   01.426
67111.000   1033.000   433.000   105.000   78.757   01.637
67112.000   1062.000   405.000   104.000   78.710   01.846
67113.000   1033.000   396.000   95.000   78.664   02.053
67114.000   1094.000   437.000   107.000   78.617   02.259
67115.000   1048.000   458.000   117.000   78.570   02.463
67116.000   1087.000   465.000   102.000   78.522   02.665
67117.000   1133.000   478.000   71.000   78.475   02.866
67118.000   1018.000   474.000   79.000   78.428   03.065
67119.000   997.000   412.000   99.000   78.380   03.262
67120.000   1048.000   670.000   98.000   78.332   03.458
67121.000   1067.000   636.000   103.000   78.284   03.652
67122.000   1062.000   689.000   93.000   78.236   03.844
67123.000   1118.000   736.000   121.000   78.188   04.035
67124.000   1073.000   720.000   98.000   78.140   04.224
67125.000   1060.000   852.000   69.000   78.091   04.412
67126.000   1047.000   809.000   93.000   78.042   04.598
67127.000   1046.000   893.000   113.000   77.994   04.783
67128.000   1513.000   933.000   106.000   77.945   04.966
67129.000   1499.000   1006.000   116.000   77.896   05.148
67130.000   1639.000   983.000   115.000   77.847   05.328
67131.000   1659.000   1076.000   123.000   77.798   05.507
67132.000   1786.000   1230.000   101.000   77.748   05.685
67133.000   1828.000   1302.000   97.000   77.699   05.860
67134.000   1974.000   1334.000   114.000   77.649   06.035
67135.000   2056.000   1416.000   91.000   77.600   06.208
67136.000   2218.000   1608.000   85.000   77.550   06.380
67137.000   2298.000   1748.000   107.000   77.500   06.550
67138.000   2432.000   1875.000   90.000   77.450   06.719
67139.000   2608.000   1977.000   125.000   77.400   06.887
67140.000   2747.000   2155.000   105.000   77.349   07.053
67141.000   3031.000   2344.000   99.000   77.299   07.218
67142.000   3095.000   2466.000   116.000   77.249   07.381
67143.000   3313.000   2617.000   105.000   77.198   07.544
67144.000   3533.000   2822.000   99.000   77.147   07.705
67145.000   3694.000   3076.000   130.000   77.097   07.864
67146.000   3859.000   8554.000   108.000   77.046   08.023
67147.000   4143.000   8518.000   123.000   76.995   08.180
67148.000   4216.000   8292.000   114.000   76.944   08.336
67149.000   4571.000   8207.000   102.000   76.892   08.491
67150.000   4691.000   8104.000   111.000   76.841   08.644
67151.000   4914.000   7809.000   111.000   76.790   08.797
67152.000   5182.000   7895.000   113.000   76.738   08.948
67153.000   5350.000   7919.000   89.000   76.687   09.098
67154.000   5664.000   7598.000   96.000   76.635   09.247
67155.000   5927.000   7802.000   123.000   76.583   09.394
67156.000   6110.000   7798.000   112.000   76.532   09.541
67157.000   6320.000   7948.000   97.000   76.480   09.686
67158.000   6641.000   7817.000   73.000   76.428   09.830
67159.000   6976.000   8031.000   107.000   76.376   09.973
67160.000   7017.000   8297.000   113.000   76.323   10.115
67161.000   7275.000   8166.000   121.000   76.271   10.256
67162.000   7479.000   8290.000   94.000   76.219   10.396
67163.000   7758.000   8519.000   127.000   76.166   10.535
67164.000   7810.000   8542.000   114.000   76.114   10.673
67165.000   8094.000   8843.000   103.000   76.061   10.809
67166.000   8280.000   8985.000   105.000   76.009   10.945
67167.000   8218.000   9058.000   97.000   75.956   11.079
67168.000   8360.000   9213.000   120.000   75.903   11.213
67169.000   8441.000   9176.000   119.000   75.850   11.346
67170.000   8576.000   9358.000   90.000   75.797   11.477
67171.000   8608.000   9756.000   100.000   75.744   11.608
67172.000   8895.000   9803.000   101.000   75.691   11.737
67173.000   8956.000   9859.000   116.000   75.638   11.866
67174.000   9011.000   10011.000   105.000   75.584   11.994
67175.000   8951.000   10070.000   119.000   75.531   12.120
67176.000   8917.000   10282.000   100.000   75.478   12.246
67177.000   9053.000   10395.000   130.000   75.424   12.371
67178.000   9121.000   10425.000   108.000   75.371   12.495
67179.000   9007.000   10553.000   113.000   75.317   12.618
67180.000   9068.000   10632.000   126.000   75.263   12.740
67181.000   9066.000   10736.000   107.000   75.209   12.861
67182.000   8937.000   10753.000   110.000   75.156   12.982
67183.000   8826.000   10871.000   109.000   75.102   13.101
67184.000   8703.000   10806.000   138.000   75.048   13.220
67185.000   8476.000   10770.000   113.000   74.994   13.337
67186.000   8407.000   11114.000   116.000   74.940   13.454
67187.000   8323.000   10899.000   122.000   74.885   13.570
67188.000   8187.000   10761.000   111.000   74.831   13.685
67189.000   8037.000   10877.000   128.000   74.777   13.800
67190.000   7940.000   10685.000   104.000   74.723   13.913
67191.000   7887.000   10742.000   97.000   74.668   14.026
67192.000   7917.000   10640.000   115.000   74.614   14.138
67193.000   8094.000   10635.000   101.000   74.559   14.249
67194.000   7820.000   10578.000   109.000   74.504   14.359
67195.000   7656.000   10939.000   130.000   74.450   14.469
67196.000   7828.000   10650.000   114.000   74.395   14.577
67197.000   7698.000   10930.000   118.000   74.340   14.685
67198.000   7608.000   10592.000   122.000   74.286   14.792
67199.000   7773.000   10721.000   123.000   74.231   14.899
67200.000   34272.000   34071.000   97.000   74.176   15.005
67201.000   43429.000   43333.000   107.000   74.121   15.110
67202.000   2610.000   4265.000   115.000   74.066   15.214
67203.000   46640.000   46594.000   120.000   74.011   15.317
67204.000   778.000   383.000   99.000   73.955   15.420
67205.000   803.000   340.000   109.000   73.900   15.522
67206.000   751.000   356.000   128.000   73.845   15.623
67207.000   749.000   386.000   105.000   73.790   15.724
67208.000   720.000   382.000   120.000   73.734   15.824
67209.000   754.000   375.000   120.000   73.679   15.923
67210.000   796.000   392.000   123.000   73.623   16.022
67211.000   818.000   463.000   129.000   73.568   16.120
67212.000   794.000   378.000   127.000   73.512   16.217
67213.000   767.000   347.000   113.000   73.457   16.314
67214.000   5043.000   363.000   120.000   73.401   16.410
67215.000   4954.000   372.000   145.000   73.345   16.505
67216.000   4737.000   368.000   110.000   73.290   16.599
67217.000   4281.000   343.000   119.000   73.234   16.693
67218.000   4148.000   326.000   105.000   73.178   16.787
67219.000   3893.000   342.000   129.000   73.122   16.880
67220.000   3705.000   367.000   107.000   73.066   16.972
67221.000   3460.000   343.000   127.000   73.010   17.063
67222.000   3211.000   350.000   117.000   72.954   17.154
67223.000   2948.000   407.000   135.000   72.898   17.244
67224.000   2757.000   402.000   126.000   72.842   17.334
67225.000   2683.000   381.000   119.000   72.786   17.423
67226.000   2566.000   353.000   123.000   72.729   17.512
67227.000   2493.000   374.000   123.000   72.673   17.600
67228.000   2386.000   360.000   4306.000   72.617   17.687
67229.000   2146.000   358.000   4535.000   72.561   17.774
67230.000   2094.000   331.000   4603.000   72.504   17.860
67231.000   1964.000   352.000   4752.000   72.448   17.945
67232.000   1772.000   386.000   4985.000   72.391   18.031
67233.000   1748.000   353.000   5146.000   72.335   18.115
67234.000   1672.000   374.000   5396.000   72.278   18.199
67235.000   1555.000   378.000   5698.000   72.222   18.282
67236.000   1421.000   374.000   5813.000   72.165   18.365
67237.000   1355.000   341.000   6140.000   72.108   18.448
67238.000   1245.000   344.000   6430.000   72.052   18.530
67239.000   1215.000   395.000   6821.000   71.995   18.611
67240.000   1160.000   400.000   7292.000   71.938   18.692
67241.000   1072.000   344.000   7792.000   71.882   18.772
67242.000   1055.000   409.000   8108.000   71.825   18.852
67243.000   1000.000   372.000   8699.000   71.768   18.931
67244.000   926.000   399.000   9249.000   71.711   19.010
67245.000   1080.000   389.000   9597.000   71.654   19.088
67246.000   930.000   365.000   9772.000   71.597   19.166
67247.000   844.000   345.000   10146.000   71.540   19.243
67248.000   892.000   393.000   10500.000   71.483   19.320
67249.000   919.000   387.000   10753.000   71.426   19.396
67250.000   874.000   378.000   11036.000   71.369   19.472
67251.000   832.000   397.000   11126.000   71.312   19.547
67252.000   835.000   355.000   11166.000   71.254   19.622
67253.000   788.000   407.000   11578.000   71.197   19.697
67254.000   823.000   410.000   11567.000   71.140   19.771
67255.000   820.000   419.000   11593.000   71.083   19.844
67256.000   766.000   370.000   11676.000   71.025   19.917
67257.000   786.000   423.000   11691.000   70.968   19.990
67258.000   812.000   369.000   11904.000   70.911   20.062
67259.000   748.000   369.000   11660.000   70.853   20.134
67260.000   827.000   420.000   16967.000   70.796   20.205
67261.000   834.000   375.000   21576.000   70.738   20.276
67262.000   874.000   405.000   2577.000   70.681   20.346
67263.000   860.000   395.000   23184.000   70.623   20.417
67264.000   849.000   395.000   56.000   70.566   20.486
67265.000   872.000   349.000   63.000   70.508   20.555
67266.000   836.000   407.000   46.000   70.450   20.624
67267.000   889.000   370.000   57.000   70.393   20.692
67268.000   825.000   399.000   48.000   70.335   20.760
67269.000   858.000   345.000   49.000   70.277   20.828
67270.000   845.000   342.000   54.000   70.220   20.895
67271.000   853.000   366.000   62.000   70.162   20.962
67272.000   837.000   406.000   43.000   70.104   21.028
67273.000   830.000   457.000   52.000   70.046   21.094
67274.000   820.000   393.000   57.000   69.988   21.160
67275.000   797.000   383.000   57.000   69.930   21.225
67276.000   755.000   377.000   53.000   69.873   21.290
67277.000   812.000   375.000   56.000   69.815   21.354
67278.000   815.000   400.000   57.000   69.757   21.418
67279.000   780.000   361.000   56.000   69.699   21.482
67280.000   813.000   377.000   51.000   69.641   21.545
67281.000   827.000   379.000   63.000   69.583   21.608
67282.000   751.000   368.000   56.000   69.525   21.670
67283.000   786.000   359.000   50.000   69.466   21.733
67284.000   776.000   409.000   61.000   69.408   21.794
67285.000   781.000   397.000   57.000   69.350   21.856
67286.000   781.000   372.000   62.000   69.292   21.917
67287.000   777.000   405.000   65.000   69.234   21.978
67288.000   847.000   385.000   52.000   69.176   22.038
67289.000   800.000   487.000   48.000   69.117   22.098
67290.000   794.000   368.000   59.000   69.059   22.158
67291.000   797.000   378.000   59.000   69.001   22.218
67292.000   766.000   389.000   59.000   68.943   22.277
67293.000   799.000   359.000   49.000   68.884   22.335
67294.000   757.000   396.000   59.000   68.826   22.394
67295.000   789.000   380.000   50.000   68.767   22.452
67296.000   785.000   435.000   41.000   68.709   22.510
67297.000   782.000   463.000   52.000   68.651   22.567
67298.000   759.000   372.000   50.000   68.592   22.624
67299.000   775.000   393.000   58.000   68.534   22.681
67300.000   760.000   371.000   59.000   68.475   22.737
67301.000   708.000   390.000   62.000   68.417   22.794
67302.000   727.000   389.000   47.000   68.358   22.849
67303.000   730.000   423.000   59.000   68.300   22.905
67304.000   783.000   396.000   62.000   68.241   22.960
67305.000   763.000   466.000   52.000   68.182   23.015
67306.000   765.000   371.000   58.000   68.124   23.070
67307.000   812.000   398.000   50.000   68.065   23.124
67308.000   735.000   384.000   58.000   68.006   23.178
67309.000   750.000   380.000   63.000   67.948   23.232
67310.000   765.000   412.000   51.000   67.889   23.285
67311.000   794.000   387.000   50.000   67.830   23.339
67312.000   738.000   410.000   55.000   67.772   23.391
67313.000   752.000   464.000   61.000   67.713   23.444
67314.000   746.000   404.000   60.000   67.654   23.496
67315.000   712.000   370.000   57.000   67.595   23.548
67316.000   697.000   381.000   65.000   67.536   23.600
67317.000   762.000   430.000   68.000   67.478   23.652
67318.000   759.000   366.000   69.000   67.419   23.703
67319.000   720.000   397.000   43.000   67.360   23.754
67320.000   707.000   371.000   56.000   67.301   23.804
67321.000   735.000   501.000   56.000   67.242   23.855
67322.000   732.000   395.000   59.000   67.183   23.905
67323.000   730.000   347.000   43.000   67.124   23.955
67324.000   737.000   410.000   70.000   67.065   24.004
67325.000   753.000   384.000   60.000   67.006   24.054
67326.000   736.000   400.000   41.000   66.947   24.103
67327.000   769.000   380.000   56.000   66.888   24.151
67328.000   795.000   373.000   46.000   66.829   24.200
67329.000   764.000   366.000   66.000   66.770   24.248
67330.000   726.000   382.000   50.000   66.711   24.296
67331.000   769.000   395.000   61.000   66.652   24.344
67332.000   779.000   365.000   49.000   66.593   24.392
67333.000   785.000   461.000   53.000   66.533   24.439
67334.000   817.000   392.000   53.000   66.474   24.486
67335.000   785.000   373.000   62.000   66.415   24.533
67336.000   751.000   372.000   55.000   66.356   24.580
67337.000   749.000   404.000   68.000   66.297   24.626
67338.000   761.000   368.000   75.000   66.237   24.672
67339.000   709.000   357.000   58.000   66.178   24.718
67340.000   720.000   415.000   47.000   66.119   24.764
67341.000   726.000   458.000   59.000   66.060   24.809
67342.000   758.000   377.000   56.000   66.000   24.854
67343.000   725.000   356.000   66.000   65.941   24.899
67344.000   723.000   427.000   60.000   65.882   24.944
67345.000   731.000   393.000   57.000   65.822   24.988
67346.000   730.000   399.000   51.000   65.763   25.033
67347.000   735.000   404.000   52.000   65.704   25.077
67348.000   726.000   426.000   75.000   65.644   25.120
67349.000   705.000   352.000   83.000   65.585   25.164
67350.000   741.000   380.000   76.000   65.526   25.207
67351.000   772.000   400.000   62.000   65.466   25.251
67352.000   740.000   388.000   70.000   65.407   25.294
67353.000   757.000   407.000   70.000   65.347   25.336
67354.000   733.000   420.000   73.000   65.288   25.379
67355.000   699.000   379.000   58.000   65.228   25.421
67356.000   677.000   328.000   67.000   65.169   25.463
67357.000   753.000   405.000   69.000   65.109   25.505
67358.000   675.000   388.000   70.000   65.050   25.547
67359.000   733.000   429.000   73.000   64.990   25.588
67360.000   660.000   307.000   78.000   64.931   25.630
67361.000   690.000   300.000   57.000   64.871   25.671
67362.000   730.000   288.000   57.000   64.811   25.712
67363.000   719.000   273.000   66.000   64.752   25.752
67364.000   735.000   299.000   69.000   64.692   25.793
67365.000   738.000   374.000   68.000   64.633   25.833
67366.000   773.000   281.000   63.000   64.573   25.873
67367.000   721.000   293.000   77.000   64.513   25.913
67368.000   684.000   292.000   65.000   64.454   25.953
67369.000   766.000   306.000   72.000   64.394   25.992
67370.000   703.000   327.000   63.000   64.334   26.032
67371.000   725.000   286.000   64.000   64.274   26.071
67372.000   775.000   288.000   81.000   64.215   26.110
67373.000   704.000   378.000   73.000   64.155   26.149
67374.000   718.000   284.000   57.000   64.095   26.187
67375.000   752.000   293.000   62.000   64.035   26.226
67376.000   757.000   287.000   68.000   63.976   26.264
67377.000   743.000   331.000   78.000   63.916   26.302
67378.000   727.000   303.000   72.000   63.856   26.340
67379.000   741.000   294.000   75.000   63.796   26.378
67380.000   701.000   325.000   82.000   63.736   26.415
67381.000   762.000   288.000   72.000   63.677   26.452
67382.000   703.000   298.000   70.000   63.617   26.490
67383.000   734.000   266.000   66.000   63.557   26.527
67384.000   700.000   297.000   79.000   63.497   26.563
67385.000   731.000   295.000   61.000   63.437   26.600
67386.000   731.000   294.000   73.000   63.377   26.637
67387.000   774.000   293.000   73.000   63.317   26.673
67388.000   753.000   283.000   72.000   63.257   26.709
67389.000   714.000   319.000   67.000   63.197   26.745
67390.000   712.000   303.000   77.000   63.138   26.781
67391.000   734.000   299.000   67.000   63.078   26.816
67392.000   728.000   314.000   77.000   63.018   26.852
67393.000   731.000   296.000   68.000   62.958   26.887
67394.000   718.000   299.000   55.000   62.898   26.922
67395.000   733.000   301.000   72.000   62.838   26.957
67396.000   809.000   304.000   85.000   62.778   26.992
67397.000   765.000   303.000   71.000   62.718   27.027
67398.000   756.000   306.000   71.000   62.658   27.061
67399.000   710.000   307.000   72.000   62.597   27.096
67400.000   719.000   303.000   72.000   62.537   27.130
67401.000   713.000   309.000   67.000   62.477   27.164
67402.000   763.000   285.000   74.000   62.417   27.198
67403.000   732.000   297.000   75.000   62.357   27.232
67404.000   817.000   292.000   78.000   62.297   27.265
67405.000   754.000   282.000   69.000   62.237   27.299
67406.000   783.000   325.000   79.000   62.177   27.332
67407.000   717.000   310.000   77.000   62.117   27.365
67408.000   747.000   334.000   68.000   62.057   27.398
67409.000   771.000   311.000   43.000   61.996   27.431
67410.000   760.000   300.000   76.000   61.936   27.464
67411.000   714.000   289.000   74.000   61.876   27.496
67412.000   758.000   315.000   65.000   61.816   27.529
67413.000   722.000   296.000   79.000   61.756   27.561
67414.000   707.000   272.000   80.000   61.695   27.593
67415.000   746.000   255.000   95.000   61.635   27.625
67416.000   718.000   314.000   79.000   61.575   27.657
67417.000   794.000   325.000   76.000   61.515   27.689
67418.000   717.000   323.000   77.000   61.455   27.720
67419.000   710.000   352.000   89.000   61.394   27.752
67420.000   715.000   317.000   72.000   61.334   27.783
67421.000   751.000   301.000   90.000   61.274   27.814
67422.000   785.000   334.000   71.000   61.213   27.845
67423.000   774.000   311.000   93.000   61.153   27.876
67424.000   734.000   314.000   64.000   61.093   27.907
67425.000   822.000   311.000   73.000   61.033   27.938
67426.000   738.000   326.000   88.000   60.972   27.968
67427.000   736.000   298.000   83.000   60.912   27.998
67428.000   1050.000   293.000   85.000   60.852   28.029
67429.000   1081.000   292.000   73.000   60.791   28.059
67430.000   1192.000   344.000   97.000   60.731   28.089
67431.000   1227.000   326.000   95.000   60.671   28.119
67432.000   1360.000   312.000   74.000   60.610   28.148
67433.000   1372.000   283.000   73.000   60.550   28.178
67434.000   1430.000   285.000   81.000   60.489   28.207
67435.000   1571.000   305.000   76.000   60.429   28.237
67436.000   1578.000   323.000   80.000   60.369   28.266
67437.000   1794.000   280.000   88.000   60.308   28.295
67438.000   1798.000   352.000   89.000   60.248   28.324
67439.000   1904.000   268.000   93.000   60.187   28.353
67921.000   9061.000   6790.000   72.000   30.525   35.140
67922.000   8805.000   6418.000   85.000   30.463   35.147
67923.000   8482.000   6103.000   74.000   30.400   35.153
67924.000   8469.000   5753.000   72.000   30.338   35.160
67925.000   8317.000   5302.000   99.000   30.276   35.167
67926.000   8042.000   5171.000   79.000   30.214   35.174
67927.000   7762.000   4744.000   88.000   30.152   35.180
67928.000   7252.000   4354.000   97.000   30.090   35.187
67929.000   7208.000   4184.000   86.000   30.028   35.194
67930.000   6841.000   3820.000   84.000   29.965   35.201
67931.000   6678.000   3600.000   82.000   29.903   35.207
67932.000   6258.000   3302.000   88.000   29.841   35.214
67933.000   6141.000   3028.000   80.000   29.779   35.221
67934.000   5829.000   2684.000   74.000   29.717   35.227
67935.000   1000.000   2592.000   98.000   29.655   35.234
67936.000   1028.000   2465.000   81.000   29.593   35.241
67937.000   1005.000   2212.000   66.000   29.530   35.247
67938.000   1051.000   2018.000   86.000   29.468   35.254
67939.000   1064.000   1916.000   88.000   29.406   35.261
67940.000   997.000   1816.000   90.000   29.344   35.267
67941.000   1002.000   1699.000   73.000   29.282   35.274
67942.000   1059.000   1657.000   79.000   29.220   35.280
67943.000   980.000   1569.000   104.000   29.157   35.287
67944.000   1017.000   1451.000   79.000   29.095   35.293
67945.000   1054.000   1275.000   101.000   29.033   35.300
67946.000   1021.000   1182.000   86.000   28.971   35.306
67947.000   1075.000   1249.000   77.000   28.909   35.313
67948.000   1003.000   1109.000   93.000   28.847   35.319
67949.000   1044.000   1096.000   91.000   28.784   35.326
67950.000   979.000   1046.000   101.000   28.722   35.332
67951.000   967.000   950.000   72.000   28.660   35.339
67952.000   1056.000   900.000   74.000   28.598   35.345
67953.000   1041.000   818.000   86.000   28.536   35.352
67954.000   988.000   731.000   85.000   28.474   35.358
67955.000   1034.000   712.000   74.000   28.411   35.364
67956.000   988.000   672.000   89.000   28.349   35.371
67957.000   970.000   602.000   70.000   28.287   35.377
67958.000   998.000   613.000   67.000   28.225   35.384
67959.000   1016.000   564.000   87.000   28.163   35.390
67960.000   983.000   540.000   89.000   28.100   35.396
67961.000   1030.000   492.000   85.000   28.038   35.403
67962.000   965.000   486.000   96.000   27.976   35.409
67963.000   991.000   494.000   77.000   27.914   35.415
67964.000   1042.000   447.000   93.000   27.852   35.421
67965.000   981.000   468.000   75.000   27.790   35.428
67966.000   953.000   488.000   71.000   27.727   35.434
67967.000   953.000   430.000   75.000   27.665   35.440
67968.000   1000.000   433.000   97.000   27.603   35.446
67969.000   959.000   424.000   79.000   27.541   35.453
67970.000   1010.000   483.000   91.000   27.479   35.459
67971.000   971.000   458.000   92.000   27.416   35.465
67972.000   970.000   488.000   121.000   27.354   35.471
67973.000   1033.000   450.000   109.000   27.292   35.477
67974.000   963.000   466.000   99.000   27.230   35.484
67975.000   1013.000   446.000   82.000   27.168   35.490
67976.000   950.000   479.000   88.000   27.105   35.496
67977.000   996.000   455.000   84.000   27.043   35.502
67978.000   974.000   447.000   89.000   26.981   35.508
67979.000   950.000   469.000   88.000   26.919   35.514
67980.000   956.000   442.000   93.000   26.857   35.520
67981.000   966.000   452.000   94.000   26.794   35.526
67982.000   956.000   462.000   102.000   26.732   35.533
67983.000   967.000   441.000   80.000   26.670   35.539
67984.000   981.000   463.000   92.000   26.608   35.545
67985.000   1007.000   471.000   91.000   26.546   35.551
67986.000   934.000   485.000   99.000   26.483   35.557
67987.000   968.000   416.000   73.000   26.421   35.563
67988.000   928.000   461.000   95.000   26.359   35.569
67989.000   1074.000   433.000   91.000   26.297   35.575
67990.000   922.000   443.000   71.000   26.234   35.581
67991.000   1021.000   457.000   91.000   26.172   35.587
67992.000   1067.000   417.000   105.000   26.110   35.593
67993.000   986.000   370.000   87.000   26.048   35.599
67994.000   1012.000   410.000   88.000   25.986   35.605
67995.000   1009.000   436.000   100.000   25.923   35.611
67996.000   987.000   462.000   89.000   25.861   35.617
67997.000   1008.000   405.000   97.000   25.799   35.622
67998.000   988.000   447.000   70.000   25.737   35.628
67999.000   986.000   415.000   64.000   25.674   35.634
68000.000   1031.000   429.000   105.000   25.612   35.640
68001.000   983.000   432.000   86.000   25.550   35.646
68002.000   1027.000   395.000   83.000   25.488   35.652
68003.000   971.000   419.000   71.000   25.426   35.658
68004.000   988.000   404.000   95.000   25.363   35.664
68005.000   948.000   416.000   79.000   25.301   35.669
68006.000   982.000   432.000   97.000   25.239   35.675
68007.000   964.000   420.000   94.000   25.177   35.681
68008.000   950.000   390.000   82.000   25.114   35.687
68009.000   939.000   416.000   96.000   25.052   35.693
68010.000   953.000   385.000   87.000   24.990   35.698
68011.000   940.000   385.000   99.000   24.928   35.704
68012.000   942.000   433.000   78.000   24.865   35.710
68013.000   940.000   389.000   91.000   24.803   35.716
68014.000   970.000   427.000   119.000   24.741   35.721
68015.000   952.000   435.000   96.000   24.679   35.727
68016.000   904.000   453.000   88.000   24.616   35.733
68017.000   1018.000   397.000   90.000   24.554   35.739
68018.000   1009.000   426.000   76.000   24.492   35.744
68019.000   1018.000   410.000   111.000   24.430   35.750
68020.000   946.000   371.000   84.000   24.367   35.756
68021.000   969.000   431.000   89.000   24.305   35.761
68022.000   971.000   447.000   84.000   24.243   35.767
68023.000   1017.000   457.000   93.000   24.181   35.773
68024.000   992.000   407.000   89.000   24.118   35.778
68025.000   996.000   466.000   95.000   24.056   35.784
68026.000   1060.000   399.000   84.000   23.994   35.790
68027.000   930.000   439.000   87.000   23.932   35.795
68028.000   964.000   481.000   91.000   23.869   35.801
68029.000   1034.000   442.000   94.000   23.807   35.806
68030.000   1009.000   485.000   92.000   23.745   35.812
68031.000   1033.000   450.000   101.000   23.683   35.817
68032.000   1065.000   444.000   89.000   23.620   35.823
68033.000   1070.000   443.000   79.000   23.558   35.829
68034.000   1109.000   475.000   104.000   23.496   35.834
68035.000   997.000   427.000   100.000   23.434   35.840
68036.000   1090.000   436.000   99.000   23.371   35.845
68037.000   1005.000   468.000   95.000   23.309   35.851
68038.000   1080.000   447.000   85.000   23.247   35.856
68039.000   1069.000   446.000   82.000   23.185   35.862
68040.000   1016.000   437.000   81.000   23.122   35.867
68041.000   1027.000   467.000   88.000   23.060   35.873
68042.000   1095.000   426.000   100.000   22.998   35.878
68043.000   1053.000   430.000   110.000   22.936   35.884
68044.000   1020.000   419.000   113.000   22.873   35.889
68045.000   989.000   445.000   91.000   22.811   35.895
68046.000   1034.000   430.000   99.000   22.749   35.900
68047.000   1055.000   415.000   106.000   22.686   35.906
68048.000   1088.000   438.000   91.000   22.624   35.911
68049.000   990.000   427.000   93.000   22.562   35.916
68050.000   993.000   408.000   86.000   22.500   35.922
68051.000   958.000   497.000   99.000   22.437   35.927
68052.000   1083.000   420.000   99.000   22.375   35.933
68053.000   1008.000   417.000   101.000   22.313   35.938
68054.000   1006.000   464.000   102.000   22.251   35.943
68055.000   1039.000   415.000   88.000   22.188   35.949
68056.000   1053.000   422.000   89.000   22.126   35.954
68057.000   1056.000   425.000   106.000   22.064   35.959
68058.000   1031.000   433.000   102.000   22.001   35.965
68059.000   1005.000   426.000   98.000   21.939   35.970
68060.000   1041.000   449.000   106.000   21.877   35.975
68061.000   1062.000   433.000   114.000   21.815   35.981
68062.000   1039.000   450.000   89.000   21.752   35.986
68063.000   1016.000   401.000   86.000   21.690   35.991
68064.000   1060.000   467.000   97.000   21.628   35.997
68065.000   1072.000   437.000   87.000   21.565   36.002
68066.000   1086.000   459.000   120.000   21.503   36.007
68067.000   1053.000   447.000   94.000   21.441   36.012
68068.000   1015.000   461.000   91.000   21.379   36.018
68069.000   1003.000   442.000   101.000   21.316   36.023
68070.000   1026.000   490.000   70.000   21.254   36.028
68071.000   1026.000   464.000   112.000   21.192   36.033
68072.000   1033.000   433.000   105.000   21.129   36.039
68073.000   1062.000   405.000   104.000   21.067   36.044
68074.000   1033.000   396.000   95.000   21.005   36.049
68075.000   1094.000   437.000   107.000   20.943   36.054
68076.000   1048.000   458.000   117.000   20.880   36.059
68077.000   1087.000   465.000   102.000   20.818   36.065
68078.000   1133.000   478.000   71.000   20.756   36.070
68079.000   1018.000   474.000   79.000   20.693   36.075
68080.000   997.000   412.000   99.000   20.631   36.080
68081.000   1048.000   670.000   98.000   20.569   36.085
68082.000   1067.000   636.000   103.000   20.507   36.090
68083.000   1062.000   689.000   93.000   20.444   36.096
68084.000   1118.000   736.000   121.000   20.382   36.101
68085.000   1073.000   720.000   98.000   20.320   36.106
68086.000   1060.000   852.000   69.000   20.257   36.111
68087.000   1047.000   809.000   93.000   20.195   36.116
68088.000   1046.000   893.000   113.000   20.133   36.121
68089.000   1513.000   933.000   106.000   20.070   36.126
68090.000   1499.000   1006.000   116.000   20.008   36.131
68091.000   1639.000   983.000   115.000   19.946   36.136
68092.000   1659.000   1076.000   123.000   19.884   36.142
68093.000   1786.000   1230.000   101.000   19.821   36.147
68094.000   1828.000   1302.000   97.000   19.759   36.152
68095.000   1974.000   1334.000   114.000   19.697   36.157
68096.000   2056.000   1416.000   91.000   19.634   36.162
68097.000   2218.000   1608.000   85.000   19.572   36.167
68098.000   2298.000   1748.000   107.000   19.510   36.172
68099.000   2432.000   1875.000   90.000   19.447   36.177
68100.000   2608.000   1977.000   125.000   19.385   36.182
68101.000   2747.000   2155.000   105.000   19.323   36.187
68102.000   3031.000   2344.000   99.000   19.260   36.192
68103.000   3095.000   2466.000   116.000   19.198   36.197
68104.000   3313.000   2617.000   105.000   19.136   36.202
68105.000   3533.000   2822.000   99.000   19.073   36.207
68106.000   3694.000   3076.000   130.000   19.011   36.212
68107.000   3859.000   8554.000   108.000   18.949   36.217
68108.000   4143.000   8518.000   123.000   18.887   36.222
68109.000   4216.000   8292.000   114.000   18.824   36.227
68110.000   4571.000   8207.000   102.000   18.762   36.232
68111.000   4691.000   8104.000   111.000   18.700   36.237
68112.000   4914.000   7809.000   111.000   18.637   36.242
68113.000   5182.000   7895.000   113.000   18.575   36.246
68114.000   5350.000   7919.000   89.000   18.513   36.251
68115.000   5664.000   7598.000   96.000   18.450   36.256
68116.000   5927.000   7802.000   123.000   18.388   36.261
68117.000   6110.000   7798.000   112.000   18.326   36.266
68118.000   6320.000   7948.000   97.000   18.263   36.271
68119.000   6641.000   7817.000   73.000   18.201   36.276
68120.000   6976.000   8031.000   107.000   18.139   36.281
68121.000   7017.000   8297.000   113.000   18.076   36.286
68122.000   7275.000   8166.000   121.000   18.014   36.291
68123.000   7479.000   8290.000   94.000   17.952   36.295
68124.000   7758.000   8519.000   127.000   17.889   36.300
68125.000   7810.000   8542.000   114.000   17.827   36.305
68126.000   8094.000   8843.000   103.000   17.765   36.310
68127.000   8280.000   8985.000   105.000   17.702   36.315
68128.000   8218.000   9058.000   97.000   17.640   36.320
68129.000   8360.000   9213.000   120.000   17.578   36.324
68130.000   8441.000   9176.000   119.000   17.515   36.329
68131.000   8576.000   9358.000   90.000   17.453   36.334
68132.000   8608.000   9756.000   100.000   17.391   36.339
68133.000   8895.000   9803.000   101.000   17.328   36.344
68134.000   8956.000   9859.000   116.000   17.266   36.348
68135.000   9011.000   10011.000   105.000   17.204   36.353
68136.000   8951.000   10070.000   119.000   17.141   36.358
68137.000   8917.000   10282.000   100.000   17.079   36.363
68138.000   9053.000   10395.000   130.000   17.017   36.368
68139.000   9121.000   10425.000   108.000   16.954   36.372
68140.000   9007.000   10553.000   113.000   16.892   36.377
68141.000   9068.000   10632.000   126.000   16.830   36.382
68142.000   9066.000   10736.000   107.000   16.767   36.387
68143.000   8937.000   10753.000   110.000   16.705   36.391
68144.000   8826.000   10871.000   109.000   16.643   36.396
68145.000   8703.000   10806.000   138.000   16.580   36.401
68146.000   8476.000   10770.000   113.000   16.518   36.406
68147.000   8407.000   11114.000   116.000   16.456   36.410
68148.000   8323.000   10899.000   122.000   16.393   36.415
68149.000   8187.000   10761.000   111.000   16.331   36.420
68150.000   8037.000   10877.000   128.000   16.269   36.424
68151.000   7940.000   10685.000   104.000   16.206   36.429
68152.000   7887.000   10742.000   97.000   16.144   36.434
68153.000   7917.000   10640.000   115.000   16.082   36.438
68154.000   8094.000   10635.000   101.000   16.019   36.443
68155.000   7820.000   10578.000   109.000   15.957   36.448
68156.000   7656.000   10939.000   130.000   15.895   36.453
68157.000   7828.000   10650.000   114.000   15.832   36.457
68158.000   7698.000   10930.000   118.000   15.770   36.462
68159.000   7608.000   10592.000   122.000   15.708   36.466
68160.000   7773.000   10721.000   123.000   15.645   36.471
68161.000   34272.000   34071.000   97.000   15.583   36.476
68162.000   43429.000   43333.000   107.000   15.521   36.480
68163.000   2610.000   4265.000   115.000   15.458   36.485
68164.000   46640.000   46594.000   120.000   15.396   36.490
68165.000   778.000   383.000   99.000   15.334   36.494
68166.000   803.000   340.000   109.000   15.271   36.499
68167.000   751.000   356.000   128.000   15.209   36.503
68168.000   749.000   386.000   105.000   15.147   36.508
68169.000   720.000   382.000   120.000   15.084   36.513
68170.000   754.000   375.000   120.000   15.022   36.517
68171.000   796.000   392.000   123.000   14.960   36.522
68172.000   818.000   463.000   129.000   14.897   36.526
68173.000   794.000   378.000   127.000   14.835   36.531
68174.000   767.000   347.000   113.000   14.773   36.536
68175.000   5043.000   363.000   120.000   14.710   36.540
68176.000   4954.000   372.000   145.000   14.648   36.545
68177.000   4737.000   368.000   110.000   14.585   36.549
68178.000   4281.000   343.000   119.000   14.523   36.554
68179.000   4148.000   326.000   105.000   14.461   36.558
68180.000   3893.000   342.000   129.000   14.398   36.563
68181.000   3705.000   367.000   107.000   14.336   36.567
68182.000   3460.000   343.000   127.000   14.274   36.572
68183.000   3211.000   350.000   117.000   14.211   36.577
68184.000   2948.000   407.000   135.000   14.149   36.581
68185.000   2757.000   402.000   126.000   14.087   36.586
68186.000   2683.000   381.000   119.000   14.024   36.590
68187.000   2566.000   353.000   123.000   13.962   36.595
68188.000   2493.000   374.000   123.000   13.900   36.599
68189.000   2386.000   360.000   4306.000   13.837   36.604
68190.000   2146.000   358.000   4535.000   13.775   36.608
68191.000   2094.000   331.000   4603.000   13.713   36.613
68192.000   1964.000   352.000   4752.000   13.650   36.617
68193.000   1772.000   386.000   4985.000   13.588   36.622
68194.000   1748.000   353.000   5146.000   13.525   36.626
68195.000   1672.000   374.000   5396.000   13.463   36.631
68196.000   1555.000   378.000   5698.000   13.401   36.635
68197.000   1421.000   374.000   5813.000   13.338   36.639
68198.000   1355.000   341.000   6140.000   13.276   36.644
68199.000   1245.000   344.000   6430.000   13.214   36.648
68200.000   1215.000   395.000   6821.000   13.151   36.653
68201.000   1160.000   400.000   7292.000   13.089   36.657
68202.000   1072.000   344.000   7792.000   13.027   36.662
68203.000   1055.000   409.000   8108.000   12.964   36.666
68204.000   1000.000   372.000   8699.000   12.902   36.671
68205.000   926.000   399.000   9249.000   12.839   36.675
68206.000   1080.000   389.000   9597.000   12.777   36.679
68207.000   930.000   365.000   9772.000   12.715   36.684
68208.000   844.000   345.000   10146.000   12.652   36.688
68209.000   892.000   393.000   10500.000   12.590   36.693
68210.000   919.000   387.000   10753.000   12.528   36.697
68211.000   874.000   378.000   11036.000   12.465   36.702
68212.000   832.000   397.000   11126.000   12.403   36.706
68213.000   835.000   355.000   11166.000   12.341   36.710
68214.000   788.000   407.000   11578.000   12.278   36.715
68215.000   823.000   410.000   11567.000   12.216   36.719
68216.000   820.000   419.000   11593.000   12.153   36.723
68217.000   766.000   370.000   11676.000   12.091   36.728
68218.000   786.000   423.000   11691.000   12.029   36.732
68219.000   812.000   369.000   11904.000   11.966   36.737
68220.000   748.000   369.000   11660.000   11.904   36.741
68221.000   827.000   420.000   16967.000   11.842   36.745
68222.000   834.000   375.000   21576.000   11.779   36.750
68223.000   874.000   405.000   2577.000   11.717   36.754
68224.000   860.000   395.000   23184.000   11.655   36.758
68225.000   849.000   395.000   56.000   11.592   36.763
68226.000   872.000   349.000   63.000   11.530   36.767
68227.000   836.000   407.000   46.000   11.467   36.771
68228.000   889.000   370.000   57.000   11.405   36.776
68229.000   825.000   399.000   48.000   11.343   36.780
68230.000   858.000   345.000   49.000   11.280   36.784
68231.000   845.000   342.000   54.000   11.218   36.789
68232.000   853.000   366.000   62.000   11.156   36.793
68233.000   837.000   406.000   43.000   11.093   36.797
68234.000   830.000   457.000   52.000   11.031   36.802
68235.000   820.000   393.000   57.000   10.969   36.806
68236.000   797.000   383.000   57.000   10.906   36.810
68237.000   755.000   377.000   53.000   10.844   36.815
68238.000   812.000   375.000   56.000   10.781   36.819
68239.000   815.000   400.000   57.000   10.719   36.823
68240.000   780.000   361.000   56.000   10.657   36.828
68241.000   813.000   377.000   51.000   10.594   36.832
68242.000   827.000   379.000   63.000   10.532   36.836
68243.000   751.000   368.000   56.000   10.470   36.840
68244.000   786.000   359.000   50.000   10.407   36.845
68245.000   776.000   409.000   61.000   10.345   36.849
68246.000   781.000   397.000   57.000   10.282   36.853
68247.000   781.000   372.000   62.000   10.220   36.858
68248.000   777.000   405.000   65.000   10.158   36.862
68249.000   847.000   385.000   52.000   10.095   36.866
68250.000   800.000   487.000   48.000   10.033   36.870
68251.000   794.000   368.000   59.000   09.971   36.875
68252.000   797.000   378.000   59.000   09.908   36.879
68253.000   766.000   389.000   59.000   09.846   36.883
68254.000   799.000   359.000   49.000   09.783   36.887
68255.000   757.000   396.000   59.000   09.721   36.892
68256.000   789.000   380.000   50.000   09.659   36.896
68257.000   785.000   435.000   41.000   09.596   36.900
68258.000   782.000   463.000   52.000   09.534   36.904
68259.000   759.000   372.000   50.000   09.472   36.908
68260.000   775.000   393.000   58.000   09.409   36.913
68261.000   760.000   371.000   59.000   09.347   36.917
68262.000   708.000   390.000   62.000   09.284   36.921
68263.000   727.000   389.000   47.000   09.222   36.925
68264.000   730.000   423.000   59.000   09.160   36.930
68265.000   783.000   396.000   62.000   09.097   36.934
68266.000   763.000   466.000   52.000   09.035   36.938
68267.000   765.000   371.000   58.000   08.973   36.942
68268.000   812.000   398.000   50.000   08.910   36.946
68269.000   735.000   384.000   58.000   08.848   36.951
68270.000   750.000   380.000   63.000   08.785   36.955
68271.000   765.000   412.000   51.000   08.723   36.959
68272.000   794.000   387.000   50.000   08.661   36.963
68273.000   738.000   410.000   55.000   08.598   36.967
68274.000   752.000   464.000   61.000   08.536   36.972
68275.000   746.000   404.000   60.000   08.474   36.976
68276.000   712.000   370.000   57.000   08.411   36.980
68277.000   697.000   381.000   65.000   08.349   36.984
68278.000   762.000   430.000   68.000   08.286   36.988
68279.000   759.000   366.000   69.000   08.224   36.993
68280.000   720.000   397.000   43.000   08.162   36.997
68281.000   707.000   371.000   56.000   08.099   37.001
68282.000   735.000   501.000   56.000   08.037   37.005
68283.000   732.000   395.000   59.000   07.975   37.009
68284.000   730.000   347.000   43.000   07.912   37.013
68285.000   737.000   410.000   70.000   07.850   37.017
68286.000   753.000   384.000   60.000   07.787   37.022
68287.000   736.000   400.000   41.000   07.725   37.026
68288.000   769.000   380.000   56.000   07.663   37.030
68289.000   795.000   373.000   46.000   07.600   37.034
68290.000   764.000   366.000   66.000   07.538   37.038
68291.000   726.000   382.000   50.000   07.476   37.042
68292.000   769.000   395.000   61.000   07.413   37.047
68293.000   779.000   365.000   49.000   07.351   37.051
68294.000   785.000   461.000   53.000   07.288   37.055
68295.000   817.000   392.000   53.000   07.226   37.059
68296.000   785.000   373.000   62.000   07.164   37.063
68297.000   751.000   372.000   55.000   07.101   37.067
68298.000   749.000   404.000   68.000   07.039   37.071
68299.000   761.000   368.000   75.000   06.977   37.075
68300.000   709.000   357.000   58.000   06.914   37.080
68301.000   720.000   415.000   47.000   06.852   37.084
68302.000   726.000   458.000   59.000   06.789   37.088
68303.000   758.000   377.000   56.000   06.727   37.092
68304.000   725.000   356.000   66.000   06.665   37.096
68305.000   723.000   427.000   60.000   06.602   37.100
68306.000   731.000   393.000   57.000   06.540   37.104
68307.000   730.000   399.000   51.000   06.478   37.108
68308.000   735.000   404.000   52.000   06.415   37.112
68309.000   726.000   426.000   75.000   06.353   37.117
68310.000   705.000   352.000   83.000   06.290   37.121
68311.000   741.000   380.000   76.000   06.228   37.125
68312.000   772.000   400.000   62.000   06.166   37.129
68313.000   740.000   388.000   70.000   06.103   37.133
68314.000   757.000   407.000   70.000   06.041   37.137
68315.000   733.000   420.000   73.000   05.979   37.141
68316.000   699.000   379.000   58.000   05.916   37.145
68317.000   677.000   328.000   67.000   05.854   37.149
68318.000   753.000   405.000   69.000   05.791   37.153
68319.000   675.000   388.000   70.000   05.729   37.158
68320.000   733.000   429.000   73.000   05.667   37.162
68321.000   660.000   307.000   78.000   05.604   37.166
68322.000   690.000   300.000   57.000   05.542   37.170
68323.000   730.000   288.000   57.000   05.479   37.174
68324.000   719.000   273.000   66.000   05.417   37.178
68325.000   735.000   299.000   69.000   05.355   37.182
68326.000   738.000   374.000   68.000   05.292   37.186
68327.000   773.000   281.000   63.000   05.230   37.190
68328.000   721.000   293.000   77.000   05.168   37.194
68329.000   684.000   292.000   65.000   05.105   37.198
68330.000   766.000   306.000   72.000   05.043   37.202
68331.000   703.000   327.000   63.000   04.980   37.206
68332.000   725.000   286.000   64.000   04.918   37.210
68333.000   775.000   288.000   81.000   04.856   37.215
68334.000   704.000   378.000   73.000   04.793   37.219
68335.000   718.000   284.000   57.000   04.731   37.223
68336.000   752.000   293.000   62.000   04.669   37.227
68337.000   757.000   287.000   68.000   04.606   37.231
68338.000   743.000   331.000   78.000   04.544   37.235
68339.000   727.000   303.000   72.000   04.481   37.239
68340.000   741.000   294.000   75.000   04.419   37.243
68341.000   701.000   325.000   82.000   04.357   37.247
68342.000   762.000   288.000   72.000   04.294   37.251
68343.000   703.000   298.000   70.000   04.232   37.255
68344.000   734.000   266.000   66.000   04.170   37.259
68345.000   700.000   297.000   79.000   04.107   37.263
68346.000   731.000   295.000   61.000   04.045   37.267
68347.000   731.000   294.000   73.000   03.982   37.271
68348.000   774.000   293.000   73.000   03.920   37.275
68349.000   753.000   283.000   72.000   03.858   37.279
68350.000   714.000   319.000   67.000   03.795   37.283
68351.000   712.000   303.000   77.000   03.733   37.287
68352.000   734.000   299.000   67.000   03.671   37.291
68353.000   728.000   314.000   77.000   03.608   37.295
68354.000   731.000   296.000   68.000   03.546   37.299
68355.000   718.000   299.000   55.000   03.483   37.303
68356.000   733.000   301.000   72.000   03.421   37.308
68357.000   809.000   304.000   85.000   03.359   37.312
68358.000   765.000   303.000   71.000   03.296   37.316
68359.000   756.000   306.000   71.000   03.234   37.320
68360.000   710.000   307.000   72.000   03.172   37.324
68361.000   719.000   303.000   72.000   03.109   37.328
68362.000   713.000   309.000   67.000   03.047   37.332
68363.000   763.000   285.000   74.000   02.984   37.336
68364.000   732.000   297.000   75.000   02.922   37.340
68365.000   817.000   292.000   78.000   02.860   37.344
68366.000   754.000   282.000   69.000   02.797   37.348
68367.000   783.000   325.000   79.000   02.735   37.352
68368.000   717.000   310.000   77.000   02.673   37.356
68369.000   747.000   334.000   68.000   02.610   37.360
68370.000   771.000   311.000   43.000   02.548   37.364
68371.000   760.000   300.000   76.000   02.485   37.368
68372.000   714.000   289.000   74.000   02.423   37.372
68373.000   758.000   315.000   65.000   02.361   37.376
68374.000   722.000   296.000   79.000   02.298   37.380
68375.000   707.000   272.000   80.000   02.236   37.384
68376.000   746.000   255.000   95.000   02.174   37.388
68377.000   718.000   314.000   79.000   02.111   37.392
68378.000   794.000   325.000   76.000   02.049   37.396
68379.000   717.000   323.000   77.000   01.986   37.400
68380.000   710.000   352.000   89.000   01.924   37.404
68381.000   715.000   317.000   72.000   01.862   37.408
68382.000   751.000   301.000   90.000   01.799   37.412
68383.000   785.000   334.000   71.000   01.737   37.416
68384.000   774.000   311.000   93.000   01.675   37.420
68385.000   734.000   314.000   64.000   01.612   37.424
68386.000   822.000   311.000   73.000   01.550   37.428
68387.000   738.000   326.000   88.000   01.488   37.432
68388.000   736.000   298.000   83.000   01.425   37.436
68389.000   1050.000   293.000   85.000   01.363   37.440
68390.000   1081.000   292.000   73.000   01.300   37.444
68391.000   1192.000   344.000   97.000   01.238   37.448
68392.000   1227.000   326.000   95.000   01.176   37.452
68393.000   1360.000   312.000   74.000   01.113   37.456
68394.000   1372.000   283.000   73.000   01.051   37.460
68395.000   1430.000   285.000   81.000   00.989   37.464
68396.000   1571.000   305.000   76.000   00.926   37.468
68397.000   1578.000   323.000   80.000   00.864   37.472
68398.000   1794.000   280.000   88.000   00.802   37.476
68399.000   1798.000   352.000   89.000   00.739   37.480
68400.000   1904.000   268.000   93.000   00.677   37.484
