Time range: [ 09:49:52.000  10:35:59.000 ]
Time range duration: 46.0 min, 7.0 sec
Longitude range: [ 72.0  112.0 ]
35392.000   19516.000   593.000   72.000   -82.520   -94.209
35393.000   19752.000   586.000   77.000   -82.520   -93.737
35394.000   20003.000   508.000   68.000   -82.519   -93.264
35395.000   19707.000   495.000   70.000   -82.518   -92.792
35396.000   18843.000   547.000   81.000   -82.516   -92.321
35397.000   19132.000   593.000   77.000   -82.514   -91.849
35398.000   18600.000   653.000   83.000   -82.511   -91.378
35399.000   18111.000   579.000   77.000   -82.508   -90.907
35400.000   17621.000   615.000   68.000   -82.504   -90.437
35401.000   16521.000   578.000   70.000   -82.500   -89.967
35402.000   16667.000   627.000   76.000   -82.495   -89.497
35403.000   16064.000   636.000   70.000   -82.490   -89.029
35404.000   16126.000   621.000   79.000   -82.484   -88.561
35405.000   15380.000   603.000   66.000   -82.478   -88.093
35406.000   15837.000   596.000   84.000   -82.471   -87.627
35407.000   15758.000   554.000   86.000   -82.464   -87.161
35408.000   15476.000   585.000   77.000   -82.456   -86.697
35409.000   15053.000   631.000   66.000   -82.448   -86.233
35410.000   15767.000   585.000   74.000   -82.439   -85.770
35411.000   15541.000   541.000   71.000   -82.430   -85.309
35412.000   14970.000   574.000   69.000   -82.420   -84.849
35413.000   16553.000   615.000   73.000   -82.410   -84.389
35414.000   8937.000   598.000   77.000   -82.399   -83.932
35415.000   8889.000   703.000   64.000   -82.388   -83.475
35416.000   8881.000   758.000   65.000   -82.376   -83.020
35417.000   8979.000   838.000   72.000   -82.364   -82.566
35418.000   9050.000   706.000   64.000   -82.351   -82.114
35419.000   9170.000   743.000   74.000   -82.338   -81.663
35420.000   9775.000   751.000   64.000   -82.324   -81.214
35421.000   10218.000   798.000   66.000   -82.310   -80.767
35422.000   9426.000   787.000   70.000   -82.295   -80.321
35423.000   9166.000   844.000   67.000   -82.280   -79.877
35424.000   9220.000   768.000   65.000   -82.265   -79.434
35425.000   9145.000   811.000   65.000   -82.249   -78.994
35426.000   8948.000   821.000   70.000   -82.232   -78.555
35427.000   9038.000   762.000   56.000   -82.216   -78.118
35428.000   9020.000   806.000   82.000   -82.198   -77.683
35429.000   8824.000   830.000   55.000   -82.180   -77.250
35430.000   8931.000   864.000   65.000   -82.162   -76.819
35431.000   8978.000   909.000   66.000   -82.143   -76.390
35432.000   8979.000   914.000   70.000   -82.124   -75.963
35433.000   9273.000   953.000   67.000   -82.105   -75.539
35434.000   9231.000   953.000   64.000   -82.085   -75.116
35435.000   9437.000   893.000   72.000   -82.064   -74.696
35436.000   9796.000   872.000   71.000   -82.043   -74.277
35437.000   9880.000   987.000   67.000   -82.022   -73.861
35438.000   9753.000   1031.000   57.000   -82.000   -73.447
35439.000   9905.000   1056.000   73.000   -81.978   -73.036
35440.000   9832.000   1197.000   74.000   -81.956   -72.627
35441.000   10025.000   1263.000   86.000   -81.933   -72.220
35442.000   9929.000   1202.000   76.000   -81.909   -71.815
35443.000   9961.000   1194.000   68.000   -81.886   -71.413
35444.000   10122.000   1172.000   78.000   -81.861   -71.013
35445.000   9990.000   1270.000   80.000   -81.837   -70.615
35446.000   10256.000   1245.000   72.000   -81.812   -70.220
35447.000   10120.000   1329.000   66.000   -81.787   -69.828
35448.000   10246.000   1473.000   106.000   -81.761   -69.438
35449.000   10283.000   1819.000   86.000   -81.735   -69.050
35450.000   10369.000   1971.000   73.000   -81.708   -68.665
35451.000   10557.000   2086.000   72.000   -81.681   -68.282
35452.000   10656.000   2307.000   67.000   -81.654   -67.901
35453.000   10676.000   2555.000   75.000   -81.626   -67.524
35454.000   11084.000   2716.000   85.000   -81.598   -67.148
35455.000   11443.000   3332.000   66.000   -81.570   -66.776
35456.000   11460.000   3921.000   76.000   -81.541   -66.405
35457.000   11563.000   4413.000   73.000   -81.512   -66.038
35458.000   11725.000   4253.000   53.000   -81.483   -65.672
35459.000   11681.000   4126.000   80.000   -81.453   -65.310
35460.000   11725.000   4261.000   68.000   -81.423   -64.950
35461.000   11834.000   4329.000   57.000   -81.393   -64.592
35462.000   12085.000   4590.000   77.000   -81.362   -64.237
35463.000   12090.000   4913.000   79.000   -81.331   -63.885
35464.000   11948.000   5180.000   77.000   -81.299   -63.535
35465.000   12426.000   5506.000   76.000   -81.268   -63.187
35466.000   12499.000   11038.000   74.000   -81.236   -62.842
35467.000   12505.000   10933.000   76.000   -81.203   -62.500
35468.000   12635.000   11099.000   75.000   -81.170   -62.160
35469.000   13038.000   11227.000   78.000   -81.137   -61.823
35470.000   13253.000   11145.000   76.000   -81.104   -61.488
35471.000   13498.000   11277.000   75.000   -81.070   -61.156
35472.000   13622.000   11198.000   65.000   -81.037   -60.826
35473.000   13876.000   10884.000   74.000   -81.002   -60.499
35474.000   13825.000   11120.000   90.000   -80.968   -60.174
35475.000   14000.000   10898.000   89.000   -80.933   -59.852
35476.000   13663.000   11261.000   70.000   -80.898   -59.532
35477.000   13888.000   11060.000   85.000   -80.862   -59.215
35478.000   13833.000   11081.000   63.000   -80.827   -58.900
35479.000   13479.000   11129.000   77.000   -80.791   -58.588
35480.000   13588.000   11194.000   75.000   -80.755   -58.278
35481.000   13647.000   11140.000   81.000   -80.718   -57.971
35482.000   13423.000   10946.000   63.000   -80.681   -57.666
35483.000   13850.000   11262.000   81.000   -80.644   -57.363
35484.000   14225.000   11116.000   81.000   -80.607   -57.063
35485.000   13955.000   11381.000   71.000   -80.569   -56.765
35486.000   13856.000   11228.000   80.000   -80.532   -56.470
35487.000   13688.000   11360.000   78.000   -80.494   -56.176
35488.000   13611.000   11254.000   64.000   -80.455   -55.886
35489.000   13506.000   11325.000   76.000   -80.417   -55.597
35490.000   13533.000   11014.000   64.000   -80.378   -55.311
35491.000   13306.000   11179.000   69.000   -80.339   -55.028
35492.000   13450.000   11150.000   93.000   -80.300   -54.746
35493.000   13438.000   11088.000   72.000   -80.260   -54.467
35494.000   13194.000   11263.000   89.000   -80.220   -54.190
35495.000   13082.000   11302.000   87.000   -80.180   -53.916
35496.000   12922.000   11283.000   76.000   -80.140   -53.643
35497.000   12876.000   11078.000   94.000   -80.100   -53.373
35498.000   13079.000   11335.000   71.000   -80.059   -53.105
35499.000   12954.000   11186.000   73.000   -80.018   -52.839
35500.000   12974.000   11167.000   90.000   -79.977   -52.576
35501.000   12987.000   11047.000   69.000   -79.936   -52.315
35502.000   12903.000   11222.000   85.000   -79.895   -52.055
35503.000   12828.000   11113.000   79.000   -79.853   -51.798
35504.000   12703.000   11053.000   84.000   -79.811   -51.543
35505.000   12854.000   11217.000   72.000   -79.769   -51.290
35506.000   12981.000   11258.000   86.000   -79.727   -51.040
35507.000   12803.000   10846.000   67.000   -79.684   -50.791
35508.000   12597.000   11047.000   72.000   -79.641   -50.544
35509.000   12887.000   11259.000   71.000   -79.598   -50.300
35510.000   12593.000   11039.000   62.000   -79.555   -50.057
35511.000   12293.000   11073.000   73.000   -79.512   -49.816
35512.000   12301.000   11019.000   93.000   -79.469   -49.578
35513.000   12147.000   10877.000   78.000   -79.425   -49.341
35514.000   12358.000   10995.000   73.000   -79.381   -49.107
35515.000   12170.000   11007.000   54.000   -79.337   -48.874
35516.000   11927.000   11061.000   90.000   -79.293   -48.643
35517.000   11937.000   11058.000   94.000   -79.249   -48.414
35518.000   11948.000   11222.000   78.000   -79.204   -48.187
35519.000   11558.000   11274.000   81.000   -79.159   -47.962
35520.000   11286.000   11284.000   86.000   -79.114   -47.739
35521.000   11845.000   10881.000   98.000   -79.069   -47.518
35522.000   10991.000   11181.000   68.000   -79.024   -47.298
35523.000   11173.000   11087.000   74.000   -78.979   -47.080
35524.000   11145.000   10895.000   80.000   -78.933   -46.864
35525.000   10719.000   10987.000   91.000   -78.888   -46.650
35526.000   10991.000   10941.000   82.000   -78.842   -46.438
35527.000   11015.000   10988.000   87.000   -78.796   -46.227
35528.000   11228.000   11309.000   78.000   -78.750   -46.018
35529.000   10606.000   10991.000   89.000   -78.703   -45.811
35530.000   11516.000   11001.000   78.000   -78.657   -45.605
35531.000   11776.000   11018.000   72.000   -78.610   -45.402
35532.000   12084.000   11096.000   75.000   -78.564   -45.200
35533.000   12756.000   11128.000   74.000   -78.517   -44.999
35534.000   4970.000   11052.000   88.000   -78.470   -44.800
35535.000   5096.000   11441.000   98.000   -78.423   -44.603
35536.000   5130.000   10956.000   75.000   -78.375   -44.408
35537.000   5139.000   11110.000   81.000   -78.328   -44.214
35538.000   5204.000   10997.000   73.000   -78.280   -44.021
35539.000   5247.000   11202.000   74.000   -78.233   -43.830
35540.000   5473.000   10741.000   78.000   -78.185   -43.641
35541.000   5650.000   11193.000   88.000   -78.137   -43.453
35542.000   5554.000   10924.000   70.000   -78.089   -43.267
35543.000   5458.000   10963.000   89.000   -78.040   -43.082
35544.000   5523.000   10926.000   85.000   -77.992   -42.899
35545.000   5649.000   10903.000   94.000   -77.944   -42.717
35546.000   5611.000   10649.000   78.000   -77.895   -42.537
35547.000   5746.000   10636.000   68.000   -77.846   -42.358
35548.000   5715.000   10557.000   67.000   -77.797   -42.181
35549.000   5869.000   10825.000   75.000   -77.748   -42.005
35550.000   5737.000   10456.000   85.000   -77.699   -41.830
35551.000   5923.000   10431.000   78.000   -77.650   -41.657
35552.000   5872.000   10499.000   76.000   -77.601   -41.486
35553.000   6053.000   9999.000   72.000   -77.551   -41.315
35554.000   6050.000   9907.000   68.000   -77.502   -41.146
35555.000   6063.000   9837.000   63.000   -77.452   -40.979
35556.000   6132.000   9761.000   81.000   -77.403   -40.812
35557.000   6301.000   9410.000   68.000   -77.353   -40.647
35558.000   6292.000   9355.000   84.000   -77.303   -40.483
35559.000   6386.000   9437.000   78.000   -77.253   -40.321
35560.000   6412.000   8943.000   80.000   -77.203   -40.160
35561.000   6456.000   8821.000   80.000   -77.152   -40.000
35562.000   6446.000   8648.000   79.000   -77.102   -39.841
35563.000   6390.000   8631.000   75.000   -77.051   -39.684
35564.000   6326.000   8370.000   89.000   -77.001   -39.528
35565.000   6445.000   8184.000   101.000   -76.950   -39.373
35566.000   6419.000   8232.000   81.000   -76.899   -39.219
35567.000   6589.000   8147.000   93.000   -76.849   -39.067
35568.000   6685.000   7814.000   78.000   -76.798   -38.916
35569.000   6424.000   7819.000   103.000   -76.747   -38.765
35570.000   6246.000   7842.000   90.000   -76.695   -38.616
35571.000   6304.000   7639.000   84.000   -76.644   -38.469
35572.000   6321.000   7390.000   78.000   -76.593   -38.322
35573.000   6399.000   7219.000   82.000   -76.541   -38.176
35574.000   6352.000   6958.000   90.000   -76.490   -38.032
35575.000   6504.000   6818.000   79.000   -76.438   -37.889
35576.000   6262.000   6807.000   94.000   -76.387   -37.746
35577.000   6357.000   6570.000   66.000   -76.335   -37.605
35578.000   6351.000   6569.000   84.000   -76.283   -37.465
35579.000   6336.000   6321.000   89.000   -76.231   -37.326
35580.000   6205.000   23273.000   90.000   -76.179   -37.188
35581.000   6095.000   27669.000   78.000   -76.127   -37.051
35582.000   6087.000   8491.000   92.000   -76.075   -36.915
35583.000   6330.000   29113.000   80.000   -76.023   -36.781
35584.000   6029.000   6060.000   98.000   -75.970   -36.647
35585.000   6001.000   5971.000   84.000   -75.918   -36.514
35586.000   5887.000   1160.000   63.000   -75.865   -36.382
35587.000   6019.000   1156.000   83.000   -75.813   -36.251
35588.000   5809.000   1100.000   90.000   -75.760   -36.121
35589.000   6020.000   1173.000   80.000   -75.707   -35.992
35590.000   6027.000   1147.000   76.000   -75.655   -35.864
35591.000   5779.000   1160.000   77.000   -75.602   -35.737
35592.000   5617.000   1171.000   91.000   -75.549   -35.611
35593.000   5627.000   1023.000   80.000   -75.496   -35.486
35594.000   5497.000   1032.000   85.000   -75.443   -35.362
35595.000   5505.000   984.000   84.000   -75.390   -35.239
35596.000   5428.000   982.000   88.000   -75.336   -35.116
35597.000   5359.000   1019.000   83.000   -75.283   -34.995
35598.000   5318.000   966.000   78.000   -75.230   -34.874
35599.000   5271.000   1007.000   74.000   -75.176   -34.755
35600.000   5184.000   960.000   89.000   -75.123   -34.636
35601.000   4966.000   963.000   91.000   -75.069   -34.518
35602.000   2188.000   935.000   86.000   -75.016   -34.400
35603.000   2084.000   851.000   82.000   -74.962   -34.284
35604.000   2043.000   920.000   94.000   -74.908   -34.169
35605.000   2048.000   866.000   89.000   -74.854   -34.054
35606.000   2133.000   803.000   72.000   -74.800   -33.940
35607.000   2124.000   827.000   83.000   -74.747   -33.827
35608.000   2031.000   799.000   81.000   -74.693   -33.715
35609.000   1950.000   795.000   79.000   -74.639   -33.604
35610.000   1941.000   811.000   86.000   -74.584   -33.493
35611.000   2025.000   756.000   93.000   -74.530   -33.383
35612.000   1917.000   729.000   95.000   -74.476   -33.274
35613.000   2003.000   726.000   98.000   -74.422   -33.166
35614.000   2016.000   702.000   85.000   -74.367   -33.058
35615.000   1951.000   682.000   89.000   -74.313   -32.952
35616.000   1839.000   701.000   73.000   -74.258   -32.846
35617.000   1835.000   695.000   100.000   -74.204   -32.740
35618.000   1803.000   715.000   79.000   -74.149   -32.636
35619.000   1832.000   672.000   76.000   -74.095   -32.532
35620.000   1850.000   723.000   88.000   -74.040   -32.429
35621.000   1822.000   639.000   102.000   -73.985   -32.326
35622.000   1675.000   606.000   112.000   -73.931   -32.225
35623.000   1785.000   649.000   88.000   -73.876   -32.124
35624.000   1737.000   616.000   99.000   -73.821   -32.023
35625.000   1768.000   641.000   72.000   -73.766   -31.924
35626.000   1594.000   575.000   79.000   -73.711   -31.825
35627.000   1594.000   545.000   85.000   -73.656   -31.727
35628.000   1726.000   577.000   83.000   -73.601   -31.629
35629.000   1668.000   589.000   87.000   -73.546   -31.532
35630.000   1634.000   550.000   99.000   -73.490   -31.436
35631.000   1678.000   576.000   90.000   -73.435   -31.340
35632.000   1661.000   595.000   86.000   -73.380   -31.245
35633.000   1667.000   527.000   95.000   -73.325   -31.151
35634.000   1636.000   570.000   91.000   -73.269   -31.057
35635.000   1710.000   523.000   70.000   -73.214   -30.964
35636.000   1633.000   555.000   72.000   -73.158   -30.872
35637.000   1601.000   504.000   102.000   -73.103   -30.780
35638.000   1588.000   514.000   96.000   -73.047   -30.689
35639.000   1617.000   517.000   81.000   -72.992   -30.598
35640.000   17534.000   17191.000   81.000   -72.936   -30.508
35641.000   22093.000   21779.000   80.000   -72.880   -30.419
35642.000   1591.000   2246.000   86.000   -72.825   -30.330
35643.000   23702.000   23320.000   89.000   -72.769   -30.241
35644.000   1976.000   303.000   106.000   -72.713   -30.154
35645.000   2065.000   348.000   95.000   -72.657   -30.067
35646.000   1904.000   370.000   84.000   -72.601   -29.980
35647.000   2093.000   398.000   91.000   -72.545   -29.894
35648.000   2060.000   384.000   93.000   -72.489   -29.809
35649.000   2048.000   386.000   107.000   -72.433   -29.724
35650.000   2062.000   364.000   99.000   -72.377   -29.640
35651.000   1998.000   373.000   92.000   -72.321   -29.556
35652.000   2134.000   357.000   77.000   -72.265   -29.473
35653.000   2056.000   373.000   89.000   -72.209   -29.390
35654.000   9967.000   367.000   89.000   -72.152   -29.308
35655.000   10366.000   364.000   79.000   -72.096   -29.226
35656.000   10657.000   420.000   92.000   -72.040   -29.145
35657.000   10935.000   433.000   96.000   -71.984   -29.064
35658.000   11103.000   386.000   106.000   -71.927   -28.984
35659.000   11187.000   414.000   99.000   -71.871   -28.905
35660.000   11024.000   398.000   107.000   -71.814   -28.825
35661.000   10979.000   411.000   80.000   -71.758   -28.747
35662.000   11656.000   380.000   110.000   -71.701   -28.669
35663.000   11475.000   338.000   87.000   -71.645   -28.591
35664.000   11475.000   415.000   88.000   -71.588   -28.514
35665.000   11538.000   390.000   97.000   -71.531   -28.437
35666.000   11737.000   394.000   89.000   -71.475   -28.361
35667.000   11848.000   431.000   88.000   -71.418   -28.285
35668.000   12183.000   442.000   104.000   -71.361   -28.210
35669.000   11741.000   442.000   106.000   -71.305   -28.135
35670.000   11744.000   428.000   99.000   -71.248   -28.061
35671.000   11731.000   405.000   112.000   -71.191   -27.987
35672.000   11563.000   405.000   81.000   -71.134   -27.914
35673.000   11458.000   417.000   109.000   -71.077   -27.841
35674.000   11935.000   391.000   88.000   -71.020   -27.768
35675.000   11278.000   429.000   96.000   -70.963   -27.696
35676.000   11590.000   431.000   124.000   -70.906   -27.625
35677.000   11341.000   390.000   98.000   -70.849   -27.553
35678.000   11232.000   393.000   102.000   -70.792   -27.483
35679.000   10907.000   415.000   100.000   -70.735   -27.412
35680.000   10984.000   414.000   68.000   -70.678   -27.342
35681.000   11120.000   432.000   106.000   -70.621   -27.273
35682.000   10847.000   379.000   109.000   -70.564   -27.204
35683.000   11159.000   383.000   106.000   -70.506   -27.135
35684.000   11118.000   415.000   103.000   -70.449   -27.067
35685.000   10907.000   433.000   96.000   -70.392   -26.999
35686.000   11193.000   413.000   106.000   -70.335   -26.932
35687.000   11137.000   399.000   89.000   -70.277   -26.865
35688.000   10702.000   404.000   99.000   -70.220   -26.798
35689.000   10973.000   364.000   94.000   -70.163   -26.732
35690.000   10935.000   385.000   100.000   -70.105   -26.666
35691.000   10761.000   351.000   94.000   -70.048   -26.600
35692.000   10545.000   364.000   104.000   -69.990   -26.535
35693.000   11344.000   391.000   91.000   -69.933   -26.470
35694.000   10803.000   380.000   110.000   -69.875   -26.406
35695.000   10685.000   415.000   105.000   -69.818   -26.342
35696.000   10542.000   361.000   94.000   -69.760   -26.278
35697.000   10613.000   382.000   103.000   -69.702   -26.215
35698.000   10341.000   417.000   111.000   -69.645   -26.152
35699.000   10336.000   397.000   111.000   -69.587   -26.090
35700.000   10145.000   459.000   95.000   -69.529   -26.028
35701.000   9992.000   426.000   85.000   -69.472   -25.966
35702.000   10184.000   452.000   111.000   -69.414   -25.904
35703.000   9585.000   480.000   106.000   -69.356   -25.843
35704.000   9391.000   440.000   105.000   -69.298   -25.783
35705.000   10278.000   450.000   103.000   -69.241   -25.722
35706.000   11454.000   4204.000   106.000   -69.183   -25.662
35707.000   11795.000   4530.000   78.000   -69.125   -25.602
35708.000   11687.000   4918.000   93.000   -69.067   -25.543
35709.000   11388.000   5392.000   108.000   -69.009   -25.484
35710.000   11074.000   5648.000   98.000   -68.951   -25.425
35711.000   10696.000   5816.000   101.000   -68.893   -25.367
35712.000   9947.000   6014.000   101.000   -68.835   -25.309
35713.000   9258.000   6360.000   96.000   -68.777   -25.251
35714.000   9930.000   6438.000   118.000   -68.719   -25.194
35715.000   10481.000   6846.000   101.000   -68.661   -25.136
35716.000   11496.000   7120.000   118.000   -68.603   -25.080
35717.000   13027.000   7011.000   105.000   -68.545   -25.023
35718.000   15442.000   7412.000   111.000   -68.487   -24.967
35719.000   14788.000   7532.000   101.000   -68.429   -24.911
35720.000   14370.000   7519.000   121.000   -68.371   -24.856
35721.000   11144.000   7481.000   90.000   -68.312   -24.800
35722.000   11458.000   7541.000   114.000   -68.254   -24.746
35723.000   11993.000   7755.000   90.000   -68.196   -24.691
35724.000   10201.000   7531.000   116.000   -68.138   -24.637
35725.000   7915.000   7394.000   108.000   -68.079   -24.583
35726.000   6354.000   8193.000   110.000   -68.021   -24.529
35727.000   5310.000   8400.000   80.000   -67.963   -24.475
35728.000   5100.000   8660.000   119.000   -67.905   -24.422
35729.000   5215.000   8702.000   112.000   -67.846   -24.369
35730.000   5248.000   8890.000   92.000   -67.788   -24.317
35731.000   5905.000   9094.000   116.000   -67.729   -24.264
35732.000   5478.000   9374.000   93.000   -67.671   -24.212
35733.000   5728.000   9384.000   106.000   -67.613   -24.161
35734.000   6034.000   9691.000   77.000   -67.554   -24.109
35735.000   6486.000   10032.000   110.000   -67.496   -24.058
35736.000   6487.000   10130.000   110.000   -67.437   -24.007
35737.000   6855.000   9979.000   128.000   -67.379   -23.956
35738.000   6306.000   10150.000   108.000   -67.320   -23.906
35739.000   7439.000   10460.000   106.000   -67.262   -23.856
35740.000   8963.000   10326.000   109.000   -67.203   -23.806
35741.000   7118.000   10298.000   106.000   -67.144   -23.756
35742.000   9305.000   10783.000   123.000   -67.086   -23.707
35743.000   10999.000   10784.000   109.000   -67.027   -23.658
35744.000   11775.000   10991.000   93.000   -66.968   -23.609
35745.000   11755.000   11351.000   105.000   -66.910   -23.560
35746.000   11012.000   11437.000   104.000   -66.851   -23.512
35747.000   9886.000   11812.000   132.000   -66.792   -23.464
35748.000   9009.000   12028.000   121.000   -66.734   -23.416
35749.000   7796.000   12206.000   129.000   -66.675   -23.368
35750.000   7230.000   12383.000   112.000   -66.616   -23.321
35751.000   7170.000   12592.000   97.000   -66.557   -23.274
35752.000   7339.000   12795.000   121.000   -66.499   -23.227
35753.000   8304.000   12873.000   115.000   -66.440   -23.181
35754.000   7733.000   12863.000   122.000   -66.381   -23.134
35755.000   7266.000   13006.000   111.000   -66.322   -23.088
35756.000   7808.000   13210.000   136.000   -66.263   -23.042
35757.000   7997.000   13381.000   115.000   -66.204   -22.996
35758.000   8682.000   13197.000   134.000   -66.146   -22.951
35759.000   8662.000   13260.000   112.000   -66.087   -22.906
37200.000   5491.000   448.000   71.000   23.223   -8.490
37201.000   5684.000   423.000   69.000   23.286   -8.484
37202.000   5732.000   402.000   70.000   23.348   -8.479
37203.000   5719.000   377.000   65.000   23.411   -8.473
37204.000   5538.000   395.000   68.000   23.474   -8.468
37205.000   5800.000   386.000   69.000   23.536   -8.462
37206.000   5820.000   410.000   55.000   23.599   -8.456
37207.000   5628.000   426.000   70.000   23.661   -8.451
37208.000   5690.000   425.000   74.000   23.724   -8.445
37209.000   5848.000   414.000   62.000   23.786   -8.440
37210.000   5862.000   441.000   61.000   23.849   -8.434
37211.000   5731.000   405.000   64.000   23.912   -8.428
37212.000   6021.000   446.000   66.000   23.974   -8.423
37213.000   6023.000   445.000   59.000   24.037   -8.417
37214.000   7957.000   436.000   81.000   24.099   -8.411
37215.000   7841.000   416.000   54.000   24.162   -8.406
37216.000   7783.000   417.000   69.000   24.224   -8.400
37217.000   7819.000   425.000   49.000   24.287   -8.394
37218.000   7825.000   426.000   61.000   24.350   -8.388
37219.000   8049.000   420.000   67.000   24.412   -8.383
37220.000   8121.000   476.000   59.000   24.475   -8.377
37221.000   8423.000   417.000   58.000   24.537   -8.371
37222.000   8502.000   417.000   68.000   24.600   -8.365
37223.000   8494.000   473.000   66.000   24.662   -8.360
37224.000   8672.000   437.000   64.000   24.725   -8.354
37225.000   8754.000   419.000   73.000   24.788   -8.348
37226.000   9008.000   434.000   62.000   24.850   -8.342
37227.000   9277.000   418.000   61.000   24.913   -8.336
37228.000   9443.000   405.000   64.000   24.975   -8.331
37229.000   9431.000   447.000   66.000   25.038   -8.325
37230.000   9184.000   450.000   64.000   25.100   -8.319
37231.000   9669.000   461.000   53.000   25.163   -8.313
37232.000   10122.000   419.000   43.000   25.225   -8.307
37233.000   10159.000   459.000   66.000   25.288   -8.301
37234.000   10143.000   472.000   65.000   25.350   -8.296
37235.000   10731.000   446.000   72.000   25.413   -8.290
37236.000   11069.000   474.000   61.000   25.476   -8.284
37237.000   10956.000   459.000   73.000   25.538   -8.278
37238.000   10917.000   476.000   63.000   25.601   -8.272
37239.000   11082.000   463.000   66.000   25.663   -8.266
37240.000   11263.000   529.000   67.000   25.726   -8.260
37241.000   11710.000   488.000   61.000   25.788   -8.254
37242.000   11601.000   479.000   59.000   25.851   -8.248
37243.000   11797.000   459.000   62.000   25.913   -8.242
37244.000   11608.000   425.000   79.000   25.976   -8.236
37245.000   11719.000   488.000   67.000   26.038   -8.230
37246.000   12201.000   486.000   60.000   26.101   -8.224
37247.000   12594.000   486.000   65.000   26.164   -8.218
37248.000   12547.000   457.000   81.000   26.226   -8.212
37249.000   12839.000   471.000   80.000   26.289   -8.206
37250.000   12914.000   499.000   60.000   26.351   -8.200
37251.000   13418.000   450.000   60.000   26.414   -8.194
37252.000   14142.000   456.000   70.000   26.476   -8.188
37253.000   13907.000   480.000   68.000   26.539   -8.182
37254.000   14063.000   480.000   82.000   26.601   -8.176
37255.000   14361.000   448.000   78.000   26.664   -8.170
37256.000   14387.000   515.000   63.000   26.726   -8.163
37257.000   14517.000   476.000   69.000   26.789   -8.157
37258.000   14570.000   472.000   51.000   26.851   -8.151
37259.000   14211.000   479.000   69.000   26.914   -8.145
37260.000   14280.000   512.000   70.000   26.976   -8.139
37261.000   14348.000   467.000   63.000   27.039   -8.133
37262.000   14422.000   473.000   69.000   27.101   -8.127
37263.000   14560.000   494.000   84.000   27.164   -8.120
37264.000   14658.000   478.000   70.000   27.226   -8.114
37265.000   15207.000   437.000   83.000   27.289   -8.108
37266.000   15527.000   435.000   82.000   27.351   -8.102
37267.000   15534.000   468.000   75.000   27.414   -8.095
37268.000   16227.000   429.000   73.000   27.476   -8.089
37269.000   15785.000   479.000   74.000   27.539   -8.083
37270.000   16174.000   466.000   65.000   27.601   -8.077
37271.000   16088.000   467.000   73.000   27.664   -8.070
37272.000   16371.000   505.000   68.000   27.726   -8.064
37273.000   15753.000   511.000   72.000   27.789   -8.058
37274.000   15940.000   512.000   78.000   27.851   -8.051
37275.000   16130.000   540.000   69.000   27.914   -8.045
37276.000   15720.000   489.000   59.000   27.976   -8.039
37277.000   16167.000   504.000   62.000   28.039   -8.032
37278.000   16185.000   512.000   85.000   28.101   -8.026
37279.000   16356.000   450.000   61.000   28.164   -8.020
37280.000   16144.000   531.000   67.000   28.226   -8.013
37281.000   16124.000   488.000   81.000   28.289   -8.007
37282.000   20010.000   525.000   67.000   28.351   -8.000
37283.000   20235.000   536.000   75.000   28.414   -7.994
37284.000   20899.000   511.000   67.000   28.476   -7.987
37285.000   20532.000   561.000   76.000   28.539   -7.981
37286.000   21153.000   521.000   62.000   28.601   -7.975
37287.000   22134.000   471.000   55.000   28.664   -7.968
37288.000   21462.000   457.000   81.000   28.726   -7.962
37289.000   21690.000   552.000   67.000   28.789   -7.955
37290.000   21879.000   509.000   61.000   28.851   -7.949
37291.000   22500.000   529.000   76.000   28.914   -7.942
37292.000   22618.000   479.000   72.000   28.976   -7.935
37293.000   23017.000   496.000   72.000   29.039   -7.929
37294.000   22556.000   498.000   64.000   29.101   -7.922
37295.000   23831.000   467.000   71.000   29.164   -7.916
37296.000   25577.000   478.000   78.000   29.226   -7.909
37297.000   22717.000   476.000   60.000   29.289   -7.902
37298.000   25227.000   498.000   76.000   29.351   -7.896
37299.000   26180.000   518.000   72.000   29.413   -7.889
37300.000   26308.000   537.000   67.000   29.476   -7.883
37301.000   26016.000   507.000   85.000   29.538   -7.876
37302.000   26014.000   548.000   76.000   29.601   -7.869
37303.000   24971.000   506.000   76.000   29.663   -7.863
37304.000   24265.000   512.000   79.000   29.726   -7.856
37305.000   22914.000   533.000   70.000   29.788   -7.849
37306.000   21757.000   524.000   66.000   29.851   -7.842
37307.000   21575.000   483.000   78.000   29.913   -7.836
37308.000   21173.000   531.000   68.000   29.976   -7.829
37309.000   21482.000   510.000   56.000   30.038   -7.822
37310.000   21017.000   542.000   70.000   30.100   -7.815
37311.000   20145.000   578.000   53.000   30.163   -7.808
37312.000   19516.000   593.000   72.000   30.225   -7.802
37313.000   19752.000   586.000   77.000   30.288   -7.795
37314.000   20003.000   508.000   68.000   30.350   -7.788
37315.000   19707.000   495.000   70.000   30.413   -7.781
37316.000   18843.000   547.000   81.000   30.475   -7.774
37317.000   19132.000   593.000   77.000   30.538   -7.767
37318.000   18600.000   653.000   83.000   30.600   -7.760
37319.000   18111.000   579.000   77.000   30.662   -7.754
37320.000   17621.000   615.000   68.000   30.725   -7.747
37321.000   16521.000   578.000   70.000   30.787   -7.740
37322.000   16667.000   627.000   76.000   30.850   -7.733
37323.000   16064.000   636.000   70.000   30.912   -7.726
37324.000   16126.000   621.000   79.000   30.975   -7.719
37325.000   15380.000   603.000   66.000   31.037   -7.712
37326.000   15837.000   596.000   84.000   31.099   -7.705
37327.000   15758.000   554.000   86.000   31.162   -7.698
37328.000   15476.000   585.000   77.000   31.224   -7.691
37329.000   15053.000   631.000   66.000   31.287   -7.684
37330.000   15767.000   585.000   74.000   31.349   -7.677
37331.000   15541.000   541.000   71.000   31.412   -7.669
37332.000   14970.000   574.000   69.000   31.474   -7.662
37333.000   16553.000   615.000   73.000   31.536   -7.655
37334.000   8937.000   598.000   77.000   31.599   -7.648
37335.000   8889.000   703.000   64.000   31.661   -7.641
37336.000   8881.000   758.000   65.000   31.724   -7.634
37337.000   8979.000   838.000   72.000   31.786   -7.627
37338.000   9050.000   706.000   64.000   31.848   -7.619
37339.000   9170.000   743.000   74.000   31.911   -7.612
37340.000   9775.000   751.000   64.000   31.973   -7.605
37341.000   10218.000   798.000   66.000   32.036   -7.598
37342.000   9426.000   787.000   70.000   32.098   -7.590
37343.000   9166.000   844.000   67.000   32.160   -7.583
37344.000   9220.000   768.000   65.000   32.223   -7.576
37345.000   9145.000   811.000   65.000   32.285   -7.569
37346.000   8948.000   821.000   70.000   32.348   -7.561
37347.000   9038.000   762.000   56.000   32.410   -7.554
37348.000   9020.000   806.000   82.000   32.472   -7.547
37349.000   8824.000   830.000   55.000   32.535   -7.539
37350.000   8931.000   864.000   65.000   32.597   -7.532
37351.000   8978.000   909.000   66.000   32.660   -7.524
37352.000   8979.000   914.000   70.000   32.722   -7.517
37353.000   9273.000   953.000   67.000   32.784   -7.510
37354.000   9231.000   953.000   64.000   32.847   -7.502
37355.000   9437.000   893.000   72.000   32.909   -7.495
37356.000   9796.000   872.000   71.000   32.971   -7.487
37357.000   9880.000   987.000   67.000   33.034   -7.480
37358.000   9753.000   1031.000   57.000   33.096   -7.472
37359.000   9905.000   1056.000   73.000   33.159   -7.465
37360.000   9832.000   1197.000   74.000   33.221   -7.457
37361.000   10025.000   1263.000   86.000   33.283   -7.450
37362.000   9929.000   1202.000   76.000   33.346   -7.442
37363.000   9961.000   1194.000   68.000   33.408   -7.434
37364.000   10122.000   1172.000   78.000   33.470   -7.427
37365.000   9990.000   1270.000   80.000   33.533   -7.419
37366.000   10256.000   1245.000   72.000   33.595   -7.411
37367.000   10120.000   1329.000   66.000   33.657   -7.404
37368.000   10246.000   1473.000   106.000   33.720   -7.396
37369.000   10283.000   1819.000   86.000   33.782   -7.388
37370.000   10369.000   1971.000   73.000   33.844   -7.381
37371.000   10557.000   2086.000   72.000   33.907   -7.373
37372.000   10656.000   2307.000   67.000   33.969   -7.365
37373.000   10676.000   2555.000   75.000   34.031   -7.357
37374.000   11084.000   2716.000   85.000   34.094   -7.350
37375.000   11443.000   3332.000   66.000   34.156   -7.342
37376.000   11460.000   3921.000   76.000   34.219   -7.334
37377.000   11563.000   4413.000   73.000   34.281   -7.326
37378.000   11725.000   4253.000   53.000   34.343   -7.318
37379.000   11681.000   4126.000   80.000   34.406   -7.311
37380.000   11725.000   4261.000   68.000   34.468   -7.303
37381.000   11834.000   4329.000   57.000   34.530   -7.295
37382.000   12085.000   4590.000   77.000   34.593   -7.287
37383.000   12090.000   4913.000   79.000   34.655   -7.279
37384.000   11948.000   5180.000   77.000   34.717   -7.271
37385.000   12426.000   5506.000   76.000   34.779   -7.263
37386.000   12499.000   11038.000   74.000   34.842   -7.255
37387.000   12505.000   10933.000   76.000   34.904   -7.247
37388.000   12635.000   11099.000   75.000   34.966   -7.239
37389.000   13038.000   11227.000   78.000   35.029   -7.231
37390.000   13253.000   11145.000   76.000   35.091   -7.223
37391.000   13498.000   11277.000   75.000   35.153   -7.215
37392.000   13622.000   11198.000   65.000   35.216   -7.207
37393.000   13876.000   10884.000   74.000   35.278   -7.198
37394.000   13825.000   11120.000   90.000   35.340   -7.190
37395.000   14000.000   10898.000   89.000   35.403   -7.182
37396.000   13663.000   11261.000   70.000   35.465   -7.174
37397.000   13888.000   11060.000   85.000   35.527   -7.166
37398.000   13833.000   11081.000   63.000   35.589   -7.157
37399.000   13479.000   11129.000   77.000   35.652   -7.149
37400.000   13588.000   11194.000   75.000   35.714   -7.141
37401.000   13647.000   11140.000   81.000   35.776   -7.133
37402.000   13423.000   10946.000   63.000   35.839   -7.124
37403.000   13850.000   11262.000   81.000   35.901   -7.116
37404.000   14225.000   11116.000   81.000   35.963   -7.108
37405.000   13955.000   11381.000   71.000   36.026   -7.099
37406.000   13856.000   11228.000   80.000   36.088   -7.091
37407.000   13688.000   11360.000   78.000   36.150   -7.083
37408.000   13611.000   11254.000   64.000   36.212   -7.074
37409.000   13506.000   11325.000   76.000   36.275   -7.066
37410.000   13533.000   11014.000   64.000   36.337   -7.057
37411.000   13306.000   11179.000   69.000   36.399   -7.049
37412.000   13450.000   11150.000   93.000   36.461   -7.040
37413.000   13438.000   11088.000   72.000   36.524   -7.032
37414.000   13194.000   11263.000   89.000   36.586   -7.023
37415.000   13082.000   11302.000   87.000   36.648   -7.015
37416.000   12922.000   11283.000   76.000   36.710   -7.006
37417.000   12876.000   11078.000   94.000   36.773   -6.997
37418.000   13079.000   11335.000   71.000   36.835   -6.989
37419.000   12954.000   11186.000   73.000   36.897   -6.980
37420.000   12974.000   11167.000   90.000   36.960   -6.972
37421.000   12987.000   11047.000   69.000   37.022   -6.963
37422.000   12903.000   11222.000   85.000   37.084   -6.954
37423.000   12828.000   11113.000   79.000   37.146   -6.945
37424.000   12703.000   11053.000   84.000   37.208   -6.937
37425.000   12854.000   11217.000   72.000   37.271   -6.928
37426.000   12981.000   11258.000   86.000   37.333   -6.919
37427.000   12803.000   10846.000   67.000   37.395   -6.910
37428.000   12597.000   11047.000   72.000   37.457   -6.901
37429.000   12887.000   11259.000   71.000   37.520   -6.893
37430.000   12593.000   11039.000   62.000   37.582   -6.884
37431.000   12293.000   11073.000   73.000   37.644   -6.875
37432.000   12301.000   11019.000   93.000   37.706   -6.866
37433.000   12147.000   10877.000   78.000   37.769   -6.857
37434.000   12358.000   10995.000   73.000   37.831   -6.848
37435.000   12170.000   11007.000   54.000   37.893   -6.839
37436.000   11927.000   11061.000   90.000   37.955   -6.830
37437.000   11937.000   11058.000   94.000   38.017   -6.821
37438.000   11948.000   11222.000   78.000   38.080   -6.812
37439.000   11558.000   11274.000   81.000   38.142   -6.803
37440.000   11286.000   11284.000   86.000   38.204   -6.794
37441.000   11845.000   10881.000   98.000   38.266   -6.785
37442.000   10991.000   11181.000   68.000   38.329   -6.776
37443.000   11173.000   11087.000   74.000   38.391   -6.766
37444.000   11145.000   10895.000   80.000   38.453   -6.757
37445.000   10719.000   10987.000   91.000   38.515   -6.748
37446.000   10991.000   10941.000   82.000   38.577   -6.739
37447.000   11015.000   10988.000   87.000   38.640   -6.729
37448.000   11228.000   11309.000   78.000   38.702   -6.720
37449.000   10606.000   10991.000   89.000   38.764   -6.711
37450.000   11516.000   11001.000   78.000   38.826   -6.702
37451.000   11776.000   11018.000   72.000   38.888   -6.692
37452.000   12084.000   11096.000   75.000   38.950   -6.683
37453.000   12756.000   11128.000   74.000   39.013   -6.673
37454.000   4970.000   11052.000   88.000   39.075   -6.664
37455.000   5096.000   11441.000   98.000   39.137   -6.655
37456.000   5130.000   10956.000   75.000   39.199   -6.645
37457.000   5139.000   11110.000   81.000   39.261   -6.636
37458.000   5204.000   10997.000   73.000   39.323   -6.626
37459.000   5247.000   11202.000   74.000   39.386   -6.617
37460.000   5473.000   10741.000   78.000   39.448   -6.607
37461.000   5650.000   11193.000   88.000   39.510   -6.597
37462.000   5554.000   10924.000   70.000   39.572   -6.588
37463.000   5458.000   10963.000   89.000   39.634   -6.578
37464.000   5523.000   10926.000   85.000   39.696   -6.568
37465.000   5649.000   10903.000   94.000   39.759   -6.559
37466.000   5611.000   10649.000   78.000   39.821   -6.549
37467.000   5746.000   10636.000   68.000   39.883   -6.539
37468.000   5715.000   10557.000   67.000   39.945   -6.530
37469.000   5869.000   10825.000   75.000   40.007   -6.520
37470.000   5737.000   10456.000   85.000   40.069   -6.510
37471.000   5923.000   10431.000   78.000   40.131   -6.500
37472.000   5872.000   10499.000   76.000   40.194   -6.490
37473.000   6053.000   9999.000   72.000   40.256   -6.480
37474.000   6050.000   9907.000   68.000   40.318   -6.470
37475.000   6063.000   9837.000   63.000   40.380   -6.461
37476.000   6132.000   9761.000   81.000   40.442   -6.451
37477.000   6301.000   9410.000   68.000   40.504   -6.441
37478.000   6292.000   9355.000   84.000   40.566   -6.431
37479.000   6386.000   9437.000   78.000   40.628   -6.420
37480.000   6412.000   8943.000   80.000   40.691   -6.410
37481.000   6456.000   8821.000   80.000   40.753   -6.400
37482.000   6446.000   8648.000   79.000   40.815   -6.390
37483.000   6390.000   8631.000   75.000   40.877   -6.380
37484.000   6326.000   8370.000   89.000   40.939   -6.370
37485.000   6445.000   8184.000   101.000   41.001   -6.360
37486.000   6419.000   8232.000   81.000   41.063   -6.349
37487.000   6589.000   8147.000   93.000   41.125   -6.339
37488.000   6685.000   7814.000   78.000   41.187   -6.329
37489.000   6424.000   7819.000   103.000   41.249   -6.319
37490.000   6246.000   7842.000   90.000   41.312   -6.308
37491.000   6304.000   7639.000   84.000   41.374   -6.298
37492.000   6321.000   7390.000   78.000   41.436   -6.287
37493.000   6399.000   7219.000   82.000   41.498   -6.277
37494.000   6352.000   6958.000   90.000   41.560   -6.267
37495.000   6504.000   6818.000   79.000   41.622   -6.256
37496.000   6262.000   6807.000   94.000   41.684   -6.246
37497.000   6357.000   6570.000   66.000   41.746   -6.235
37498.000   6351.000   6569.000   84.000   41.808   -6.224
37499.000   6336.000   6321.000   89.000   41.870   -6.214
37500.000   6205.000   23273.000   90.000   41.932   -6.203
37501.000   6095.000   27669.000   78.000   41.994   -6.193
37502.000   6087.000   8491.000   92.000   42.056   -6.182
37503.000   6330.000   29113.000   80.000   42.119   -6.171
37504.000   6029.000   6060.000   98.000   42.181   -6.160
37505.000   6001.000   5971.000   84.000   42.243   -6.150
37506.000   5887.000   1160.000   63.000   42.305   -6.139
37507.000   6019.000   1156.000   83.000   42.367   -6.128
37508.000   5809.000   1100.000   90.000   42.429   -6.117
37509.000   6020.000   1173.000   80.000   42.491   -6.106
37510.000   6027.000   1147.000   76.000   42.553   -6.095
37511.000   5779.000   1160.000   77.000   42.615   -6.084
37512.000   5617.000   1171.000   91.000   42.677   -6.074
37513.000   5627.000   1023.000   80.000   42.739   -6.063
37514.000   5497.000   1032.000   85.000   42.801   -6.051
37515.000   5505.000   984.000   84.000   42.863   -6.040
37516.000   5428.000   982.000   88.000   42.925   -6.029
37517.000   5359.000   1019.000   83.000   42.987   -6.018
37518.000   5318.000   966.000   78.000   43.049   -6.007
37519.000   5271.000   1007.000   74.000   43.111   -5.996
37520.000   5184.000   960.000   89.000   43.173   -5.985
37521.000   4966.000   963.000   91.000   43.235   -5.973
37522.000   2188.000   935.000   86.000   43.297   -5.962
37523.000   2084.000   851.000   82.000   43.359   -5.951
37524.000   2043.000   920.000   94.000   43.421   -5.939
37525.000   2048.000   866.000   89.000   43.483   -5.928
37526.000   2133.000   803.000   72.000   43.545   -5.917
37527.000   2124.000   827.000   83.000   43.607   -5.905
37528.000   2031.000   799.000   81.000   43.669   -5.894
37529.000   1950.000   795.000   79.000   43.731   -5.882
37530.000   1941.000   811.000   86.000   43.793   -5.871
37531.000   2025.000   756.000   93.000   43.855   -5.859
37532.000   1917.000   729.000   95.000   43.917   -5.848
37533.000   2003.000   726.000   98.000   43.979   -5.836
37534.000   2016.000   702.000   85.000   44.041   -5.824
37535.000   1951.000   682.000   89.000   44.103   -5.813
37536.000   1839.000   701.000   73.000   44.165   -5.801
37537.000   1835.000   695.000   100.000   44.227   -5.789
37538.000   1803.000   715.000   79.000   44.289   -5.777
37539.000   1832.000   672.000   76.000   44.351   -5.765
37540.000   1850.000   723.000   88.000   44.413   -5.754
37541.000   1822.000   639.000   102.000   44.475   -5.742
37542.000   1675.000   606.000   112.000   44.536   -5.730
37543.000   1785.000   649.000   88.000   44.598   -5.718
37544.000   1737.000   616.000   99.000   44.660   -5.706
37545.000   1768.000   641.000   72.000   44.722   -5.694
37546.000   1594.000   575.000   79.000   44.784   -5.682
37547.000   1594.000   545.000   85.000   44.846   -5.670
37548.000   1726.000   577.000   83.000   44.908   -5.657
37549.000   1668.000   589.000   87.000   44.970   -5.645
37550.000   1634.000   550.000   99.000   45.032   -5.633
37551.000   1678.000   576.000   90.000   45.094   -5.621
37552.000   1661.000   595.000   86.000   45.156   -5.608
37553.000   1667.000   527.000   95.000   45.218   -5.596
37554.000   1636.000   570.000   91.000   45.280   -5.584
37555.000   1710.000   523.000   70.000   45.341   -5.571
37556.000   1633.000   555.000   72.000   45.403   -5.559
37557.000   1601.000   504.000   102.000   45.465   -5.546
37558.000   1588.000   514.000   96.000   45.527   -5.534
37559.000   1617.000   517.000   81.000   45.589   -5.521
37560.000   17534.000   17191.000   81.000   45.651   -5.509
37561.000   22093.000   21779.000   80.000   45.713   -5.496
37562.000   1591.000   2246.000   86.000   45.775   -5.484
37563.000   23702.000   23320.000   89.000   45.837   -5.471
37564.000   1976.000   303.000   106.000   45.898   -5.458
37565.000   2065.000   348.000   95.000   45.960   -5.445
37566.000   1904.000   370.000   84.000   46.022   -5.433
37567.000   2093.000   398.000   91.000   46.084   -5.420
37568.000   2060.000   384.000   93.000   46.146   -5.407
37569.000   2048.000   386.000   107.000   46.208   -5.394
37570.000   2062.000   364.000   99.000   46.270   -5.381
37571.000   1998.000   373.000   92.000   46.331   -5.368
37572.000   2134.000   357.000   77.000   46.393   -5.355
37573.000   2056.000   373.000   89.000   46.455   -5.342
37574.000   9967.000   367.000   89.000   46.517   -5.329
37575.000   10366.000   364.000   79.000   46.579   -5.316
37576.000   10657.000   420.000   92.000   46.641   -5.303
37577.000   10935.000   433.000   96.000   46.702   -5.289
37578.000   11103.000   386.000   106.000   46.764   -5.276
37579.000   11187.000   414.000   99.000   46.826   -5.263
37580.000   11024.000   398.000   107.000   46.888   -5.249
37581.000   10979.000   411.000   80.000   46.950   -5.236
37582.000   11656.000   380.000   110.000   47.012   -5.223
37583.000   11475.000   338.000   87.000   47.073   -5.209
37584.000   11475.000   415.000   88.000   47.135   -5.196
37585.000   11538.000   390.000   97.000   47.197   -5.182
37586.000   11737.000   394.000   89.000   47.259   -5.169
37587.000   11848.000   431.000   88.000   47.321   -5.155
37588.000   12183.000   442.000   104.000   47.382   -5.141
37589.000   11741.000   442.000   106.000   47.444   -5.128
37590.000   11744.000   428.000   99.000   47.506   -5.114
37591.000   11731.000   405.000   112.000   47.568   -5.100
37592.000   11563.000   405.000   81.000   47.630   -5.086
37593.000   11458.000   417.000   109.000   47.691   -5.072
37594.000   11935.000   391.000   88.000   47.753   -5.058
37595.000   11278.000   429.000   96.000   47.815   -5.044
37596.000   11590.000   431.000   124.000   47.877   -5.030
37597.000   11341.000   390.000   98.000   47.938   -5.016
37598.000   11232.000   393.000   102.000   48.000   -5.002
37599.000   10907.000   415.000   100.000   48.062   -4.988
37600.000   10984.000   414.000   68.000   48.124   -4.974
37601.000   11120.000   432.000   106.000   48.185   -4.960
37602.000   10847.000   379.000   109.000   48.247   -4.945
37603.000   11159.000   383.000   106.000   48.309   -4.931
37604.000   11118.000   415.000   103.000   48.371   -4.917
37605.000   10907.000   433.000   96.000   48.432   -4.902
37606.000   11193.000   413.000   106.000   48.494   -4.888
37607.000   11137.000   399.000   89.000   48.556   -4.873
37608.000   10702.000   404.000   99.000   48.617   -4.859
37609.000   10973.000   364.000   94.000   48.679   -4.844
37610.000   10935.000   385.000   100.000   48.741   -4.830
37611.000   10761.000   351.000   94.000   48.803   -4.815
37612.000   10545.000   364.000   104.000   48.864   -4.800
37613.000   11344.000   391.000   91.000   48.926   -4.786
37614.000   10803.000   380.000   110.000   48.988   -4.771
37615.000   10685.000   415.000   105.000   49.049   -4.756
37616.000   10542.000   361.000   94.000   49.111   -4.741
37617.000   10613.000   382.000   103.000   49.173   -4.726
37618.000   10341.000   417.000   111.000   49.234   -4.711
37619.000   10336.000   397.000   111.000   49.296   -4.696
37620.000   10145.000   459.000   95.000   49.358   -4.681
37621.000   9992.000   426.000   85.000   49.419   -4.666
37622.000   10184.000   452.000   111.000   49.481   -4.651
37623.000   9585.000   480.000   106.000   49.543   -4.635
37624.000   9391.000   440.000   105.000   49.604   -4.620
37625.000   10278.000   450.000   103.000   49.666   -4.605
37626.000   11454.000   4204.000   106.000   49.728   -4.589
37627.000   11795.000   4530.000   78.000   49.789   -4.574
37628.000   11687.000   4918.000   93.000   49.851   -4.558
37629.000   11388.000   5392.000   108.000   49.913   -4.543
37630.000   11074.000   5648.000   98.000   49.974   -4.527
37631.000   10696.000   5816.000   101.000   50.036   -4.512
37632.000   9947.000   6014.000   101.000   50.098   -4.496
37633.000   9258.000   6360.000   96.000   50.159   -4.480
37634.000   9930.000   6438.000   118.000   50.221   -4.464
37635.000   10481.000   6846.000   101.000   50.282   -4.448
37636.000   11496.000   7120.000   118.000   50.344   -4.433
37637.000   13027.000   7011.000   105.000   50.406   -4.417
37638.000   15442.000   7412.000   111.000   50.467   -4.401
37639.000   14788.000   7532.000   101.000   50.529   -4.385
37640.000   14370.000   7519.000   121.000   50.590   -4.368
37641.000   11144.000   7481.000   90.000   50.652   -4.352
37642.000   11458.000   7541.000   114.000   50.714   -4.336
37643.000   11993.000   7755.000   90.000   50.775   -4.320
37644.000   10201.000   7531.000   116.000   50.837   -4.303
37645.000   7915.000   7394.000   108.000   50.898   -4.287
37646.000   6354.000   8193.000   110.000   50.960   -4.271
37647.000   5310.000   8400.000   80.000   51.021   -4.254
37648.000   5100.000   8660.000   119.000   51.083   -4.238
37649.000   5215.000   8702.000   112.000   51.144   -4.221
37650.000   5248.000   8890.000   92.000   51.206   -4.204
37651.000   5905.000   9094.000   116.000   51.268   -4.188
37652.000   5478.000   9374.000   93.000   51.329   -4.171
37653.000   5728.000   9384.000   106.000   51.391   -4.154
37654.000   6034.000   9691.000   77.000   51.452   -4.137
37655.000   6486.000   10032.000   110.000   51.514   -4.120
37656.000   6487.000   10130.000   110.000   51.575   -4.103
37657.000   6855.000   9979.000   128.000   51.637   -4.086
37658.000   6306.000   10150.000   108.000   51.698   -4.069
37659.000   7439.000   10460.000   106.000   51.760   -4.052
37660.000   8963.000   10326.000   109.000   51.821   -4.035
37661.000   7118.000   10298.000   106.000   51.883   -4.018
37662.000   9305.000   10783.000   123.000   51.944   -4.000
37663.000   10999.000   10784.000   109.000   52.006   -3.983
37664.000   11775.000   10991.000   93.000   52.067   -3.965
37665.000   11755.000   11351.000   105.000   52.129   -3.948
37666.000   11012.000   11437.000   104.000   52.190   -3.930
37667.000   9886.000   11812.000   132.000   52.252   -3.913
37668.000   9009.000   12028.000   121.000   52.313   -3.895
37669.000   7796.000   12206.000   129.000   52.374   -3.877
37670.000   7230.000   12383.000   112.000   52.436   -3.859
37671.000   7170.000   12592.000   97.000   52.497   -3.842
37672.000   7339.000   12795.000   121.000   52.559   -3.824
37673.000   8304.000   12873.000   115.000   52.620   -3.806
37674.000   7733.000   12863.000   122.000   52.682   -3.788
37675.000   7266.000   13006.000   111.000   52.743   -3.769
37676.000   7808.000   13210.000   136.000   52.805   -3.751
37677.000   7997.000   13381.000   115.000   52.866   -3.733
37678.000   8682.000   13197.000   134.000   52.927   -3.715
37679.000   8662.000   13260.000   112.000   52.989   -3.696
37680.000   5526.000   417.000   71.000   53.050   -3.678
37681.000   5727.000   369.000   69.000   53.112   -3.659
37682.000   5782.000   381.000   70.000   53.173   -3.641
37683.000   5745.000   347.000   65.000   53.234   -3.622
37684.000   5600.000   400.000   68.000   53.296   -3.604
37685.000   5829.000   363.000   69.000   53.357   -3.585
37686.000   5862.000   1132.000   55.000   53.418   -3.566
37687.000   5614.000   1178.000   70.000   53.480   -3.547
37688.000   5696.000   1251.000   74.000   53.541   -3.528
37689.000   5855.000   1275.000   62.000   53.603   -3.509
37690.000   5903.000   1345.000   61.000   53.664   -3.490
37691.000   5751.000   1466.000   64.000   53.725   -3.471
37692.000   6089.000   1849.000   66.000   53.787   -3.452
37693.000   6020.000   2128.000   59.000   53.848   -3.432
37694.000   7963.000   2359.000   81.000   53.909   -3.413
37695.000   7849.000   2397.000   54.000   53.971   -3.394
37696.000   7814.000   2551.000   69.000   54.032   -3.374
37697.000   7852.000   2548.000   49.000   54.093   -3.354
37698.000   7979.000   2623.000   61.000   54.154   -3.335
37699.000   8232.000   2880.000   67.000   54.216   -3.315
37700.000   8358.000   2659.000   59.000   54.277   -3.295
37701.000   8740.000   2458.000   58.000   54.338   -3.275
37702.000   8873.000   2622.000   68.000   54.400   -3.256
37703.000   8870.000   2695.000   66.000   54.461   -3.236
37704.000   8910.000   2722.000   64.000   54.522   -3.215
37705.000   8992.000   2904.000   73.000   54.583   -3.195
37706.000   9105.000   2713.000   62.000   54.645   -3.175
37707.000   9445.000   3159.000   61.000   54.706   -3.155
37708.000   9664.000   2904.000   64.000   54.767   -3.134
37709.000   9560.000   3487.000   66.000   54.828   -3.114
37710.000   9395.000   3907.000   64.000   54.890   -3.094
37711.000   9869.000   3278.000   53.000   54.951   -3.073
37712.000   10235.000   3287.000   43.000   55.012   -3.052
37713.000   10292.000   4048.000   66.000   55.073   -3.032
37714.000   10237.000   4273.000   65.000   55.135   -3.011
37715.000   10867.000   4427.000   72.000   55.196   -2.990
37716.000   11139.000   5173.000   61.000   55.257   -2.969
37717.000   11124.000   5137.000   73.000   55.318   -2.948
37718.000   11050.000   5301.000   63.000   55.379   -2.927
37719.000   11235.000   5242.000   66.000   55.441   -2.905
37720.000   11400.000   5421.000   67.000   55.502   -2.884
37721.000   11800.000   5664.000   61.000   55.563   -2.863
37722.000   11756.000   5252.000   59.000   55.624   -2.841
37723.000   11932.000   5407.000   62.000   55.685   -2.820
37724.000   11787.000   5413.000   79.000   55.746   -2.798
37725.000   11899.000   5005.000   67.000   55.808   -2.777
37726.000   12338.000   5260.000   60.000   55.869   -2.755
37727.000   12831.000   5170.000   65.000   55.930   -2.733
37728.000   12820.000   5475.000   81.000   55.991   -2.711
37729.000   13147.000   5649.000   80.000   56.052   -2.689
37730.000   13216.000   5612.000   60.000   56.113   -2.667
37731.000   13778.000   5647.000   60.000   56.174   -2.645
37732.000   14604.000   5474.000   70.000   56.235   -2.623
37733.000   14450.000   5870.000   68.000   56.297   -2.600
37734.000   14857.000   5547.000   82.000   56.358   -2.578
37735.000   15135.000   5182.000   78.000   56.419   -2.555
37736.000   15148.000   5080.000   63.000   56.480   -2.533
37737.000   15178.000   4857.000   69.000   56.541   -2.510
37738.000   15212.000   4924.000   51.000   56.602   -2.487
37739.000   14915.000   4974.000   69.000   56.663   -2.464
37740.000   15114.000   5153.000   70.000   56.724   -2.441
37741.000   15514.000   5054.000   63.000   56.785   -2.418
37742.000   15785.000   4944.000   69.000   56.846   -2.395
37743.000   15961.000   4765.000   84.000   56.907   -2.372
37744.000   16160.000   4868.000   70.000   56.968   -2.349
37745.000   16856.000   4679.000   83.000   57.029   -2.325
37746.000   17487.000   307.000   82.000   57.090   -2.302
37747.000   17519.000   301.000   75.000   57.151   -2.278
37748.000   18272.000   316.000   73.000   57.212   -2.255
37749.000   18019.000   345.000   74.000   57.273   -2.231
37750.000   18447.000   325.000   65.000   57.334   -2.207
37751.000   18568.000   297.000   73.000   57.395   -2.183
37752.000   19487.000   299.000   68.000   57.456   -2.159
37753.000   19205.000   338.000   72.000   57.517   -2.135
37754.000   19753.000   363.000   78.000   57.578   -2.111
37755.000   20206.000   320.000   69.000   57.639   -2.087
37756.000   19904.000   330.000   59.000   57.700   -2.062
37757.000   20435.000   341.000   62.000   57.761   -2.038
37758.000   25770.000   336.000   85.000   57.822   -2.013
37759.000   26211.000   311.000   61.000   57.883   -1.988
37760.000   26176.000   338.000   67.000   57.944   -1.964
37761.000   27453.000   331.000   81.000   58.005   -1.939
37762.000   30770.000   332.000   67.000   58.065   -1.914
37763.000   31077.000   314.000   75.000   58.126   -1.889
37764.000   31799.000   304.000   67.000   58.187   -1.863
37765.000   31390.000   379.000   76.000   58.248   -1.838
37766.000   31338.000   346.000   62.000   58.309   -1.813
37767.000   32438.000   325.000   55.000   58.370   -1.787
37768.000   31189.000   335.000   81.000   58.431   -1.762
37769.000   31463.000   351.000   67.000   58.491   -1.736
37770.000   31794.000   301.000   61.000   58.552   -1.710
37771.000   32015.000   352.000   76.000   58.613   -1.684
37772.000   31574.000   311.000   72.000   58.674   -1.658
37773.000   31326.000   323.000   72.000   58.735   -1.632
37774.000   30919.000   313.000   64.000   58.796   -1.606
37775.000   32216.000   336.000   71.000   58.856   -1.579
37776.000   33586.000   343.000   78.000   58.917   -1.553
37777.000   31843.000   296.000   60.000   58.978   -1.527
37778.000   35046.000   335.000   76.000   59.039   -1.500
37779.000   35858.000   366.000   72.000   59.099   -1.473
37780.000   34522.000   362.000   67.000   59.160   -1.446
37781.000   34187.000   331.000   85.000   59.221   -1.419
37782.000   33825.000   369.000   76.000   59.282   -1.392
37783.000   32844.000   316.000   76.000   59.342   -1.365
37784.000   32496.000   326.000   79.000   59.403   -1.338
37785.000   30650.000   314.000   70.000   59.464   -1.310
37786.000   30297.000   350.000   66.000   59.525   -1.283
37787.000   29081.000   308.000   78.000   59.585   -1.255
37788.000   28891.000   328.000   68.000   59.646   -1.227
37789.000   30071.000   324.000   56.000   59.707   -1.199
37790.000   30612.000   353.000   70.000   59.767   -1.171
37791.000   27629.000   339.000   53.000   59.828   -1.143
37792.000   26607.000   352.000   72.000   59.889   -1.115
37793.000   26436.000   334.000   77.000   59.949   -1.087
37794.000   26050.000   321.000   68.000   60.010   -1.058
37795.000   25459.000   290.000   70.000   60.071   -1.030
37796.000   24938.000   299.000   81.000   60.131   -1.001
37797.000   25589.000   320.000   77.000   60.192   -0.972
37798.000   24764.000   312.000   83.000   60.252   -0.943
37799.000   24823.000   323.000   77.000   60.313   -0.914
37800.000   23823.000   327.000   68.000   60.374   -0.885
37801.000   22227.000   336.000   70.000   60.434   -0.856
37802.000   21914.000   308.000   76.000   60.495   -0.826
37803.000   21308.000   307.000   70.000   60.555   -0.797
37804.000   21550.000   322.000   79.000   60.616   -0.767
37805.000   20654.000   320.000   66.000   60.676   -0.737
37806.000   20640.000   320.000   84.000   60.737   -0.707
37807.000   20461.000   308.000   86.000   60.797   -0.677
37808.000   20279.000   344.000   77.000   60.858   -0.647
37809.000   20365.000   341.000   66.000   60.918   -0.616
37810.000   20998.000   318.000   74.000   60.979   -0.586
37811.000   20860.000   300.000   71.000   61.039   -0.555
37812.000   20152.000   323.000   69.000   61.100   -0.525
37813.000   21752.000   323.000   73.000   61.160   -0.494
37814.000   14721.000   336.000   77.000   61.221   -0.463
37815.000   15360.000   347.000   64.000   61.281   -0.432
37816.000   15589.000   304.000   65.000   61.342   -0.400
37817.000   15829.000   347.000   72.000   61.402   -0.369
37818.000   13293.000   342.000   64.000   61.463   -0.337
37819.000   13408.000   323.000   74.000   61.523   -0.306
37820.000   13947.000   293.000   64.000   61.583   -0.274
37821.000   14467.000   322.000   66.000   61.644   -0.242
37822.000   13678.000   356.000   70.000   61.704   -0.210
37823.000   13544.000   341.000   67.000   61.764   -0.177
37824.000   13972.000   341.000   65.000   61.825   -0.145
37825.000   14464.000   336.000   65.000   61.885   -0.113
37826.000   13703.000   335.000   70.000   61.945   -0.080
37827.000   13727.000   342.000   56.000   62.006   -0.047
37828.000   13649.000   325.000   82.000   62.066   -0.014
37829.000   14290.000   346.000   55.000   62.126   00.019
37830.000   15740.000   349.000   65.000   62.187   00.052
37831.000   17020.000   341.000   66.000   62.247   00.086
37832.000   17754.000   322.000   70.000   62.307   00.119
37833.000   17866.000   369.000   67.000   62.367   00.153
37834.000   17905.000   359.000   64.000   62.428   00.187
37835.000   17009.000   339.000   72.000   62.488   00.221
37836.000   16541.000   305.000   71.000   62.548   00.255
37837.000   15294.000   348.000   67.000   62.608   00.289
37838.000   13720.000   338.000   57.000   62.669   00.324
37839.000   12971.000   285.000   73.000   62.729   00.359
37840.000   13172.000   368.000   74.000   62.789   00.393
37841.000   13822.000   330.000   86.000   62.849   00.428
37842.000   12702.000   350.000   76.000   62.909   00.464
37843.000   12439.000   313.000   68.000   62.969   00.499
37844.000   13110.000   333.000   78.000   63.030   00.534
37845.000   13533.000   349.000   80.000   63.090   00.570
37846.000   14586.000   331.000   72.000   63.150   00.606
37847.000   12505.000   347.000   66.000   63.210   00.642
37848.000   12334.000   332.000   106.000   63.270   00.678
37849.000   12190.000   365.000   86.000   63.330   00.714
37850.000   12427.000   358.000   73.000   63.390   00.750
37851.000   12574.000   328.000   72.000   63.450   00.787
37852.000   12578.000   355.000   67.000   63.510   00.824
37853.000   12698.000   395.000   75.000   63.570   00.861
37854.000   13136.000   384.000   85.000   63.630   00.898
37855.000   13428.000   358.000   66.000   63.690   00.935
37856.000   13326.000   395.000   76.000   63.750   00.973
37857.000   13413.000   397.000   73.000   63.810   01.010
37858.000   13768.000   389.000   53.000   63.870   01.048
37859.000   13475.000   434.000   80.000   63.930   01.086
37860.000   13492.000   447.000   68.000   63.990   01.124
37861.000   13531.000   409.000   57.000   64.050   01.163
37862.000   13770.000   441.000   77.000   64.110   01.201
37863.000   13789.000   452.000   79.000   64.170   01.240
37864.000   13558.000   491.000   77.000   64.230   01.279
37865.000   13985.000   569.000   76.000   64.289   01.318
37866.000   14236.000   3872.000   74.000   64.349   01.358
37867.000   14175.000   3860.000   76.000   64.409   01.397
37868.000   14231.000   3758.000   75.000   64.469   01.437
37869.000   14530.000   3829.000   78.000   64.529   01.477
37870.000   14823.000   3814.000   76.000   64.589   01.517
37871.000   15099.000   3721.000   75.000   64.648   01.557
37872.000   15150.000   3740.000   65.000   64.708   01.597
37873.000   15337.000   3599.000   74.000   64.768   01.638
37874.000   15320.000   3394.000   90.000   64.828   01.679
37875.000   15466.000   3289.000   89.000   64.887   01.720
37876.000   15100.000   3178.000   70.000   64.947   01.761
37877.000   15336.000   3267.000   85.000   65.007   01.803
37878.000   15302.000   3138.000   63.000   65.066   01.844
37879.000   14881.000   2954.000   77.000   65.126   01.886
37880.000   14967.000   2601.000   75.000   65.186   01.928
37881.000   15130.000   2735.000   81.000   65.245   01.971
37882.000   14841.000   2818.000   63.000   65.305   02.013
37883.000   15219.000   2662.000   81.000   65.365   02.056
37884.000   15629.000   2649.000   81.000   65.424   02.099
37885.000   15284.000   2246.000   71.000   65.484   02.142
37886.000   15242.000   2397.000   80.000   65.543   02.185
37887.000   15047.000   2493.000   78.000   65.603   02.229
37888.000   14881.000   2361.000   64.000   65.662   02.272
37889.000   14830.000   2143.000   76.000   65.722   02.316
37890.000   14845.000   2160.000   64.000   65.781   02.361
37891.000   14721.000   2045.000   69.000   65.841   02.405
37892.000   14764.000   1992.000   93.000   65.900   02.450
37893.000   14802.000   1913.000   72.000   65.960   02.495
37894.000   14409.000   1727.000   89.000   66.019   02.540
37895.000   14359.000   1505.000   87.000   66.079   02.585
37896.000   14143.000   1485.000   76.000   66.138   02.631
37897.000   14185.000   1406.000   94.000   66.197   02.677
37898.000   14253.000   1291.000   71.000   66.257   02.723
37899.000   14152.000   1212.000   73.000   66.316   02.769
37900.000   14189.000   1095.000   90.000   66.375   02.816
37901.000   14242.000   1000.000   69.000   66.435   02.862
37902.000   14141.000   901.000   85.000   66.494   02.909
37903.000   14102.000   902.000   79.000   66.553   02.957
37904.000   13992.000   854.000   84.000   66.613   03.004
37905.000   14093.000   759.000   72.000   66.672   03.052
37906.000   14275.000   754.000   86.000   66.731   03.100
37907.000   14085.000   775.000   67.000   66.790   03.148
37908.000   13851.000   703.000   72.000   66.849   03.197
37909.000   14165.000   718.000   71.000   66.909   03.245
37910.000   13864.000   687.000   62.000   66.968   03.294
37911.000   13565.000   659.000   73.000   67.027   03.344
37912.000   13639.000   603.000   93.000   67.086   03.393
37913.000   13345.000   599.000   78.000   67.145   03.443
37914.000   13669.000   579.000   73.000   67.204   03.493
37915.000   13459.000   605.000   54.000   67.263   03.543
37916.000   13176.000   603.000   90.000   67.322   03.594
37917.000   13244.000   542.000   94.000   67.381   03.645
37918.000   13163.000   520.000   78.000   67.440   03.696
37919.000   12768.000   560.000   81.000   67.499   03.747
37920.000   27958.000   480.000   86.000   67.558   03.799
37921.000   33154.000   457.000   98.000   67.617   03.851
37922.000   12018.000   467.000   68.000   67.676   03.903
37923.000   34023.000   433.000   74.000   67.735   03.956
37924.000   11107.000   477.000   80.000   67.794   04.009
37925.000   10704.000   433.000   91.000   67.853   04.062
37926.000   10962.000   406.000   82.000   67.912   04.115
37927.000   10968.000   407.000   87.000   67.971   04.169
37928.000   11233.000   400.000   78.000   68.029   04.223
37929.000   10581.000   406.000   89.000   68.088   04.277
37930.000   11495.000   386.000   78.000   68.147   04.332
37931.000   11780.000   359.000   72.000   68.206   04.387
37932.000   12074.000   382.000   75.000   68.264   04.442
37933.000   12728.000   372.000   74.000   68.323   04.497
37934.000   4961.000   364.000   88.000   68.382   04.553
37935.000   5077.000   383.000   98.000   68.440   04.609
37936.000   5089.000   360.000   75.000   68.499   04.666
37937.000   5135.000   367.000   81.000   68.558   04.722
37938.000   5155.000   354.000   73.000   68.616   04.779
37939.000   5209.000   360.000   74.000   68.675   04.837
37940.000   5456.000   338.000   78.000   68.733   04.894
37941.000   5623.000   331.000   88.000   68.792   04.952
37942.000   5549.000   346.000   70.000   68.850   05.011
37943.000   5442.000   355.000   89.000   68.909   05.069
37944.000   5519.000   341.000   85.000   68.967   05.128
37945.000   5612.000   314.000   94.000   69.026   05.188
37946.000   5583.000   319.000   78.000   69.084   05.247
37947.000   5705.000   381.000   68.000   69.142   05.307
37948.000   5692.000   367.000   67.000   69.201   05.368
37949.000   5864.000   347.000   75.000   69.259   05.429
37950.000   5737.000   374.000   85.000   69.317   05.490
37951.000   5894.000   349.000   78.000   69.375   05.551
37952.000   5831.000   355.000   76.000   69.434   05.613
37953.000   6015.000   354.000   72.000   69.492   05.675
37954.000   6030.000   340.000   68.000   69.550   05.737
37955.000   6077.000   326.000   63.000   69.608   05.800
37956.000   6122.000   333.000   81.000   69.666   05.863
37957.000   6282.000   329.000   68.000   69.725   05.927
37958.000   6279.000   329.000   84.000   69.783   05.991
37959.000   6336.000   329.000   78.000   69.841   06.055
37960.000   6387.000   319.000   80.000   69.899   06.120
37961.000   6458.000   341.000   80.000   69.957   06.185
37962.000   6416.000   313.000   79.000   70.015   06.251
37963.000   6375.000   308.000   75.000   70.073   06.316
37964.000   6317.000   322.000   89.000   70.131   06.383
37965.000   6410.000   295.000   101.000   70.188   06.449
37966.000   6432.000   299.000   81.000   70.246   06.516
37967.000   6562.000   341.000   93.000   70.304   06.584
37968.000   6612.000   341.000   78.000   70.362   06.652
37969.000   6420.000   321.000   103.000   70.420   06.720
37970.000   6231.000   306.000   90.000   70.477   06.789
37971.000   6326.000   320.000   84.000   70.535   06.858
37972.000   6295.000   311.000   78.000   70.593   06.927
37973.000   6378.000   305.000   82.000   70.651   06.997
37974.000   6396.000   311.000   90.000   70.708   07.067
37975.000   6446.000   314.000   79.000   70.766   07.138
37976.000   6282.000   293.000   94.000   70.823   07.209
37977.000   6371.000   353.000   66.000   70.881   07.281
37978.000   6328.000   298.000   84.000   70.938   07.353
37979.000   6301.000   320.000   89.000   70.996   07.426
37980.000   6215.000   17214.000   90.000   71.053   07.499
37981.000   6087.000   21843.000   78.000   71.111   07.572
37982.000   6092.000   2584.000   92.000   71.168   07.646
37983.000   6313.000   23392.000   80.000   71.225   07.720
37984.000   6028.000   350.000   98.000   71.283   07.795
37985.000   5983.000   327.000   84.000   71.340   07.870
37986.000   5882.000   2507.000   63.000   71.397   07.946
37987.000   5989.000   23332.000   83.000   71.454   08.022
37988.000   5830.000   322.000   90.000   71.511   08.099
37989.000   5992.000   293.000   80.000   71.569   08.176
37990.000   5957.000   323.000   76.000   71.626   08.254
37991.000   5770.000   378.000   77.000   71.683   08.332
37992.000   5606.000   348.000   91.000   71.740   08.411
37993.000   5612.000   344.000   80.000   71.797   08.490
37994.000   5506.000   372.000   85.000   71.854   08.569
37995.000   5496.000   339.000   84.000   71.911   08.650
37996.000   5408.000   330.000   88.000   71.968   08.730
37997.000   5361.000   362.000   83.000   72.024   08.812
37998.000   5307.000   339.000   78.000   72.081   08.893
37999.000   5216.000   345.000   74.000   72.138   08.975
38000.000   5191.000   327.000   89.000   72.195   09.058
38001.000   4995.000   358.000   91.000   72.251   09.142
38002.000   2171.000   373.000   86.000   72.308   09.225
38003.000   2085.000   325.000   82.000   72.365   09.310
38004.000   2058.000   343.000   94.000   72.421   09.395
38005.000   2090.000   361.000   89.000   72.478   09.480
38006.000   2147.000   320.000   72.000   72.534   09.566
38007.000   2086.000   334.000   83.000   72.591   09.653
38008.000   2052.000   353.000   81.000   72.647   09.740
38009.000   1909.000   347.000   79.000   72.703   09.828
38010.000   1931.000   341.000   86.000   72.760   09.916
38011.000   2021.000   327.000   93.000   72.816   10.005
38012.000   1902.000   335.000   95.000   72.872   10.095
38013.000   1982.000   327.000   98.000   72.928   10.185
38014.000   1970.000   351.000   85.000   72.984   10.276
38015.000   1921.000   331.000   89.000   73.041   10.367
38016.000   1871.000   348.000   73.000   73.097   10.459
38017.000   1848.000   308.000   100.000   73.153   10.552
38018.000   1808.000   364.000   79.000   73.209   10.645
38019.000   1830.000   346.000   76.000   73.264   10.739
38020.000   1851.000   376.000   88.000   73.320   10.833
38021.000   1828.000   315.000   102.000   73.376   10.928
38022.000   1705.000   326.000   112.000   73.432   11.024
38023.000   1756.000   343.000   88.000   73.488   11.121
38024.000   1731.000   330.000   99.000   73.543   11.218
38025.000   1737.000   341.000   72.000   73.599   11.316
38026.000   1613.000   354.000   79.000   73.654   11.414
38027.000   1616.000   324.000   85.000   73.710   11.513
38028.000   1724.000   322.000   83.000   73.765   11.613
38029.000   1659.000   351.000   87.000   73.821   11.713
38030.000   1607.000   342.000   99.000   73.876   11.815
38031.000   1667.000   359.000   90.000   73.932   11.917
38032.000   1648.000   356.000   86.000   73.987   12.019
38033.000   1646.000   319.000   95.000   74.042   12.122
38034.000   1663.000   382.000   91.000   74.097   12.227
38035.000   1728.000   327.000   70.000   74.152   12.331
38036.000   1668.000   321.000   72.000   74.207   12.437
38037.000   1586.000   308.000   102.000   74.262   12.543
38038.000   1592.000   330.000   96.000   74.317   12.650
38039.000   1656.000   330.000   81.000   74.372   12.758
38040.000   17520.000   373.000   81.000   74.427   12.867
38041.000   22094.000   337.000   80.000   74.482   12.976
38042.000   1615.000   330.000   86.000   74.536   13.086
38043.000   23689.000   301.000   89.000   74.591   13.197
38044.000   1998.000   335.000   106.000   74.646   13.309
38045.000   2100.000   351.000   95.000   74.700   13.421
38046.000   1940.000   335.000   84.000   74.755   13.534
38047.000   2141.000   329.000   91.000   74.809   13.649
38048.000   2148.000   334.000   93.000   74.863   13.764
38049.000   2076.000   321.000   107.000   74.918   13.879
38050.000   2135.000   300.000   99.000   74.972   13.996
38051.000   2042.000   334.000   92.000   75.026   14.114
38052.000   2152.000   299.000   77.000   75.080   14.232
38053.000   2112.000   332.000   89.000   75.134   14.351
38054.000   10038.000   323.000   89.000   75.188   14.471
38055.000   10367.000   338.000   79.000   75.242   14.592
38056.000   10699.000   339.000   92.000   75.296   14.714
38057.000   10924.000   351.000   96.000   75.349   14.837
38058.000   14905.000   330.000   106.000   75.403   14.961
38059.000   15297.000   330.000   99.000   75.457   15.085
38060.000   15330.000   305.000   107.000   75.510   15.211
38061.000   15255.000   363.000   80.000   75.564   15.338
38062.000   15962.000   327.000   110.000   75.617   15.465
38063.000   16102.000   331.000   87.000   75.670   15.593
38064.000   15856.000   337.000   88.000   75.723   15.723
38065.000   15868.000   346.000   97.000   75.777   15.853
38066.000   16232.000   318.000   89.000   75.830   15.985
38067.000   16154.000   333.000   88.000   75.883   16.117
38068.000   16720.000   334.000   104.000   75.936   16.250
38069.000   16600.000   337.000   106.000   75.988   16.385
38070.000   16346.000   345.000   99.000   76.041   16.520
38071.000   16965.000   322.000   112.000   76.094   16.656
38072.000   16414.000   336.000   81.000   76.147   16.794
38073.000   17273.000   346.000   109.000   76.199   16.932
38074.000   17814.000   326.000   88.000   76.252   17.072
38075.000   16680.000   336.000   96.000   76.304   17.213
38076.000   17142.000   367.000   124.000   76.356   17.355
38077.000   18197.000   305.000   98.000   76.408   17.497
38078.000   18201.000   327.000   102.000   76.460   17.641
38079.000   17905.000   333.000   100.000   76.512   17.786
38080.000   19019.000   342.000   68.000   76.564   17.933
38081.000   19345.000   364.000   106.000   76.616   18.080
38082.000   19427.000   308.000   109.000   76.668   18.229
38083.000   19287.000   327.000   106.000   76.720   18.378
38084.000   19171.000   338.000   103.000   76.771   18.529
38085.000   19987.000   325.000   96.000   76.823   18.681
38086.000   20231.000   331.000   106.000   76.874   18.835
38087.000   20007.000   325.000   89.000   76.925   18.989
38088.000   19407.000   346.000   99.000   76.976   19.145
38089.000   19009.000   286.000   94.000   77.027   19.302
38090.000   19546.000   318.000   100.000   77.078   19.460
38091.000   19109.000   304.000   94.000   77.129   19.619
38092.000   19232.000   299.000   104.000   77.180   19.780
38093.000   20323.000   319.000   91.000   77.231   19.942
38094.000   20274.000   309.000   110.000   77.281   20.105
38095.000   20336.000   344.000   105.000   77.332   20.270
38096.000   19850.000   317.000   94.000   77.382   20.436
38097.000   20243.000   308.000   103.000   77.432   20.603
38098.000   19365.000   348.000   111.000   77.482   20.772
38099.000   19425.000   315.000   111.000   77.532   20.942
38100.000   19403.000   382.000   95.000   77.582   21.113
38101.000   18963.000   348.000   85.000   77.632   21.286
38102.000   18912.000   344.000   111.000   77.682   21.460
38103.000   18182.000   374.000   106.000   77.731   21.636
38104.000   18151.000   322.000   105.000   77.781   21.813
38105.000   18854.000   366.000   103.000   77.830   21.991
38106.000   19840.000   366.000   106.000   77.879   22.171
38107.000   20443.000   330.000   78.000   77.928   22.353
38108.000   20394.000   312.000   93.000   77.977   22.536
38109.000   20024.000   337.000   108.000   78.026   22.720
38110.000   19788.000   352.000   98.000   78.075   22.906
38111.000   19030.000   285.000   101.000   78.123   23.093
38112.000   18193.000   330.000   101.000   78.172   23.282
38113.000   17369.000   354.000   96.000   78.220   23.473
38114.000   17840.000   339.000   118.000   78.268   23.665
38115.000   18333.000   315.000   101.000   78.316   23.859
38116.000   19452.000   320.000   118.000   78.364   24.054
38117.000   20929.000   347.000   105.000   78.412   24.251
38118.000   23034.000   324.000   111.000   78.459   24.450
38119.000   22257.000   310.000   101.000   78.507   24.650
38120.000   22095.000   308.000   121.000   78.554   24.852
38121.000   19117.000   327.000   90.000   78.601   25.055
38122.000   19737.000   364.000   114.000   78.648   25.261
38123.000   20591.000   333.000   90.000   78.695   25.468
38124.000   18954.000   353.000   116.000   78.742   25.677
38125.000   17333.000   330.000   108.000   78.789   25.887
38126.000   15082.000   337.000   110.000   78.835   26.099
38127.000   14895.000   324.000   80.000   78.881   26.313
38128.000   14202.000   370.000   119.000   78.927   26.529
38129.000   14422.000   311.000   112.000   78.973   26.747
38130.000   13895.000   319.000   92.000   79.019   26.966
38131.000   14364.000   365.000   116.000   79.065   27.188
38132.000   13724.000   342.000   93.000   79.110   27.411
38133.000   14074.000   376.000   106.000   79.155   27.636
38134.000   14324.000   335.000   77.000   79.201   27.863
38135.000   14208.000   316.000   110.000   79.246   28.092
38136.000   13728.000   338.000   110.000   79.290   28.323
38137.000   13852.000   329.000   128.000   79.335   28.555
38138.000   13159.000   389.000   108.000   79.379   28.790
38139.000   13997.000   341.000   106.000   79.423   29.027
38140.000   15328.000   339.000   109.000   79.468   29.266
38141.000   13925.000   310.000   106.000   79.511   29.506
38142.000   16210.000   336.000   123.000   79.555   29.749
38143.000   17875.000   330.000   109.000   79.599   29.994
38144.000   17469.000   322.000   93.000   79.642   30.241
38145.000   17397.000   314.000   105.000   79.685   30.489
38146.000   16545.000   343.000   104.000   79.728   30.740
38147.000   15329.000   333.000   132.000   79.770   30.994
38148.000   14615.000   350.000   121.000   79.813   31.249
38149.000   12799.000   330.000   129.000   79.855   31.506
38150.000   12434.000   358.000   112.000   79.897   31.766
38151.000   11764.000   355.000   97.000   79.939   32.027
38152.000   11847.000   355.000   121.000   79.981   32.291
38153.000   13165.000   358.000   115.000   80.022   32.557
38154.000   13030.000   307.000   122.000   80.063   32.826
38155.000   11653.000   335.000   111.000   80.104   33.096
38156.000   11581.000   355.000   136.000   80.145   33.369
38157.000   11594.000   335.000   115.000   80.186   33.644
38158.000   12080.000   337.000   134.000   80.226   33.922
38159.000   11863.000   359.000   112.000   80.266   34.201
