Time range: [ 00:00:-0.000  00:12:47.000 ]
Time range duration: 12.0 min, 47.0 sec
Longitude range: [ 69.0  144.0 ]
-0.000   931.000   336.000   69.000   41.336   172.314
01.000   927.000   355.000   86.000   41.398   172.324
02.000   967.000   379.000   89.000   41.460   172.335
03.000   908.000   350.000   91.000   41.522   172.345
04.000   900.000   331.000   74.000   41.584   172.356
05.000   949.000   343.000   84.000   41.646   172.366
06.000   916.000   308.000   74.000   41.708   172.377
07.000   934.000   326.000   79.000   41.770   172.387
08.000   959.000   407.000   85.000   41.832   172.398
09.000   959.000   347.000   71.000   41.894   172.408
10.000   906.000   353.000   82.000   41.956   172.419
11.000   922.000   376.000   78.000   42.018   172.430
12.000   941.000   384.000   85.000   42.080   172.440
13.000   910.000   372.000   78.000   42.142   172.451
14.000   938.000   355.000   96.000   42.204   172.462
15.000   920.000   346.000   81.000   42.266   172.472
16.000   959.000   362.000   71.000   42.328   172.483
17.000   958.000   343.000   72.000   42.390   172.494
18.000   928.000   344.000   72.000   42.452   172.505
19.000   882.000   376.000   85.000   42.514   172.516
20.000   921.000   347.000   78.000   42.576   172.527
21.000   925.000   361.000   82.000   42.638   172.538
22.000   978.000   354.000   86.000   42.700   172.549
23.000   921.000   382.000   84.000   42.762   172.560
24.000   896.000   359.000   71.000   42.824   172.571
25.000   918.000   348.000   69.000   42.886   172.582
26.000   964.000   359.000   79.000   42.948   172.593
27.000   907.000   354.000   84.000   43.010   172.604
28.000   921.000   326.000   58.000   43.072   172.615
29.000   900.000   337.000   95.000   43.134   172.626
30.000   922.000   377.000   93.000   43.196   172.637
31.000   922.000   322.000   86.000   43.258   172.649
32.000   920.000   366.000   83.000   43.320   172.660
33.000   901.000   345.000   78.000   43.382   172.671
34.000   1004.000   323.000   80.000   43.444   172.683
35.000   917.000   376.000   103.000   43.506   172.694
36.000   962.000   368.000   82.000   43.568   172.705
37.000   968.000   376.000   72.000   43.630   172.717
38.000   925.000   362.000   90.000   43.691   172.728
39.000   980.000   342.000   59.000   43.753   172.740
40.000   992.000   368.000   85.000   43.815   172.751
41.000   904.000   369.000   88.000   43.877   172.763
42.000   948.000   401.000   88.000   43.939   172.775
43.000   954.000   356.000   83.000   44.001   172.786
44.000   923.000   377.000   69.000   44.063   172.798
45.000   996.000   379.000   84.000   44.125   172.810
46.000   926.000   379.000   77.000   44.187   172.821
47.000   912.000   357.000   80.000   44.249   172.833
48.000   927.000   345.000   81.000   44.311   172.845
49.000   890.000   361.000   85.000   44.373   172.857
50.000   1023.000   366.000   80.000   44.435   172.869
51.000   930.000   350.000   104.000   44.497   172.880
52.000   918.000   359.000   92.000   44.558   172.892
53.000   984.000   367.000   87.000   44.620   172.904
54.000   993.000   394.000   95.000   44.682   172.916
55.000   990.000   402.000   98.000   44.744   172.928
56.000   951.000   387.000   80.000   44.806   172.940
57.000   919.000   406.000   91.000   44.868   172.953
58.000   973.000   373.000   92.000   44.930   172.965
59.000   1020.000   342.000   85.000   44.992   172.977
60.000   993.000   385.000   93.000   45.054   172.989
61.000   937.000   364.000   96.000   45.116   173.001
62.000   939.000   387.000   77.000   45.177   173.014
63.000   979.000   362.000   80.000   45.239   173.026
64.000   944.000   360.000   81.000   45.301   173.038
65.000   956.000   382.000   94.000   45.363   173.051
66.000   990.000   382.000   95.000   45.425   173.063
67.000   980.000   385.000   77.000   45.487   173.076
68.000   936.000   371.000   78.000   45.549   173.088
69.000   968.000   361.000   89.000   45.610   173.101
70.000   897.000   394.000   90.000   45.672   173.113
71.000   875.000   386.000   86.000   45.734   173.126
72.000   873.000   359.000   81.000   45.796   173.138
73.000   945.000   382.000   102.000   45.858   173.151
74.000   956.000   346.000   94.000   45.920   173.164
75.000   921.000   338.000   88.000   45.982   173.177
76.000   955.000   378.000   78.000   46.043   173.189
77.000   960.000   397.000   94.000   46.105   173.202
78.000   944.000   417.000   86.000   46.167   173.215
79.000   970.000   402.000   88.000   46.229   173.228
80.000   930.000   388.000   83.000   46.291   173.241
81.000   943.000   372.000   83.000   46.353   173.254
82.000   912.000   355.000   86.000   46.414   173.267
83.000   952.000   387.000   103.000   46.476   173.280
84.000   973.000   397.000   88.000   46.538   173.293
85.000   938.000   340.000   100.000   46.600   173.306
86.000   943.000   389.000   94.000   46.662   173.319
87.000   931.000   380.000   94.000   46.723   173.333
88.000   898.000   387.000   91.000   46.785   173.346
89.000   932.000   356.000   90.000   46.847   173.359
90.000   912.000   374.000   97.000   46.909   173.373
91.000   941.000   367.000   79.000   46.971   173.386
92.000   928.000   354.000   77.000   47.032   173.399
93.000   898.000   403.000   81.000   47.094   173.413
94.000   940.000   394.000   102.000   47.156   173.426
95.000   890.000   399.000   82.000   47.218   173.440
96.000   963.000   410.000   85.000   47.279   173.454
97.000   932.000   379.000   92.000   47.341   173.467
98.000   976.000   367.000   85.000   47.403   173.481
99.000   922.000   376.000   88.000   47.465   173.495
100.000   859.000   388.000   101.000   47.527   173.508
101.000   924.000   384.000   97.000   47.588   173.522
102.000   903.000   409.000   107.000   47.650   173.536
103.000   909.000   372.000   78.000   47.712   173.550
104.000   902.000   388.000   90.000   47.774   173.564
105.000   908.000   391.000   82.000   47.835   173.578
106.000   987.000   400.000   93.000   47.897   173.592
107.000   928.000   393.000   105.000   47.959   173.606
108.000   974.000   396.000   102.000   48.020   173.620
109.000   911.000   411.000   90.000   48.082   173.634
110.000   933.000   407.000   87.000   48.144   173.648
111.000   880.000   382.000   92.000   48.206   173.662
112.000   933.000   432.000   87.000   48.267   173.677
113.000   875.000   367.000   89.000   48.329   173.691
114.000   940.000   415.000   101.000   48.391   173.705
115.000   936.000   417.000   80.000   48.452   173.720
116.000   924.000   378.000   95.000   48.514   173.734
117.000   952.000   392.000   84.000   48.576   173.749
118.000   912.000   403.000   101.000   48.638   173.763
119.000   982.000   398.000   82.000   48.699   173.778
120.000   1036.000   380.000   105.000   48.761   173.792
121.000   980.000   365.000   93.000   48.823   173.807
122.000   929.000   411.000   86.000   48.884   173.822
123.000   886.000   412.000   93.000   48.946   173.837
124.000   952.000   382.000   101.000   49.008   173.851
125.000   969.000   401.000   133.000   49.069   173.866
126.000   991.000   375.000   115.000   49.131   173.881
127.000   955.000   399.000   86.000   49.193   173.896
128.000   945.000   392.000   103.000   49.254   173.911
129.000   923.000   399.000   108.000   49.316   173.926
130.000   1008.000   396.000   107.000   49.378   173.941
131.000   971.000   378.000   99.000   49.439   173.957
132.000   964.000   442.000   99.000   49.501   173.972
133.000   975.000   395.000   84.000   49.563   173.987
134.000   932.000   430.000   92.000   49.624   174.002
135.000   944.000   409.000   99.000   49.686   174.018
136.000   950.000   427.000   87.000   49.747   174.033
137.000   935.000   403.000   104.000   49.809   174.048
138.000   981.000   399.000   100.000   49.871   174.064
139.000   917.000   389.000   116.000   49.932   174.079
140.000   960.000   364.000   101.000   49.994   174.095
141.000   930.000   412.000   101.000   50.055   174.111
142.000   946.000   386.000   93.000   50.117   174.126
143.000   949.000   411.000   95.000   50.179   174.142
144.000   941.000   400.000   104.000   50.240   174.158
145.000   943.000   378.000   105.000   50.302   174.174
146.000   930.000   399.000   112.000   50.363   174.190
147.000   914.000   424.000   73.000   50.425   174.206
148.000   920.000   423.000   105.000   50.487   174.222
149.000   974.000   436.000   99.000   50.548   174.238
150.000   928.000   423.000   98.000   50.610   174.254
151.000   951.000   431.000   121.000   50.671   174.270
152.000   908.000   405.000   107.000   50.733   174.286
153.000   919.000   422.000   100.000   50.794   174.303
154.000   959.000   388.000   105.000   50.856   174.319
155.000   997.000   422.000   129.000   50.918   174.335
156.000   946.000   418.000   94.000   50.979   174.352
157.000   896.000   425.000   97.000   51.041   174.368
158.000   959.000   435.000   115.000   51.102   174.385
159.000   965.000   407.000   98.000   51.164   174.401
160.000   941.000   418.000   92.000   51.225   174.418
161.000   964.000   418.000   98.000   51.287   174.435
162.000   967.000   407.000   108.000   51.348   174.451
163.000   980.000   458.000   99.000   51.410   174.468
164.000   993.000   435.000   100.000   51.471   174.485
165.000   998.000   418.000   103.000   51.533   174.502
166.000   980.000   458.000   92.000   51.594   174.519
167.000   1016.000   459.000   110.000   51.656   174.536
168.000   1054.000   489.000   108.000   51.717   174.553
169.000   1116.000   469.000   100.000   51.779   174.570
170.000   1091.000   461.000   89.000   51.840   174.588
171.000   1111.000   465.000   94.000   51.902   174.605
172.000   1122.000   536.000   104.000   51.963   174.622
173.000   1142.000   512.000   104.000   52.025   174.640
174.000   1168.000   490.000   116.000   52.086   174.657
175.000   1172.000   500.000   116.000   52.148   174.675
176.000   1287.000   524.000   103.000   52.209   174.692
177.000   1344.000   529.000   127.000   52.270   174.710
178.000   1425.000   535.000   98.000   52.332   174.727
179.000   1365.000   505.000   104.000   52.393   174.745
180.000   1357.000   533.000   101.000   52.455   174.763
181.000   1516.000   563.000   110.000   52.516   174.781
182.000   1574.000   599.000   111.000   52.578   174.799
183.000   1561.000   595.000   103.000   52.639   174.817
184.000   1642.000   559.000   110.000   52.701   174.835
185.000   1703.000   664.000   136.000   52.762   174.853
186.000   1670.000   600.000   97.000   52.823   174.871
187.000   1790.000   658.000   93.000   52.885   174.890
188.000   1801.000   688.000   101.000   52.946   174.908
189.000   1943.000   697.000   119.000   53.008   174.926
190.000   2000.000   639.000   109.000   53.069   174.945
191.000   2103.000   674.000   92.000   53.130   174.963
192.000   2113.000   684.000   103.000   53.192   174.982
193.000   2145.000   678.000   109.000   53.253   175.000
194.000   2230.000   712.000   105.000   53.314   175.019
195.000   2316.000   711.000   112.000   53.376   175.038
196.000   2408.000   690.000   101.000   53.437   175.057
197.000   2464.000   753.000   101.000   53.498   175.076
198.000   2619.000   704.000   86.000   53.560   175.095
199.000   2538.000   699.000   91.000   53.621   175.114
200.000   2648.000   768.000   100.000   53.683   175.133
201.000   2584.000   785.000   110.000   53.744   175.152
202.000   2741.000   736.000   118.000   53.805   175.171
203.000   2758.000   754.000   107.000   53.867   175.190
204.000   2815.000   734.000   115.000   53.928   175.210
205.000   2781.000   794.000   132.000   53.989   175.229
206.000   2899.000   721.000   114.000   54.050   175.249
207.000   2947.000   740.000   113.000   54.112   175.268
208.000   2985.000   714.000   102.000   54.173   175.288
209.000   2929.000   756.000   112.000   54.234   175.308
210.000   2898.000   765.000   113.000   54.296   175.328
211.000   2956.000   770.000   115.000   54.357   175.347
212.000   3015.000   685.000   108.000   54.418   175.367
213.000   3084.000   706.000   112.000   54.479   175.387
214.000   2960.000   752.000   123.000   54.541   175.407
215.000   2996.000   750.000   108.000   54.602   175.428
216.000   3075.000   715.000   116.000   54.663   175.448
217.000   3093.000   721.000   119.000   54.724   175.468
218.000   3048.000   640.000   103.000   54.786   175.489
219.000   3007.000   699.000   102.000   54.847   175.509
220.000   2896.000   673.000   108.000   54.908   175.530
221.000   2890.000   664.000   123.000   54.969   175.550
222.000   2926.000   707.000   113.000   55.031   175.571
223.000   2985.000   617.000   123.000   55.092   175.592
224.000   2967.000   611.000   105.000   55.153   175.612
225.000   2867.000   652.000   109.000   55.214   175.633
226.000   2839.000   628.000   127.000   55.275   175.654
227.000   2897.000   663.000   110.000   55.337   175.675
228.000   2760.000   691.000   129.000   55.398   175.696
229.000   2756.000   644.000   106.000   55.459   175.718
230.000   2739.000   593.000   123.000   55.520   175.739
231.000   2648.000   606.000   115.000   55.581   175.760
232.000   2590.000   625.000   115.000   55.642   175.782
233.000   2569.000   614.000   126.000   55.704   175.803
234.000   2542.000   597.000   116.000   55.765   175.825
235.000   2618.000   604.000   135.000   55.826   175.847
236.000   2584.000   622.000   131.000   55.887   175.868
237.000   2583.000   580.000   105.000   55.948   175.890
238.000   2470.000   571.000   119.000   56.009   175.912
239.000   2496.000   623.000   120.000   56.070   175.934
240.000   2485.000   559.000   109.000   56.132   175.956
241.000   2472.000   598.000   113.000   56.193   175.979
242.000   2376.000   596.000   132.000   56.254   176.001
243.000   2451.000   555.000   121.000   56.315   176.023
244.000   2475.000   591.000   146.000   56.376   176.046
245.000   2295.000   548.000   133.000   56.437   176.068
246.000   2323.000   529.000   121.000   56.498   176.091
247.000   2204.000   520.000   137.000   56.559   176.113
248.000   2231.000   530.000   112.000   56.620   176.136
249.000   2192.000   542.000   109.000   56.681   176.159
250.000   2093.000   533.000   125.000   56.742   176.182
251.000   2090.000   521.000   128.000   56.803   176.205
252.000   2026.000   552.000   114.000   56.864   176.228
253.000   1956.000   522.000   135.000   56.925   176.251
254.000   2102.000   543.000   126.000   56.986   176.275
255.000   2050.000   529.000   126.000   57.047   176.298
256.000   1929.000   513.000   116.000   57.108   176.322
257.000   1831.000   468.000   129.000   57.169   176.345
258.000   1891.000   507.000   133.000   57.230   176.369
259.000   1878.000   532.000   127.000   57.291   176.393
260.000   1766.000   497.000   143.000   57.352   176.417
261.000   1771.000   514.000   125.000   57.413   176.441
262.000   1765.000   499.000   109.000   57.474   176.465
263.000   1738.000   491.000   126.000   57.535   176.489
264.000   1741.000   493.000   125.000   57.596   176.513
265.000   1736.000   527.000   122.000   57.657   176.537
266.000   1693.000   499.000   120.000   57.718   176.562
267.000   1635.000   510.000   108.000   57.779   176.586
268.000   1678.000   493.000   112.000   57.840   176.611
269.000   1647.000   464.000   125.000   57.901   176.636
270.000   1577.000   510.000   123.000   57.962   176.660
271.000   1603.000   502.000   149.000   58.023   176.685
272.000   1660.000   537.000   116.000   58.084   176.710
273.000   1536.000   493.000   160.000   58.145   176.735
274.000   1483.000   548.000   112.000   58.205   176.761
275.000   1541.000   459.000   135.000   58.266   176.786
276.000   1559.000   487.000   111.000   58.327   176.811
277.000   1424.000   514.000   125.000   58.388   176.837
278.000   1525.000   537.000   152.000   58.449   176.863
279.000   1487.000   455.000   133.000   58.510   176.888
280.000   1459.000   497.000   119.000   58.571   176.914
281.000   1455.000   535.000   130.000   58.631   176.940
282.000   1483.000   486.000   117.000   58.692   176.966
283.000   1470.000   526.000   130.000   58.753   176.992
284.000   1481.000   489.000   140.000   58.814   177.018
285.000   1437.000   508.000   131.000   58.875   177.045
286.000   1431.000   487.000   140.000   58.935   177.071
287.000   1331.000   517.000   148.000   58.996   177.098
288.000   1403.000   501.000   125.000   59.057   177.125
289.000   1395.000   479.000   132.000   59.118   177.151
290.000   1318.000   514.000   128.000   59.179   177.178
291.000   1334.000   492.000   117.000   59.239   177.205
292.000   1283.000   499.000   147.000   59.300   177.232
293.000   1375.000   501.000   110.000   59.361   177.260
294.000   1288.000   576.000   128.000   59.421   177.287
295.000   1336.000   533.000   132.000   59.482   177.314
296.000   1280.000   468.000   141.000   59.543   177.342
297.000   1283.000   507.000   140.000   59.604   177.370
298.000   1285.000   467.000   122.000   59.664   177.397
299.000   1306.000   530.000   124.000   59.725   177.425
300.000   1255.000   540.000   162.000   59.786   177.453
301.000   1230.000   517.000   138.000   59.846   177.481
302.000   1242.000   504.000   157.000   59.907   177.510
303.000   1236.000   492.000   117.000   59.968   177.538
304.000   1250.000   514.000   140.000   60.028   177.567
305.000   1229.000   497.000   134.000   60.089   177.595
306.000   1257.000   479.000   136.000   60.150   177.624
307.000   1170.000   510.000   146.000   60.210   177.653
308.000   1237.000   468.000   130.000   60.271   177.682
309.000   1177.000   501.000   128.000   60.331   177.711
310.000   1252.000   555.000   154.000   60.392   177.740
311.000   1251.000   527.000   127.000   60.453   177.770
312.000   1186.000   503.000   136.000   60.513   177.799
313.000   1203.000   491.000   126.000   60.574   177.829
314.000   1129.000   534.000   152.000   60.634   177.858
315.000   1176.000   526.000   174.000   60.695   177.888
316.000   1159.000   555.000   127.000   60.755   177.918
317.000   1152.000   550.000   158.000   60.816   177.948
318.000   1168.000   512.000   144.000   60.876   177.979
319.000   1157.000   564.000   155.000   60.937   178.009
320.000   1206.000   544.000   160.000   60.997   178.040
321.000   1184.000   545.000   173.000   61.058   178.070
322.000   1193.000   577.000   190.000   61.118   178.101
323.000   1191.000   554.000   179.000   61.179   178.132
324.000   1159.000   631.000   183.000   61.239   178.163
325.000   1172.000   659.000   210.000   61.300   178.194
326.000   1181.000   637.000   213.000   61.360   178.225
327.000   1119.000   660.000   194.000   61.421   178.257
328.000   1165.000   667.000   200.000   61.481   178.288
329.000   1192.000   696.000   213.000   61.541   178.320
330.000   1257.000   715.000   267.000   61.602   178.352
331.000   1257.000   796.000   296.000   61.662   178.384
332.000   1341.000   841.000   255.000   61.723   178.416
333.000   1327.000   876.000   286.000   61.783   178.448
334.000   1275.000   950.000   353.000   61.843   178.481
335.000   1322.000   986.000   373.000   61.904   178.513
336.000   1377.000   983.000   375.000   61.964   178.546
337.000   1302.000   1089.000   419.000   62.024   178.579
338.000   1388.000   1191.000   459.000   62.085   178.612
339.000   1459.000   1169.000   511.000   62.145   178.645
340.000   1451.000   1307.000   568.000   62.205   178.679
341.000   1505.000   1373.000   599.000   62.266   178.712
342.000   1580.000   1515.000   581.000   62.326   178.746
343.000   1661.000   1562.000   640.000   62.386   178.779
344.000   1697.000   1745.000   773.000   62.446   178.813
345.000   1732.000   1808.000   812.000   62.507   178.847
346.000   1911.000   1928.000   887.000   62.567   178.882
347.000   1879.000   2076.000   869.000   62.627   178.916
348.000   1987.000   2264.000   979.000   62.687   178.951
349.000   2102.000   2309.000   1035.000   62.747   178.985
350.000   2123.000   2466.000   1104.000   62.808   179.020
351.000   2276.000   2566.000   1208.000   62.868   179.055
352.000   2260.000   2723.000   1274.000   62.928   179.090
353.000   2403.000   2926.000   1392.000   62.988   179.126
354.000   2430.000   3132.000   1410.000   63.048   179.161
355.000   2499.000   3329.000   1518.000   63.108   179.197
356.000   2565.000   3484.000   1635.000   63.169   179.233
357.000   2622.000   3666.000   1644.000   63.229   179.269
358.000   2685.000   3835.000   1763.000   63.289   179.305
359.000   2970.000   4033.000   1802.000   63.349   179.341
360.000   3131.000   4261.000   1953.000   63.409   179.378
361.000   3096.000   4498.000   2087.000   63.469   179.414
362.000   3312.000   4521.000   2159.000   63.529   179.451
363.000   3448.000   4785.000   2192.000   63.589   179.488
364.000   3533.000   5161.000   2380.000   63.649   179.525
365.000   3651.000   5229.000   2393.000   63.709   179.563
366.000   3720.000   5530.000   2506.000   63.769   179.600
367.000   3916.000   5656.000   2609.000   63.829   179.638
368.000   4085.000   5793.000   2742.000   63.889   179.676
369.000   4178.000   5998.000   2722.000   63.949   179.714
370.000   4332.000   6156.000   2866.000   64.009   179.752
371.000   4548.000   6413.000   2834.000   64.069   179.791
372.000   4511.000   6623.000   2986.000   64.129   179.829
373.000   4789.000   6724.000   2943.000   64.189   179.868
374.000   4886.000   6917.000   3156.000   64.249   179.907
375.000   5151.000   7232.000   3149.000   64.308   179.946
376.000   5111.000   7472.000   3308.000   64.368   179.986
377.000   5545.000   7634.000   3297.000   64.428   -179.975
378.000   5592.000   7972.000   3403.000   64.488   -179.935
379.000   5821.000   8216.000   3442.000   64.548   -179.895
380.000   6105.000   8464.000   3451.000   64.608   -179.855
381.000   6220.000   8705.000   3537.000   64.667   -179.815
382.000   6387.000   8892.000   3624.000   64.727   -179.774
383.000   6800.000   9363.000   3694.000   64.787   -179.733
384.000   7062.000   9299.000   3817.000   64.847   -179.692
385.000   7307.000   9764.000   3890.000   64.906   -179.651
386.000   7419.000   9996.000   3957.000   64.966   -179.610
387.000   7686.000   10374.000   4032.000   65.026   -179.568
388.000   8052.000   10669.000   4130.000   65.086   -179.527
389.000   8292.000   11044.000   4188.000   65.145   -179.485
390.000   8703.000   11262.000   4129.000   65.205   -179.443
391.000   9074.000   11794.000   4285.000   65.265   -179.400
392.000   9198.000   12206.000   4370.000   65.324   -179.358
393.000   9724.000   12080.000   4372.000   65.384   -179.315
394.000   9759.000   12758.000   4459.000   65.443   -179.272
395.000   10017.000   13236.000   4551.000   65.503   -179.229
396.000   10702.000   13313.000   4586.000   65.563   -179.185
397.000   10840.000   13640.000   4462.000   65.622   -179.142
398.000   11096.000   14048.000   4461.000   65.682   -179.098
399.000   11235.000   13839.000   4388.000   65.741   -179.054
400.000   11859.000   14229.000   4480.000   65.801   -179.009
401.000   11997.000   14530.000   4586.000   65.860   -178.965
402.000   12262.000   14996.000   4501.000   65.920   -178.920
403.000   12929.000   15138.000   4496.000   65.979   -178.875
404.000   13122.000   15451.000   4480.000   66.039   -178.830
405.000   13494.000   15667.000   4428.000   66.098   -178.785
406.000   13743.000   16136.000   4528.000   66.157   -178.739
407.000   14085.000   16563.000   4439.000   66.217   -178.693
408.000   14420.000   16755.000   4550.000   66.276   -178.647
409.000   14403.000   16883.000   4472.000   66.336   -178.600
410.000   15065.000   17112.000   4547.000   66.395   -178.554
411.000   15329.000   17427.000   4603.000   66.454   -178.507
412.000   15645.000   17697.000   4384.000   66.514   -178.460
413.000   15867.000   17671.000   4629.000   66.573   -178.413
414.000   15816.000   17936.000   4548.000   66.632   -178.365
415.000   15974.000   18060.000   4406.000   66.691   -178.317
416.000   15880.000   18234.000   4579.000   66.751   -178.269
417.000   16163.000   18309.000   4588.000   66.810   -178.221
418.000   16218.000   18125.000   4572.000   66.869   -178.172
419.000   16416.000   18227.000   4668.000   66.928   -178.123
420.000   16181.000   18152.000   4751.000   66.988   -178.074
421.000   16445.000   18288.000   4723.000   67.047   -178.025
422.000   16446.000   18410.000   4651.000   67.106   -177.975
423.000   16558.000   18191.000   4454.000   67.165   -177.925
424.000   16725.000   18319.000   4385.000   67.224   -177.875
425.000   16680.000   18248.000   4317.000   67.283   -177.825
426.000   16620.000   17908.000   4433.000   67.342   -177.774
427.000   16834.000   18043.000   4365.000   67.401   -177.723
428.000   16835.000   18114.000   4104.000   67.460   -177.672
429.000   16842.000   17863.000   4129.000   67.519   -177.620
430.000   16646.000   17595.000   4012.000   67.578   -177.568
431.000   16736.000   17318.000   3849.000   67.637   -177.516
432.000   17269.000   17300.000   3709.000   67.696   -177.464
433.000   17908.000   17570.000   3631.000   67.755   -177.411
434.000   17941.000   17458.000   3667.000   67.814   -177.358
435.000   17974.000   17324.000   3517.000   67.873   -177.305
436.000   17569.000   16578.000   3269.000   67.932   -177.252
437.000   18189.000   16963.000   3283.000   67.991   -177.198
438.000   18905.000   16351.000   3027.000   68.049   -177.144
439.000   19029.000   16216.000   2981.000   68.108   -177.089
440.000   19287.000   16131.000   2880.000   68.167   -177.035
441.000   20072.000   16081.000   2795.000   68.226   -176.980
442.000   19116.000   15664.000   2718.000   68.284   -176.924
443.000   19187.000   15623.000   2743.000   68.343   -176.869
444.000   19116.000   15441.000   2653.000   68.402   -176.813
445.000   18095.000   15000.000   2648.000   68.461   -176.757
446.000   17981.000   14955.000   2563.000   68.519   -176.700
447.000   17318.000   14380.000   2444.000   68.578   -176.643
448.000   16916.000   13891.000   2506.000   68.636   -176.586
449.000   16950.000   13310.000   2306.000   68.695   -176.529
450.000   16601.000   13090.000   2234.000   68.754   -176.471
451.000   16377.000   12507.000   2042.000   68.812   -176.413
452.000   15053.000   11316.000   2002.000   68.871   -176.354
453.000   15133.000   11365.000   1807.000   68.929   -176.295
454.000   15176.000   11343.000   1815.000   68.988   -176.236
455.000   14493.000   10705.000   1810.000   69.046   -176.177
456.000   13997.000   10039.000   1645.000   69.104   -176.117
457.000   14177.000   9777.000   1513.000   69.163   -176.057
458.000   14191.000   9576.000   1523.000   69.221   -175.996
459.000   13057.000   8851.000   1447.000   69.279   -175.935
460.000   12659.000   8092.000   1315.000   69.338   -175.874
461.000   12229.000   7933.000   1129.000   69.396   -175.813
462.000   11491.000   7354.000   1162.000   69.454   -175.751
463.000   11144.000   7096.000   1091.000   69.513   -175.689
464.000   14675.000   7148.000   1027.000   69.571   -175.626
465.000   11192.000   6518.000   1007.000   69.629   -175.563
466.000   12334.000   6716.000   969.000   69.687   -175.500
467.000   12621.000   6589.000   954.000   69.745   -175.436
468.000   14711.000   7432.000   911.000   69.803   -175.372
469.000   16405.000   7467.000   966.000   69.861   -175.307
470.000   14531.000   6616.000   815.000   69.919   -175.242
471.000   12973.000   6382.000   858.000   69.978   -175.177
472.000   13457.000   5808.000   758.000   70.035   -175.111
473.000   11965.000   5300.000   745.000   70.093   -175.045
474.000   11260.000   4934.000   616.000   70.151   -174.979
475.000   10968.000   4592.000   650.000   70.209   -174.912
476.000   10680.000   4355.000   551.000   70.267   -174.845
477.000   12309.000   4485.000   656.000   70.325   -174.777
478.000   11358.000   4257.000   537.000   70.383   -174.709
479.000   13499.000   4252.000   555.000   70.441   -174.641
480.000   16714.000   4336.000   469.000   70.498   -174.572
481.000   13739.000   4200.000   467.000   70.556   -174.503
482.000   13398.000   3830.000   452.000   70.614   -174.433
483.000   11706.000   3639.000   454.000   70.672   -174.363
484.000   11808.000   3530.000   427.000   70.729   -174.293
485.000   12158.000   3457.000   414.000   70.787   -174.222
486.000   11201.000   2987.000   385.000   70.844   -174.150
487.000   10436.000   2916.000   356.000   70.902   -174.078
488.000   15069.000   3164.000   334.000   70.959   -174.006
489.000   21697.000   3130.000   307.000   71.017   -173.933
490.000   20297.000   3181.000   314.000   71.074   -173.860
491.000   17315.000   2858.000   332.000   71.132   -173.787
492.000   10216.000   2338.000   290.000   71.189   -173.712
493.000   11296.000   2699.000   331.000   71.247   -173.638
494.000   10315.000   2430.000   306.000   71.304   -173.563
495.000   10084.000   2323.000   273.000   71.361   -173.487
496.000   10469.000   2296.000   264.000   71.418   -173.412
497.000   9177.000   2200.000   268.000   71.476   -173.335
498.000   12409.000   2423.000   255.000   71.533   -173.258
499.000   13183.000   2411.000   296.000   71.590   -173.181
500.000   16038.000   2295.000   244.000   71.647   -173.103
501.000   12069.000   2246.000   247.000   71.704   -173.025
502.000   15238.000   2240.000   217.000   71.761   -172.946
503.000   13051.000   2083.000   263.000   71.818   -172.866
504.000   12533.000   2051.000   219.000   71.875   -172.786
505.000   13695.000   2008.000   202.000   71.932   -172.706
506.000   16011.000   2187.000   172.000   71.989   -172.625
507.000   14718.000   2012.000   186.000   72.046   -172.544
508.000   14229.000   1900.000   183.000   72.103   -172.462
509.000   11652.000   1775.000   182.000   72.160   -172.379
510.000   15438.000   1651.000   153.000   72.216   -172.296
511.000   11364.000   1587.000   168.000   72.273   -172.213
512.000   11779.000   1451.000   162.000   72.330   -172.129
513.000   10298.000   1415.000   180.000   72.386   -172.044
514.000   9019.000   1299.000   176.000   72.443   -171.959
515.000   8263.000   1273.000   142.000   72.499   -171.873
516.000   8238.000   1239.000   152.000   72.556   -171.787
517.000   9026.000   1236.000   158.000   72.612   -171.700
518.000   10339.000   1351.000   134.000   72.669   -171.612
519.000   9236.000   1221.000   141.000   72.725   -171.524
520.000   8629.000   1151.000   154.000   72.782   -171.436
521.000   7842.000   1113.000   136.000   72.838   -171.346
522.000   9926.000   1222.000   140.000   72.894   -171.257
523.000   9084.000   1110.000   158.000   72.950   -171.166
524.000   9284.000   1116.000   144.000   73.006   -171.075
525.000   13499.000   1257.000   154.000   73.063   -170.983
526.000   12771.000   1189.000   144.000   73.119   -170.891
527.000   10846.000   1105.000   121.000   73.175   -170.798
528.000   10197.000   1169.000   168.000   73.231   -170.705
529.000   14283.000   1305.000   154.000   73.287   -170.611
530.000   10778.000   1006.000   132.000   73.342   -170.516
531.000   8168.000   971.000   153.000   73.398   -170.420
532.000   6763.000   895.000   140.000   73.454   -170.324
533.000   8394.000   928.000   137.000   73.510   -170.228
534.000   7690.000   846.000   139.000   73.565   -170.130
535.000   6105.000   803.000   153.000   73.621   -170.032
536.000   7655.000   870.000   155.000   73.677   -169.933
537.000   7096.000   783.000   142.000   73.732   -169.834
538.000   6552.000   757.000   166.000   73.788   -169.734
539.000   5411.000   781.000   157.000   73.843   -169.633
540.000   4845.000   809.000   158.000   73.899   -169.531
541.000   4342.000   741.000   144.000   73.954   -169.429
542.000   4420.000   643.000   146.000   74.009   -169.326
543.000   4250.000   669.000   139.000   74.064   -169.222
544.000   4306.000   732.000   153.000   74.120   -169.118
545.000   4421.000   710.000   132.000   74.175   -169.013
546.000   4209.000   712.000   169.000   74.230   -168.907
547.000   3904.000   674.000   148.000   74.285   -168.800
548.000   4483.000   688.000   144.000   74.340   -168.693
549.000   5478.000   671.000   142.000   74.395   -168.585
550.000   3529.000   686.000   165.000   74.449   -168.476
551.000   4708.000   659.000   140.000   74.504   -168.366
552.000   7257.000   690.000   141.000   74.559   -168.256
553.000   7272.000   703.000   156.000   74.614   -168.144
554.000   4194.000   675.000   149.000   74.668   -168.032
555.000   3744.000   633.000   140.000   74.723   -167.919
556.000   3559.000   687.000   166.000   74.777   -167.806
557.000   4388.000   693.000   162.000   74.832   -167.691
558.000   4630.000   632.000   133.000   74.886   -167.576
559.000   4654.000   669.000   149.000   74.940   -167.459
560.000   4835.000   660.000   152.000   74.994   -167.342
561.000   4054.000   674.000   141.000   75.049   -167.224
562.000   3933.000   665.000   161.000   75.103   -167.106
563.000   4603.000   648.000   137.000   75.157   -166.986
564.000   4832.000   648.000   152.000   75.211   -166.865
565.000   4165.000   599.000   159.000   75.265   -166.744
566.000   3933.000   655.000   151.000   75.318   -166.622
567.000   4167.000   672.000   156.000   75.372   -166.498
568.000   4642.000   624.000   158.000   75.426   -166.374
569.000   3874.000   629.000   132.000   75.479   -166.249
570.000   3498.000   658.000   143.000   75.533   -166.123
571.000   3334.000   647.000   158.000   75.586   -165.996
572.000   3153.000   643.000   144.000   75.640   -165.868
573.000   3265.000   669.000   139.000   75.693   -165.739
574.000   3241.000   587.000   152.000   75.746   -165.609
575.000   3004.000   633.000   161.000   75.800   -165.478
576.000   2819.000   586.000   158.000   75.853   -165.347
577.000   2671.000   602.000   154.000   75.906   -165.214
578.000   2664.000   658.000   168.000   75.959   -165.080
579.000   2866.000   603.000   123.000   76.011   -164.945
580.000   2716.000   578.000   158.000   76.064   -164.809
581.000   2772.000   620.000   146.000   76.117   -164.672
582.000   3057.000   650.000   144.000   76.170   -164.534
583.000   2787.000   592.000   137.000   76.222   -164.395
584.000   2606.000   623.000   159.000   76.275   -164.255
585.000   2585.000   644.000   157.000   76.327   -164.114
586.000   2659.000   619.000   163.000   76.379   -163.971
587.000   2749.000   610.000   131.000   76.431   -163.828
588.000   2688.000   590.000   143.000   76.483   -163.683
589.000   2430.000   621.000   138.000   76.535   -163.538
590.000   2321.000   618.000   135.000   76.587   -163.391
591.000   2430.000   622.000   129.000   76.639   -163.243
592.000   2375.000   573.000   141.000   76.691   -163.094
593.000   2342.000   603.000   136.000   76.743   -162.943
594.000   2252.000   583.000   162.000   76.794   -162.792
595.000   2278.000   601.000   147.000   76.846   -162.639
596.000   2505.000   604.000   142.000   76.897   -162.485
597.000   2631.000   601.000   157.000   76.948   -162.330
598.000   2976.000   645.000   138.000   76.999   -162.174
599.000   2848.000   600.000   156.000   77.051   -162.016
600.000   2253.000   663.000   124.000   77.101   -161.857
601.000   2201.000   660.000   146.000   77.152   -161.697
602.000   2192.000   622.000   174.000   77.203   -161.536
603.000   2039.000   612.000   134.000   77.254   -161.373
604.000   2097.000   579.000   148.000   77.304   -161.209
605.000   2093.000   633.000   147.000   77.355   -161.044
606.000   1974.000   586.000   156.000   77.405   -160.877
607.000   2012.000   604.000   154.000   77.455   -160.709
608.000   2081.000   613.000   133.000   77.505   -160.540
609.000   2012.000   619.000   132.000   77.555   -160.369
610.000   2062.000   640.000   149.000   77.605   -160.197
611.000   2035.000   624.000   159.000   77.655   -160.023
612.000   1945.000   617.000   137.000   77.705   -159.848
613.000   2047.000   614.000   148.000   77.754   -159.672
614.000   1872.000   625.000   162.000   77.804   -159.494
615.000   1954.000   649.000   140.000   77.853   -159.315
616.000   2113.000   597.000   163.000   77.902   -159.134
617.000   1962.000   611.000   153.000   77.951   -158.952
618.000   1970.000   613.000   158.000   78.000   -158.768
619.000   1962.000   638.000   139.000   78.049   -158.583
620.000   1967.000   607.000   151.000   78.098   -158.396
621.000   2060.000   580.000   155.000   78.146   -158.208
622.000   1908.000   583.000   131.000   78.195   -158.018
623.000   2010.000   612.000   150.000   78.243   -157.826
624.000   1901.000   544.000   124.000   78.291   -157.633
625.000   2051.000   623.000   150.000   78.339   -157.439
626.000   1980.000   625.000   165.000   78.387   -157.242
627.000   2059.000   624.000   137.000   78.435   -157.045
628.000   1972.000   607.000   160.000   78.482   -156.845
629.000   1989.000   605.000   121.000   78.530   -156.644
630.000   1964.000   611.000   145.000   78.577   -156.441
631.000   1996.000   632.000   149.000   78.624   -156.236
632.000   1941.000   608.000   152.000   78.671   -156.030
633.000   1991.000   677.000   134.000   78.718   -155.822
634.000   1915.000   593.000   161.000   78.765   -155.612
635.000   2026.000   597.000   185.000   78.811   -155.401
636.000   1968.000   616.000   146.000   78.858   -155.187
637.000   2058.000   598.000   148.000   78.904   -154.972
638.000   1988.000   619.000   145.000   78.950   -154.755
639.000   1992.000   586.000   144.000   78.996   -154.537
640.000   1918.000   627.000   146.000   79.042   -154.316
641.000   1972.000   634.000   134.000   79.087   -154.094
642.000   1966.000   651.000   157.000   79.133   -153.869
643.000   1956.000   625.000   154.000   79.178   -153.643
644.000   2048.000   615.000   163.000   79.223   -153.415
645.000   1993.000   636.000   146.000   79.268   -153.185
646.000   1938.000   613.000   141.000   79.313   -152.953
647.000   1975.000   606.000   127.000   79.357   -152.719
648.000   1991.000   620.000   165.000   79.402   -152.483
649.000   2007.000   610.000   143.000   79.446   -152.246
650.000   2073.000   675.000   148.000   79.490   -152.006
651.000   1986.000   647.000   161.000   79.534   -151.764
652.000   1861.000   589.000   140.000   79.577   -151.520
653.000   1867.000   616.000   124.000   79.621   -151.274
654.000   1763.000   614.000   170.000   79.664   -151.026
655.000   1831.000   612.000   135.000   79.707   -150.776
656.000   1688.000   577.000   148.000   79.750   -150.523
657.000   1813.000   645.000   154.000   79.792   -150.269
658.000   1849.000   634.000   143.000   79.835   -150.012
659.000   1748.000   587.000   150.000   79.877   -149.754
660.000   1810.000   569.000   166.000   79.919   -149.493
661.000   1721.000   549.000   143.000   79.961   -149.230
662.000   1898.000   618.000   138.000   80.002   -148.965
663.000   1839.000   577.000   170.000   80.044   -148.697
664.000   1850.000   618.000   144.000   80.085   -148.427
665.000   1771.000   586.000   112.000   80.126   -148.155
666.000   1777.000   589.000   162.000   80.166   -147.881
667.000   1811.000   606.000   133.000   80.207   -147.605
668.000   1769.000   541.000   180.000   80.247   -147.326
669.000   1781.000   621.000   130.000   80.287   -147.045
670.000   1726.000   593.000   139.000   80.327   -146.761
671.000   1750.000   582.000   133.000   80.366   -146.476
672.000   1672.000   555.000   146.000   80.406   -146.187
673.000   1719.000   593.000   133.000   80.445   -145.897
674.000   1650.000   610.000   134.000   80.483   -145.604
675.000   1750.000   566.000   134.000   80.522   -145.309
676.000   1706.000   578.000   135.000   80.560   -145.011
677.000   1720.000   591.000   144.000   80.598   -144.711
678.000   1714.000   659.000   143.000   80.636   -144.408
679.000   1744.000   571.000   143.000   80.673   -144.103
680.000   1728.000   597.000   160.000   80.711   -143.796
681.000   1714.000   582.000   151.000   80.748   -143.486
682.000   1654.000   558.000   151.000   80.784   -143.173
683.000   1762.000   605.000   156.000   80.821   -142.858
684.000   1665.000   631.000   131.000   80.857   -142.541
685.000   1746.000   602.000   159.000   80.892   -142.221
686.000   1715.000   603.000   127.000   80.928   -141.898
687.000   1685.000   610.000   154.000   80.963   -141.573
688.000   1688.000   604.000   147.000   80.998   -141.246
689.000   1734.000   598.000   137.000   81.033   -140.916
690.000   1653.000   571.000   159.000   81.067   -140.583
691.000   1705.000   542.000   164.000   81.101   -140.248
692.000   1657.000   590.000   133.000   81.135   -139.910
693.000   1647.000   573.000   142.000   81.168   -139.569
694.000   1656.000   546.000   153.000   81.201   -139.226
695.000   1573.000   610.000   130.000   81.234   -138.881
696.000   1613.000   563.000   158.000   81.266   -138.533
697.000   1630.000   600.000   152.000   81.299   -138.182
698.000   1585.000   608.000   115.000   81.330   -137.829
699.000   1601.000   581.000   172.000   81.362   -137.473
700.000   1569.000   624.000   144.000   81.393   -137.114
701.000   1711.000   564.000   145.000   81.424   -136.753
702.000   1519.000   633.000   157.000   81.454   -136.389
703.000   1606.000   529.000   164.000   81.484   -136.023
704.000   1640.000   625.000   167.000   81.514   -135.654
705.000   1620.000   582.000   146.000   81.543   -135.283
706.000   1642.000   587.000   150.000   81.572   -134.908
707.000   1633.000   574.000   149.000   81.601   -134.532
708.000   1521.000   590.000   145.000   81.629   -134.153
709.000   1663.000   546.000   165.000   81.657   -133.771
710.000   1623.000   563.000   148.000   81.684   -133.386
711.000   1580.000   577.000   140.000   81.712   -133.000
712.000   1569.000   627.000   148.000   81.738   -132.610
713.000   1592.000   615.000   154.000   81.765   -132.218
714.000   1495.000   641.000   173.000   81.791   -131.824
715.000   1567.000   588.000   141.000   81.816   -131.427
716.000   1617.000   614.000   134.000   81.841   -131.027
717.000   1582.000   622.000   134.000   81.866   -130.626
718.000   1489.000   593.000   136.000   81.891   -130.221
719.000   1526.000   608.000   136.000   81.915   -129.815
720.000   1572.000   595.000   135.000   81.938   -129.405
721.000   1614.000   619.000   161.000   81.961   -128.994
722.000   1469.000   604.000   165.000   81.984   -128.580
723.000   1526.000   624.000   153.000   82.006   -128.164
724.000   1548.000   573.000   140.000   82.028   -127.745
725.000   1549.000   625.000   150.000   82.050   -127.324
726.000   1518.000   616.000   144.000   82.071   -126.901
727.000   1608.000   599.000   148.000   82.091   -126.476
728.000   1546.000   581.000   144.000   82.111   -126.048
729.000   1443.000   625.000   117.000   82.131   -125.619
730.000   1484.000   581.000   147.000   82.150   -125.187
731.000   1558.000   670.000   164.000   82.169   -124.753
732.000   1506.000   589.000   123.000   82.187   -124.317
733.000   1561.000   592.000   143.000   82.205   -123.879
734.000   1500.000   618.000   162.000   82.222   -123.439
735.000   1481.000   606.000   150.000   82.239   -122.997
736.000   1544.000   582.000   164.000   82.256   -122.553
737.000   1489.000   570.000   158.000   82.272   -122.108
738.000   1427.000   608.000   142.000   82.287   -121.660
739.000   1548.000   600.000   134.000   82.302   -121.211
740.000   1444.000   585.000   162.000   82.317   -120.760
741.000   1521.000   602.000   136.000   82.331   -120.307
742.000   1453.000   583.000   135.000   82.345   -119.852
743.000   1519.000   567.000   170.000   82.358   -119.396
744.000   1484.000   580.000   145.000   82.370   -118.939
745.000   1420.000   624.000   165.000   82.383   -118.480
746.000   1462.000   568.000   145.000   82.394   -118.019
747.000   1499.000   585.000   138.000   82.405   -117.557
748.000   1509.000   573.000   157.000   82.416   -117.094
749.000   1478.000   578.000   145.000   82.426   -116.630
750.000   1459.000   601.000   121.000   82.436   -116.164
751.000   1385.000   605.000   165.000   82.445   -115.697
752.000   1496.000   610.000   172.000   82.454   -115.229
753.000   1496.000   562.000   146.000   82.462   -114.760
754.000   1458.000   602.000   145.000   82.469   -114.290
755.000   1440.000   557.000   144.000   82.477   -113.819
756.000   1399.000   594.000   143.000   82.483   -113.347
757.000   1436.000   576.000   134.000   82.489   -112.875
758.000   1452.000   578.000   162.000   82.495   -112.401
759.000   1428.000   598.000   141.000   82.500   -111.928
760.000   1411.000   541.000   141.000   82.504   -111.453
761.000   1514.000   581.000   137.000   82.508   -110.978
762.000   1411.000   629.000   147.000   82.512   -110.502
763.000   1434.000   618.000   141.000   82.515   -110.026
764.000   1431.000   594.000   159.000   82.517   -109.550
765.000   1419.000   603.000   173.000   82.519   -109.073
766.000   1414.000   611.000   159.000   82.521   -108.596
767.000   1455.000   573.000   144.000   82.522   -108.119
