Time range: [ 01:37:17.000  02:20:01.000 ]
Time range duration: 42.0 min, 44.0 sec
Longitude range: [ 151.0  199.0 ]
5837.000   1034.000   609.000   199.000   82.516   -179.623
5838.000   1007.000   622.000   195.000   82.516   -179.148
5839.000   1030.000   605.000   222.000   82.515   -178.673
5840.000   1010.000   638.000   173.000   82.513   -178.198
5841.000   964.000   606.000   188.000   82.511   -177.724
5842.000   1050.000   621.000   638.000   82.509   -177.250
5843.000   1059.000   608.000   328.000   82.506   -176.776
5844.000   993.000   610.000   296.000   82.502   -176.302
5845.000   1049.000   592.000   1199.000   82.498   -175.829
5846.000   989.000   623.000   185.000   82.494   -175.357
5847.000   1089.000   670.000   295.000   82.489   -174.885
5848.000   1093.000   630.000   188.000   82.483   -174.414
5849.000   1019.000   625.000   220.000   82.477   -173.944
5850.000   1041.000   601.000   222.000   82.471   -173.474
5851.000   1062.000   598.000   182.000   82.464   -173.005
5852.000   1092.000   644.000   197.000   82.456   -172.537
5853.000   1059.000   640.000   299.000   82.448   -172.070
5854.000   998.000   657.000   180.000   82.440   -171.604
5855.000   1037.000   626.000   166.000   82.431   -171.140
5856.000   988.000   596.000   200.000   82.421   -170.676
5857.000   1003.000   661.000   191.000   82.411   -170.214
5858.000   1024.000   653.000   242.000   82.400   -169.752
5859.000   1069.000   620.000   278.000   82.389   -169.293
5860.000   1078.000   617.000   432.000   82.378   -168.834
5861.000   1047.000   629.000   280.000   82.366   -168.377
5862.000   1006.000   648.000   239.000   82.353   -167.922
5863.000   1062.000   656.000   194.000   82.340   -167.467
5864.000   1064.000   599.000   609.000   82.327   -167.015
5865.000   973.000   582.000   174.000   82.313   -166.564
5866.000   1000.000   632.000   268.000   82.298   -166.115
5867.000   1026.000   615.000   204.000   82.283   -165.667
5868.000   1022.000   631.000   174.000   82.268   -165.222
5869.000   985.000   566.000   164.000   82.252   -164.778
5870.000   1017.000   658.000   199.000   82.236   -164.336
5871.000   1017.000   631.000   189.000   82.219   -163.896
5872.000   1039.000   604.000   184.000   82.202   -163.457
5873.000   1050.000   630.000   182.000   82.184   -163.021
5874.000   967.000   623.000   273.000   82.166   -162.587
5875.000   1039.000   601.000   434.000   82.147   -162.155
5876.000   1028.000   671.000   259.000   82.128   -161.725
5877.000   1036.000   614.000   335.000   82.109   -161.297
5878.000   973.000   642.000   204.000   82.089   -160.871
5879.000   1031.000   621.000   227.000   82.068   -160.447
5880.000   1020.000   633.000   548.000   82.047   -160.025
5881.000   1014.000   605.000   383.000   82.026   -159.606
5882.000   1059.000   600.000   239.000   82.004   -159.189
5883.000   1020.000   626.000   214.000   81.982   -158.774
5884.000   1039.000   610.000   164.000   81.960   -158.362
5885.000   1011.000   626.000   233.000   81.937   -157.952
5886.000   1078.000   610.000   192.000   81.913   -157.544
5887.000   1046.000   617.000   235.000   81.890   -157.139
5888.000   998.000   614.000   160.000   81.865   -156.736
5889.000   1031.000   635.000   250.000   81.841   -156.336
5890.000   1059.000   613.000   203.000   81.816   -155.937
5891.000   1045.000   637.000   211.000   81.791   -155.542
5892.000   1002.000   634.000   216.000   81.765   -155.149
5893.000   1011.000   615.000   243.000   81.739   -154.758
5894.000   1099.000   612.000   214.000   81.712   -154.370
5895.000   1070.000   576.000   216.000   81.685   -153.984
5896.000   1011.000   608.000   324.000   81.658   -153.601
5897.000   974.000   637.000   200.000   81.630   -153.220
5898.000   1053.000   670.000   198.000   81.602   -152.842
5899.000   1013.000   627.000   203.000   81.574   -152.467
5900.000   1016.000   591.000   246.000   81.545   -152.094
5901.000   1012.000   583.000   225.000   81.516   -151.723
5902.000   992.000   660.000   199.000   81.486   -151.355
5903.000   1000.000   603.000   211.000   81.457   -150.990
5904.000   1004.000   642.000   252.000   81.426   -150.627
5905.000   1021.000   628.000   201.000   81.396   -150.267
5906.000   992.000   632.000   271.000   81.365   -149.909
5907.000   1067.000   620.000   267.000   81.334   -149.554
5908.000   957.000   636.000   202.000   81.302   -149.202
5909.000   1013.000   596.000   206.000   81.270   -148.852
5910.000   1056.000   600.000   191.000   81.238   -148.505
5911.000   1004.000   558.000   230.000   81.206   -148.160
5912.000   938.000   634.000   212.000   81.173   -147.818
5913.000   1061.000   618.000   197.000   81.140   -147.478
5914.000   1031.000   628.000   208.000   81.106   -147.141
5915.000   1038.000   594.000   200.000   81.072   -146.806
5916.000   1002.000   583.000   188.000   81.038   -146.474
5917.000   1017.000   572.000   497.000   81.004   -146.145
5918.000   964.000   666.000   216.000   80.969   -145.818
5919.000   995.000   619.000   176.000   80.934   -145.494
5920.000   960.000   626.000   191.000   80.899   -145.172
5921.000   1039.000   637.000   212.000   80.864   -144.852
5922.000   1032.000   589.000   229.000   80.828   -144.535
5923.000   992.000   601.000   270.000   80.792   -144.221
5924.000   979.000   644.000   196.000   80.755   -143.909
5925.000   962.000   598.000   245.000   80.719   -143.600
5926.000   973.000   668.000   211.000   80.682   -143.293
5927.000   1038.000   595.000   218.000   80.644   -142.988
5928.000   1015.000   630.000   179.000   80.607   -142.686
5929.000   956.000   588.000   201.000   80.569   -142.386
5930.000   1076.000   622.000   190.000   80.531   -142.089
5931.000   965.000   587.000   218.000   80.493   -141.794
5932.000   1003.000   564.000   232.000   80.455   -141.501
5933.000   956.000   642.000   217.000   80.416   -141.211
5934.000   970.000   609.000   222.000   80.377   -140.924
5935.000   1010.000   620.000   199.000   80.338   -140.638
5936.000   1001.000   621.000   363.000   80.298   -140.355
5937.000   996.000   625.000   187.000   80.258   -140.074
5938.000   970.000   608.000   153.000   80.219   -139.796
5939.000   1076.000   635.000   212.000   80.178   -139.519
5940.000   960.000   633.000   341.000   80.138   -139.245
5941.000   994.000   589.000   187.000   80.097   -138.974
5942.000   975.000   664.000   212.000   80.056   -138.704
5943.000   1005.000   537.000   252.000   80.015   -138.437
5944.000   1026.000   575.000   195.000   79.974   -138.172
5945.000   1041.000   592.000   259.000   79.933   -137.909
5946.000   1008.000   632.000   184.000   79.891   -137.649
5947.000   1028.000   580.000   218.000   79.849   -137.390
5948.000   1037.000   581.000   259.000   79.807   -137.134
5949.000   991.000   572.000   172.000   79.764   -136.879
5950.000   1005.000   570.000   177.000   79.722   -136.627
5951.000   970.000   566.000   175.000   79.679   -136.377
5952.000   1071.000   554.000   225.000   79.636   -136.129
5953.000   963.000   524.000   202.000   79.593   -135.883
5954.000   990.000   575.000   212.000   79.550   -135.640
5955.000   1031.000   528.000   216.000   79.506   -135.398
5956.000   1027.000   553.000   241.000   79.463   -135.158
5957.000   1049.000   609.000   221.000   79.419   -134.920
5958.000   1056.000   555.000   200.000   79.375   -134.684
5959.000   1021.000   533.000   235.000   79.330   -134.450
5960.000   1002.000   579.000   342.000   79.286   -134.219
5961.000   1003.000   582.000   264.000   79.241   -133.989
5962.000   972.000   561.000   232.000   79.197   -133.761
5963.000   1003.000   593.000   225.000   79.152   -133.534
5964.000   983.000   540.000   163.000   79.106   -133.310
5965.000   1018.000   548.000   217.000   79.061   -133.088
5966.000   1058.000   565.000   166.000   79.016   -132.867
5967.000   960.000   597.000   201.000   78.970   -132.648
5968.000   1033.000   564.000   590.000   78.924   -132.431
5969.000   973.000   546.000   269.000   78.878   -132.216
5970.000   988.000   570.000   275.000   78.832   -132.003
5971.000   1037.000   555.000   278.000   78.786   -131.791
5972.000   964.000   579.000   210.000   78.740   -131.582
5973.000   1000.000   574.000   366.000   78.693   -131.374
5974.000   984.000   502.000   438.000   78.646   -131.167
5975.000   1056.000   594.000   191.000   78.599   -130.963
5976.000   961.000   519.000   210.000   78.552   -130.760
5977.000   1017.000   528.000   201.000   78.505   -130.558
5978.000   1014.000   518.000   236.000   78.458   -130.359
5979.000   995.000   606.000   233.000   78.411   -130.161
5980.000   1028.000   570.000   231.000   78.363   -129.964
5981.000   986.000   591.000   318.000   78.315   -129.770
5982.000   1054.000   554.000   213.000   78.267   -129.576
5983.000   1061.000   589.000   240.000   78.220   -129.385
5984.000   1068.000   542.000   764.000   78.171   -129.195
5985.000   1050.000   574.000   644.000   78.123   -129.006
5986.000   996.000   587.000   260.000   78.075   -128.820
5987.000   965.000   570.000   224.000   78.026   -128.634
5988.000   973.000   639.000   238.000   77.978   -128.450
5989.000   967.000   592.000   246.000   77.929   -128.268
5990.000   1062.000   572.000   293.000   77.880   -128.087
5991.000   1023.000   584.000   322.000   77.831   -127.908
5992.000   1010.000   613.000   348.000   77.782   -127.730
5993.000   1006.000   503.000   295.000   77.733   -127.553
5994.000   1009.000   575.000   220.000   77.683   -127.378
5995.000   988.000   556.000   263.000   77.634   -127.204
5996.000   970.000   561.000   270.000   77.584   -127.032
5997.000   1050.000   562.000   211.000   77.535   -126.861
5998.000   934.000   577.000   289.000   77.485   -126.692
5999.000   1006.000   519.000   295.000   77.435   -126.523
6000.000   961.000   546.000   217.000   77.385   -126.357
6001.000   1067.000   544.000   274.000   77.335   -126.191
6002.000   1011.000   605.000   130.000   77.284   -126.027
6003.000   1032.000   623.000   145.000   77.234   -125.864
6004.000   982.000   644.000   158.000   77.184   -125.702
6005.000   1028.000   648.000   160.000   77.133   -125.542
6006.000   992.000   594.000   165.000   77.082   -125.383
6007.000   1011.000   633.000   169.000   77.032   -125.225
6008.000   1018.000   604.000   179.000   76.981   -125.069
6009.000   1068.000   664.000   155.000   76.930   -124.913
6010.000   1056.000   638.000   173.000   76.879   -124.759
6011.000   1008.000   615.000   155.000   76.828   -124.606
6012.000   1064.000   601.000   149.000   76.776   -124.454
6013.000   1041.000   574.000   150.000   76.725   -124.304
6014.000   1017.000   593.000   149.000   76.674   -124.155
6015.000   976.000   608.000   149.000   76.622   -124.006
6016.000   978.000   619.000   153.000   76.571   -123.859
6017.000   1011.000   628.000   146.000   76.519   -123.713
6018.000   1010.000   621.000   147.000   76.467   -123.569
6019.000   1012.000   601.000   143.000   76.415   -123.425
6020.000   985.000   587.000   160.000   76.363   -123.282
6021.000   1008.000   618.000   163.000   76.311   -123.141
6022.000   997.000   597.000   151.000   76.259   -123.001
6023.000   1015.000   609.000   148.000   76.207   -122.861
6024.000   1031.000   624.000   159.000   76.154   -122.723
6025.000   992.000   645.000   146.000   76.102   -122.586
6026.000   979.000   616.000   162.000   76.050   -122.450
6027.000   1000.000   613.000   155.000   75.997   -122.315
6028.000   1017.000   613.000   160.000   75.944   -122.180
6029.000   1025.000   651.000   151.000   75.892   -122.047
6030.000   974.000   631.000   151.000   75.839   -121.915
6031.000   1022.000   614.000   169.000   75.786   -121.784
6032.000   994.000   630.000   140.000   75.733   -121.654
6033.000   1067.000   614.000   150.000   75.680   -121.525
6034.000   990.000   596.000   153.000   75.627   -121.397
6035.000   974.000   578.000   166.000   75.574   -121.270
6036.000   975.000   632.000   152.000   75.521   -121.143
6037.000   928.000   621.000   185.000   75.467   -121.018
6038.000   954.000   608.000   147.000   75.414   -120.893
6039.000   963.000   648.000   159.000   75.361   -120.770
6040.000   994.000   600.000   167.000   75.307   -120.647
6041.000   971.000   618.000   162.000   75.254   -120.526
6042.000   1021.000   631.000   147.000   75.200   -120.405
6043.000   954.000   628.000   153.000   75.146   -120.285
6044.000   1010.000   615.000   165.000   75.092   -120.166
6045.000   1042.000   624.000   157.000   75.039   -120.048
6046.000   990.000   602.000   183.000   74.985   -119.930
6047.000   994.000   618.000   153.000   74.931   -119.814
6048.000   1009.000   628.000   160.000   74.877   -119.698
6049.000   1015.000   615.000   171.000   74.823   -119.584
6050.000   1000.000   601.000   155.000   74.768   -119.470
6051.000   931.000   628.000   149.000   74.714   -119.356
6052.000   995.000   626.000   154.000   74.660   -119.244
6053.000   998.000   600.000   168.000   74.606   -119.133
6054.000   960.000   622.000   165.000   74.551   -119.022
6055.000   998.000   645.000   157.000   74.497   -118.912
6056.000   976.000   629.000   149.000   74.442   -118.803
6057.000   1016.000   649.000   144.000   74.388   -118.694
6058.000   987.000   624.000   206.000   74.333   -118.587
6059.000   984.000   612.000   167.000   74.278   -118.480
6060.000   987.000   618.000   177.000   74.224   -118.374
6061.000   935.000   635.000   160.000   74.169   -118.268
6062.000   1054.000   607.000   150.000   74.114   -118.164
6063.000   1036.000   603.000   145.000   74.059   -118.060
6064.000   1022.000   581.000   151.000   74.004   -117.956
6065.000   1002.000   642.000   154.000   73.949   -117.854
6066.000   961.000   638.000   171.000   73.894   -117.752
6067.000   1001.000   635.000   154.000   73.839   -117.651
6068.000   1015.000   618.000   169.000   73.784   -117.551
6069.000   952.000   619.000   169.000   73.728   -117.451
6070.000   999.000   642.000   167.000   73.673   -117.352
6071.000   984.000   664.000   145.000   73.618   -117.254
6072.000   964.000   653.000   173.000   73.562   -117.156
6073.000   1050.000   666.000   154.000   73.507   -117.059
6074.000   943.000   599.000   143.000   73.452   -116.963
6075.000   953.000   607.000   154.000   73.396   -116.867
6076.000   989.000   613.000   137.000   73.340   -116.772
6077.000   934.000   610.000   160.000   73.285   -116.678
6078.000   948.000   614.000   160.000   73.229   -116.584
6079.000   957.000   602.000   162.000   73.174   -116.491
6080.000   990.000   606.000   137.000   73.118   -116.398
6081.000   979.000   633.000   177.000   73.062   -116.306
6082.000   979.000   599.000   184.000   73.006   -116.215
6083.000   949.000   590.000   157.000   72.950   -116.125
6084.000   971.000   643.000   157.000   72.894   -116.034
6085.000   991.000   599.000   150.000   72.838   -115.945
6086.000   974.000   657.000   197.000   72.782   -115.856
6087.000   937.000   633.000   160.000   72.726   -115.768
6088.000   1005.000   589.000   177.000   72.670   -115.680
6089.000   967.000   610.000   164.000   72.614   -115.593
6090.000   1012.000   607.000   156.000   72.558   -115.506
6091.000   1014.000   702.000   165.000   72.502   -115.420
6092.000   958.000   610.000   161.000   72.445   -115.335
6093.000   1006.000   555.000   174.000   72.389   -115.250
6094.000   969.000   640.000   156.000   72.333   -115.166
6095.000   1026.000   609.000   182.000   72.276   -115.082
6096.000   966.000   600.000   162.000   72.220   -114.999
6097.000   981.000   631.000   167.000   72.163   -114.916
6098.000   1016.000   609.000   170.000   72.107   -114.834
6099.000   1009.000   616.000   168.000   72.050   -114.752
6100.000   996.000   582.000   162.000   71.994   -114.671
6101.000   992.000   606.000   155.000   71.937   -114.590
6102.000   1040.000   649.000   161.000   71.881   -114.510
6103.000   1017.000   553.000   166.000   71.824   -114.431
6104.000   1024.000   636.000   163.000   71.767   -114.352
6105.000   975.000   614.000   161.000   71.710   -114.273
6106.000   975.000   603.000   158.000   71.654   -114.195
6107.000   1015.000   610.000   153.000   71.597   -114.117
6108.000   981.000   616.000   152.000   71.540   -114.040
6109.000   971.000   618.000   153.000   71.483   -113.964
6110.000   966.000   634.000   144.000   71.426   -113.887
6111.000   1015.000   621.000   153.000   71.369   -113.812
6112.000   1017.000   629.000   155.000   71.312   -113.737
6113.000   1017.000   615.000   157.000   71.255   -113.662
6114.000   993.000   635.000   162.000   71.198   -113.587
6115.000   1016.000   610.000   174.000   71.141   -113.514
6116.000   1020.000   609.000   154.000   71.084   -113.440
6117.000   996.000   668.000   147.000   71.027   -113.367
6118.000   958.000   592.000   144.000   70.969   -113.295
6119.000   958.000   614.000   165.000   70.912   -113.223
6120.000   989.000   614.000   155.000   70.855   -113.151
6121.000   1036.000   653.000   154.000   70.798   -113.080
6122.000   948.000   621.000   148.000   70.740   -113.009
6123.000   1017.000   648.000   165.000   70.683   -112.939
6124.000   1020.000   598.000   163.000   70.625   -112.869
6125.000   984.000   627.000   179.000   70.568   -112.800
6126.000   969.000   615.000   160.000   70.511   -112.731
6127.000   1007.000   582.000   177.000   70.453   -112.662
6128.000   959.000   659.000   161.000   70.396   -112.594
6129.000   1040.000   633.000   155.000   70.338   -112.526
6130.000   966.000   643.000   184.000   70.281   -112.458
6131.000   1004.000   623.000   168.000   70.223   -112.391
6132.000   968.000   640.000   149.000   70.165   -112.325
6133.000   1002.000   613.000   158.000   70.108   -112.259
6134.000   981.000   609.000   152.000   70.050   -112.193
6135.000   997.000   649.000   189.000   69.992   -112.127
6136.000   974.000   603.000   159.000   69.935   -112.062
6137.000   1050.000   642.000   165.000   69.877   -111.998
6138.000   983.000   612.000   154.000   69.819   -111.933
6139.000   1056.000   607.000   150.000   69.761   -111.869
6140.000   994.000   581.000   185.000   69.703   -111.806
6141.000   1018.000   602.000   160.000   69.646   -111.743
6142.000   1029.000   598.000   167.000   69.588   -111.680
6143.000   1015.000   630.000   170.000   69.530   -111.617
6144.000   996.000   654.000   167.000   69.472   -111.555
6145.000   1084.000   650.000   160.000   69.414   -111.493
6146.000   978.000   653.000   150.000   69.356   -111.432
6147.000   958.000   641.000   166.000   69.298   -111.371
6148.000   999.000   667.000   150.000   69.240   -111.310
6149.000   1002.000   649.000   166.000   69.182   -111.250
6150.000   996.000   646.000   187.000   69.124   -111.190
6151.000   1005.000   633.000   157.000   69.066   -111.130
6152.000   973.000   627.000   180.000   69.007   -111.071
6153.000   1029.000   622.000   159.000   68.949   -111.012
6154.000   978.000   607.000   142.000   68.891   -110.953
6155.000   954.000   626.000   189.000   68.833   -110.895
6156.000   992.000   666.000   170.000   68.775   -110.837
6157.000   948.000   659.000   143.000   68.716   -110.779
6158.000   998.000   632.000   155.000   68.658   -110.722
6159.000   981.000   665.000   148.000   68.600   -110.665
6160.000   1000.000   627.000   161.000   68.541   -110.608
6161.000   1009.000   626.000   149.000   68.483   -110.552
6162.000   959.000   603.000   154.000   68.425   -110.496
6163.000   954.000   617.000   151.000   68.366   -110.440
6164.000   1023.000   645.000   156.000   68.308   -110.384
6165.000   1004.000   637.000   155.000   68.250   -110.329
6166.000   977.000   662.000   148.000   68.191   -110.274
6167.000   977.000   676.000   150.000   68.133   -110.220
6168.000   934.000   636.000   155.000   68.074   -110.166
6169.000   983.000   644.000   176.000   68.016   -110.112
6170.000   1008.000   616.000   158.000   67.957   -110.058
6171.000   957.000   605.000   158.000   67.899   -110.004
6172.000   984.000   621.000   179.000   67.840   -109.951
6173.000   1034.000   596.000   178.000   67.781   -109.899
6174.000   983.000   649.000   161.000   67.723   -109.846
6175.000   973.000   627.000   155.000   67.664   -109.794
6176.000   1036.000   612.000   164.000   67.605   -109.742
6177.000   1009.000   595.000   179.000   67.547   -109.690
6178.000   1013.000   602.000   169.000   67.488   -109.639
6179.000   953.000   600.000   169.000   67.429   -109.588
6180.000   947.000   673.000   135.000   67.371   -109.537
6181.000   1054.000   593.000   173.000   67.312   -109.486
6182.000   1039.000   655.000   170.000   67.253   -109.436
6183.000   1004.000   610.000   155.000   67.194   -109.386
6184.000   990.000   589.000   176.000   67.136   -109.336
6185.000   1022.000   666.000   148.000   67.077   -109.286
6186.000   1008.000   614.000   159.000   67.018   -109.237
6187.000   996.000   655.000   141.000   66.959   -109.188
6188.000   973.000   673.000   163.000   66.900   -109.139
6189.000   942.000   629.000   177.000   66.841   -109.091
6190.000   973.000   651.000   155.000   66.782   -109.043
6191.000   1013.000   647.000   158.000   66.723   -108.995
6192.000   995.000   643.000   188.000   66.664   -108.947
6193.000   984.000   623.000   145.000   66.605   -108.899
6194.000   1023.000   590.000   176.000   66.546   -108.852
6195.000   955.000   611.000   148.000   66.487   -108.805
6196.000   1009.000   641.000   178.000   66.428   -108.758
6197.000   1020.000   652.000   160.000   66.369   -108.712
6198.000   992.000   637.000   171.000   66.310   -108.665
6199.000   1035.000   657.000   173.000   66.251   -108.619
6200.000   1026.000   657.000   179.000   66.192   -108.573
6201.000   1047.000   619.000   170.000   66.133   -108.528
6202.000   951.000   661.000   172.000   66.074   -108.482
6203.000   976.000   618.000   179.000   66.015   -108.437
6204.000   1001.000   670.000   158.000   65.956   -108.392
6205.000   1006.000   627.000   168.000   65.896   -108.348
6206.000   1075.000   624.000   166.000   65.837   -108.303
6207.000   975.000   621.000   160.000   65.778   -108.259
6208.000   1035.000   668.000   158.000   65.719   -108.215
6209.000   982.000   620.000   180.000   65.660   -108.171
6210.000   1000.000   647.000   184.000   65.600   -108.128
6211.000   1013.000   654.000   150.000   65.541   -108.084
6212.000   980.000   628.000   169.000   65.482   -108.041
6213.000   1004.000   652.000   140.000   65.423   -107.998
6214.000   1047.000   651.000   178.000   65.363   -107.955
6215.000   1038.000   676.000   169.000   65.304   -107.913
6216.000   1009.000   682.000   177.000   65.245   -107.871
6217.000   996.000   614.000   167.000   65.185   -107.829
6218.000   1052.000   626.000   158.000   65.126   -107.787
6219.000   960.000   641.000   161.000   65.067   -107.745
6220.000   969.000   617.000   157.000   65.007   -107.704
6221.000   988.000   656.000   156.000   64.948   -107.662
6222.000   1052.000   673.000   190.000   64.888   -107.621
6223.000   971.000   658.000   166.000   64.829   -107.580
6224.000   1055.000   634.000   162.000   64.769   -107.540
6225.000   997.000   564.000   142.000   64.710   -107.499
6226.000   963.000   580.000   153.000   64.650   -107.459
6227.000   965.000   656.000   150.000   64.591   -107.419
6228.000   1000.000   623.000   151.000   64.531   -107.379
6229.000   976.000   662.000   161.000   64.472   -107.339
6230.000   979.000   589.000   182.000   64.412   -107.300
6231.000   988.000   627.000   175.000   64.353   -107.260
6232.000   966.000   630.000   168.000   64.293   -107.221
6233.000   988.000   639.000   140.000   64.234   -107.182
6234.000   1027.000   604.000   183.000   64.174   -107.144
6235.000   982.000   639.000   159.000   64.115   -107.105
6236.000   1067.000   609.000   147.000   64.055   -107.067
6237.000   1023.000   632.000   172.000   63.995   -107.028
6238.000   1063.000   631.000   159.000   63.936   -106.990
6239.000   1077.000   645.000   177.000   63.876   -106.952
6240.000   958.000   613.000   185.000   63.816   -106.915
6241.000   1014.000   634.000   157.000   63.757   -106.877
6242.000   1069.000   630.000   177.000   63.697   -106.840
6243.000   997.000   655.000   171.000   63.637   -106.803
6244.000   1056.000   656.000   157.000   63.578   -106.766
6245.000   1060.000   630.000   151.000   63.518   -106.729
6246.000   1027.000   608.000   145.000   63.458   -106.692
6247.000   933.000   590.000   158.000   63.398   -106.656
6248.000   1011.000   611.000   170.000   63.339   -106.620
6249.000   998.000   664.000   145.000   63.279   -106.584
6250.000   989.000   627.000   145.000   63.219   -106.548
6251.000   1065.000   629.000   166.000   63.159   -106.512
6252.000   1000.000   624.000   175.000   63.100   -106.476
6253.000   1028.000   632.000   185.000   63.040   -106.441
6254.000   1078.000   592.000   162.000   62.980   -106.405
6255.000   1003.000   643.000   178.000   62.920   -106.370
6256.000   998.000   683.000   181.000   62.860   -106.335
6257.000   987.000   571.000   153.000   62.800   -106.300
6258.000   1028.000   625.000   160.000   62.740   -106.266
6259.000   1000.000   593.000   146.000   62.681   -106.231
6260.000   1065.000   609.000   182.000   62.621   -106.197
6261.000   1081.000   619.000   186.000   62.561   -106.163
6262.000   1085.000   632.000   178.000   62.501   -106.129
6263.000   1061.000   601.000   131.000   62.441   -106.095
6264.000   1073.000   620.000   176.000   62.381   -106.061
6265.000   1044.000   662.000   190.000   62.321   -106.027
6266.000   1092.000   619.000   178.000   62.261   -105.994
6267.000   1126.000   629.000   162.000   62.201   -105.961
6268.000   1069.000   624.000   158.000   62.141   -105.928
6269.000   1080.000   653.000   163.000   62.081   -105.895
6270.000   1118.000   613.000   196.000   62.021   -105.862
6271.000   1021.000   676.000   189.000   61.961   -105.829
6272.000   1068.000   631.000   168.000   61.901   -105.796
6273.000   1096.000   564.000   168.000   61.841   -105.764
6274.000   1089.000   631.000   156.000   61.781   -105.732
6275.000   1053.000   615.000   190.000   61.721   -105.700
6276.000   1140.000   690.000   174.000   61.661   -105.668
6277.000   1107.000   670.000   164.000   61.601   -105.636
6278.000   1100.000   623.000   170.000   61.541   -105.604
6279.000   1091.000   626.000   170.000   61.481   -105.573
6280.000   1139.000   669.000   164.000   61.421   -105.541
6281.000   1208.000   629.000   166.000   61.360   -105.510
6282.000   1147.000   632.000   164.000   61.300   -105.479
6283.000   1213.000   677.000   167.000   61.240   -105.448
6284.000   1205.000   589.000   163.000   61.180   -105.417
6285.000   1273.000   714.000   167.000   61.120   -105.386
6286.000   1314.000   678.000   182.000   61.060   -105.355
6287.000   1308.000   675.000   192.000   61.000   -105.325
6288.000   1351.000   673.000   161.000   60.939   -105.294
6289.000   1330.000   732.000   189.000   60.879   -105.264
6290.000   1355.000   752.000   158.000   60.819   -105.234
6291.000   1363.000   704.000   174.000   60.759   -105.204
6292.000   1498.000   726.000   163.000   60.699   -105.174
6293.000   1497.000   781.000   187.000   60.638   -105.145
6294.000   1565.000   782.000   229.000   60.578   -105.115
6295.000   1605.000   834.000   200.000   60.518   -105.086
6296.000   1659.000   915.000   236.000   60.458   -105.056
6297.000   1693.000   930.000   252.000   60.397   -105.027
6298.000   1858.000   996.000   259.000   60.337   -104.998
6299.000   1930.000   1073.000   300.000   60.277   -104.969
6300.000   1991.000   1119.000   271.000   60.217   -104.940
6301.000   2170.000   1199.000   319.000   60.156   -104.911
6302.000   2270.000   1272.000   373.000   60.096   -104.883
6303.000   2424.000   1411.000   386.000   60.036   -104.854
6304.000   2494.000   1564.000   416.000   59.975   -104.826
6305.000   2775.000   1626.000   461.000   59.915   -104.798
6306.000   3046.000   1818.000   494.000   59.855   -104.769
6307.000   3179.000   1940.000   513.000   59.794   -104.741
6308.000   3203.000   2010.000   573.000   59.734   -104.714
6309.000   3432.000   2142.000   597.000   59.674   -104.686
6310.000   3473.000   2219.000   582.000   59.613   -104.658
6311.000   3672.000   2318.000   603.000   59.553   -104.630
6312.000   3574.000   2429.000   649.000   59.492   -104.603
6313.000   3790.000   2336.000   633.000   59.432   -104.576
6314.000   3849.000   2441.000   632.000   59.372   -104.548
6315.000   3836.000   2464.000   640.000   59.311   -104.521
6316.000   3874.000   2453.000   604.000   59.251   -104.494
6317.000   3995.000   2451.000   649.000   59.190   -104.467
6318.000   3995.000   2385.000   651.000   59.130   -104.441
6319.000   4066.000   2572.000   598.000   59.069   -104.414
6320.000   4040.000   2466.000   626.000   59.009   -104.387
6321.000   4292.000   2626.000   614.000   58.949   -104.361
6322.000   4336.000   2696.000   683.000   58.888   -104.335
6323.000   4539.000   2757.000   749.000   58.828   -104.308
6324.000   4612.000   2877.000   717.000   58.767   -104.282
6325.000   4537.000   3141.000   701.000   58.707   -104.256
6326.000   4937.000   3324.000   803.000   58.646   -104.230
6327.000   4854.000   3360.000   811.000   58.586   -104.205
6328.000   5193.000   3637.000   883.000   58.525   -104.179
6329.000   5285.000   3841.000   840.000   58.465   -104.153
6330.000   5400.000   3855.000   967.000   58.404   -104.128
6331.000   5614.000   3987.000   980.000   58.344   -104.102
6332.000   5573.000   4047.000   1029.000   58.283   -104.077
6333.000   5897.000   4102.000   1039.000   58.223   -104.052
6334.000   5903.000   4111.000   1063.000   58.162   -104.027
6335.000   5908.000   4345.000   1099.000   58.101   -104.002
6336.000   6148.000   4298.000   1011.000   58.041   -103.977
6337.000   5993.000   4503.000   1081.000   57.980   -103.952
6338.000   6291.000   4411.000   1121.000   57.920   -103.927
6339.000   6339.000   4678.000   1152.000   57.859   -103.903
6340.000   6721.000   4800.000   1184.000   57.798   -103.878
6341.000   7009.000   5051.000   1231.000   57.738   -103.854
6342.000   7266.000   5003.000   1226.000   57.677   -103.829
6343.000   7265.000   5283.000   1209.000   57.617   -103.805
6344.000   7415.000   5401.000   1273.000   57.556   -103.781
6345.000   7606.000   5613.000   1370.000   57.495   -103.757
6346.000   7852.000   5799.000   1347.000   57.435   -103.733
6347.000   8070.000   5864.000   1369.000   57.374   -103.709
6348.000   8224.000   6052.000   1519.000   57.313   -103.685
6349.000   8531.000   6284.000   1472.000   57.253   -103.662
6350.000   8775.000   6750.000   1610.000   57.192   -103.638
6351.000   9232.000   6894.000   1661.000   57.131   -103.614
6352.000   9094.000   7139.000   1733.000   57.071   -103.591
6353.000   9356.000   7396.000   1807.000   57.010   -103.568
6354.000   9470.000   7334.000   1864.000   56.949   -103.545
6355.000   9837.000   7809.000   1898.000   56.889   -103.521
6356.000   10031.000   7745.000   1937.000   56.828   -103.498
6357.000   10232.000   8065.000   1912.000   56.767   -103.475
6358.000   10235.000   8214.000   1973.000   56.707   -103.453
6359.000   10456.000   8509.000   2101.000   56.646   -103.430
6360.000   10245.000   8514.000   2199.000   56.585   -103.407
6361.000   10570.000   8745.000   2167.000   56.524   -103.384
6362.000   10730.000   8713.000   2209.000   56.464   -103.362
6363.000   10698.000   9112.000   2179.000   56.403   -103.339
6364.000   10824.000   9121.000   2204.000   56.342   -103.317
6365.000   10934.000   9303.000   2280.000   56.281   -103.295
6366.000   11078.000   9344.000   2331.000   56.221   -103.273
6367.000   11114.000   9455.000   2368.000   56.160   -103.251
6368.000   10918.000   9604.000   2426.000   56.099   -103.229
6369.000   11281.000   9762.000   2319.000   56.038   -103.207
6370.000   11177.000   9844.000   2483.000   55.977   -103.185
6371.000   11462.000   9911.000   2561.000   55.917   -103.163
6372.000   11267.000   9968.000   2577.000   55.856   -103.141
6373.000   11232.000   10035.000   2582.000   55.795   -103.120
6374.000   11506.000   10335.000   2751.000   55.734   -103.098
6375.000   11507.000   10519.000   2695.000   55.673   -103.077
6376.000   11461.000   10650.000   2724.000   55.613   -103.055
6377.000   11536.000   10640.000   2904.000   55.552   -103.034
6378.000   11497.000   10800.000   2925.000   55.491   -103.013
6379.000   11599.000   11013.000   2971.000   55.430   -102.992
6380.000   11584.000   11038.000   2965.000   55.369   -102.971
6381.000   11612.000   11275.000   3095.000   55.308   -102.950
6382.000   11699.000   11331.000   3031.000   55.248   -102.929
6383.000   11756.000   11634.000   3295.000   55.187   -102.908
6384.000   11630.000   11703.000   3293.000   55.126   -102.887
6385.000   11581.000   11815.000   3410.000   55.065   -102.866
6386.000   11927.000   11905.000   3435.000   55.004   -102.846
6387.000   11544.000   12191.000   3571.000   54.943   -102.825
6388.000   11714.000   12056.000   3547.000   54.882   -102.805
6389.000   11514.000   12114.000   3592.000   54.821   -102.784
6390.000   11528.000   12438.000   3550.000   54.760   -102.764
6391.000   11494.000   12177.000   3641.000   54.700   -102.744
6392.000   11133.000   12375.000   3607.000   54.639   -102.724
6393.000   11060.000   12525.000   3543.000   54.578   -102.704
6394.000   11019.000   12307.000   3843.000   54.517   -102.684
6395.000   11089.000   12168.000   3658.000   54.456   -102.664
6396.000   10901.000   12199.000   3629.000   54.395   -102.644
6397.000   10550.000   12116.000   3624.000   54.334   -102.624
6398.000   10404.000   11899.000   3642.000   54.273   -102.604
6399.000   10266.000   11813.000   3667.000   54.212   -102.585
6400.000   9811.000   11529.000   3538.000   54.151   -102.565
6401.000   9668.000   11675.000   3594.000   54.090   -102.545
6402.000   9482.000   11356.000   3523.000   54.029   -102.526
6403.000   9468.000   11452.000   3471.000   53.968   -102.507
6404.000   9110.000   10902.000   3577.000   53.907   -102.487
6405.000   8949.000   11224.000   3480.000   53.846   -102.468
6406.000   8825.000   10822.000   3410.000   53.785   -102.449
6407.000   8520.000   10546.000   3486.000   53.724   -102.430
6408.000   8377.000   10601.000   3477.000   53.663   -102.411
6409.000   8160.000   10379.000   3352.000   53.602   -102.392
6410.000   8093.000   10173.000   3396.000   53.541   -102.373
6411.000   7951.000   9770.000   3240.000   53.480   -102.354
6412.000   7625.000   9904.000   3243.000   53.419   -102.335
6413.000   7441.000   9429.000   3277.000   53.358   -102.317
6414.000   7307.000   9565.000   3153.000   53.297   -102.298
6415.000   7025.000   9216.000   3155.000   53.236   -102.279
6416.000   6696.000   9008.000   3109.000   53.175   -102.261
6417.000   6689.000   8721.000   3083.000   53.114   -102.242
6418.000   6410.000   8506.000   3031.000   53.053   -102.224
6419.000   6176.000   8305.000   2801.000   52.992   -102.206
6420.000   6030.000   8112.000   2793.000   52.931   -102.187
6421.000   5903.000   7761.000   2638.000   52.870   -102.169
6422.000   5570.000   7696.000   2803.000   52.809   -102.151
6423.000   5562.000   7432.000   2479.000   52.748   -102.133
6424.000   5273.000   6996.000   2455.000   52.687   -102.115
6425.000   5032.000   7023.000   2371.000   52.625   -102.097
6426.000   4868.000   6578.000   2344.000   52.564   -102.079
6427.000   4629.000   6074.000   2274.000   52.503   -102.061
6428.000   4437.000   5995.000   2182.000   52.442   -102.043
6429.000   4280.000   5817.000   2168.000   52.381   -102.026
6430.000   4103.000   5561.000   2107.000   52.320   -102.008
6431.000   4057.000   5348.000   1950.000   52.259   -101.991
6432.000   3884.000   5088.000   1906.000   52.198   -101.973
6433.000   3529.000   4836.000   1731.000   52.137   -101.956
6434.000   3436.000   4700.000   1634.000   52.076   -101.938
6435.000   3279.000   4396.000   1619.000   52.014   -101.921
6436.000   3198.000   4146.000   1566.000   51.953   -101.904
6437.000   2995.000   3928.000   1426.000   51.892   -101.886
6438.000   2864.000   3666.000   1269.000   51.831   -101.869
6439.000   2651.000   3454.000   1283.000   51.770   -101.852
6440.000   2542.000   3247.000   1164.000   51.709   -101.835
6441.000   2475.000   3167.000   1166.000   51.648   -101.818
6442.000   2347.000   2956.000   1040.000   51.586   -101.801
6443.000   2226.000   2665.000   990.000   51.525   -101.784
6444.000   2160.000   2501.000   1024.000   51.464   -101.767
6445.000   2025.000   2438.000   940.000   51.403   -101.751
6446.000   1847.000   2324.000   818.000   51.342   -101.734
6447.000   1886.000   2145.000   762.000   51.280   -101.717
6448.000   1780.000   2035.000   724.000   51.219   -101.701
6449.000   1734.000   1910.000   714.000   51.158   -101.684
6450.000   1634.000   1843.000   699.000   51.097   -101.667
6451.000   1566.000   1788.000   624.000   51.036   -101.651
6452.000   1606.000   1725.000   595.000   50.975   -101.635
6453.000   1538.000   1544.000   572.000   50.913   -101.618
6454.000   1507.000   1535.000   572.000   50.852   -101.602
6455.000   1415.000   1433.000   547.000   50.791   -101.586
6456.000   1337.000   1453.000   518.000   50.730   -101.570
6457.000   1370.000   1294.000   480.000   50.668   -101.554
6458.000   1363.000   1312.000   451.000   50.607   -101.537
6459.000   1322.000   1198.000   466.000   50.546   -101.521
6460.000   1270.000   1127.000   407.000   50.485   -101.505
6461.000   1281.000   1153.000   432.000   50.424   -101.490
6462.000   1173.000   1086.000   402.000   50.362   -101.474
6463.000   1200.000   1070.000   359.000   50.301   -101.458
6464.000   1218.000   1038.000   354.000   50.240   -101.442
6465.000   1173.000   1009.000   340.000   50.179   -101.426
6466.000   1149.000   970.000   346.000   50.117   -101.411
6467.000   1148.000   934.000   325.000   50.056   -101.395
6468.000   1155.000   885.000   313.000   49.995   -101.380
6469.000   1119.000   879.000   276.000   49.933   -101.364
6470.000   1053.000   849.000   290.000   49.872   -101.349
6471.000   1105.000   869.000   274.000   49.811   -101.333
6472.000   1113.000   847.000   287.000   49.750   -101.318
6473.000   1070.000   808.000   263.000   49.688   -101.303
6474.000   1067.000   781.000   262.000   49.627   -101.287
6475.000   1092.000   760.000   241.000   49.566   -101.272
6476.000   1088.000   771.000   216.000   49.504   -101.257
6477.000   1115.000   758.000   215.000   49.443   -101.242
6478.000   1039.000   704.000   238.000   49.382   -101.227
6479.000   1073.000   809.000   223.000   49.321   -101.212
6480.000   1044.000   712.000   201.000   49.259   -101.197
6481.000   1041.000   707.000   217.000   49.198   -101.182
7922.000   851.000   419.000   78.000   -40.236   -92.083
7923.000   855.000   388.000   90.000   -40.298   -92.073
7924.000   852.000   421.000   89.000   -40.359   -92.064
7925.000   853.000   411.000   90.000   -40.421   -92.054
7926.000   905.000   373.000   90.000   -40.483   -92.044
7927.000   832.000   410.000   112.000   -40.544   -92.034
7928.000   939.000   418.000   85.000   -40.606   -92.024
7929.000   896.000   431.000   73.000   -40.667   -92.014
7930.000   866.000   391.000   84.000   -40.729   -92.004
7931.000   883.000   407.000   84.000   -40.790   -91.994
7932.000   863.000   396.000   97.000   -40.852   -91.984
7933.000   864.000   440.000   102.000   -40.914   -91.974
7934.000   860.000   435.000   88.000   -40.975   -91.964
7935.000   892.000   422.000   85.000   -41.037   -91.954
7936.000   901.000   426.000   90.000   -41.098   -91.944
7937.000   884.000   409.000   84.000   -41.160   -91.934
7938.000   925.000   387.000   70.000   -41.221   -91.923
7939.000   857.000   398.000   86.000   -41.283   -91.913
7940.000   858.000   421.000   86.000   -41.344   -91.903
7941.000   865.000   440.000   80.000   -41.406   -91.893
7942.000   894.000   354.000   109.000   -41.468   -91.882
7943.000   909.000   420.000   77.000   -41.529   -91.872
7944.000   860.000   441.000   91.000   -41.591   -91.862
7945.000   865.000   411.000   83.000   -41.652   -91.851
7946.000   855.000   420.000   90.000   -41.714   -91.841
7947.000   951.000   419.000   71.000   -41.775   -91.831
7948.000   863.000   385.000   88.000   -41.837   -91.820
7949.000   912.000   394.000   92.000   -41.898   -91.810
7950.000   957.000   425.000   84.000   -41.960   -91.799
7951.000   891.000   416.000   106.000   -42.021   -91.789
7952.000   876.000   414.000   89.000   -42.083   -91.778
7953.000   864.000   432.000   81.000   -42.144   -91.767
7954.000   847.000   461.000   93.000   -42.206   -91.757
7955.000   923.000   418.000   98.000   -42.267   -91.746
7956.000   880.000   386.000   97.000   -42.329   -91.735
7957.000   844.000   408.000   106.000   -42.390   -91.725
7958.000   878.000   444.000   97.000   -42.452   -91.714
7959.000   865.000   420.000   99.000   -42.513   -91.703
7960.000   929.000   422.000   90.000   -42.575   -91.692
7961.000   897.000   435.000   71.000   -42.636   -91.682
7962.000   903.000   425.000   104.000   -42.698   -91.671
7963.000   887.000   426.000   88.000   -42.759   -91.660
7964.000   888.000   415.000   106.000   -42.821   -91.649
7965.000   878.000   432.000   88.000   -42.882   -91.638
7966.000   907.000   429.000   84.000   -42.944   -91.627
7967.000   910.000   415.000   81.000   -43.005   -91.616
7968.000   925.000   436.000   79.000   -43.067   -91.605
7969.000   933.000   423.000   93.000   -43.128   -91.594
7970.000   899.000   402.000   101.000   -43.190   -91.583
7971.000   933.000   429.000   97.000   -43.251   -91.572
7972.000   833.000   407.000   88.000   -43.312   -91.560
7973.000   873.000   433.000   92.000   -43.374   -91.549
7974.000   846.000   399.000   83.000   -43.435   -91.538
7975.000   863.000   435.000   76.000   -43.497   -91.527
7976.000   926.000   388.000   95.000   -43.558   -91.515
7977.000   867.000   421.000   69.000   -43.620   -91.504
7978.000   909.000   402.000   94.000   -43.681   -91.493
7979.000   902.000   401.000   96.000   -43.743   -91.481
7980.000   895.000   378.000   87.000   -43.804   -91.470
7981.000   853.000   431.000   109.000   -43.866   -91.459
7982.000   916.000   437.000   86.000   -43.927   -91.447
7983.000   863.000   392.000   99.000   -43.988   -91.436
7984.000   899.000   464.000   90.000   -44.050   -91.424
7985.000   867.000   438.000   86.000   -44.111   -91.412
7986.000   943.000   421.000   84.000   -44.173   -91.401
7987.000   900.000   426.000   90.000   -44.234   -91.389
7988.000   934.000   395.000   88.000   -44.295   -91.377
7989.000   896.000   420.000   101.000   -44.357   -91.366
7990.000   872.000   382.000   94.000   -44.418   -91.354
7991.000   893.000   412.000   99.000   -44.480   -91.342
7992.000   879.000   380.000   85.000   -44.541   -91.330
7993.000   954.000   450.000   95.000   -44.602   -91.319
7994.000   899.000   422.000   98.000   -44.664   -91.307
7995.000   913.000   423.000   76.000   -44.725   -91.295
7996.000   911.000   409.000   89.000   -44.787   -91.283
7997.000   902.000   418.000   100.000   -44.848   -91.271
7998.000   955.000   407.000   112.000   -44.909   -91.259
7999.000   949.000   427.000   115.000   -44.971   -91.247
8000.000   917.000   422.000   80.000   -45.032   -91.235
8001.000   912.000   426.000   91.000   -45.094   -91.223
8002.000   886.000   453.000   105.000   -45.155   -91.211
8003.000   905.000   428.000   91.000   -45.216   -91.198
8004.000   928.000   453.000   118.000   -45.278   -91.186
8005.000   914.000   408.000   84.000   -45.339   -91.174
8006.000   909.000   424.000   93.000   -45.400   -91.162
8007.000   929.000   438.000   84.000   -45.462   -91.149
8008.000   924.000   438.000   102.000   -45.523   -91.137
8009.000   904.000   441.000   86.000   -45.584   -91.125
8010.000   951.000   421.000   91.000   -45.646   -91.112
8011.000   883.000   468.000   88.000   -45.707   -91.100
8012.000   968.000   426.000   100.000   -45.768   -91.087
8013.000   954.000   440.000   98.000   -45.830   -91.075
8014.000   892.000   448.000   82.000   -45.891   -91.062
8015.000   910.000   442.000   112.000   -45.952   -91.049
8016.000   927.000   409.000   83.000   -46.014   -91.037
8017.000   903.000   441.000   102.000   -46.075   -91.024
8018.000   904.000   447.000   97.000   -46.136   -91.011
8019.000   916.000   436.000   108.000   -46.198   -90.999
8020.000   925.000   446.000   100.000   -46.259   -90.986
8021.000   852.000   458.000   85.000   -46.320   -90.973
8022.000   907.000   451.000   99.000   -46.382   -90.960
8023.000   927.000   410.000   99.000   -46.443   -90.947
8024.000   943.000   445.000   88.000   -46.504   -90.934
8025.000   936.000   455.000   86.000   -46.566   -90.921
8026.000   941.000   459.000   86.000   -46.627   -90.908
8027.000   948.000   434.000   102.000   -46.688   -90.895
8028.000   933.000   433.000   111.000   -46.749   -90.882
8029.000   929.000   421.000   103.000   -46.811   -90.869
8030.000   955.000   445.000   83.000   -46.872   -90.856
8031.000   922.000   458.000   86.000   -46.933   -90.842
8032.000   887.000   446.000   108.000   -46.995   -90.829
8033.000   887.000   438.000   95.000   -47.056   -90.816
8034.000   941.000   445.000   91.000   -47.117   -90.802
8035.000   917.000   432.000   98.000   -47.178   -90.789
8036.000   943.000   415.000   85.000   -47.240   -90.776
8037.000   919.000   415.000   99.000   -47.301   -90.762
8038.000   875.000   424.000   97.000   -47.362   -90.749
8039.000   925.000   472.000   99.000   -47.423   -90.735
8040.000   940.000   464.000   102.000   -47.485   -90.722
8041.000   888.000   467.000   97.000   -47.546   -90.708
8042.000   920.000   489.000   97.000   -47.607   -90.694
8043.000   925.000   501.000   97.000   -47.668   -90.681
8044.000   929.000   452.000   95.000   -47.730   -90.667
8045.000   971.000   457.000   98.000   -47.791   -90.653
8046.000   966.000   453.000   104.000   -47.852   -90.639
8047.000   1000.000   461.000   90.000   -47.913   -90.625
8048.000   954.000   458.000   92.000   -47.974   -90.611
8049.000   982.000   449.000   84.000   -48.036   -90.597
8050.000   947.000   463.000   93.000   -48.097   -90.583
8051.000   1005.000   480.000   85.000   -48.158   -90.569
8052.000   941.000   420.000   82.000   -48.219   -90.555
8053.000   922.000   450.000   109.000   -48.280   -90.541
8054.000   936.000   458.000   100.000   -48.342   -90.527
8055.000   900.000   444.000   91.000   -48.403   -90.513
8056.000   927.000   440.000   94.000   -48.464   -90.498
8057.000   902.000   450.000   108.000   -48.525   -90.484
8058.000   922.000   469.000   105.000   -48.586   -90.470
8059.000   925.000   435.000   86.000   -48.648   -90.455
8060.000   945.000   445.000   106.000   -48.709   -90.441
8061.000   931.000   437.000   78.000   -48.770   -90.426
8062.000   915.000   463.000   86.000   -48.831   -90.412
8063.000   957.000   417.000   122.000   -48.892   -90.397
8064.000   907.000   459.000   95.000   -48.953   -90.383
8065.000   988.000   458.000   103.000   -49.015   -90.368
8066.000   894.000   469.000   118.000   -49.076   -90.353
8067.000   936.000   485.000   94.000   -49.137   -90.338
8068.000   931.000   431.000   83.000   -49.198   -90.324
8069.000   913.000   417.000   90.000   -49.259   -90.309
8070.000   915.000   470.000   99.000   -49.320   -90.294
8071.000   946.000   445.000   91.000   -49.381   -90.279
8072.000   935.000   431.000   94.000   -49.443   -90.264
8073.000   905.000   472.000   101.000   -49.504   -90.249
8074.000   922.000   492.000   126.000   -49.565   -90.234
8075.000   906.000   425.000   99.000   -49.626   -90.218
8076.000   987.000   456.000   95.000   -49.687   -90.203
8077.000   947.000   447.000   108.000   -49.748   -90.188
8078.000   907.000   451.000   102.000   -49.809   -90.173
8079.000   906.000   483.000   95.000   -49.870   -90.157
8080.000   937.000   430.000   97.000   -49.931   -90.142
8081.000   917.000   436.000   109.000   -49.992   -90.127
8082.000   911.000   449.000   106.000   -50.054   -90.111
8083.000   891.000   454.000   99.000   -50.115   -90.095
8084.000   958.000   453.000   108.000   -50.176   -90.080
8085.000   908.000   441.000   111.000   -50.237   -90.064
8086.000   912.000   436.000   94.000   -50.298   -90.049
8087.000   891.000   469.000   105.000   -50.359   -90.033
8088.000   928.000   465.000   107.000   -50.420   -90.017
8089.000   933.000   476.000   115.000   -50.481   -90.001
8090.000   938.000   471.000   86.000   -50.542   -89.985
8091.000   937.000   439.000   107.000   -50.603   -89.969
8092.000   932.000   469.000   115.000   -50.664   -89.953
8093.000   922.000   457.000   89.000   -50.725   -89.937
8094.000   888.000   451.000   108.000   -50.786   -89.921
8095.000   977.000   498.000   101.000   -50.847   -89.905
8096.000   914.000   470.000   115.000   -50.908   -89.889
8097.000   983.000   480.000   96.000   -50.969   -89.872
8098.000   986.000   446.000   97.000   -51.030   -89.856
8099.000   926.000   477.000   120.000   -51.091   -89.840
8100.000   929.000   460.000   100.000   -51.152   -89.823
8101.000   940.000   477.000   105.000   -51.213   -89.807
8102.000   1031.000   494.000   96.000   -51.274   -89.790
8103.000   1041.000   481.000   97.000   -51.335   -89.774
8104.000   982.000   455.000   97.000   -51.396   -89.757
8105.000   972.000   465.000   103.000   -51.457   -89.740
8106.000   974.000   500.000   120.000   -51.518   -89.724
8107.000   1035.000   442.000   106.000   -51.579   -89.707
8108.000   955.000   439.000   120.000   -51.640   -89.690
8109.000   1014.000   469.000   101.000   -51.701   -89.673
8110.000   1016.000   495.000   83.000   -51.762   -89.656
8111.000   977.000   507.000   107.000   -51.823   -89.639
8112.000   1039.000   482.000   107.000   -51.884   -89.622
8113.000   1067.000   500.000   101.000   -51.945   -89.605
8114.000   1085.000   475.000   123.000   -52.006   -89.587
8115.000   1048.000   484.000   99.000   -52.067   -89.570
8116.000   1086.000   505.000   101.000   -52.128   -89.553
8117.000   1058.000   450.000   114.000   -52.189   -89.535
8118.000   1177.000   486.000   111.000   -52.250   -89.518
8119.000   1049.000   511.000   109.000   -52.311   -89.501
8120.000   1080.000   459.000   90.000   -52.372   -89.483
8121.000   1096.000   504.000   103.000   -52.433   -89.465
8122.000   1164.000   485.000   112.000   -52.494   -89.448
8123.000   1125.000   539.000   103.000   -52.554   -89.430
8124.000   1197.000   455.000   107.000   -52.615   -89.412
8125.000   1159.000   449.000   106.000   -52.676   -89.394
8126.000   1328.000   515.000   115.000   -52.737   -89.376
8127.000   1381.000   512.000   116.000   -52.798   -89.358
8128.000   1368.000   483.000   121.000   -52.859   -89.340
8129.000   1298.000   491.000   107.000   -52.920   -89.322
8130.000   1441.000   509.000   102.000   -52.981   -89.304
8131.000   1402.000   480.000   102.000   -53.042   -89.286
8132.000   1378.000   484.000   116.000   -53.102   -89.267
8133.000   1361.000   497.000   118.000   -53.163   -89.249
8134.000   1396.000   507.000   108.000   -53.224   -89.231
8135.000   1315.000   493.000   103.000   -53.285   -89.212
8136.000   1328.000   513.000   110.000   -53.346   -89.194
8137.000   1306.000   514.000   104.000   -53.407   -89.175
8138.000   1300.000   463.000   150.000   -53.467   -89.156
8139.000   1387.000   481.000   98.000   -53.528   -89.137
8140.000   1374.000   476.000   119.000   -53.589   -89.119
8141.000   1472.000   513.000   120.000   -53.650   -89.100
8142.000   1486.000   503.000   125.000   -53.711   -89.081
8143.000   1450.000   513.000   114.000   -53.772   -89.062
8144.000   1466.000   464.000   107.000   -53.832   -89.043
8145.000   1512.000   494.000   116.000   -53.893   -89.023
8146.000   1528.000   547.000   102.000   -53.954   -89.004
8147.000   1553.000   468.000   123.000   -54.015   -88.985
8148.000   1553.000   503.000   106.000   -54.076   -88.966
8149.000   1571.000   485.000   127.000   -54.136   -88.946
8150.000   1556.000   462.000   97.000   -54.197   -88.927
8151.000   1501.000   523.000   127.000   -54.258   -88.907
8152.000   1443.000   519.000   104.000   -54.319   -88.887
8153.000   1504.000   472.000   114.000   -54.379   -88.868
8154.000   1521.000   475.000   97.000   -54.440   -88.848
8155.000   1497.000   484.000   96.000   -54.501   -88.828
8156.000   1477.000   480.000   102.000   -54.562   -88.808
8157.000   1539.000   484.000   115.000   -54.622   -88.788
8158.000   1496.000   489.000   129.000   -54.683   -88.768
8159.000   1436.000   505.000   126.000   -54.744   -88.748
8160.000   1390.000   471.000   107.000   -54.804   -88.728
8161.000   1397.000   509.000   103.000   -54.865   -88.708
8162.000   1419.000   510.000   115.000   -54.926   -88.687
8163.000   1384.000   532.000   132.000   -54.987   -88.667
8164.000   1424.000   516.000   99.000   -55.047   -88.646
8165.000   1363.000   473.000   109.000   -55.108   -88.626
8166.000   1438.000   534.000   117.000   -55.169   -88.605
8167.000   1420.000   519.000   114.000   -55.229   -88.584
8168.000   1424.000   534.000   111.000   -55.290   -88.563
8169.000   1380.000   516.000   120.000   -55.351   -88.543
8170.000   1423.000   486.000   126.000   -55.411   -88.522
8171.000   1436.000   502.000   102.000   -55.472   -88.501
8172.000   1474.000   528.000   116.000   -55.533   -88.479
8173.000   1498.000   511.000   110.000   -55.593   -88.458
8174.000   1551.000   491.000   120.000   -55.654   -88.437
8175.000   1428.000   523.000   111.000   -55.715   -88.416
8176.000   1452.000   506.000   123.000   -55.775   -88.394
8177.000   1507.000   516.000   135.000   -55.836   -88.373
8178.000   1459.000   515.000   103.000   -55.896   -88.351
8179.000   1544.000   512.000   115.000   -55.957   -88.329
8180.000   1553.000   493.000   122.000   -56.018   -88.308
8181.000   1599.000   542.000   117.000   -56.078   -88.286
8182.000   1586.000   524.000   101.000   -56.139   -88.264
8183.000   1645.000   492.000   109.000   -56.199   -88.242
8184.000   1650.000   511.000   122.000   -56.260   -88.220
8185.000   1703.000   523.000   106.000   -56.320   -88.198
8186.000   1664.000   531.000   120.000   -56.381   -88.175
8187.000   1732.000   540.000   141.000   -56.442   -88.153
8188.000   1802.000   529.000   99.000   -56.502   -88.131
8189.000   1789.000   517.000   118.000   -56.563   -88.108
8190.000   1806.000   530.000   108.000   -56.623   -88.086
8191.000   1970.000   536.000   100.000   -56.684   -88.063
8192.000   1902.000   572.000   123.000   -56.744   -88.040
8193.000   1939.000   559.000   109.000   -56.805   -88.017
8194.000   2022.000   559.000   118.000   -56.865   -87.994
8195.000   2033.000   560.000   113.000   -56.926   -87.971
8196.000   2036.000   537.000   127.000   -56.986   -87.948
8197.000   2081.000   581.000   142.000   -57.047   -87.925
8198.000   2199.000   584.000   120.000   -57.107   -87.902
8199.000   2225.000   606.000   101.000   -57.168   -87.878
8200.000   2171.000   550.000   118.000   -57.228   -87.855
8201.000   2231.000   547.000   124.000   -57.289   -87.831
8202.000   2201.000   560.000   144.000   -57.349   -87.808
8203.000   2136.000   530.000   124.000   -57.410   -87.784
8204.000   2105.000   526.000   113.000   -57.470   -87.760
8205.000   2121.000   566.000   120.000   -57.531   -87.736
8206.000   2085.000   587.000   120.000   -57.591   -87.712
8207.000   2155.000   517.000   119.000   -57.651   -87.688
8208.000   2206.000   560.000   125.000   -57.712   -87.664
8209.000   2182.000   560.000   135.000   -57.772   -87.640
8210.000   2215.000   571.000   107.000   -57.833   -87.615
8211.000   2224.000   578.000   141.000   -57.893   -87.591
8212.000   2147.000   553.000   130.000   -57.953   -87.566
8213.000   2266.000   562.000   107.000   -58.014   -87.542
8214.000   2290.000   540.000   143.000   -58.074   -87.517
8215.000   2345.000   522.000   142.000   -58.134   -87.492
8216.000   2459.000   541.000   119.000   -58.195   -87.467
8217.000   2427.000   563.000   124.000   -58.255   -87.442
8218.000   2501.000   532.000   123.000   -58.316   -87.417
8219.000   2447.000   551.000   133.000   -58.376   -87.392
8220.000   2404.000   569.000   126.000   -58.436   -87.366
8221.000   2377.000   534.000   119.000   -58.497   -87.341
8222.000   2288.000   572.000   131.000   -58.557   -87.315
8223.000   2350.000   546.000   113.000   -58.617   -87.289
8224.000   2361.000   592.000   104.000   -58.677   -87.264
8225.000   2394.000   576.000   111.000   -58.738   -87.238
8226.000   2487.000   551.000   139.000   -58.798   -87.212
8227.000   2580.000   559.000   134.000   -58.858   -87.186
8228.000   2594.000   593.000   110.000   -58.919   -87.159
8229.000   2645.000   594.000   133.000   -58.979   -87.133
8230.000   2676.000   584.000   143.000   -59.039   -87.107
8231.000   2789.000   574.000   112.000   -59.099   -87.080
8232.000   2719.000   586.000   112.000   -59.160   -87.054
8233.000   2847.000   591.000   120.000   -59.220   -87.027
8234.000   2753.000   590.000   147.000   -59.280   -87.000
8235.000   2979.000   632.000   120.000   -59.340   -86.973
8236.000   3002.000   570.000   138.000   -59.400   -86.946
8237.000   3060.000   547.000   144.000   -59.461   -86.919
8238.000   2921.000   580.000   120.000   -59.521   -86.892
8239.000   3161.000   551.000   113.000   -59.581   -86.864
8240.000   3094.000   582.000   145.000   -59.641   -86.837
8241.000   3133.000   567.000   123.000   -59.701   -86.809
8242.000   3221.000   575.000   115.000   -59.762   -86.781
8243.000   3177.000   582.000   121.000   -59.822   -86.753
8244.000   3150.000   668.000   118.000   -59.882   -86.726
8245.000   3297.000   557.000   136.000   -59.942   -86.697
8246.000   3100.000   579.000   132.000   -60.002   -86.669
8247.000   3223.000   567.000   107.000   -60.062   -86.641
8248.000   3203.000   604.000   132.000   -60.122   -86.612
8249.000   3212.000   601.000   125.000   -60.182   -86.584
8250.000   3188.000   573.000   118.000   -60.243   -86.555
8251.000   3164.000   576.000   126.000   -60.303   -86.526
8252.000   3218.000   583.000   126.000   -60.363   -86.498
8253.000   3202.000   570.000   131.000   -60.423   -86.469
8254.000   3258.000   586.000   123.000   -60.483   -86.439
8255.000   3333.000   589.000   131.000   -60.543   -86.410
8256.000   3363.000   573.000   133.000   -60.603   -86.381
8257.000   3328.000   602.000   133.000   -60.663   -86.351
8258.000   3335.000   590.000   136.000   -60.723   -86.321
8259.000   3405.000   536.000   147.000   -60.783   -86.292
8260.000   3369.000   578.000   131.000   -60.843   -86.262
8261.000   3390.000   615.000   150.000   -60.903   -86.232
8262.000   3337.000   639.000   119.000   -60.963   -86.202
8263.000   3532.000   594.000   128.000   -61.023   -86.171
8264.000   3485.000   586.000   131.000   -61.083   -86.141
8265.000   3467.000   584.000   130.000   -61.143   -86.110
8266.000   3454.000   580.000   113.000   -61.203   -86.080
8267.000   3565.000   564.000   137.000   -61.263   -86.049
8268.000   3526.000   602.000   113.000   -61.323   -86.018
8269.000   3678.000   585.000   115.000   -61.383   -85.987
8270.000   3726.000   617.000   130.000   -61.442   -85.955
8271.000   3819.000   624.000   135.000   -61.502   -85.924
8272.000   3809.000   618.000   148.000   -61.562   -85.893
8273.000   3792.000   599.000   122.000   -61.622   -85.861
8274.000   3721.000   599.000   128.000   -61.682   -85.829
8275.000   3781.000   633.000   137.000   -61.742   -85.797
8276.000   3787.000   604.000   141.000   -61.802   -85.765
8277.000   3746.000   628.000   140.000   -61.861   -85.733
8278.000   3746.000   627.000   122.000   -61.921   -85.701
8279.000   3940.000   604.000   121.000   -61.981   -85.668
8280.000   3830.000   589.000   133.000   -62.041   -85.636
8281.000   3870.000   585.000   132.000   -62.101   -85.603
8282.000   3981.000   593.000   137.000   -62.161   -85.570
8283.000   3867.000   601.000   149.000   -62.220   -85.537
8284.000   3894.000   630.000   148.000   -62.280   -85.504
8285.000   3892.000   640.000   128.000   -62.340   -85.470
8286.000   3796.000   586.000   126.000   -62.400   -85.437
8287.000   3798.000   623.000   136.000   -62.459   -85.403
8288.000   3841.000   625.000   121.000   -62.519   -85.369
8289.000   3921.000   588.000   133.000   -62.579   -85.335
8290.000   3840.000   602.000   140.000   -62.638   -85.301
8291.000   3757.000   587.000   141.000   -62.698   -85.267
8292.000   3793.000   619.000   118.000   -62.758   -85.233
8293.000   3591.000   660.000   147.000   -62.817   -85.198
8294.000   3624.000   639.000   149.000   -62.877   -85.163
8295.000   3632.000   573.000   169.000   -62.937   -85.128
8296.000   3645.000   636.000   134.000   -62.996   -85.093
8297.000   3686.000   620.000   138.000   -63.056   -85.058
8298.000   3536.000   648.000   143.000   -63.116   -85.023
8299.000   3492.000   587.000   140.000   -63.175   -84.987
8300.000   3440.000   612.000   150.000   -63.235   -84.951
8301.000   3412.000   603.000   158.000   -63.294   -84.916
8302.000   3409.000   600.000   137.000   -63.354   -84.880
8303.000   3446.000   597.000   149.000   -63.413   -84.843
8304.000   3434.000   581.000   121.000   -63.473   -84.807
8305.000   3470.000   574.000   114.000   -63.533   -84.770
8306.000   3461.000   612.000   129.000   -63.592   -84.734
8307.000   3287.000   571.000   131.000   -63.652   -84.697
8308.000   3390.000   600.000   145.000   -63.711   -84.660
8309.000   3350.000   605.000   140.000   -63.771   -84.623
8310.000   3259.000   584.000   141.000   -63.830   -84.585
8311.000   3252.000   566.000   136.000   -63.889   -84.548
8312.000   3112.000   616.000   145.000   -63.949   -84.510
8313.000   3145.000   637.000   152.000   -64.008   -84.472
8314.000   3077.000   627.000   127.000   -64.068   -84.434
8315.000   3039.000   571.000   140.000   -64.127   -84.396
8316.000   3053.000   557.000   131.000   -64.186   -84.357
8317.000   3047.000   607.000   137.000   -64.246   -84.318
8318.000   3088.000   598.000   151.000   -64.305   -84.280
8319.000   3054.000   584.000   150.000   -64.365   -84.241
8320.000   3014.000   598.000   133.000   -64.424   -84.201
8321.000   2976.000   646.000   132.000   -64.483   -84.162
8322.000   2955.000   624.000   136.000   -64.543   -84.122
8323.000   2941.000   574.000   151.000   -64.602   -84.083
8324.000   2841.000   607.000   160.000   -64.661   -84.043
8325.000   2932.000   641.000   141.000   -64.720   -84.002
8326.000   2774.000   574.000   153.000   -64.780   -83.962
8327.000   2731.000   594.000   119.000   -64.839   -83.922
8328.000   2789.000   567.000   145.000   -64.898   -83.881
8329.000   2719.000   616.000   147.000   -64.957   -83.840
8330.000   2549.000   593.000   129.000   -65.017   -83.799
8331.000   2710.000   609.000   164.000   -65.076   -83.757
8332.000   2678.000   592.000   142.000   -65.135   -83.716
8333.000   2633.000   573.000   118.000   -65.194   -83.674
8334.000   2620.000   621.000   126.000   -65.253   -83.632
8335.000   2556.000   592.000   161.000   -65.312   -83.590
8336.000   2577.000   607.000   149.000   -65.371   -83.548
8337.000   2491.000   581.000   128.000   -65.431   -83.505
8338.000   2404.000   600.000   162.000   -65.490   -83.462
8339.000   2332.000   571.000   132.000   -65.549   -83.419
8340.000   2438.000   619.000   145.000   -65.608   -83.376
8341.000   2251.000   572.000   178.000   -65.667   -83.333
8342.000   2274.000   634.000   143.000   -65.726   -83.289
8343.000   2181.000   612.000   175.000   -65.785   -83.245
8344.000   2254.000   626.000   160.000   -65.844   -83.201
8345.000   2325.000   612.000   151.000   -65.903   -83.157
8346.000   2261.000   609.000   133.000   -65.962   -83.112
8347.000   2285.000   637.000   149.000   -66.021   -83.067
8348.000   2223.000   629.000   155.000   -66.080   -83.022
8349.000   2076.000   595.000   129.000   -66.138   -82.977
8350.000   2012.000   617.000   148.000   -66.197   -82.932
8351.000   2061.000   589.000   147.000   -66.256   -82.886
8352.000   2051.000   594.000   143.000   -66.315   -82.840
8353.000   1945.000   646.000   157.000   -66.374   -82.794
8354.000   2016.000   625.000   161.000   -66.433   -82.748
8355.000   2068.000   631.000   158.000   -66.492   -82.701
8356.000   1939.000   603.000   157.000   -66.550   -82.654
8357.000   1964.000   574.000   165.000   -66.609   -82.607
8358.000   1921.000   609.000   137.000   -66.668   -82.560
8359.000   1882.000   617.000   167.000   -66.727   -82.512
8360.000   1879.000   622.000   143.000   -66.785   -82.464
8361.000   1837.000   622.000   147.000   -66.844   -82.416
8362.000   1842.000   638.000   137.000   -66.903   -82.368
8363.000   1775.000   626.000   182.000   -66.961   -82.319
8364.000   1649.000   618.000   152.000   -67.020   -82.270
8365.000   1682.000   603.000   149.000   -67.079   -82.221
8366.000   1620.000   637.000   137.000   -67.137   -82.172
8367.000   1661.000   607.000   138.000   -67.196   -82.122
8368.000   1636.000   612.000   172.000   -67.255   -82.072
8369.000   1633.000   611.000   170.000   -67.313   -82.022
8370.000   1550.000   600.000   150.000   -67.372   -81.972
8371.000   1520.000   621.000   142.000   -67.430   -81.921
8372.000   1609.000   630.000   139.000   -67.489   -81.870
8373.000   1593.000   618.000   156.000   -67.547   -81.819
8374.000   1526.000   612.000   147.000   -67.606   -81.767
8375.000   1469.000   635.000   149.000   -67.664   -81.716
8376.000   1539.000   623.000   154.000   -67.723   -81.664
8377.000   1433.000   612.000   154.000   -67.781   -81.611
8378.000   1452.000   607.000   145.000   -67.839   -81.559
8379.000   1421.000   650.000   135.000   -67.898   -81.506
8380.000   1457.000   607.000   173.000   -67.956   -81.453
8381.000   1370.000   645.000   143.000   -68.014   -81.399
8382.000   1348.000   636.000   142.000   -68.073   -81.345
8383.000   1451.000   603.000   163.000   -68.131   -81.291
8384.000   1386.000   627.000   145.000   -68.189   -81.237
8385.000   1360.000   636.000   150.000   -68.247   -81.182
8386.000   1393.000   627.000   157.000   -68.306   -81.127
8387.000   1339.000   639.000   161.000   -68.364   -81.072
8388.000   1398.000   613.000   158.000   -68.422   -81.017
8389.000   1310.000   612.000   166.000   -68.480   -80.961
8390.000   1334.000   592.000   156.000   -68.538   -80.905
8391.000   1328.000   605.000   159.000   -68.596   -80.848
8392.000   1273.000   659.000   145.000   -68.655   -80.791
8393.000   1277.000   591.000   164.000   -68.713   -80.734
8394.000   1328.000   617.000   149.000   -68.771   -80.677
8395.000   1307.000   624.000   169.000   -68.829   -80.619
8396.000   1306.000   634.000   140.000   -68.887   -80.561
8397.000   1243.000   585.000   153.000   -68.945   -80.502
8398.000   1295.000   602.000   144.000   -69.003   -80.444
8399.000   1266.000   630.000   139.000   -69.061   -80.385
8400.000   1180.000   614.000   156.000   -69.118   -80.325
8401.000   1190.000   594.000   151.000   -69.176   -80.265
