Time range: [ 04:20:02.000  04:48:43.000 ]
Time range duration: 28.0 min, 41.0 sec
Longitude range: [ 95.0  117.0 ]
15602.000   854.000   354.000   95.000   -18.218   46.882
15603.000   846.000   388.000   66.000   -18.155   46.887
15604.000   914.000   370.000   78.000   -18.093   46.892
15605.000   888.000   360.000   79.000   -18.030   46.897
15606.000   839.000   392.000   89.000   -17.968   46.902
15607.000   878.000   377.000   71.000   -17.905   46.907
15608.000   819.000   375.000   67.000   -17.842   46.912
15609.000   824.000   340.000   78.000   -17.780   46.917
15610.000   807.000   380.000   73.000   -17.717   46.922
15611.000   871.000   344.000   82.000   -17.655   46.926
15612.000   884.000   377.000   87.000   -17.592   46.931
15613.000   811.000   363.000   83.000   -17.530   46.936
15614.000   892.000   339.000   80.000   -17.467   46.941
15615.000   926.000   351.000   67.000   -17.405   46.946
15616.000   839.000   341.000   79.000   -17.342   46.951
15617.000   926.000   375.000   79.000   -17.279   46.956
15618.000   857.000   366.000   81.000   -17.217   46.960
15619.000   880.000   349.000   54.000   -17.154   46.965
15620.000   902.000   405.000   79.000   -17.092   46.970
15621.000   872.000   360.000   74.000   -17.029   46.975
15622.000   856.000   360.000   81.000   -16.966   46.980
15623.000   867.000   363.000   65.000   -16.904   46.984
15624.000   837.000   368.000   89.000   -16.841   46.989
15625.000   888.000   374.000   79.000   -16.779   46.994
15626.000   876.000   354.000   79.000   -16.716   46.999
15627.000   879.000   380.000   66.000   -16.654   47.004
15628.000   895.000   336.000   70.000   -16.591   47.008
15629.000   876.000   371.000   92.000   -16.528   47.013
15630.000   867.000   356.000   68.000   -16.466   47.018
15631.000   828.000   340.000   67.000   -16.403   47.023
15632.000   856.000   346.000   101.000   -16.341   47.027
15633.000   882.000   362.000   94.000   -16.278   47.032
15634.000   876.000   355.000   87.000   -16.215   47.037
15635.000   876.000   363.000   73.000   -16.153   47.042
15636.000   851.000   368.000   77.000   -16.090   47.046
15637.000   905.000   395.000   87.000   -16.028   47.051
15638.000   867.000   350.000   69.000   -15.965   47.056
15639.000   857.000   382.000   77.000   -15.902   47.060
15640.000   840.000   378.000   91.000   -15.840   47.065
15641.000   898.000   363.000   87.000   -15.777   47.070
15642.000   820.000   359.000   84.000   -15.715   47.075
15643.000   822.000   384.000   63.000   -15.652   47.079
15644.000   857.000   383.000   83.000   -15.589   47.084
15645.000   855.000   371.000   85.000   -15.527   47.089
15646.000   912.000   368.000   84.000   -15.464   47.093
15647.000   854.000   351.000   78.000   -15.402   47.098
15648.000   827.000   348.000   72.000   -15.339   47.103
15649.000   854.000   354.000   84.000   -15.276   47.107
15650.000   865.000   325.000   74.000   -15.214   47.112
15651.000   890.000   374.000   82.000   -15.151   47.117
15652.000   904.000   374.000   64.000   -15.089   47.121
15653.000   827.000   349.000   74.000   -15.026   47.126
15654.000   876.000   357.000   68.000   -14.963   47.130
15655.000   862.000   358.000   73.000   -14.901   47.135
15656.000   895.000   361.000   78.000   -14.838   47.140
15657.000   892.000   322.000   69.000   -14.776   47.144
15658.000   863.000   360.000   69.000   -14.713   47.149
15659.000   867.000   355.000   80.000   -14.650   47.154
15660.000   919.000   332.000   65.000   -14.588   47.158
15661.000   935.000   341.000   91.000   -14.525   47.163
15662.000   854.000   363.000   73.000   -14.462   47.167
15663.000   818.000   377.000   98.000   -14.400   47.172
15664.000   835.000   349.000   64.000   -14.337   47.177
15665.000   874.000   359.000   76.000   -14.275   47.181
15666.000   865.000   355.000   67.000   -14.212   47.186
15667.000   785.000   335.000   73.000   -14.149   47.190
15668.000   849.000   347.000   75.000   -14.087   47.195
15669.000   832.000   352.000   77.000   -14.024   47.199
15670.000   869.000   342.000   81.000   -13.961   47.204
15671.000   937.000   380.000   77.000   -13.899   47.208
15672.000   848.000   351.000   66.000   -13.836   47.213
15673.000   901.000   363.000   73.000   -13.774   47.218
15674.000   910.000   319.000   54.000   -13.711   47.222
15675.000   781.000   342.000   71.000   -13.648   47.227
15676.000   842.000   363.000   77.000   -13.586   47.231
15677.000   856.000   374.000   78.000   -13.523   47.236
15678.000   864.000   336.000   71.000   -13.460   47.240
15679.000   868.000   336.000   69.000   -13.398   47.245
15680.000   908.000   355.000   53.000   -13.335   47.249
15681.000   836.000   344.000   69.000   -13.273   47.254
15682.000   849.000   329.000   60.000   -13.210   47.258
15683.000   822.000   360.000   74.000   -13.147   47.263
15684.000   836.000   364.000   73.000   -13.085   47.267
15685.000   860.000   362.000   58.000   -13.022   47.272
15686.000   817.000   327.000   87.000   -12.959   47.276
15687.000   859.000   341.000   77.000   -12.897   47.281
15688.000   892.000   345.000   85.000   -12.834   47.285
15689.000   869.000   348.000   79.000   -12.771   47.290
15690.000   849.000   357.000   74.000   -12.709   47.294
15691.000   857.000   343.000   71.000   -12.646   47.298
15692.000   840.000   342.000   77.000   -12.583   47.303
15693.000   845.000   390.000   70.000   -12.521   47.307
15694.000   870.000   373.000   71.000   -12.458   47.312
15695.000   884.000   345.000   73.000   -12.396   47.316
15696.000   886.000   367.000   79.000   -12.333   47.321
15697.000   808.000   340.000   78.000   -12.270   47.325
15698.000   888.000   358.000   69.000   -12.208   47.330
15699.000   851.000   346.000   71.000   -12.145   47.334
15700.000   847.000   392.000   68.000   -12.082   47.338
15701.000   820.000   342.000   81.000   -12.020   47.343
15702.000   865.000   360.000   82.000   -11.957   47.347
15703.000   834.000   337.000   77.000   -11.894   47.352
15704.000   800.000   371.000   71.000   -11.832   47.356
15705.000   813.000   362.000   71.000   -11.769   47.361
15706.000   864.000   361.000   75.000   -11.706   47.365
15707.000   892.000   401.000   82.000   -11.644   47.369
15708.000   866.000   307.000   80.000   -11.581   47.374
15709.000   837.000   331.000   82.000   -11.518   47.378
15710.000   865.000   301.000   70.000   -11.456   47.382
15711.000   887.000   332.000   64.000   -11.393   47.387
15712.000   889.000   370.000   73.000   -11.330   47.391
15713.000   846.000   348.000   78.000   -11.268   47.396
15714.000   852.000   355.000   72.000   -11.205   47.400
15715.000   848.000   320.000   84.000   -11.142   47.404
15716.000   827.000   371.000   68.000   -11.080   47.409
15717.000   940.000   357.000   69.000   -11.017   47.413
15718.000   899.000   321.000   81.000   -10.954   47.417
15719.000   803.000   348.000   81.000   -10.892   47.422
15720.000   885.000   389.000   51.000   -10.829   47.426
15721.000   844.000   352.000   80.000   -10.766   47.430
15722.000   837.000   312.000   61.000   -10.704   47.435
15723.000   900.000   367.000   67.000   -10.641   47.439
15724.000   883.000   310.000   71.000   -10.578   47.443
15725.000   848.000   366.000   80.000   -10.516   47.448
15726.000   865.000   339.000   70.000   -10.453   47.452
15727.000   889.000   324.000   67.000   -10.390   47.456
15728.000   859.000   338.000   60.000   -10.328   47.461
15729.000   847.000   377.000   60.000   -10.265   47.465
15730.000   842.000   333.000   83.000   -10.202   47.469
15731.000   855.000   344.000   57.000   -10.140   47.474
15732.000   858.000   353.000   86.000   -10.077   47.478
15733.000   834.000   306.000   69.000   -10.014   47.482
15734.000   945.000   338.000   71.000   -9.952   47.487
15735.000   881.000   295.000   73.000   -9.889   47.491
15736.000   831.000   331.000   74.000   -9.826   47.495
15737.000   851.000   333.000   80.000   -9.764   47.500
15738.000   918.000   373.000   90.000   -9.701   47.504
15739.000   833.000   337.000   71.000   -9.638   47.508
15740.000   866.000   325.000   63.000   -9.576   47.512
15741.000   844.000   337.000   73.000   -9.513   47.517
15742.000   864.000   324.000   67.000   -9.450   47.521
15743.000   866.000   370.000   82.000   -9.388   47.525
15744.000   850.000   329.000   69.000   -9.325   47.529
15745.000   820.000   321.000   70.000   -9.262   47.534
15746.000   849.000   314.000   60.000   -9.199   47.538
15747.000   849.000   342.000   68.000   -9.137   47.542
15748.000   875.000   334.000   76.000   -9.074   47.547
15749.000   879.000   305.000   69.000   -9.011   47.551
15750.000   834.000   329.000   70.000   -8.949   47.555
15751.000   875.000   327.000   77.000   -8.886   47.559
15752.000   843.000   357.000   52.000   -8.823   47.564
15753.000   828.000   341.000   65.000   -8.761   47.568
15754.000   852.000   330.000   75.000   -8.698   47.572
15755.000   808.000   327.000   73.000   -8.635   47.576
15756.000   792.000   351.000   65.000   -8.573   47.581
15757.000   836.000   318.000   56.000   -8.510   47.585
15758.000   835.000   322.000   74.000   -8.447   47.589
15759.000   854.000   352.000   73.000   -8.385   47.593
15760.000   813.000   319.000   64.000   -8.322   47.597
15761.000   842.000   313.000   86.000   -8.259   47.602
15762.000   845.000   325.000   59.000   -8.196   47.606
15763.000   870.000   340.000   74.000   -8.134   47.610
15764.000   850.000   333.000   71.000   -8.071   47.614
15765.000   873.000   355.000   62.000   -8.008   47.619
15766.000   869.000   309.000   68.000   -7.946   47.623
15767.000   859.000   381.000   70.000   -7.883   47.627
15768.000   874.000   322.000   84.000   -7.820   47.631
15769.000   860.000   344.000   70.000   -7.758   47.635
15770.000   848.000   368.000   72.000   -7.695   47.640
15771.000   912.000   373.000   79.000   -7.632   47.644
15772.000   830.000   340.000   77.000   -7.569   47.648
15773.000   819.000   324.000   64.000   -7.507   47.652
15774.000   804.000   329.000   82.000   -7.444   47.656
15775.000   802.000   330.000   67.000   -7.381   47.661
15776.000   819.000   309.000   65.000   -7.319   47.665
15777.000   857.000   372.000   68.000   -7.256   47.669
15778.000   821.000   352.000   61.000   -7.193   47.673
15779.000   849.000   355.000   70.000   -7.131   47.677
15780.000   802.000   338.000   72.000   -7.068   47.681
15781.000   859.000   318.000   76.000   -7.005   47.686
15782.000   875.000   363.000   68.000   -6.942   47.690
15783.000   910.000   320.000   90.000   -6.880   47.694
15784.000   878.000   344.000   71.000   -6.817   47.698
15785.000   821.000   335.000   60.000   -6.754   47.702
15786.000   860.000   339.000   80.000   -6.692   47.706
15787.000   862.000   328.000   79.000   -6.629   47.711
15788.000   822.000   370.000   55.000   -6.566   47.715
15789.000   878.000   383.000   62.000   -6.503   47.719
15790.000   856.000   309.000   65.000   -6.441   47.723
15791.000   864.000   315.000   82.000   -6.378   47.727
15792.000   857.000   360.000   78.000   -6.315   47.731
15793.000   858.000   320.000   63.000   -6.253   47.736
15794.000   862.000   341.000   58.000   -6.190   47.740
15795.000   813.000   328.000   76.000   -6.127   47.744
15796.000   863.000   351.000   66.000   -6.064   47.748
15797.000   790.000   337.000   78.000   -6.002   47.752
15798.000   859.000   356.000   61.000   -5.939   47.756
15799.000   830.000   319.000   69.000   -5.876   47.760
15800.000   926.000   359.000   83.000   -5.814   47.765
15801.000   873.000   327.000   69.000   -5.751   47.769
15802.000   816.000   338.000   77.000   -5.688   47.773
15803.000   858.000   298.000   82.000   -5.625   47.777
15804.000   840.000   351.000   60.000   -5.563   47.781
15805.000   805.000   351.000   73.000   -5.500   47.785
15806.000   868.000   337.000   71.000   -5.437   47.789
15807.000   869.000   333.000   73.000   -5.375   47.793
15808.000   803.000   321.000   70.000   -5.312   47.798
15809.000   846.000   370.000   64.000   -5.249   47.802
15810.000   835.000   330.000   86.000   -5.186   47.806
15811.000   874.000   343.000   74.000   -5.124   47.810
15812.000   853.000   307.000   62.000   -5.061   47.814
15813.000   842.000   312.000   80.000   -4.998   47.818
15814.000   826.000   320.000   61.000   -4.936   47.822
15815.000   842.000   338.000   67.000   -4.873   47.826
15816.000   846.000   336.000   64.000   -4.810   47.830
15817.000   850.000   335.000   75.000   -4.747   47.835
15818.000   943.000   364.000   63.000   -4.685   47.839
15819.000   869.000   394.000   68.000   -4.622   47.843
15820.000   817.000   333.000   51.000   -4.559   47.847
15821.000   849.000   331.000   68.000   -4.497   47.851
15822.000   817.000   310.000   64.000   -4.434   47.855
15823.000   863.000   336.000   70.000   -4.371   47.859
15824.000   810.000   342.000   66.000   -4.308   47.863
15825.000   819.000   378.000   66.000   -4.246   47.867
15826.000   873.000   311.000   51.000   -4.183   47.871
15827.000   840.000   327.000   58.000   -4.120   47.876
15828.000   878.000   325.000   77.000   -4.057   47.880
15829.000   903.000   328.000   70.000   -3.995   47.884
15830.000   833.000   340.000   74.000   -3.932   47.888
15831.000   858.000   359.000   76.000   -3.869   47.892
15832.000   818.000   343.000   63.000   -3.807   47.896
15833.000   839.000   360.000   66.000   -3.744   47.900
15834.000   825.000   324.000   72.000   -3.681   47.904
15835.000   910.000   374.000   59.000   -3.618   47.908
15836.000   868.000   351.000   69.000   -3.556   47.912
15837.000   860.000   319.000   58.000   -3.493   47.916
15838.000   940.000   343.000   55.000   -3.430   47.921
15839.000   833.000   307.000   63.000   -3.367   47.925
15840.000   831.000   330.000   83.000   -3.305   47.929
15841.000   862.000   365.000   72.000   -3.242   47.933
15842.000   851.000   342.000   71.000   -3.179   47.937
15843.000   856.000   334.000   59.000   -3.117   47.941
15844.000   877.000   326.000   67.000   -3.054   47.945
15845.000   866.000   349.000   67.000   -2.991   47.949
15846.000   867.000   350.000   66.000   -2.928   47.953
15847.000   887.000   360.000   62.000   -2.866   47.957
15848.000   892.000   330.000   68.000   -2.803   47.961
15849.000   831.000   371.000   71.000   -2.740   47.965
15850.000   850.000   305.000   62.000   -2.677   47.969
15851.000   858.000   306.000   68.000   -2.615   47.974
15852.000   845.000   327.000   74.000   -2.552   47.978
15853.000   839.000   345.000   82.000   -2.489   47.982
15854.000   858.000   324.000   68.000   -2.426   47.986
15855.000   874.000   380.000   62.000   -2.364   47.990
15856.000   831.000   349.000   64.000   -2.301   47.994
15857.000   823.000   331.000   75.000   -2.238   47.998
15858.000   841.000   319.000   78.000   -2.175   48.002
15859.000   826.000   326.000   63.000   -2.113   48.006
15860.000   860.000   345.000   71.000   -2.050   48.010
15861.000   848.000   309.000   73.000   -1.987   48.014
15862.000   842.000   322.000   61.000   -1.925   48.018
15863.000   868.000   344.000   58.000   -1.862   48.022
15864.000   805.000   316.000   72.000   -1.799   48.026
15865.000   899.000   346.000   64.000   -1.736   48.030
15866.000   873.000   322.000   78.000   -1.674   48.034
15867.000   821.000   310.000   66.000   -1.611   48.039
15868.000   869.000   334.000   66.000   -1.548   48.043
15869.000   811.000   315.000   57.000   -1.485   48.047
15870.000   862.000   330.000   71.000   -1.423   48.051
15871.000   835.000   332.000   69.000   -1.360   48.055
15872.000   868.000   321.000   64.000   -1.297   48.059
15873.000   902.000   335.000   70.000   -1.234   48.063
15874.000   874.000   352.000   61.000   -1.172   48.067
15875.000   864.000   346.000   75.000   -1.109   48.071
15876.000   807.000   350.000   66.000   -1.046   48.075
15877.000   829.000   325.000   68.000   -0.983   48.079
15878.000   851.000   347.000   67.000   -0.921   48.083
15879.000   875.000   359.000   72.000   -0.858   48.087
15880.000   782.000   300.000   62.000   -0.795   48.091
15881.000   869.000   336.000   61.000   -0.733   48.095
15882.000   884.000   367.000   79.000   -0.670   48.099
15883.000   868.000   335.000   80.000   -0.607   48.103
15884.000   831.000   317.000   71.000   -0.544   48.107
15885.000   795.000   353.000   91.000   -0.482   48.112
15886.000   798.000   328.000   64.000   -0.419   48.116
15887.000   872.000   339.000   66.000   -0.356   48.120
15888.000   834.000   335.000   74.000   -0.293   48.124
15889.000   862.000   331.000   58.000   -0.231   48.128
15890.000   854.000   323.000   74.000   -0.168   48.132
15891.000   822.000   342.000   64.000   -0.105   48.136
15892.000   822.000   338.000   72.000   -0.042   48.140
15893.000   857.000   337.000   61.000   00.020   48.144
15894.000   845.000   336.000   68.000   00.083   48.148
15895.000   842.000   315.000   68.000   00.146   48.152
15896.000   877.000   326.000   68.000   00.209   48.156
15897.000   843.000   320.000   52.000   00.271   48.160
15898.000   822.000   329.000   65.000   00.334   48.164
15899.000   841.000   362.000   66.000   00.397   48.168
15900.000   857.000   325.000   61.000   00.460   48.172
15901.000   896.000   328.000   65.000   00.522   48.176
15902.000   821.000   348.000   71.000   00.585   48.180
15903.000   856.000   332.000   63.000   00.648   48.184
15904.000   864.000   328.000   83.000   00.711   48.189
15905.000   852.000   349.000   71.000   00.773   48.193
15906.000   841.000   329.000   64.000   00.836   48.197
15907.000   843.000   361.000   62.000   00.899   48.201
15908.000   844.000   331.000   70.000   00.962   48.205
15909.000   915.000   327.000   64.000   01.024   48.209
15910.000   801.000   348.000   62.000   01.087   48.213
15911.000   831.000   365.000   79.000   01.150   48.217
15912.000   842.000   303.000   69.000   01.212   48.221
15913.000   850.000   351.000   67.000   01.275   48.225
15914.000   886.000   360.000   77.000   01.338   48.229
15915.000   819.000   357.000   73.000   01.401   48.233
15916.000   869.000   338.000   63.000   01.463   48.237
15917.000   832.000   334.000   93.000   01.526   48.241
15918.000   831.000   331.000   77.000   01.589   48.245
15919.000   864.000   367.000   77.000   01.652   48.249
15920.000   774.000   340.000   58.000   01.714   48.253
15921.000   841.000   336.000   59.000   01.777   48.258
15922.000   821.000   349.000   71.000   01.840   48.262
15923.000   837.000   338.000   66.000   01.903   48.266
15924.000   875.000   349.000   81.000   01.965   48.270
15925.000   830.000   361.000   72.000   02.028   48.274
15926.000   834.000   305.000   70.000   02.091   48.278
15927.000   821.000   310.000   66.000   02.154   48.282
15928.000   808.000   319.000   66.000   02.216   48.286
15929.000   875.000   329.000   64.000   02.279   48.290
15930.000   870.000   366.000   63.000   02.342   48.294
15931.000   883.000   357.000   70.000   02.405   48.298
15932.000   858.000   306.000   75.000   02.467   48.302
15933.000   837.000   306.000   76.000   02.530   48.306
15934.000   876.000   302.000   79.000   02.593   48.310
15935.000   813.000   300.000   67.000   02.656   48.314
15936.000   866.000   380.000   60.000   02.718   48.319
15937.000   818.000   338.000   56.000   02.781   48.323
15938.000   870.000   337.000   61.000   02.844   48.327
15939.000   839.000   343.000   76.000   02.907   48.331
15940.000   825.000   318.000   65.000   02.969   48.335
15941.000   795.000   325.000   59.000   03.032   48.339
15942.000   819.000   309.000   71.000   03.095   48.343
15943.000   897.000   336.000   58.000   03.158   48.347
15944.000   845.000   312.000   70.000   03.220   48.351
15945.000   889.000   327.000   72.000   03.283   48.355
15946.000   845.000   335.000   69.000   03.346   48.359
15947.000   846.000   317.000   71.000   03.409   48.363
15948.000   860.000   328.000   64.000   03.471   48.367
15949.000   845.000   345.000   66.000   03.534   48.372
15950.000   856.000   368.000   59.000   03.597   48.376
15951.000   846.000   342.000   67.000   03.660   48.380
15952.000   867.000   327.000   74.000   03.722   48.384
15953.000   821.000   356.000   68.000   03.785   48.388
15954.000   858.000   341.000   66.000   03.848   48.392
15955.000   860.000   336.000   77.000   03.910   48.396
15956.000   855.000   324.000   58.000   03.973   48.400
15957.000   847.000   294.000   81.000   04.036   48.404
15958.000   863.000   307.000   67.000   04.099   48.408
15959.000   875.000   355.000   60.000   04.161   48.412
15960.000   790.000   292.000   63.000   04.224   48.417
15961.000   855.000   348.000   79.000   04.287   48.421
15962.000   844.000   312.000   63.000   04.350   48.425
15963.000   838.000   310.000   62.000   04.412   48.429
15964.000   870.000   337.000   71.000   04.475   48.433
15965.000   864.000   309.000   58.000   04.538   48.437
15966.000   850.000   325.000   78.000   04.601   48.441
15967.000   869.000   343.000   65.000   04.663   48.445
15968.000   845.000   322.000   66.000   04.726   48.449
15969.000   867.000   320.000   61.000   04.789   48.453
15970.000   837.000   300.000   84.000   04.852   48.458
15971.000   845.000   350.000   58.000   04.914   48.462
15972.000   823.000   315.000   71.000   04.977   48.466
15973.000   834.000   303.000   69.000   05.040   48.470
15974.000   853.000   336.000   67.000   05.103   48.474
15975.000   883.000   357.000   70.000   05.165   48.478
15976.000   862.000   320.000   81.000   05.228   48.482
15977.000   875.000   323.000   73.000   05.291   48.486
15978.000   870.000   314.000   66.000   05.354   48.491
15979.000   862.000   331.000   53.000   05.416   48.495
15980.000   865.000   352.000   67.000   05.479   48.499
15981.000   909.000   330.000   73.000   05.542   48.503
15982.000   884.000   303.000   63.000   05.605   48.507
15983.000   799.000   310.000   71.000   05.667   48.511
15984.000   866.000   306.000   73.000   05.730   48.515
15985.000   859.000   310.000   74.000   05.793   48.519
15986.000   847.000   320.000   69.000   05.855   48.524
15987.000   865.000   325.000   64.000   05.918   48.528
15988.000   840.000   320.000   79.000   05.981   48.532
15989.000   861.000   344.000   62.000   06.044   48.536
15990.000   808.000   333.000   73.000   06.106   48.540
15991.000   877.000   315.000   56.000   06.169   48.544
15992.000   869.000   312.000   74.000   06.232   48.548
15993.000   835.000   304.000   67.000   06.295   48.553
15994.000   851.000   331.000   65.000   06.357   48.557
15995.000   848.000   351.000   87.000   06.420   48.561
15996.000   872.000   336.000   72.000   06.483   48.565
15997.000   891.000   342.000   72.000   06.546   48.569
15998.000   837.000   319.000   72.000   06.608   48.573
15999.000   828.000   335.000   68.000   06.671   48.578
16000.000   841.000   357.000   75.000   06.734   48.582
16001.000   895.000   332.000   69.000   06.797   48.586
16002.000   841.000   299.000   73.000   06.859   48.590
16003.000   858.000   327.000   62.000   06.922   48.594
16004.000   883.000   333.000   76.000   06.985   48.598
16005.000   853.000   333.000   58.000   07.047   48.603
16006.000   872.000   348.000   71.000   07.110   48.607
16007.000   908.000   341.000   63.000   07.173   48.611
16008.000   843.000   335.000   52.000   07.236   48.615
16009.000   903.000   326.000   62.000   07.298   48.619
16010.000   822.000   334.000   60.000   07.361   48.624
16011.000   834.000   330.000   70.000   07.424   48.628
16012.000   875.000   349.000   54.000   07.487   48.632
16013.000   857.000   328.000   74.000   07.549   48.636
16014.000   835.000   327.000   81.000   07.612   48.640
16015.000   806.000   325.000   76.000   07.675   48.645
16016.000   856.000   322.000   66.000   07.738   48.649
16017.000   845.000   324.000   71.000   07.800   48.653
16018.000   871.000   391.000   77.000   07.863   48.657
16019.000   871.000   346.000   60.000   07.926   48.661
16020.000   839.000   313.000   62.000   07.988   48.666
16021.000   849.000   325.000   64.000   08.051   48.670
16022.000   869.000   319.000   73.000   08.114   48.674
16023.000   883.000   318.000   67.000   08.177   48.678
16024.000   853.000   330.000   75.000   08.239   48.682
16025.000   864.000   357.000   57.000   08.302   48.687
16026.000   860.000   348.000   63.000   08.365   48.691
16027.000   835.000   360.000   60.000   08.428   48.695
16028.000   836.000   327.000   71.000   08.490   48.699
16029.000   844.000   357.000   84.000   08.553   48.704
16030.000   848.000   349.000   77.000   08.616   48.708
16031.000   824.000   330.000   73.000   08.678   48.712
16032.000   858.000   297.000   73.000   08.741   48.716
16033.000   846.000   329.000   72.000   08.804   48.721
16034.000   929.000   310.000   64.000   08.867   48.725
16035.000   868.000   335.000   67.000   08.929   48.729
16036.000   929.000   332.000   73.000   08.992   48.733
16037.000   818.000   331.000   75.000   09.055   48.738
16038.000   865.000   321.000   58.000   09.118   48.742
16039.000   819.000   332.000   66.000   09.180   48.746
16040.000   829.000   316.000   79.000   09.243   48.750
16041.000   853.000   333.000   85.000   09.306   48.755
16042.000   856.000   306.000   73.000   09.368   48.759
16043.000   848.000   316.000   61.000   09.431   48.763
16044.000   848.000   331.000   69.000   09.494   48.768
16045.000   841.000   305.000   71.000   09.557   48.772
16046.000   842.000   345.000   57.000   09.619   48.776
16047.000   875.000   317.000   85.000   09.682   48.780
16048.000   844.000   316.000   61.000   09.745   48.785
16049.000   814.000   302.000   80.000   09.808   48.789
16050.000   855.000   344.000   82.000   09.870   48.793
16051.000   820.000   321.000   70.000   09.933   48.798
16052.000   851.000   289.000   64.000   09.996   48.802
16053.000   851.000   320.000   63.000   10.058   48.806
16054.000   876.000   350.000   62.000   10.121   48.811
16055.000   821.000   347.000   65.000   10.184   48.815
16056.000   908.000   342.000   65.000   10.247   48.819
16057.000   835.000   332.000   73.000   10.309   48.823
16058.000   823.000   353.000   63.000   10.372   48.828
16059.000   850.000   361.000   62.000   10.435   48.832
16060.000   825.000   334.000   79.000   10.497   48.836
16061.000   903.000   335.000   61.000   10.560   48.841
16062.000   900.000   323.000   64.000   10.623   48.845
16063.000   904.000   343.000   67.000   10.686   48.849
16064.000   858.000   326.000   55.000   10.748   48.854
16065.000   873.000   342.000   72.000   10.811   48.858
16066.000   882.000   306.000   84.000   10.874   48.863
16067.000   890.000   331.000   71.000   10.936   48.867
16068.000   824.000   314.000   76.000   10.999   48.871
16069.000   842.000   341.000   53.000   11.062   48.876
16070.000   828.000   332.000   80.000   11.125   48.880
16071.000   802.000   334.000   72.000   11.187   48.884
16072.000   799.000   331.000   71.000   11.250   48.889
16073.000   817.000   340.000   58.000   11.313   48.893
16074.000   875.000   312.000   61.000   11.375   48.897
16075.000   881.000   377.000   68.000   11.438   48.902
16076.000   819.000   369.000   69.000   11.501   48.906
16077.000   868.000   327.000   63.000   11.564   48.911
16078.000   834.000   351.000   84.000   11.626   48.915
16079.000   827.000   314.000   58.000   11.689   48.919
16080.000   865.000   339.000   67.000   11.752   48.924
16081.000   793.000   321.000   56.000   11.814   48.928
16082.000   880.000   338.000   60.000   11.877   48.933
16083.000   853.000   297.000   68.000   11.940   48.937
16084.000   801.000   340.000   66.000   12.002   48.942
16085.000   825.000   366.000   70.000   12.065   48.946
16086.000   912.000   345.000   80.000   12.128   48.950
16087.000   876.000   329.000   72.000   12.191   48.955
16088.000   810.000   298.000   64.000   12.253   48.959
16089.000   787.000   306.000   60.000   12.316   48.964
16090.000   848.000   328.000   69.000   12.379   48.968
16091.000   858.000   325.000   56.000   12.441   48.973
16092.000   828.000   326.000   65.000   12.504   48.977
16093.000   877.000   298.000   61.000   12.567   48.981
16094.000   879.000   334.000   73.000   12.629   48.986
16095.000   860.000   305.000   68.000   12.692   48.990
16096.000   841.000   332.000   72.000   12.755   48.995
16097.000   871.000   317.000   62.000   12.818   48.999
16098.000   898.000   324.000   80.000   12.880   49.004
16099.000   841.000   336.000   71.000   12.943   49.008
16100.000   884.000   328.000   66.000   13.006   49.013
16101.000   801.000   348.000   64.000   13.068   49.017
16102.000   859.000   351.000   53.000   13.131   49.022
16103.000   865.000   306.000   72.000   13.194   49.026
16104.000   839.000   297.000   70.000   13.256   49.031
16105.000   820.000   346.000   52.000   13.319   49.035
16106.000   862.000   334.000   69.000   13.382   49.040
16107.000   875.000   338.000   86.000   13.444   49.044
16108.000   853.000   317.000   78.000   13.507   49.049
16109.000   871.000   319.000   54.000   13.570   49.053
16110.000   859.000   305.000   64.000   13.633   49.058
16111.000   868.000   318.000   54.000   13.695   49.062
16112.000   939.000   327.000   81.000   13.758   49.067
16113.000   860.000   292.000   82.000   13.821   49.072
16114.000   847.000   344.000   64.000   13.883   49.076
16115.000   895.000   343.000   66.000   13.946   49.081
16116.000   876.000   332.000   64.000   14.009   49.085
16117.000   850.000   299.000   62.000   14.071   49.090
16118.000   886.000   319.000   65.000   14.134   49.094
16119.000   855.000   336.000   77.000   14.197   49.099
16120.000   820.000   314.000   59.000   14.259   49.104
16121.000   784.000   316.000   55.000   14.322   49.108
16122.000   836.000   323.000   74.000   14.385   49.113
16123.000   887.000   309.000   67.000   14.447   49.117
16124.000   868.000   344.000   64.000   14.510   49.122
16125.000   838.000   340.000   86.000   14.573   49.126
16126.000   870.000   329.000   59.000   14.635   49.131
16127.000   821.000   297.000   80.000   14.698   49.136
16128.000   828.000   318.000   65.000   14.761   49.140
16129.000   856.000   324.000   59.000   14.823   49.145
16130.000   844.000   361.000   74.000   14.886   49.150
16131.000   900.000   324.000   61.000   14.949   49.154
16132.000   865.000   332.000   57.000   15.012   49.159
16133.000   842.000   353.000   70.000   15.074   49.163
16134.000   815.000   322.000   64.000   15.137   49.168
16135.000   799.000   300.000   65.000   15.200   49.173
16136.000   862.000   334.000   64.000   15.262   49.177
16137.000   798.000   351.000   79.000   15.325   49.182
16138.000   890.000   306.000   83.000   15.388   49.187
16139.000   884.000   319.000   59.000   15.450   49.191
16140.000   841.000   315.000   66.000   15.513   49.196
16141.000   871.000   383.000   61.000   15.576   49.201
16142.000   881.000   288.000   62.000   15.638   49.206
16143.000   864.000   347.000   52.000   15.701   49.210
16144.000   838.000   275.000   86.000   15.764   49.215
16145.000   893.000   345.000   65.000   15.826   49.220
16146.000   844.000   327.000   72.000   15.889   49.224
16147.000   859.000   328.000   58.000   15.952   49.229
16148.000   832.000   321.000   51.000   16.014   49.234
16149.000   844.000   342.000   71.000   16.077   49.239
16150.000   809.000   300.000   72.000   16.140   49.243
16151.000   894.000   318.000   82.000   16.202   49.248
16152.000   829.000   319.000   56.000   16.265   49.253
16153.000   850.000   355.000   61.000   16.327   49.257
16154.000   894.000   342.000   52.000   16.390   49.262
16155.000   839.000   328.000   75.000   16.453   49.267
16156.000   825.000   324.000   76.000   16.515   49.272
16157.000   848.000   324.000   56.000   16.578   49.277
16158.000   860.000   343.000   73.000   16.641   49.281
16159.000   819.000   351.000   83.000   16.703   49.286
16160.000   887.000   319.000   58.000   16.766   49.291
16161.000   832.000   331.000   55.000   16.829   49.296
16162.000   855.000   299.000   63.000   16.891   49.301
16163.000   814.000   338.000   50.000   16.954   49.305
16164.000   840.000   320.000   69.000   17.017   49.310
16165.000   884.000   335.000   61.000   17.079   49.315
16166.000   872.000   359.000   68.000   17.142   49.320
16167.000   838.000   305.000   65.000   17.205   49.325
16168.000   906.000   367.000   67.000   17.267   49.329
16169.000   861.000   312.000   67.000   17.330   49.334
16170.000   841.000   312.000   69.000   17.393   49.339
16171.000   856.000   336.000   56.000   17.455   49.344
16172.000   891.000   298.000   69.000   17.518   49.349
16173.000   830.000   321.000   58.000   17.580   49.354
16174.000   847.000   304.000   67.000   17.643   49.359
16175.000   850.000   313.000   73.000   17.706   49.364
16176.000   890.000   339.000   65.000   17.768   49.368
16177.000   851.000   319.000   82.000   17.831   49.373
16178.000   847.000   358.000   71.000   17.894   49.378
16179.000   812.000   303.000   87.000   17.956   49.383
16180.000   877.000   320.000   54.000   18.019   49.388
16181.000   810.000   306.000   84.000   18.082   49.393
16182.000   877.000   295.000   78.000   18.144   49.398
16183.000   885.000   308.000   68.000   18.207   49.403
16184.000   775.000   309.000   59.000   18.269   49.408
16185.000   883.000   334.000   76.000   18.332   49.413
16186.000   873.000   326.000   72.000   18.395   49.418
16187.000   889.000   300.000   70.000   18.457   49.423
16188.000   867.000   310.000   66.000   18.520   49.428
16189.000   906.000   319.000   72.000   18.583   49.433
16190.000   861.000   333.000   75.000   18.645   49.438
16191.000   836.000   312.000   66.000   18.708   49.443
16192.000   869.000   318.000   65.000   18.770   49.448
16193.000   907.000   337.000   72.000   18.833   49.453
16194.000   903.000   334.000   72.000   18.896   49.458
16195.000   836.000   300.000   62.000   18.958   49.463
16196.000   801.000   360.000   76.000   19.021   49.468
16197.000   902.000   310.000   70.000   19.084   49.473
16198.000   880.000   335.000   59.000   19.146   49.478
16199.000   813.000   355.000   84.000   19.209   49.483
16200.000   889.000   312.000   69.000   19.271   49.488
16201.000   886.000   316.000   72.000   19.334   49.493
16202.000   879.000   370.000   69.000   19.397   49.498
16203.000   842.000   330.000   67.000   19.459   49.503
16204.000   809.000   308.000   64.000   19.522   49.508
16205.000   838.000   345.000   65.000   19.585   49.513
16206.000   851.000   322.000   61.000   19.647   49.518
16207.000   826.000   303.000   78.000   19.710   49.523
16208.000   829.000   324.000   85.000   19.772   49.528
16209.000   809.000   330.000   69.000   19.835   49.533
16210.000   844.000   335.000   75.000   19.898   49.539
16211.000   829.000   343.000   75.000   19.960   49.544
16212.000   864.000   329.000   69.000   20.023   49.549
16213.000   879.000   330.000   64.000   20.085   49.554
16214.000   860.000   322.000   58.000   20.148   49.559
16215.000   795.000   316.000   81.000   20.211   49.564
16216.000   794.000   325.000   79.000   20.273   49.569
16217.000   870.000   330.000   68.000   20.336   49.575
16218.000   843.000   321.000   58.000   20.398   49.580
16219.000   853.000   336.000   70.000   20.461   49.585
16220.000   866.000   317.000   73.000   20.524   49.590
16221.000   853.000   325.000   61.000   20.586   49.595
16222.000   836.000   330.000   65.000   20.649   49.601
16223.000   868.000   341.000   53.000   20.711   49.606
16224.000   832.000   302.000   70.000   20.774   49.611
16225.000   846.000   354.000   68.000   20.837   49.616
16226.000   834.000   324.000   82.000   20.899   49.621
16227.000   834.000   313.000   63.000   20.962   49.627
16228.000   855.000   328.000   63.000   21.024   49.632
16229.000   901.000   321.000   76.000   21.087   49.637
16230.000   854.000   302.000   66.000   21.149   49.643
16231.000   854.000   311.000   69.000   21.212   49.648
16232.000   856.000   322.000   64.000   21.275   49.653
16233.000   860.000   332.000   79.000   21.337   49.658
16234.000   888.000   340.000   67.000   21.400   49.664
16235.000   874.000   344.000   65.000   21.462   49.669
16236.000   862.000   328.000   50.000   21.525   49.674
16237.000   881.000   314.000   66.000   21.588   49.680
16238.000   821.000   338.000   64.000   21.650   49.685
16239.000   837.000   353.000   83.000   21.713   49.690
16240.000   827.000   369.000   73.000   21.775   49.696
16241.000   863.000   321.000   66.000   21.838   49.701
16242.000   806.000   319.000   73.000   21.900   49.706
16243.000   860.000   318.000   64.000   21.963   49.712
16244.000   819.000   337.000   77.000   22.026   49.717
16245.000   869.000   306.000   76.000   22.088   49.723
16246.000   856.000   307.000   86.000   22.151   49.728
16247.000   836.000   331.000   70.000   22.213   49.733
16248.000   826.000   331.000   67.000   22.276   49.739
16249.000   807.000   325.000   73.000   22.338   49.744
16250.000   829.000   346.000   71.000   22.401   49.750
16251.000   842.000   364.000   67.000   22.464   49.755
16252.000   882.000   353.000   73.000   22.526   49.761
16253.000   825.000   339.000   54.000   22.589   49.766
16254.000   824.000   334.000   74.000   22.651   49.771
16255.000   817.000   328.000   62.000   22.714   49.777
16256.000   833.000   318.000   60.000   22.776   49.782
16257.000   893.000   327.000   71.000   22.839   49.788
16258.000   853.000   359.000   74.000   22.901   49.793
16259.000   831.000   315.000   90.000   22.964   49.799
16260.000   878.000   311.000   80.000   23.027   49.804
16261.000   856.000   334.000   58.000   23.089   49.810
16262.000   859.000   292.000   63.000   23.152   49.816
16263.000   826.000   317.000   78.000   23.214   49.821
16264.000   824.000   303.000   50.000   23.277   49.827
16265.000   808.000   298.000   60.000   23.339   49.832
16266.000   843.000   331.000   81.000   23.402   49.838
16267.000   856.000   330.000   61.000   23.464   49.843
16268.000   837.000   288.000   72.000   23.527   49.849
16269.000   795.000   340.000   66.000   23.589   49.855
16270.000   853.000   338.000   84.000   23.652   49.860
16271.000   805.000   347.000   65.000   23.715   49.866
16272.000   851.000   317.000   59.000   23.777   49.871
16273.000   827.000   316.000   69.000   23.840   49.877
16274.000   807.000   319.000   56.000   23.902   49.883
16275.000   854.000   316.000   56.000   23.965   49.888
16276.000   813.000   320.000   72.000   24.027   49.894
16277.000   880.000   318.000   62.000   24.090   49.900
16278.000   892.000   327.000   72.000   24.152   49.905
16279.000   795.000   334.000   77.000   24.215   49.911
16280.000   800.000   348.000   70.000   24.277   49.917
16281.000   823.000   344.000   62.000   24.340   49.923
16282.000   855.000   341.000   64.000   24.402   49.928
16283.000   834.000   334.000   69.000   24.465   49.934
16284.000   837.000   328.000   52.000   24.527   49.940
16285.000   818.000   296.000   61.000   24.590   49.946
16286.000   863.000   327.000   62.000   24.652   49.951
16287.000   849.000   339.000   73.000   24.715   49.957
16288.000   844.000   343.000   65.000   24.778   49.963
16289.000   943.000   374.000   65.000   24.840   49.969
16290.000   900.000   332.000   61.000   24.903   49.974
16291.000   891.000   312.000   64.000   24.965   49.980
16292.000   838.000   319.000   81.000   25.028   49.986
16293.000   858.000   333.000   82.000   25.090   49.992
16294.000   890.000   352.000   68.000   25.153   49.998
16295.000   861.000   332.000   71.000   25.215   50.004
16296.000   885.000   326.000   57.000   25.278   50.010
16297.000   853.000   312.000   89.000   25.340   50.015
16298.000   864.000   296.000   71.000   25.403   50.021
16299.000   886.000   356.000   57.000   25.465   50.027
16300.000   815.000   364.000   77.000   25.528   50.033
16301.000   837.000   328.000   81.000   25.590   50.039
16302.000   845.000   361.000   77.000   25.653   50.045
16303.000   814.000   353.000   81.000   25.715   50.051
16304.000   866.000   351.000   50.000   25.778   50.057
16305.000   880.000   345.000   82.000   25.840   50.063
16306.000   880.000   290.000   71.000   25.903   50.069
16307.000   870.000   334.000   70.000   25.965   50.075
16308.000   843.000   334.000   88.000   26.028   50.081
16309.000   868.000   317.000   80.000   26.090   50.087
16310.000   874.000   338.000   66.000   26.153   50.093
16311.000   850.000   332.000   59.000   26.215   50.099
16312.000   842.000   327.000   65.000   26.278   50.105
16313.000   797.000   332.000   75.000   26.340   50.111
16314.000   858.000   333.000   64.000   26.403   50.117
16315.000   871.000   342.000   66.000   26.465   50.123
16316.000   849.000   349.000   66.000   26.527   50.129
16317.000   863.000   338.000   86.000   26.590   50.135
16318.000   863.000   343.000   61.000   26.652   50.141
16319.000   850.000   333.000   69.000   26.715   50.147
16320.000   859.000   300.000   85.000   26.777   50.154
16321.000   844.000   324.000   71.000   26.840   50.160
16322.000   848.000   335.000   77.000   26.902   50.166
16323.000   897.000   311.000   68.000   26.965   50.172
16324.000   904.000   333.000   74.000   27.027   50.178
16325.000   856.000   310.000   81.000   27.090   50.184
16326.000   882.000   336.000   79.000   27.152   50.191
16327.000   876.000   325.000   75.000   27.215   50.197
16328.000   819.000   327.000   68.000   27.277   50.203
16329.000   866.000   332.000   76.000   27.340   50.209
16330.000   801.000   346.000   75.000   27.402   50.215
16331.000   814.000   326.000   67.000   27.464   50.222
16332.000   866.000   338.000   68.000   27.527   50.228
16333.000   898.000   365.000   62.000   27.589   50.234
16334.000   861.000   331.000   68.000   27.652   50.240
16335.000   935.000   378.000   75.000   27.714   50.247
16336.000   853.000   317.000   77.000   27.777   50.253
16337.000   909.000   320.000   56.000   27.839   50.259
16338.000   861.000   323.000   79.000   27.902   50.266
16339.000   835.000   326.000   65.000   27.964   50.272
16340.000   923.000   344.000   62.000   28.027   50.278
16341.000   948.000   350.000   50.000   28.089   50.285
16342.000   834.000   341.000   69.000   28.151   50.291
16343.000   863.000   346.000   55.000   28.214   50.298
16344.000   848.000   354.000   75.000   28.276   50.304
16345.000   874.000   317.000   84.000   28.339   50.310
16346.000   850.000   370.000   93.000   28.401   50.317
16347.000   831.000   375.000   77.000   28.464   50.323
16348.000   906.000   326.000   73.000   28.526   50.330
16349.000   853.000   358.000   80.000   28.588   50.336
16350.000   900.000   317.000   81.000   28.651   50.343
16351.000   829.000   344.000   85.000   28.713   50.349
16352.000   836.000   369.000   74.000   28.776   50.356
16353.000   884.000   350.000   56.000   28.838   50.362
16354.000   891.000   310.000   86.000   28.901   50.369
16355.000   836.000   363.000   80.000   28.963   50.375
16356.000   802.000   361.000   51.000   29.025   50.382
16357.000   839.000   315.000   75.000   29.088   50.388
16358.000   823.000   317.000   80.000   29.150   50.395
16359.000   855.000   336.000   86.000   29.213   50.402
16360.000   830.000   356.000   85.000   29.275   50.408
16361.000   845.000   366.000   69.000   29.338   50.415
16362.000   868.000   360.000   73.000   29.400   50.421
16363.000   821.000   340.000   87.000   29.462   50.428
16364.000   841.000   374.000   70.000   29.525   50.435
16365.000   841.000   352.000   84.000   29.587   50.441
16366.000   782.000   333.000   65.000   29.650   50.448
16367.000   858.000   320.000   81.000   29.712   50.455
16368.000   933.000   341.000   70.000   29.774   50.462
16369.000   884.000   347.000   82.000   29.837   50.468
16370.000   801.000   352.000   64.000   29.899   50.475
16371.000   813.000   338.000   71.000   29.962   50.482
16372.000   883.000   383.000   75.000   30.024   50.489
16373.000   896.000   352.000   79.000   30.086   50.495
16374.000   858.000   350.000   66.000   30.149   50.502
16375.000   871.000   341.000   77.000   30.211   50.509
16376.000   869.000   317.000   94.000   30.273   50.516
16377.000   831.000   356.000   79.000   30.336   50.523
16378.000   879.000   359.000   75.000   30.398   50.529
16379.000   878.000   330.000   68.000   30.461   50.536
16380.000   827.000   345.000   76.000   30.523   50.543
16381.000   869.000   349.000   81.000   30.585   50.550
16382.000   851.000   331.000   92.000   30.648   50.557
16383.000   815.000   325.000   64.000   30.710   50.564
16384.000   831.000   336.000   79.000   30.773   50.571
16385.000   869.000   296.000   82.000   30.835   50.578
16386.000   837.000   359.000   98.000   30.897   50.585
16387.000   892.000   348.000   62.000   30.960   50.592
16388.000   826.000   330.000   73.000   31.022   50.599
16389.000   885.000   349.000   89.000   31.084   50.606
16390.000   812.000   347.000   72.000   31.147   50.613
16391.000   826.000   333.000   79.000   31.209   50.620
16392.000   897.000   350.000   72.000   31.271   50.627
16393.000   835.000   336.000   67.000   31.334   50.634
16394.000   851.000   366.000   79.000   31.396   50.641
16395.000   870.000   335.000   75.000   31.459   50.648
16396.000   836.000   359.000   77.000   31.521   50.655
16397.000   855.000   347.000   67.000   31.583   50.662
16398.000   927.000   328.000   85.000   31.646   50.669
16399.000   884.000   328.000   71.000   31.708   50.677
16400.000   878.000   369.000   78.000   31.770   50.684
16401.000   876.000   348.000   79.000   31.833   50.691
16402.000   858.000   335.000   53.000   31.895   50.698
16403.000   851.000   358.000   81.000   31.957   50.705
16404.000   852.000   345.000   74.000   32.020   50.713
16405.000   892.000   347.000   86.000   32.082   50.720
16406.000   882.000   378.000   72.000   32.144   50.727
16407.000   855.000   347.000   74.000   32.207   50.734
16408.000   897.000   360.000   64.000   32.269   50.742
16409.000   829.000   337.000   69.000   32.331   50.749
16410.000   880.000   350.000   54.000   32.394   50.756
16411.000   882.000   369.000   74.000   32.456   50.764
16412.000   855.000   363.000   68.000   32.518   50.771
16413.000   895.000   355.000   70.000   32.581   50.778
16414.000   926.000   354.000   76.000   32.643   50.786
16415.000   878.000   363.000   70.000   32.705   50.793
16416.000   876.000   354.000   66.000   32.768   50.801
16417.000   875.000   359.000   92.000   32.830   50.808
16418.000   792.000   345.000   80.000   32.892   50.816
16419.000   879.000   333.000   64.000   32.954   50.823
16420.000   885.000   313.000   73.000   33.017   50.831
16421.000   870.000   354.000   88.000   33.079   50.838
16422.000   876.000   365.000   89.000   33.141   50.846
16423.000   897.000   351.000   81.000   33.204   50.853
16424.000   935.000   341.000   80.000   33.266   50.861
16425.000   857.000   357.000   83.000   33.328   50.868
16426.000   894.000   351.000   81.000   33.391   50.876
16427.000   844.000   343.000   81.000   33.453   50.883
16428.000   917.000   352.000   80.000   33.515   50.891
16429.000   891.000   351.000   74.000   33.577   50.899
16430.000   901.000   380.000   78.000   33.640   50.906
16431.000   897.000   375.000   76.000   33.702   50.914
16432.000   925.000   350.000   90.000   33.764   50.922
16433.000   868.000   356.000   82.000   33.827   50.929
16434.000   882.000   370.000   59.000   33.889   50.937
16435.000   892.000   364.000   73.000   33.951   50.945
16436.000   884.000   362.000   93.000   34.013   50.953
16437.000   833.000   387.000   80.000   34.076   50.960
16438.000   898.000   377.000   78.000   34.138   50.968
16439.000   862.000   346.000   76.000   34.200   50.976
16440.000   865.000   363.000   64.000   34.263   50.984
16441.000   884.000   353.000   80.000   34.325   50.992
16442.000   829.000   368.000   82.000   34.387   50.999
16443.000   864.000   336.000   87.000   34.449   51.007
16444.000   866.000   344.000   75.000   34.512   51.015
16445.000   932.000   348.000   71.000   34.574   51.023
16446.000   870.000   393.000   75.000   34.636   51.031
16447.000   895.000   325.000   84.000   34.698   51.039
16448.000   943.000   352.000   86.000   34.761   51.047
16449.000   893.000   370.000   78.000   34.823   51.055
16450.000   929.000   351.000   77.000   34.885   51.063
16451.000   887.000   328.000   83.000   34.947   51.071
16452.000   880.000   386.000   95.000   35.010   51.079
16453.000   898.000   347.000   76.000   35.072   51.087
16454.000   865.000   374.000   77.000   35.134   51.095
16455.000   840.000   387.000   83.000   35.196   51.103
16456.000   923.000   347.000   79.000   35.259   51.111
16457.000   892.000   396.000   79.000   35.321   51.120
16458.000   832.000   351.000   75.000   35.383   51.128
16459.000   915.000   353.000   85.000   35.445   51.136
16460.000   862.000   367.000   95.000   35.507   51.144
16461.000   892.000   357.000   74.000   35.570   51.152
16462.000   920.000   371.000   82.000   35.632   51.161
16463.000   904.000   350.000   73.000   35.694   51.169
16464.000   871.000   374.000   91.000   35.756   51.177
16465.000   797.000   350.000   73.000   35.819   51.185
16466.000   859.000   368.000   68.000   35.881   51.194
16467.000   889.000   384.000   75.000   35.943   51.202
16468.000   893.000   366.000   75.000   36.005   51.210
16469.000   871.000   370.000   77.000   36.067   51.219
16470.000   903.000   363.000   84.000   36.130   51.227
16471.000   866.000   353.000   83.000   36.192   51.235
16472.000   893.000   406.000   85.000   36.254   51.244
16473.000   880.000   365.000   92.000   36.316   51.252
16474.000   912.000   391.000   90.000   36.378   51.261
16475.000   916.000   370.000   70.000   36.441   51.269
16476.000   856.000   397.000   70.000   36.503   51.278
16477.000   893.000   382.000   80.000   36.565   51.286
16478.000   899.000   390.000   95.000   36.627   51.295
16479.000   879.000   361.000   82.000   36.689   51.303
16480.000   903.000   367.000   81.000   36.752   51.312
16481.000   901.000   360.000   76.000   36.814   51.321
16482.000   891.000   358.000   82.000   36.876   51.329
16483.000   919.000   363.000   88.000   36.938   51.338
16484.000   921.000   344.000   72.000   37.000   51.347
16485.000   882.000   353.000   83.000   37.063   51.355
16486.000   913.000   374.000   89.000   37.125   51.364
16487.000   942.000   362.000   80.000   37.187   51.373
16488.000   906.000   390.000   80.000   37.249   51.381
16489.000   862.000   383.000   70.000   37.311   51.390
16490.000   918.000   314.000   91.000   37.373   51.399
16491.000   860.000   375.000   78.000   37.435   51.408
16492.000   865.000   376.000   94.000   37.498   51.417
16493.000   924.000   366.000   89.000   37.560   51.426
16494.000   905.000   395.000   91.000   37.622   51.434
16495.000   809.000   382.000   90.000   37.684   51.443
16496.000   899.000   344.000   86.000   37.746   51.452
16497.000   902.000   427.000   97.000   37.808   51.461
16498.000   840.000   407.000   96.000   37.871   51.470
16499.000   871.000   381.000   76.000   37.933   51.479
16500.000   903.000   360.000   76.000   37.995   51.488
16501.000   890.000   393.000   76.000   38.057   51.497
16502.000   867.000   371.000   68.000   38.119   51.506
16503.000   907.000   364.000   78.000   38.181   51.515
16504.000   882.000   385.000   95.000   38.243   51.524
16505.000   883.000   415.000   82.000   38.305   51.534
16506.000   856.000   362.000   75.000   38.368   51.543
16507.000   875.000   395.000   74.000   38.430   51.552
16508.000   859.000   365.000   77.000   38.492   51.561
16509.000   901.000   398.000   81.000   38.554   51.570
16510.000   935.000   359.000   85.000   38.616   51.580
16511.000   878.000   412.000   74.000   38.678   51.589
16512.000   923.000   376.000   87.000   38.740   51.598
16513.000   852.000   362.000   83.000   38.802   51.607
16514.000   938.000   381.000   86.000   38.865   51.617
16515.000   904.000   383.000   91.000   38.927   51.626
16516.000   886.000   400.000   90.000   38.989   51.635
16517.000   936.000   365.000   78.000   39.051   51.645
16518.000   955.000   362.000   78.000   39.113   51.654
16519.000   884.000   415.000   101.000   39.175   51.664
16520.000   903.000   356.000   77.000   39.237   51.673
16521.000   868.000   357.000   97.000   39.299   51.683
16522.000   919.000   405.000   88.000   39.361   51.692
16523.000   859.000   391.000   91.000   39.423   51.702
16524.000   883.000   394.000   83.000   39.485   51.711
16525.000   931.000   409.000   91.000   39.548   51.721
16526.000   945.000   377.000   73.000   39.610   51.731
16527.000   931.000   390.000   97.000   39.672   51.740
16528.000   874.000   398.000   93.000   39.734   51.750
16529.000   872.000   393.000   89.000   39.796   51.760
16530.000   966.000   406.000   80.000   39.858   51.769
16531.000   892.000   406.000   70.000   39.920   51.779
16532.000   852.000   415.000   83.000   39.982   51.789
16533.000   874.000   377.000   96.000   40.044   51.799
16534.000   901.000   379.000   70.000   40.106   51.808
16535.000   908.000   368.000   118.000   40.168   51.818
16536.000   869.000   381.000   85.000   40.230   51.828
16537.000   915.000   380.000   83.000   40.292   51.838
16538.000   881.000   374.000   85.000   40.354   51.848
16539.000   929.000   373.000   97.000   40.416   51.858
16540.000   948.000   376.000   96.000   40.478   51.868
16541.000   903.000   420.000   100.000   40.540   51.878
16542.000   906.000   415.000   81.000   40.602   51.888
16543.000   864.000   420.000   89.000   40.665   51.898
16544.000   929.000   390.000   90.000   40.727   51.908
16545.000   888.000   414.000   92.000   40.789   51.918
16546.000   862.000   354.000   110.000   40.851   51.928
16547.000   872.000   396.000   99.000   40.913   51.938
16548.000   923.000   369.000   96.000   40.975   51.949
16549.000   937.000   389.000   96.000   41.037   51.959
16550.000   901.000   380.000   72.000   41.099   51.969
16551.000   906.000   399.000   74.000   41.161   51.979
16552.000   914.000   382.000   84.000   41.223   51.990
16553.000   869.000   405.000   92.000   41.285   52.000
16554.000   875.000   416.000   111.000   41.347   52.010
16555.000   846.000   411.000   107.000   41.409   52.021
16556.000   899.000   389.000   98.000   41.471   52.031
16557.000   920.000   380.000   87.000   41.533   52.041
16558.000   887.000   365.000   82.000   41.595   52.052
16559.000   859.000   416.000   91.000   41.657   52.062
16560.000   918.000   386.000   102.000   41.719   52.073
16561.000   865.000   417.000   92.000   41.781   52.083
16562.000   946.000   394.000   81.000   41.843   52.094
16563.000   876.000   392.000   89.000   41.905   52.105
16564.000   902.000   386.000   97.000   41.967   52.115
16565.000   925.000   398.000   90.000   42.029   52.126
16566.000   919.000   405.000   97.000   42.090   52.137
16567.000   868.000   417.000   110.000   42.152   52.147
16568.000   905.000   383.000   95.000   42.214   52.158
16569.000   910.000   383.000   90.000   42.276   52.169
16570.000   865.000   376.000   105.000   42.338   52.180
16571.000   937.000   397.000   88.000   42.400   52.190
16572.000   863.000   397.000   94.000   42.462   52.201
16573.000   966.000   378.000   91.000   42.524   52.212
16574.000   900.000   400.000   99.000   42.586   52.223
16575.000   889.000   395.000   107.000   42.648   52.234
16576.000   883.000   411.000   85.000   42.710   52.245
16577.000   897.000   410.000   97.000   42.772   52.256
16578.000   928.000   432.000   103.000   42.834   52.267
16579.000   887.000   400.000   84.000   42.896   52.278
16580.000   843.000   398.000   70.000   42.958   52.289
16581.000   886.000   419.000   94.000   43.020   52.300
16582.000   918.000   453.000   81.000   43.082   52.312
16583.000   921.000   411.000   97.000   43.144   52.323
16584.000   879.000   380.000   98.000   43.205   52.334
16585.000   911.000   451.000   99.000   43.267   52.345
16586.000   910.000   434.000   100.000   43.329   52.357
16587.000   929.000   452.000   97.000   43.391   52.368
16588.000   911.000   419.000   91.000   43.453   52.379
16589.000   829.000   416.000   87.000   43.515   52.391
16590.000   953.000   416.000   87.000   43.577   52.402
16591.000   916.000   407.000   90.000   43.639   52.413
16592.000   922.000   448.000   104.000   43.701   52.425
16593.000   928.000   443.000   95.000   43.763   52.436
16594.000   958.000   433.000   109.000   43.824   52.448
16595.000   860.000   396.000   106.000   43.886   52.459
16596.000   900.000   417.000   83.000   43.948   52.471
16597.000   926.000   420.000   98.000   44.010   52.483
16598.000   870.000   426.000   87.000   44.072   52.494
16599.000   852.000   402.000   81.000   44.134   52.506
16600.000   909.000   413.000   96.000   44.196   52.518
16601.000   936.000   406.000   87.000   44.258   52.530
16602.000   953.000   425.000   104.000   44.319   52.541
16603.000   946.000   398.000   96.000   44.381   52.553
16604.000   934.000   422.000   105.000   44.443   52.565
16605.000   925.000   434.000   83.000   44.505   52.577
16606.000   882.000   411.000   93.000   44.567   52.589
16607.000   929.000   452.000   109.000   44.629   52.601
16608.000   890.000   400.000   84.000   44.691   52.613
16609.000   924.000   438.000   93.000   44.752   52.625
16610.000   911.000   406.000   111.000   44.814   52.637
16611.000   869.000   448.000   102.000   44.876   52.649
16612.000   908.000   392.000   103.000   44.938   52.661
16613.000   894.000   435.000   102.000   45.000   52.673
16614.000   884.000   431.000   89.000   45.062   52.686
16615.000   957.000   466.000   108.000   45.123   52.698
16616.000   917.000   438.000   108.000   45.185   52.710
16617.000   903.000   467.000   85.000   45.247   52.723
16618.000   945.000   435.000   90.000   45.309   52.735
16619.000   887.000   399.000   92.000   45.371   52.747
16620.000   892.000   431.000   95.000   45.432   52.760
16621.000   953.000   460.000   101.000   45.494   52.772
16622.000   909.000   429.000   87.000   45.556   52.785
16623.000   901.000   427.000   107.000   45.618   52.797
16624.000   893.000   433.000   121.000   45.680   52.810
16625.000   947.000   444.000   99.000   45.741   52.822
16626.000   924.000   469.000   85.000   45.803   52.835
16627.000   890.000   411.000   106.000   45.865   52.848
16628.000   925.000   417.000   94.000   45.927   52.860
16629.000   969.000   447.000   86.000   45.988   52.873
16630.000   975.000   449.000   78.000   46.050   52.886
16631.000   983.000   431.000   119.000   46.112   52.899
16632.000   880.000   468.000   102.000   46.174   52.912
16633.000   926.000   434.000   106.000   46.236   52.925
16634.000   978.000   453.000   79.000   46.297   52.938
16635.000   939.000   422.000   105.000   46.359   52.951
16636.000   874.000   403.000   106.000   46.421   52.964
16637.000   916.000   467.000   100.000   46.483   52.977
16638.000   936.000   445.000   106.000   46.544   52.990
16639.000   936.000   450.000   122.000   46.606   53.003
16640.000   901.000   445.000   128.000   46.668   53.016
16641.000   880.000   415.000   105.000   46.729   53.029
16642.000   877.000   430.000   111.000   46.791   53.043
16643.000   907.000   460.000   109.000   46.853   53.056
16644.000   871.000   454.000   95.000   46.915   53.069
16645.000   940.000   414.000   113.000   46.976   53.083
16646.000   927.000   434.000   106.000   47.038   53.096
16647.000   927.000   447.000   99.000   47.100   53.109
16648.000   944.000   412.000   94.000   47.161   53.123
16649.000   961.000   443.000   120.000   47.223   53.137
16650.000   882.000   447.000   103.000   47.285   53.150
16651.000   968.000   443.000   107.000   47.347   53.164
16652.000   874.000   437.000   108.000   47.408   53.177
16653.000   909.000   430.000   104.000   47.470   53.191
16654.000   923.000   491.000   103.000   47.532   53.205
16655.000   889.000   455.000   91.000   47.593   53.219
16656.000   929.000   433.000   117.000   47.655   53.232
16657.000   906.000   483.000   98.000   47.717   53.246
16658.000   900.000   495.000   119.000   47.778   53.260
16659.000   950.000   452.000   114.000   47.840   53.274
16660.000   897.000   481.000   101.000   47.902   53.288
16661.000   893.000   456.000   101.000   47.963   53.302
16662.000   937.000   435.000   96.000   48.025   53.316
16663.000   931.000   447.000   124.000   48.087   53.331
16664.000   972.000   464.000   128.000   48.148   53.345
16665.000   971.000   476.000   105.000   48.210   53.359
16666.000   921.000   458.000   108.000   48.272   53.373
16667.000   933.000   424.000   95.000   48.333   53.387
16668.000   991.000   474.000   98.000   48.395   53.402
16669.000   996.000   458.000   87.000   48.456   53.416
16670.000   938.000   460.000   109.000   48.518   53.431
16671.000   912.000   459.000   119.000   48.580   53.445
16672.000   887.000   463.000   107.000   48.641   53.460
16673.000   973.000   430.000   114.000   48.703   53.474
16674.000   883.000   455.000   97.000   48.764   53.489
16675.000   938.000   467.000   107.000   48.826   53.504
16676.000   951.000   447.000   117.000   48.888   53.518
16677.000   967.000   448.000   96.000   48.949   53.533
16678.000   942.000   471.000   105.000   49.011   53.548
16679.000   903.000   479.000   113.000   49.072   53.563
16680.000   907.000   465.000   104.000   49.134   53.578
16681.000   948.000   445.000   111.000   49.196   53.593
16682.000   920.000   502.000   111.000   49.257   53.608
16683.000   1007.000   450.000   124.000   49.319   53.623
16684.000   881.000   491.000   127.000   49.380   53.638
16685.000   951.000   485.000   120.000   49.442   53.653
16686.000   923.000   449.000   126.000   49.503   53.668
16687.000   950.000   474.000   118.000   49.565   53.683
16688.000   982.000   464.000   98.000   49.627   53.699
16689.000   937.000   459.000   104.000   49.688   53.714
16690.000   907.000   466.000   101.000   49.750   53.729
16691.000   984.000   438.000   110.000   49.811   53.745
16692.000   906.000   460.000   124.000   49.873   53.760
16693.000   957.000   463.000   99.000   49.934   53.776
16694.000   980.000   455.000   112.000   49.996   53.791
16695.000   894.000   432.000   128.000   50.057   53.807
16696.000   915.000   503.000   97.000   50.119   53.823
16697.000   963.000   449.000   123.000   50.180   53.838
16698.000   923.000   469.000   112.000   50.242   53.854
16699.000   860.000   452.000   126.000   50.303   53.870
16700.000   933.000   488.000   117.000   50.365   53.886
16701.000   969.000   473.000   109.000   50.426   53.902
16702.000   906.000   508.000   101.000   50.488   53.918
16703.000   976.000   464.000   128.000   50.549   53.934
16704.000   909.000   471.000   108.000   50.611   53.950
16705.000   936.000   448.000   109.000   50.672   53.966
16706.000   939.000   471.000   125.000   50.734   53.982
16707.000   973.000   470.000   131.000   50.795   53.999
16708.000   914.000   464.000   131.000   50.857   54.015
16709.000   905.000   430.000   116.000   50.918   54.031
16710.000   897.000   434.000   115.000   50.980   54.048
16711.000   980.000   507.000   122.000   51.041   54.064
16712.000   951.000   479.000   120.000   51.102   54.081
16713.000   980.000   505.000   131.000   51.164   54.097
16714.000   897.000   476.000   122.000   51.225   54.114
16715.000   929.000   485.000   121.000   51.287   54.131
16716.000   915.000   498.000   131.000   51.348   54.147
16717.000   906.000   481.000   144.000   51.410   54.164
16718.000   953.000   462.000   106.000   51.471   54.181
16719.000   968.000   477.000   137.000   51.532   54.198
16720.000   924.000   482.000   122.000   51.594   54.215
16721.000   968.000   499.000   101.000   51.655   54.232
16722.000   979.000   480.000   111.000   51.717   54.249
16723.000   894.000   447.000   123.000   51.778   54.266
16724.000   981.000   471.000   144.000   51.839   54.284
16725.000   906.000   461.000   122.000   51.901   54.301
16726.000   937.000   469.000   122.000   51.962   54.318
16727.000   975.000   467.000   135.000   52.024   54.335
16728.000   1025.000   492.000   146.000   52.085   54.353
16729.000   936.000   479.000   110.000   52.146   54.370
16730.000   965.000   506.000   140.000   52.208   54.388
16731.000   909.000   450.000   123.000   52.269   54.406
16732.000   894.000   513.000   105.000   52.330   54.423
16733.000   895.000   514.000   125.000   52.392   54.441
16734.000   936.000   505.000   104.000   52.453   54.459
16735.000   1004.000   489.000   110.000   52.514   54.477
16736.000   929.000   505.000   135.000   52.576   54.495
16737.000   935.000   504.000   147.000   52.637   54.513
16738.000   895.000   469.000   135.000   52.698   54.531
16739.000   933.000   465.000   103.000   52.760   54.549
16740.000   928.000   494.000   136.000   52.821   54.567
16741.000   903.000   475.000   104.000   52.882   54.585
16742.000   901.000   490.000   114.000   52.944   54.603
16743.000   1010.000   510.000   121.000   53.005   54.622
16744.000   913.000   533.000   127.000   53.066   54.640
16745.000   904.000   477.000   135.000   53.127   54.659
16746.000   925.000   490.000   133.000   53.189   54.677
16747.000   932.000   467.000   126.000   53.250   54.696
16748.000   948.000   478.000   132.000   53.311   54.715
16749.000   978.000   516.000   120.000   53.372   54.733
16750.000   931.000   522.000   127.000   53.434   54.752
16751.000   968.000   473.000   121.000   53.495   54.771
16752.000   980.000   475.000   125.000   53.556   54.790
16753.000   901.000   497.000   119.000   53.617   54.809
16754.000   972.000   446.000   117.000   53.679   54.828
16755.000   926.000   511.000   104.000   53.740   54.847
16756.000   923.000   464.000   114.000   53.801   54.866
16757.000   1001.000   514.000   107.000   53.862   54.886
16758.000   906.000   486.000   140.000   53.924   54.905
16759.000   1001.000   515.000   119.000   53.985   54.924
16760.000   938.000   505.000   128.000   54.046   54.944
16761.000   920.000   498.000   146.000   54.107   54.964
16762.000   905.000   520.000   112.000   54.168   54.983
16763.000   984.000   497.000   124.000   54.230   55.003
16764.000   985.000   517.000   131.000   54.291   55.023
16765.000   938.000   527.000   121.000   54.352   55.042
16766.000   927.000   545.000   112.000   54.413   55.062
16767.000   956.000   530.000   140.000   54.474   55.082
16768.000   946.000   493.000   112.000   54.535   55.102
16769.000   927.000   488.000   129.000   54.597   55.123
16770.000   967.000   488.000   130.000   54.658   55.143
16771.000   940.000   511.000   114.000   54.719   55.163
16772.000   963.000   510.000   124.000   54.780   55.183
16773.000   968.000   475.000   138.000   54.841   55.204
16774.000   936.000   507.000   154.000   54.902   55.224
16775.000   987.000   556.000   148.000   54.963   55.245
16776.000   951.000   513.000   127.000   55.024   55.266
16777.000   913.000   494.000   142.000   55.086   55.286
16778.000   960.000   493.000   160.000   55.147   55.307
16779.000   967.000   438.000   111.000   55.208   55.328
16780.000   961.000   595.000   144.000   55.269   55.349
16781.000   995.000   487.000   130.000   55.330   55.370
16782.000   1010.000   518.000   149.000   55.391   55.391
16783.000   958.000   549.000   119.000   55.452   55.412
16784.000   884.000   527.000   130.000   55.513   55.433
16785.000   1001.000   508.000   123.000   55.574   55.455
16786.000   985.000   524.000   133.000   55.635   55.476
16787.000   967.000   519.000   130.000   55.696   55.498
16788.000   974.000   516.000   140.000   55.757   55.519
16789.000   892.000   489.000   120.000   55.818   55.541
16790.000   944.000   511.000   125.000   55.879   55.563
16791.000   964.000   506.000   133.000   55.940   55.584
16792.000   922.000   474.000   142.000   56.001   55.606
16793.000   962.000   498.000   150.000   56.062   55.628
16794.000   924.000   496.000   140.000   56.123   55.650
16795.000   957.000   530.000   140.000   56.184   55.673
16796.000   961.000   512.000   136.000   56.245   55.695
16797.000   999.000   496.000   146.000   56.306   55.717
16798.000   1007.000   465.000   128.000   56.367   55.740
16799.000   959.000   514.000   122.000   56.428   55.762
16800.000   934.000   566.000   125.000   56.489   55.785
16801.000   1025.000   520.000   131.000   56.550   55.807
16802.000   983.000   540.000   125.000   56.611   55.830
16803.000   958.000   515.000   147.000   56.672   55.853
16804.000   1002.000   532.000   143.000   56.733   55.876
16805.000   956.000   515.000   135.000   56.794   55.899
16806.000   988.000   526.000   136.000   56.855   55.922
16807.000   962.000   550.000   148.000   56.916   55.945
16808.000   978.000   493.000   144.000   56.977   55.968
16809.000   971.000   533.000   146.000   57.038   55.992
16810.000   976.000   594.000   120.000   57.098   56.015
16811.000   897.000   516.000   146.000   57.159   56.039
16812.000   972.000   546.000   123.000   57.220   56.062
16813.000   975.000   546.000   140.000   57.281   56.086
16814.000   1014.000   507.000   128.000   57.342   56.110
16815.000   944.000   521.000   149.000   57.403   56.134
16816.000   967.000   499.000   126.000   57.464   56.158
16817.000   1010.000   485.000   132.000   57.524   56.182
16818.000   932.000   559.000   134.000   57.585   56.206
16819.000   963.000   530.000   163.000   57.646   56.230
16820.000   952.000   485.000   136.000   57.707   56.255
16821.000   983.000   534.000   136.000   57.768   56.279
16822.000   1004.000   530.000   132.000   57.829   56.304
16823.000   965.000   542.000   134.000   57.889   56.328
16824.000   969.000   538.000   137.000   57.950   56.353
16825.000   968.000   542.000   129.000   58.011   56.378
16826.000   999.000   521.000   137.000   58.072   56.403
16827.000   950.000   549.000   141.000   58.133   56.428
16828.000   1022.000   470.000   136.000   58.193   56.453
16829.000   1051.000   536.000   136.000   58.254   56.478
16830.000   1030.000   510.000   122.000   58.315   56.504
16831.000   1028.000   544.000   131.000   58.376   56.529
16832.000   1001.000   550.000   136.000   58.436   56.555
16833.000   1020.000   533.000   144.000   58.497   56.581
16834.000   1029.000   546.000   136.000   58.558   56.606
16835.000   989.000   523.000   129.000   58.618   56.632
16836.000   1014.000   519.000   148.000   58.679   56.658
16837.000   1014.000   569.000   137.000   58.740   56.684
16838.000   1003.000   593.000   150.000   58.800   56.710
16839.000   1022.000   567.000   136.000   58.861   56.737
16840.000   1061.000   577.000   140.000   58.922   56.763
16841.000   1015.000   551.000   141.000   58.982   56.790
16842.000   981.000   552.000   131.000   59.043   56.816
16843.000   1010.000   585.000   119.000   59.104   56.843
16844.000   974.000   551.000   117.000   59.164   56.870
16845.000   1084.000   513.000   145.000   59.225   56.897
16846.000   1019.000   570.000   147.000   59.286   56.924
16847.000   1021.000   513.000   126.000   59.346   56.951
16848.000   1029.000   574.000   139.000   59.407   56.978
16849.000   991.000   501.000   153.000   59.467   57.006
16850.000   1016.000   567.000   155.000   59.528   57.033
16851.000   972.000   537.000   147.000   59.589   57.061
16852.000   991.000   558.000   142.000   59.649   57.088
16853.000   1058.000   557.000   125.000   59.710   57.116
16854.000   1064.000   544.000   153.000   59.770   57.144
16855.000   986.000   548.000   157.000   59.831   57.172
16856.000   958.000   545.000   121.000   59.891   57.201
16857.000   1142.000   535.000   153.000   59.952   57.229
16858.000   1034.000   514.000   144.000   60.012   57.257
16859.000   1052.000   591.000   144.000   60.073   57.286
16860.000   1004.000   545.000   125.000   60.133   57.314
16861.000   1056.000   525.000   156.000   60.194   57.343
16862.000   1036.000   511.000   137.000   60.254   57.372
16863.000   998.000   530.000   126.000   60.315   57.401
16864.000   1054.000   552.000   135.000   60.375   57.430
16865.000   1081.000   555.000   120.000   60.436   57.460
16866.000   997.000   533.000   139.000   60.496   57.489
16867.000   1067.000   549.000   136.000   60.557   57.519
16868.000   1009.000   516.000   137.000   60.617   57.548
16869.000   1045.000   507.000   149.000   60.677   57.578
16870.000   1094.000   558.000   132.000   60.738   57.608
16871.000   1072.000   519.000   158.000   60.798   57.638
16872.000   1023.000   587.000   145.000   60.859   57.668
16873.000   1023.000   544.000   145.000   60.919   57.698
16874.000   1057.000   541.000   154.000   60.979   57.729
16875.000   1037.000   576.000   146.000   61.040   57.759
16876.000   1025.000   541.000   151.000   61.100   57.790
16877.000   1043.000   562.000   138.000   61.160   57.821
16878.000   1068.000   560.000   144.000   61.221   57.852
16879.000   1033.000   545.000   146.000   61.281   57.883
16880.000   1085.000   521.000   158.000   61.341   57.914
16881.000   1060.000   548.000   181.000   61.402   57.946
16882.000   1017.000   535.000   153.000   61.462   57.977
16883.000   990.000   569.000   133.000   61.522   58.009
16884.000   1052.000   580.000   149.000   61.582   58.040
16885.000   1056.000   590.000   137.000   61.643   58.072
16886.000   1052.000   559.000   145.000   61.703   58.104
16887.000   1003.000   579.000   143.000   61.763   58.137
16888.000   1089.000   541.000   150.000   61.823   58.169
16889.000   1016.000   536.000   146.000   61.884   58.201
16890.000   1060.000   574.000   157.000   61.944   58.234
16891.000   1035.000   534.000   157.000   62.004   58.267
16892.000   1000.000   587.000   140.000   62.064   58.300
16893.000   1006.000   548.000   150.000   62.124   58.333
16894.000   1014.000   585.000   144.000   62.185   58.366
16895.000   1049.000   594.000   160.000   62.245   58.399
16896.000   1052.000   538.000   175.000   62.305   58.433
16897.000   1024.000   602.000   147.000   62.365   58.467
16898.000   967.000   589.000   178.000   62.425   58.500
16899.000   1023.000   573.000   179.000   62.485   58.534
16900.000   1054.000   597.000   151.000   62.545   58.568
16901.000   1047.000   628.000   159.000   62.605   58.603
16902.000   1074.000   647.000   179.000   62.665   58.637
16903.000   1033.000   601.000   188.000   62.725   58.672
16904.000   1032.000   590.000   192.000   62.785   58.706
16905.000   1013.000   617.000   199.000   62.846   58.741
16906.000   1114.000   617.000   189.000   62.906   58.776
16907.000   1024.000   635.000   183.000   62.966   58.812
16908.000   1084.000   648.000   200.000   63.026   58.847
16909.000   1058.000   688.000   176.000   63.086   58.883
16910.000   1005.000   647.000   197.000   63.146   58.918
16911.000   1081.000   660.000   230.000   63.205   58.954
16912.000   1093.000   714.000   195.000   63.265   58.990
16913.000   1068.000   700.000   208.000   63.325   59.026
16914.000   1063.000   723.000   252.000   63.385   59.063
16915.000   1153.000   768.000   242.000   63.445   59.099
16916.000   1060.000   775.000   243.000   63.505   59.136
16917.000   1124.000   796.000   236.000   63.565   59.173
16918.000   1098.000   834.000   280.000   63.625   59.210
16919.000   1127.000   847.000   285.000   63.685   59.247
16920.000   1191.000   913.000   248.000   63.745   59.285
16921.000   1104.000   862.000   312.000   63.804   59.322
16922.000   1240.000   886.000   289.000   63.864   59.360
16923.000   1197.000   904.000   309.000   63.924   59.398
16924.000   1199.000   911.000   318.000   63.984   59.436
16925.000   1220.000   1025.000   374.000   64.044   59.474
16926.000   1262.000   1052.000   380.000   64.103   59.513
16927.000   1396.000   1091.000   388.000   64.163   59.551
16928.000   1352.000   1160.000   404.000   64.223   59.590
16929.000   1432.000   1164.000   453.000   64.283   59.629
16930.000   1452.000   1326.000   467.000   64.342   59.668
16931.000   1438.000   1323.000   547.000   64.402   59.708
16932.000   1538.000   1447.000   588.000   64.462   59.747
16933.000   1544.000   1508.000   539.000   64.522   59.787
16934.000   1622.000   1537.000   561.000   64.581   59.827
16935.000   1664.000   1725.000   596.000   64.641   59.867
16936.000   1661.000   1779.000   634.000   64.700   59.908
16937.000   1675.000   1788.000   683.000   64.760   59.948
16938.000   1911.000   1856.000   703.000   64.820   59.989
16939.000   1930.000   1990.000   740.000   64.879   60.030
16940.000   1992.000   2210.000   829.000   64.939   60.071
16941.000   2061.000   2288.000   914.000   64.998   60.113
16942.000   2242.000   2542.000   962.000   65.058   60.154
16943.000   2358.000   2770.000   1056.000   65.118   60.196
16944.000   2427.000   2845.000   1070.000   65.177   60.238
16945.000   2587.000   3091.000   1136.000   65.237   60.280
16946.000   2734.000   3397.000   1262.000   65.296   60.322
16947.000   2907.000   3536.000   1303.000   65.356   60.365
16948.000   3038.000   3780.000   1361.000   65.415   60.408
16949.000   3098.000   3847.000   1486.000   65.474   60.451
16950.000   3318.000   3966.000   1489.000   65.534   60.494
16951.000   3471.000   4275.000   1469.000   65.593   60.538
16952.000   3492.000   4485.000   1589.000   65.653   60.581
16953.000   3682.000   4588.000   1712.000   65.712   60.625
16954.000   3940.000   4804.000   1725.000   65.771   60.669
16955.000   4003.000   5163.000   1857.000   65.831   60.714
16956.000   4168.000   5297.000   1803.000   65.890   60.758
16957.000   4386.000   5431.000   1970.000   65.949   60.803
16958.000   4507.000   5675.000   2015.000   66.009   60.848
16959.000   4660.000   5839.000   2057.000   66.068   60.893
16960.000   4842.000   6025.000   2146.000   66.127   60.939
16961.000   4927.000   6205.000   2142.000   66.187   60.984
16962.000   5261.000   6474.000   2173.000   66.246   61.030
16963.000   5222.000   6639.000   2322.000   66.305   61.076
16964.000   5451.000   6985.000   2377.000   66.364   61.123
16965.000   5609.000   7159.000   2448.000   66.423   61.169
16966.000   5922.000   7313.000   2547.000   66.483   61.216
16967.000   6071.000   7599.000   2533.000   66.542   61.263
16968.000   6201.000   7880.000   2596.000   66.601   61.311
16969.000   6219.000   7796.000   2697.000   66.660   61.358
16970.000   6442.000   8020.000   2662.000   66.719   61.406
16971.000   6777.000   8451.000   2709.000   66.778   61.454
16972.000   6888.000   8400.000   2795.000   66.837   61.503
16973.000   7065.000   8738.000   2790.000   66.896   61.551
16974.000   7215.000   8561.000   2769.000   66.955   61.600
16975.000   7474.000   8757.000   2713.000   67.014   61.649
16976.000   7486.000   8836.000   2716.000   67.073   61.699
16977.000   7599.000   8969.000   2773.000   67.132   61.749
16978.000   7793.000   8956.000   2816.000   67.191   61.798
16979.000   7866.000   9202.000   2910.000   67.250   61.849
16980.000   8098.000   9376.000   2899.000   67.309   61.899
16981.000   8060.000   9665.000   2944.000   67.368   61.950
16982.000   8247.000   9543.000   2959.000   67.427   62.001
16983.000   8540.000   9831.000   2927.000   67.486   62.052
16984.000   8662.000   9799.000   2898.000   67.544   62.104
16985.000   8815.000   9893.000   3025.000   67.603   62.155
16986.000   8817.000   9920.000   2886.000   67.662   62.207
16987.000   9069.000   10062.000   3084.000   67.721   62.260
16988.000   9184.000   10191.000   3085.000   67.780   62.312
16989.000   9610.000   10304.000   3088.000   67.838   62.365
16990.000   9763.000   10632.000   3179.000   67.897   62.419
16991.000   9922.000   10655.000   3175.000   67.956   62.472
16992.000   9934.000   10842.000   3111.000   68.014   62.526
16993.000   10439.000   11039.000   3095.000   68.073   62.580
16994.000   10306.000   10982.000   3208.000   68.132   62.634
16995.000   10566.000   11080.000   3112.000   68.190   62.689
16996.000   10833.000   11089.000   3201.000   68.249   62.744
16997.000   10697.000   11050.000   3095.000   68.307   62.799
16998.000   10841.000   11068.000   2944.000   68.366   62.855
16999.000   11182.000   11001.000   3061.000   68.424   62.911
17000.000   10919.000   10827.000   2980.000   68.483   62.967
17001.000   10787.000   10396.000   2860.000   68.541   63.024
17002.000   10670.000   10644.000   2775.000   68.600   63.081
17003.000   10821.000   10342.000   2710.000   68.658   63.138
17004.000   10844.000   9985.000   2623.000   68.717   63.195
17005.000   10861.000   10014.000   2559.000   68.775   63.253
17006.000   10822.000   9689.000   2493.000   68.833   63.311
17007.000   10864.000   9755.000   2470.000   68.892   63.370
17008.000   10904.000   9629.000   2396.000   68.950   63.429
17009.000   10792.000   9591.000   2321.000   69.008   63.488
17010.000   11080.000   9148.000   2307.000   69.067   63.547
17011.000   10580.000   9312.000   2273.000   69.125   63.607
17012.000   10713.000   8792.000   2168.000   69.183   63.667
17013.000   10294.000   8689.000   2056.000   69.241   63.728
17014.000   10286.000   8530.000   1995.000   69.299   63.788
17015.000   10287.000   8503.000   2053.000   69.358   63.850
17016.000   10389.000   8335.000   1910.000   69.416   63.911
17017.000   10177.000   8094.000   1855.000   69.474   63.973
17018.000   10136.000   8002.000   1874.000   69.532   64.035
17019.000   10036.000   7835.000   1741.000   69.590   64.098
17020.000   9928.000   7648.000   1730.000   69.648   64.161
17021.000   9774.000   7394.000   1756.000   69.706   64.224
17022.000   9785.000   7243.000   1656.000   69.764   64.288
17023.000   9596.000   7183.000   1617.000   69.822   64.352
17024.000   9366.000   7006.000   1604.000   69.880   64.417
17025.000   9448.000   7081.000   1510.000   69.938   64.481
17026.000   9328.000   6774.000   1560.000   69.995   64.547
17027.000   9094.000   6581.000   1581.000   70.053   64.612
17028.000   8917.000   6518.000   1389.000   70.111   64.678
17029.000   8784.000   6270.000   1450.000   70.169   64.745
17030.000   8657.000   6138.000   1437.000   70.226   64.811
17031.000   8524.000   6096.000   1445.000   70.284   64.879
17032.000   8391.000   6190.000   1435.000   70.342   64.946
17033.000   8352.000   6051.000   1403.000   70.399   65.014
17034.000   8049.000   5796.000   1300.000   70.457   65.083
17035.000   8006.000   5696.000   1326.000   70.515   65.151
17036.000   7900.000   5520.000   1376.000   70.572   65.221
17037.000   7697.000   5309.000   1249.000   70.630   65.290
17038.000   7426.000   5228.000   1197.000   70.687   65.360
17039.000   7280.000   5104.000   1192.000   70.745   65.431
17040.000   7041.000   5053.000   1220.000   70.802   65.502
17041.000   6782.000   4908.000   1174.000   70.860   65.573
17042.000   6673.000   4876.000   1149.000   70.917   65.645
17043.000   6564.000   4705.000   1112.000   70.974   65.717
17044.000   6301.000   4557.000   1146.000   71.032   65.790
17045.000   6285.000   4520.000   1140.000   71.089   65.863
17046.000   6245.000   4439.000   1092.000   71.146   65.936
17047.000   6004.000   4251.000   1074.000   71.203   66.010
17048.000   5881.000   4062.000   1069.000   71.260   66.085
17049.000   5853.000   4096.000   988.000   71.318   66.160
17050.000   5799.000   4044.000   1011.000   71.375   66.235
17051.000   5655.000   4017.000   1001.000   71.432   66.311
17052.000   5466.000   3822.000   941.000   71.489   66.388
17053.000   5371.000   3641.000   919.000   71.546   66.464
17054.000   5303.000   3725.000   910.000   71.603   66.542
17055.000   5119.000   3524.000   875.000   71.660   66.620
17056.000   5037.000   3401.000   832.000   71.717   66.698
17057.000   4889.000   3315.000   797.000   71.774   66.777
17058.000   5028.000   3261.000   783.000   71.830   66.856
17059.000   4998.000   3183.000   707.000   71.887   66.936
17060.000   4839.000   3168.000   725.000   71.944   67.016
17061.000   4778.000   3065.000   716.000   72.001   67.097
17062.000   4779.000   2972.000   669.000   72.057   67.178
17063.000   4509.000   2869.000   699.000   72.114   67.260
17064.000   4485.000   2785.000   692.000   72.170   67.343
17065.000   4499.000   2778.000   625.000   72.227   67.426
17066.000   4317.000   2725.000   647.000   72.284   67.509
17067.000   4235.000   2659.000   614.000   72.340   67.593
17068.000   4052.000   2552.000   600.000   72.396   67.678
17069.000   4102.000   2501.000   615.000   72.453   67.763
17070.000   3895.000   2364.000   548.000   72.509   67.848
17071.000   3910.000   2396.000   489.000   72.566   67.935
17072.000   3702.000   2239.000   504.000   72.622   68.021
17073.000   3655.000   2163.000   514.000   72.678   68.109
17074.000   3547.000   2038.000   488.000   72.734   68.197
17075.000   3280.000   2018.000   457.000   72.790   68.285
17076.000   3288.000   1960.000   404.000   72.847   68.374
17077.000   3112.000   1826.000   449.000   72.903   68.464
17078.000   3082.000   1859.000   427.000   72.959   68.554
17079.000   2993.000   1784.000   371.000   73.015   68.645
17080.000   2901.000   1626.000   390.000   73.071   68.737
17081.000   2984.000   1670.000   379.000   73.126   68.829
17082.000   2978.000   1593.000   363.000   73.182   68.922
17083.000   2808.000   1553.000   366.000   73.238   69.015
17084.000   2760.000   1513.000   317.000   73.294   69.109
17085.000   2651.000   1407.000   364.000   73.349   69.204
17086.000   2618.000   1363.000   298.000   73.405   69.299
17087.000   2626.000   1337.000   270.000   73.461   69.395
17088.000   2575.000   1344.000   265.000   73.516   69.492
17089.000   2580.000   1214.000   305.000   73.572   69.589
17090.000   2490.000   1093.000   277.000   73.627   69.687
17091.000   2593.000   1145.000   254.000   73.683   69.785
17092.000   2558.000   1093.000   248.000   73.738   69.885
17093.000   2469.000   1069.000   251.000   73.793   69.985
17094.000   2429.000   1082.000   241.000   73.849   70.085
17095.000   2338.000   957.000   232.000   73.904   70.187
17096.000   2290.000   943.000   196.000   73.959   70.289
17097.000   2306.000   901.000   236.000   74.014   70.391
17098.000   2262.000   885.000   217.000   74.069   70.495
17099.000   2188.000   837.000   234.000   74.124   70.599
17100.000   2134.000   831.000   190.000   74.179   70.704
17101.000   2087.000   771.000   190.000   74.234   70.810
17102.000   2006.000   763.000   188.000   74.289   70.916
17103.000   1982.000   707.000   161.000   74.343   71.023
17104.000   1933.000   786.000   184.000   74.398   71.131
17105.000   1918.000   722.000   185.000   74.453   71.240
17106.000   1960.000   692.000   178.000   74.507   71.350
17107.000   1781.000   757.000   163.000   74.562   71.460
17108.000   1806.000   761.000   190.000   74.616   71.571
17109.000   1782.000   684.000   176.000   74.671   71.683
17110.000   1798.000   691.000   155.000   74.725   71.796
17111.000   1745.000   728.000   168.000   74.779   71.909
17112.000   1751.000   694.000   154.000   74.834   72.023
17113.000   1754.000   731.000   139.000   74.888   72.138
17114.000   1736.000   664.000   170.000   74.942   72.254
17115.000   1748.000   706.000   146.000   74.996   72.371
17116.000   1686.000   669.000   192.000   75.050   72.489
17117.000   1700.000   656.000   180.000   75.104   72.607
17118.000   1719.000   636.000   147.000   75.158   72.727
17119.000   1700.000   643.000   166.000   75.211   72.847
17120.000   1646.000   629.000   159.000   75.265   72.968
17121.000   1702.000   633.000   146.000   75.319   73.090
17122.000   1719.000   611.000   155.000   75.372   73.213
17123.000   1718.000   622.000   145.000   75.426   73.337
17124.000   1615.000   579.000   153.000   75.479   73.462
17125.000   1624.000   597.000   157.000   75.533   73.588
17126.000   1567.000   614.000   148.000   75.586   73.714
17127.000   1599.000   628.000   155.000   75.639   73.842
17128.000   1485.000   553.000   146.000   75.692   73.971
17129.000   1469.000   595.000   160.000   75.745   74.100
17130.000   1443.000   600.000   171.000   75.798   74.231
17131.000   1406.000   590.000   127.000   75.851   74.362
17132.000   1463.000   568.000   149.000   75.904   74.495
17133.000   1343.000   599.000   139.000   75.957   74.628
17134.000   1369.000   593.000   133.000   76.009   74.763
17135.000   1353.000   632.000   148.000   76.062   74.898
17136.000   1204.000   575.000   165.000   76.114   75.035
17137.000   1218.000   550.000   154.000   76.167   75.172
17138.000   1273.000   603.000   159.000   76.219   75.311
17139.000   1227.000   604.000   160.000   76.272   75.451
17140.000   1300.000   567.000   158.000   76.324   75.592
17141.000   1234.000   585.000   129.000   76.376   75.734
17142.000   1210.000   581.000   158.000   76.428   75.877
17143.000   1220.000   593.000   160.000   76.480   76.021
17144.000   1253.000   605.000   158.000   76.532   76.166
17145.000   1249.000   604.000   149.000   76.583   76.312
17146.000   1216.000   572.000   141.000   76.635   76.460
17147.000   1170.000   586.000   172.000   76.687   76.609
17148.000   1108.000   611.000   137.000   76.738   76.758
17149.000   1187.000   590.000   151.000   76.789   76.909
17150.000   1155.000   605.000   175.000   76.841   77.062
17151.000   1107.000   602.000   151.000   76.892   77.215
17152.000   1117.000   599.000   176.000   76.943   77.370
17153.000   1118.000   628.000   154.000   76.994   77.526
17154.000   1163.000   584.000   133.000   77.045   77.683
17155.000   1062.000   585.000   137.000   77.096   77.841
17156.000   1053.000   551.000   152.000   77.146   78.000
17157.000   1217.000   580.000   135.000   77.197   78.161
17158.000   1232.000   622.000   160.000   77.247   78.323
17159.000   1105.000   531.000   174.000   77.298   78.487
17160.000   1084.000   590.000   147.000   77.348   78.652
17161.000   1080.000   566.000   163.000   77.398   78.818
17162.000   1099.000   598.000   151.000   77.448   78.985
17163.000   1048.000   586.000   147.000   77.498   79.154
17164.000   1076.000   591.000   144.000   77.548   79.324
17165.000   1080.000   556.000   152.000   77.598   79.495
17166.000   1088.000   638.000   151.000   77.647   79.668
17167.000   1033.000   561.000   151.000   77.697   79.843
17168.000   1068.000   590.000   155.000   77.746   80.018
17169.000   1087.000   582.000   140.000   77.795   80.195
17170.000   1150.000   590.000   136.000   77.845   80.374
17171.000   1119.000   544.000   136.000   77.894   80.554
17172.000   1043.000   602.000   149.000   77.943   80.736
17173.000   1103.000   561.000   137.000   77.991   80.918
17174.000   1045.000   565.000   150.000   78.040   81.103
17175.000   1094.000   591.000   146.000   78.088   81.289
17176.000   1078.000   579.000   148.000   78.137   81.477
17177.000   1030.000   572.000   140.000   78.185   81.666
17178.000   1050.000   585.000   160.000   78.233   81.856
17179.000   1095.000   558.000   144.000   78.281   82.048
17180.000   1055.000   567.000   158.000   78.329   82.242
17181.000   1074.000   608.000   132.000   78.377   82.438
17182.000   1071.000   584.000   144.000   78.424   82.635
17183.000   1089.000   579.000   147.000   78.472   82.833
17184.000   1088.000   542.000   158.000   78.519   83.034
17185.000   1029.000   558.000   172.000   78.566   83.236
17186.000   1088.000   575.000   141.000   78.613   83.439
17187.000   1003.000   566.000   142.000   78.660   83.645
17188.000   995.000   587.000   152.000   78.707   83.852
17189.000   1090.000   572.000   137.000   78.753   84.060
17190.000   1038.000   594.000   154.000   78.800   84.271
17191.000   1033.000   562.000   141.000   78.846   84.483
17192.000   1026.000   559.000   151.000   78.892   84.697
17193.000   1016.000   619.000   149.000   78.938   84.913
17194.000   1040.000   553.000   143.000   78.984   85.131
17195.000   1021.000   576.000   148.000   79.029   85.350
17196.000   1032.000   567.000   142.000   79.075   85.572
17197.000   1046.000   561.000   134.000   79.120   85.795
17198.000   1013.000   582.000   141.000   79.165   86.020
17199.000   1044.000   533.000   133.000   79.210   86.247
17200.000   1072.000   567.000   154.000   79.255   86.476
17201.000   1086.000   589.000   144.000   79.300   86.706
17202.000   1034.000   582.000   165.000   79.344   86.939
17203.000   1055.000   580.000   160.000   79.388   87.174
17204.000   1079.000   572.000   160.000   79.432   87.410
17205.000   1004.000   606.000   148.000   79.476   87.649
17206.000   1113.000   552.000   148.000   79.520   87.890
17207.000   1086.000   587.000   143.000   79.563   88.132
17208.000   1090.000   568.000   141.000   79.607   88.377
17209.000   1121.000   561.000   144.000   79.650   88.624
17210.000   994.000   589.000   174.000   79.693   88.872
17211.000   1015.000   524.000   145.000   79.735   89.123
17212.000   1035.000   548.000   159.000   79.778   89.376
17213.000   1041.000   621.000   122.000   79.820   89.631
17214.000   1055.000   598.000   155.000   79.862   89.889
17215.000   1043.000   575.000   135.000   79.904   90.148
17216.000   1029.000   593.000   145.000   79.946   90.410
17217.000   1076.000   561.000   136.000   79.987   90.673
17218.000   1009.000   538.000   152.000   80.029   90.939
17219.000   1070.000   578.000   150.000   80.070   91.207
17220.000   1059.000   584.000   167.000   80.110   91.478
17221.000   1092.000   595.000   157.000   80.151   91.750
17222.000   1034.000   597.000   146.000   80.191   92.025
17223.000   1058.000   571.000   153.000   80.231   92.302
17224.000   952.000   578.000   136.000   80.271   92.582
17225.000   964.000   556.000   151.000   80.311   92.864
17226.000   966.000   585.000   153.000   80.350   93.148
17227.000   1019.000   577.000   145.000   80.390   93.434
17228.000   1024.000   592.000   150.000   80.429   93.723
17229.000   1032.000   573.000   163.000   80.467   94.014
17230.000   1052.000   606.000   152.000   80.506   94.307
17231.000   1003.000   568.000   146.000   80.544   94.603
17232.000   1034.000   598.000   164.000   80.582   94.902
17233.000   1095.000   542.000   133.000   80.619   95.202
17234.000   1064.000   566.000   149.000   80.657   95.505
17235.000   1026.000   542.000   159.000   80.694   95.811
17236.000   1013.000   563.000   141.000   80.731   96.119
17237.000   1018.000   567.000   158.000   80.767   96.429
17238.000   997.000   558.000   156.000   80.804   96.742
17239.000   1014.000   554.000   129.000   80.840   97.058
17240.000   994.000   572.000   138.000   80.875   97.376
17241.000   999.000   590.000   141.000   80.911   97.696
17242.000   917.000   528.000   165.000   80.946   98.019
17243.000   1023.000   558.000   134.000   80.981   98.344
17244.000   1013.000   589.000   134.000   81.016   98.672
17245.000   1004.000   574.000   167.000   81.050   99.003
17246.000   1059.000   559.000   151.000   81.084   99.336
17247.000   1031.000   532.000   145.000   81.118   99.671
17248.000   1018.000   527.000   132.000   81.151   100.010
17249.000   1019.000   568.000   133.000   81.184   100.350
17250.000   1028.000   579.000   148.000   81.217   100.693
17251.000   1077.000   545.000   158.000   81.249   101.039
17252.000   1014.000   577.000   137.000   81.281   101.388
17253.000   999.000   553.000   142.000   81.313   101.739
17254.000   1000.000   536.000   161.000   81.344   102.092
17255.000   1011.000   552.000   143.000   81.376   102.448
17256.000   982.000   557.000   154.000   81.406   102.807
17257.000   1022.000   530.000   140.000   81.437   103.168
17258.000   1018.000   565.000   157.000   81.467   103.532
17259.000   1048.000   580.000   134.000   81.497   103.898
17260.000   1010.000   569.000   147.000   81.526   104.267
17261.000   1068.000   560.000   129.000   81.555   104.639
17262.000   1025.000   565.000   136.000   81.584   105.013
17263.000   991.000   598.000   153.000   81.612   105.389
17264.000   1007.000   581.000   137.000   81.640   105.769
17265.000   970.000   584.000   156.000   81.667   106.150
17266.000   1019.000   556.000   155.000   81.695   106.534
17267.000   1001.000   489.000   142.000   81.721   106.921
17268.000   1010.000   575.000   139.000   81.748   107.310
17269.000   977.000   537.000   134.000   81.774   107.702
17270.000   997.000   589.000   148.000   81.799   108.096
17271.000   1018.000   561.000   147.000   81.825   108.493
17272.000   1031.000   560.000   154.000   81.850   108.892
17273.000   963.000   580.000   161.000   81.874   109.293
17274.000   993.000   581.000   144.000   81.898   109.697
17275.000   985.000   542.000   160.000   81.922   110.104
17276.000   981.000   571.000   157.000   81.945   110.512
17277.000   1028.000   537.000   145.000   81.968   110.923
17278.000   994.000   554.000   158.000   81.990   111.337
17279.000   968.000   625.000   117.000   82.012   111.752
17280.000   966.000   557.000   132.000   82.034   112.170
17281.000   989.000   595.000   150.000   82.055   112.590
17282.000   1010.000   554.000   137.000   82.075   113.013
17283.000   980.000   561.000   145.000   82.096   113.437
17284.000   944.000   568.000   149.000   82.115   113.864
17285.000   982.000   585.000   129.000   82.135   114.293
17286.000   1034.000   524.000   142.000   82.154   114.724
17287.000   980.000   551.000   133.000   82.172   115.157
17288.000   978.000   602.000   147.000   82.190   115.592
17289.000   1007.000   554.000   125.000   82.208   116.029
17290.000   1048.000   555.000   136.000   82.225   116.468
17291.000   952.000   608.000   120.000   82.241   116.909
17292.000   1070.000   587.000   140.000   82.258   117.352
17293.000   982.000   591.000   141.000   82.273   117.796
17294.000   1016.000   556.000   143.000   82.289   118.243
17295.000   1024.000   589.000   156.000   82.303   118.691
17296.000   995.000   534.000   127.000   82.318   119.141
17297.000   951.000   567.000   146.000   82.331   119.592
17298.000   984.000   558.000   155.000   82.345   120.046
17299.000   963.000   564.000   153.000   82.358   120.500
17300.000   1004.000   557.000   151.000   82.370   120.956
17301.000   942.000   552.000   158.000   82.382   121.414
17302.000   1002.000   551.000   149.000   82.393   121.873
17303.000   981.000   545.000   130.000   82.404   122.333
17304.000   964.000   564.000   147.000   82.415   122.795
17305.000   939.000   568.000   135.000   82.424   123.258
17306.000   966.000   571.000   144.000   82.434   123.722
17307.000   1049.000   580.000   159.000   82.443   124.187
17308.000   999.000   554.000   157.000   82.451   124.654
17309.000   1001.000   574.000   144.000   82.459   125.121
17310.000   956.000   572.000   140.000   82.466   125.589
17311.000   987.000   567.000   136.000   82.473   126.058
17312.000   975.000   569.000   125.000   82.480   126.528
17313.000   979.000   542.000   142.000   82.485   126.999
17314.000   1009.000   559.000   146.000   82.491   127.470
17315.000   1054.000   521.000   156.000   82.496   127.942
17316.000   979.000   624.000   147.000   82.500   128.415
17317.000   957.000   548.000   147.000   82.504   128.888
17318.000   948.000   585.000   153.000   82.507   129.362
17319.000   968.000   560.000   171.000   82.510   129.836
17320.000   1009.000   588.000   178.000   82.512   130.310
17321.000   989.000   573.000   144.000   82.514   130.785
17322.000   991.000   553.000   158.000   82.515   131.259
17323.000   916.000   569.000   117.000   82.516   131.734
