Time range: [ 00:00:-0.000  00:25:06.000 ]
Time range duration: 25.0 min, 6.0 sec
Longitude range: [ 62.0  145.0 ]
-0.000   805.000   251.000   62.000   -4.799   170.931
01.000   840.000   253.000   62.000   -4.737   170.935
02.000   845.000   278.000   66.000   -4.674   170.939
03.000   811.000   288.000   62.000   -4.612   170.944
04.000   863.000   220.000   57.000   -4.549   170.948
05.000   846.000   255.000   68.000   -4.487   170.952
06.000   859.000   271.000   60.000   -4.424   170.956
07.000   782.000   284.000   62.000   -4.362   170.960
08.000   846.000   257.000   69.000   -4.299   170.964
09.000   857.000   267.000   59.000   -4.237   170.968
10.000   821.000   284.000   59.000   -4.174   170.972
11.000   907.000   269.000   66.000   -4.112   170.976
12.000   900.000   271.000   47.000   -4.049   170.980
13.000   851.000   249.000   57.000   -3.987   170.984
14.000   843.000   237.000   56.000   -3.924   170.988
15.000   813.000   284.000   58.000   -3.862   170.992
16.000   830.000   256.000   52.000   -3.799   170.996
17.000   875.000   267.000   67.000   -3.737   171.000
18.000   865.000   252.000   64.000   -3.674   171.004
19.000   854.000   232.000   53.000   -3.612   171.008
20.000   859.000   252.000   68.000   -3.549   171.013
21.000   876.000   251.000   69.000   -3.487   171.017
22.000   808.000   284.000   68.000   -3.424   171.021
23.000   892.000   240.000   58.000   -3.362   171.025
24.000   849.000   287.000   57.000   -3.299   171.029
25.000   801.000   261.000   65.000   -3.237   171.033
26.000   825.000   263.000   67.000   -3.174   171.037
27.000   808.000   258.000   66.000   -3.111   171.041
28.000   889.000   262.000   51.000   -3.049   171.045
29.000   791.000   269.000   57.000   -2.986   171.049
30.000   818.000   275.000   82.000   -2.924   171.053
31.000   809.000   252.000   51.000   -2.861   171.057
32.000   845.000   255.000   62.000   -2.799   171.061
33.000   898.000   235.000   49.000   -2.736   171.065
34.000   794.000   275.000   59.000   -2.674   171.069
35.000   894.000   249.000   76.000   -2.611   171.073
36.000   756.000   263.000   66.000   -2.549   171.077
37.000   819.000   238.000   59.000   -2.486   171.081
38.000   846.000   265.000   68.000   -2.424   171.085
39.000   853.000   278.000   62.000   -2.361   171.089
40.000   847.000   271.000   59.000   -2.299   171.093
41.000   860.000   244.000   60.000   -2.236   171.097
42.000   877.000   285.000   70.000   -2.174   171.101
43.000   860.000   305.000   68.000   -2.111   171.105
44.000   839.000   261.000   64.000   -2.048   171.109
45.000   893.000   254.000   62.000   -1.986   171.113
46.000   821.000   277.000   60.000   -1.923   171.118
47.000   803.000   279.000   61.000   -1.861   171.122
48.000   905.000   244.000   58.000   -1.798   171.126
49.000   893.000   262.000   61.000   -1.736   171.130
50.000   801.000   264.000   53.000   -1.673   171.134
51.000   805.000   259.000   50.000   -1.611   171.138
52.000   858.000   284.000   65.000   -1.548   171.142
53.000   836.000   247.000   62.000   -1.486   171.146
54.000   862.000   282.000   57.000   -1.423   171.150
55.000   865.000   253.000   59.000   -1.361   171.154
56.000   860.000   279.000   62.000   -1.298   171.158
57.000   835.000   276.000   52.000   -1.235   171.162
58.000   809.000   297.000   45.000   -1.173   171.166
59.000   851.000   268.000   59.000   -1.110   171.170
60.000   820.000   250.000   46.000   -1.048   171.174
61.000   850.000   301.000   50.000   -0.985   171.178
62.000   824.000   250.000   65.000   -0.923   171.182
63.000   841.000   281.000   57.000   -0.860   171.186
64.000   833.000   283.000   64.000   -0.798   171.190
65.000   783.000   249.000   50.000   -0.735   171.194
66.000   849.000   256.000   56.000   -0.673   171.198
67.000   844.000   256.000   65.000   -0.610   171.202
68.000   848.000   256.000   80.000   -0.547   171.206
69.000   846.000   295.000   59.000   -0.485   171.210
70.000   829.000   252.000   71.000   -0.422   171.214
71.000   815.000   279.000   59.000   -0.360   171.218
72.000   886.000   248.000   55.000   -0.297   171.222
73.000   810.000   270.000   54.000   -0.235   171.226
74.000   892.000   257.000   68.000   -0.172   171.230
75.000   839.000   244.000   51.000   -0.110   171.234
76.000   890.000   270.000   76.000   -0.047   171.238
77.000   840.000   262.000   58.000   00.015   171.242
78.000   822.000   250.000   61.000   00.078   171.246
79.000   826.000   268.000   57.000   00.141   171.250
80.000   886.000   277.000   76.000   00.203   171.254
81.000   849.000   273.000   53.000   00.266   171.258
82.000   816.000   295.000   68.000   00.328   171.262
83.000   841.000   258.000   62.000   00.391   171.266
84.000   802.000   294.000   51.000   00.453   171.270
85.000   834.000   261.000   44.000   00.516   171.274
86.000   843.000   259.000   65.000   00.578   171.278
87.000   903.000   264.000   69.000   00.641   171.282
88.000   894.000   276.000   65.000   00.704   171.286
89.000   857.000   262.000   71.000   00.766   171.291
90.000   760.000   237.000   68.000   00.829   171.295
91.000   854.000   253.000   57.000   00.891   171.299
92.000   823.000   240.000   61.000   00.954   171.303
93.000   815.000   285.000   65.000   01.016   171.307
94.000   875.000   285.000   58.000   01.079   171.311
95.000   874.000   252.000   60.000   01.141   171.315
96.000   817.000   250.000   63.000   01.204   171.319
97.000   898.000   268.000   62.000   01.267   171.323
98.000   823.000   295.000   70.000   01.329   171.327
99.000   900.000   293.000   74.000   01.392   171.331
100.000   815.000   248.000   71.000   01.454   171.335
101.000   860.000   289.000   72.000   01.517   171.339
102.000   873.000   259.000   68.000   01.579   171.343
103.000   855.000   264.000   65.000   01.642   171.347
104.000   840.000   281.000   71.000   01.704   171.351
105.000   822.000   283.000   71.000   01.767   171.355
106.000   867.000   264.000   60.000   01.830   171.359
107.000   870.000   250.000   64.000   01.892   171.363
108.000   836.000   277.000   67.000   01.955   171.367
109.000   883.000   290.000   64.000   02.017   171.371
110.000   848.000   274.000   75.000   02.080   171.375
111.000   842.000   284.000   49.000   02.142   171.379
112.000   787.000   252.000   74.000   02.205   171.383
113.000   862.000   255.000   79.000   02.267   171.387
114.000   870.000   232.000   56.000   02.330   171.391
115.000   829.000   253.000   58.000   02.393   171.395
116.000   853.000   272.000   56.000   02.455   171.399
117.000   871.000   269.000   57.000   02.518   171.403
118.000   801.000   259.000   62.000   02.580   171.407
119.000   853.000   246.000   65.000   02.643   171.411
120.000   839.000   273.000   80.000   02.705   171.415
121.000   872.000   252.000   59.000   02.768   171.419
122.000   857.000   252.000   53.000   02.831   171.424
123.000   856.000   269.000   64.000   02.893   171.428
124.000   883.000   254.000   48.000   02.956   171.432
125.000   853.000   279.000   61.000   03.018   171.436
126.000   837.000   253.000   67.000   03.081   171.440
127.000   832.000   294.000   65.000   03.143   171.444
128.000   846.000   293.000   48.000   03.206   171.448
129.000   826.000   258.000   72.000   03.269   171.452
130.000   860.000   251.000   67.000   03.331   171.456
131.000   837.000   259.000   68.000   03.394   171.460
132.000   875.000   264.000   52.000   03.456   171.464
133.000   842.000   248.000   72.000   03.519   171.468
134.000   854.000   257.000   63.000   03.581   171.472
135.000   846.000   288.000   59.000   03.644   171.476
136.000   884.000   277.000   52.000   03.706   171.480
137.000   858.000   255.000   73.000   03.769   171.484
138.000   887.000   284.000   60.000   03.832   171.488
139.000   833.000   294.000   70.000   03.894   171.492
140.000   822.000   292.000   60.000   03.957   171.496
141.000   864.000   275.000   66.000   04.019   171.501
142.000   854.000   262.000   53.000   04.082   171.505
143.000   799.000   270.000   72.000   04.144   171.509
144.000   885.000   285.000   57.000   04.207   171.513
145.000   841.000   274.000   57.000   04.270   171.517
146.000   815.000   289.000   56.000   04.332   171.521
147.000   867.000   250.000   59.000   04.395   171.525
148.000   799.000   275.000   64.000   04.457   171.529
149.000   859.000   277.000   62.000   04.520   171.533
150.000   911.000   254.000   61.000   04.582   171.537
151.000   902.000   269.000   55.000   04.645   171.541
152.000   844.000   282.000   63.000   04.708   171.545
153.000   895.000   234.000   54.000   04.770   171.549
154.000   831.000   256.000   57.000   04.833   171.554
155.000   833.000   281.000   64.000   04.895   171.558
156.000   868.000   279.000   64.000   04.958   171.562
157.000   843.000   253.000   56.000   05.020   171.566
158.000   887.000   270.000   75.000   05.083   171.570
159.000   852.000   270.000   61.000   05.146   171.574
160.000   852.000   243.000   70.000   05.208   171.578
161.000   829.000   229.000   61.000   05.271   171.582
162.000   812.000   267.000   63.000   05.333   171.586
163.000   833.000   263.000   58.000   05.396   171.590
164.000   873.000   268.000   49.000   05.458   171.594
165.000   829.000   260.000   53.000   05.521   171.599
166.000   879.000   287.000   61.000   05.584   171.603
167.000   849.000   268.000   51.000   05.646   171.607
168.000   877.000   281.000   66.000   05.709   171.611
169.000   904.000   269.000   64.000   05.771   171.615
170.000   826.000   248.000   78.000   05.834   171.619
171.000   828.000   281.000   83.000   05.896   171.623
172.000   866.000   268.000   48.000   05.959   171.627
173.000   863.000   259.000   56.000   06.022   171.631
174.000   861.000   264.000   46.000   06.084   171.636
175.000   836.000   272.000   79.000   06.147   171.640
176.000   825.000   251.000   60.000   06.209   171.644
177.000   840.000   259.000   63.000   06.272   171.648
178.000   861.000   246.000   72.000   06.334   171.652
179.000   808.000   258.000   76.000   06.397   171.656
180.000   856.000   302.000   45.000   06.460   171.660
181.000   830.000   279.000   65.000   06.522   171.664
182.000   861.000   243.000   73.000   06.585   171.669
183.000   844.000   263.000   62.000   06.647   171.673
184.000   836.000   283.000   63.000   06.710   171.677
185.000   833.000   243.000   68.000   06.772   171.681
186.000   866.000   272.000   57.000   06.835   171.685
187.000   828.000   281.000   73.000   06.898   171.689
188.000   891.000   259.000   60.000   06.960   171.693
189.000   827.000   247.000   44.000   07.023   171.698
190.000   872.000   296.000   64.000   07.085   171.702
191.000   875.000   250.000   54.000   07.148   171.706
192.000   890.000   284.000   64.000   07.211   171.710
193.000   856.000   260.000   63.000   07.273   171.714
194.000   882.000   282.000   69.000   07.336   171.718
195.000   859.000   255.000   73.000   07.398   171.722
196.000   928.000   246.000   51.000   07.461   171.727
197.000   799.000   277.000   57.000   07.523   171.731
198.000   866.000   247.000   66.000   07.586   171.735
199.000   835.000   261.000   67.000   07.649   171.739
200.000   816.000   243.000   76.000   07.711   171.743
201.000   870.000   267.000   56.000   07.774   171.747
202.000   815.000   261.000   58.000   07.836   171.752
203.000   848.000   275.000   65.000   07.899   171.756
204.000   836.000   260.000   56.000   07.961   171.760
205.000   860.000   272.000   69.000   08.024   171.764
206.000   871.000   286.000   63.000   08.087   171.768
207.000   861.000   315.000   54.000   08.149   171.773
208.000   862.000   264.000   48.000   08.212   171.777
209.000   822.000   235.000   57.000   08.274   171.781
210.000   869.000   266.000   72.000   08.337   171.785
211.000   851.000   278.000   55.000   08.399   171.789
212.000   845.000   260.000   56.000   08.462   171.794
213.000   820.000   267.000   72.000   08.525   171.798
214.000   845.000   279.000   64.000   08.587   171.802
215.000   865.000   272.000   55.000   08.650   171.806
216.000   865.000   267.000   64.000   08.712   171.810
217.000   903.000   265.000   51.000   08.775   171.815
218.000   823.000   304.000   78.000   08.837   171.819
219.000   822.000   256.000   70.000   08.900   171.823
220.000   835.000   268.000   50.000   08.963   171.827
221.000   822.000   266.000   65.000   09.025   171.832
222.000   879.000   282.000   66.000   09.088   171.836
223.000   804.000   247.000   45.000   09.150   171.840
224.000   792.000   250.000   57.000   09.213   171.844
225.000   816.000   272.000   51.000   09.275   171.849
226.000   839.000   286.000   77.000   09.338   171.853
227.000   809.000   258.000   78.000   09.401   171.857
228.000   896.000   296.000   53.000   09.463   171.861
229.000   862.000   285.000   60.000   09.526   171.866
230.000   894.000   259.000   60.000   09.588   171.870
231.000   855.000   255.000   65.000   09.651   171.874
232.000   822.000   267.000   54.000   09.713   171.878
233.000   810.000   279.000   56.000   09.776   171.883
234.000   840.000   243.000   73.000   09.839   171.887
235.000   856.000   270.000   55.000   09.901   171.891
236.000   890.000   303.000   60.000   09.964   171.895
237.000   859.000   259.000   75.000   10.026   171.900
238.000   877.000   268.000   57.000   10.089   171.904
239.000   833.000   273.000   68.000   10.151   171.908
240.000   868.000   258.000   60.000   10.214   171.913
241.000   867.000   269.000   58.000   10.277   171.917
242.000   949.000   313.000   58.000   10.339   171.921
243.000   775.000   295.000   79.000   10.402   171.925
244.000   877.000   247.000   60.000   10.464   171.930
245.000   934.000   249.000   70.000   10.527   171.934
246.000   866.000   262.000   65.000   10.589   171.938
247.000   854.000   260.000   68.000   10.652   171.943
248.000   882.000   250.000   74.000   10.715   171.947
249.000   854.000   286.000   68.000   10.777   171.951
250.000   838.000   281.000   61.000   10.840   171.956
251.000   874.000   269.000   65.000   10.902   171.960
252.000   829.000   264.000   60.000   10.965   171.964
253.000   846.000   267.000   77.000   11.027   171.969
254.000   950.000   270.000   59.000   11.090   171.973
255.000   844.000   286.000   75.000   11.153   171.977
256.000   830.000   264.000   65.000   11.215   171.982
257.000   818.000   240.000   57.000   11.278   171.986
258.000   847.000   262.000   59.000   11.340   171.990
259.000   863.000   272.000   61.000   11.403   171.995
260.000   816.000   264.000   61.000   11.465   171.999
261.000   838.000   286.000   71.000   11.528   172.003
262.000   823.000   251.000   56.000   11.591   172.008
263.000   861.000   272.000   63.000   11.653   172.012
264.000   796.000   286.000   69.000   11.716   172.017
265.000   893.000   267.000   66.000   11.778   172.021
266.000   862.000   277.000   57.000   11.841   172.025
267.000   897.000   275.000   77.000   11.903   172.030
268.000   860.000   271.000   62.000   11.966   172.034
269.000   834.000   299.000   47.000   12.029   172.039
270.000   810.000   237.000   65.000   12.091   172.043
271.000   870.000   285.000   54.000   12.154   172.047
272.000   851.000   288.000   62.000   12.216   172.052
273.000   825.000   235.000   79.000   12.279   172.056
274.000   910.000   277.000   66.000   12.341   172.061
275.000   828.000   269.000   49.000   12.404   172.065
276.000   893.000   287.000   66.000   12.466   172.069
277.000   843.000   283.000   58.000   12.529   172.074
278.000   872.000   245.000   58.000   12.592   172.078
279.000   843.000   252.000   61.000   12.654   172.083
280.000   799.000   259.000   53.000   12.717   172.087
281.000   821.000   261.000   76.000   12.779   172.092
282.000   834.000   295.000   66.000   12.842   172.096
283.000   877.000   281.000   63.000   12.904   172.101
284.000   840.000   254.000   63.000   12.967   172.105
285.000   892.000   294.000   57.000   13.030   172.109
286.000   832.000   249.000   70.000   13.092   172.114
287.000   861.000   269.000   66.000   13.155   172.118
288.000   839.000   262.000   52.000   13.217   172.123
289.000   829.000   268.000   56.000   13.280   172.127
290.000   878.000   281.000   61.000   13.342   172.132
291.000   916.000   256.000   63.000   13.405   172.136
292.000   835.000   254.000   62.000   13.467   172.141
293.000   819.000   292.000   62.000   13.530   172.145
294.000   848.000   274.000   55.000   13.593   172.150
295.000   870.000   263.000   56.000   13.655   172.154
296.000   904.000   255.000   59.000   13.718   172.159
297.000   877.000   281.000   47.000   13.780   172.163
298.000   852.000   294.000   66.000   13.843   172.168
299.000   873.000   289.000   49.000   13.905   172.172
300.000   814.000   274.000   61.000   13.968   172.177
301.000   842.000   280.000   65.000   14.031   172.182
302.000   856.000   302.000   71.000   14.093   172.186
303.000   856.000   273.000   66.000   14.156   172.191
304.000   817.000   271.000   51.000   14.218   172.195
305.000   833.000   293.000   58.000   14.281   172.200
306.000   832.000   256.000   62.000   14.343   172.204
307.000   835.000   271.000   62.000   14.406   172.209
308.000   840.000   255.000   70.000   14.468   172.213
309.000   834.000   265.000   76.000   14.531   172.218
310.000   864.000   263.000   52.000   14.594   172.223
311.000   831.000   254.000   63.000   14.656   172.227
312.000   887.000   229.000   75.000   14.719   172.232
313.000   894.000   259.000   60.000   14.781   172.236
314.000   891.000   267.000   75.000   14.844   172.241
315.000   928.000   277.000   70.000   14.906   172.246
316.000   838.000   270.000   59.000   14.969   172.250
317.000   867.000   278.000   64.000   15.031   172.255
318.000   841.000   240.000   51.000   15.094   172.259
319.000   881.000   262.000   59.000   15.156   172.264
320.000   850.000   258.000   61.000   15.219   172.269
321.000   878.000   291.000   73.000   15.282   172.273
322.000   835.000   262.000   59.000   15.344   172.278
323.000   824.000   249.000   59.000   15.407   172.283
324.000   831.000   274.000   80.000   15.469   172.287
325.000   857.000   266.000   66.000   15.532   172.292
326.000   850.000   250.000   66.000   15.594   172.297
327.000   882.000   260.000   54.000   15.657   172.301
328.000   864.000   285.000   59.000   15.719   172.306
329.000   857.000   294.000   63.000   15.782   172.311
330.000   876.000   260.000   71.000   15.845   172.315
331.000   866.000   273.000   54.000   15.907   172.320
332.000   850.000   258.000   68.000   15.970   172.325
333.000   879.000   273.000   47.000   16.032   172.329
334.000   872.000   244.000   69.000   16.095   172.334
335.000   835.000   287.000   68.000   16.157   172.339
336.000   817.000   267.000   66.000   16.220   172.343
337.000   845.000   245.000   80.000   16.282   172.348
338.000   796.000   253.000   62.000   16.345   172.353
339.000   830.000   279.000   70.000   16.407   172.358
340.000   833.000   239.000   60.000   16.470   172.362
341.000   776.000   262.000   55.000   16.532   172.367
342.000   818.000   300.000   69.000   16.595   172.372
343.000   834.000   251.000   58.000   16.658   172.377
344.000   834.000   266.000   63.000   16.720   172.381
345.000   819.000   256.000   57.000   16.783   172.386
346.000   829.000   284.000   66.000   16.845   172.391
347.000   776.000   287.000   60.000   16.908   172.396
348.000   837.000   267.000   57.000   16.970   172.401
349.000   804.000   289.000   73.000   17.033   172.405
350.000   840.000   276.000   53.000   17.095   172.410
351.000   892.000   271.000   65.000   17.158   172.415
352.000   817.000   258.000   68.000   17.220   172.420
353.000   819.000   257.000   58.000   17.283   172.425
354.000   876.000   246.000   64.000   17.345   172.429
355.000   819.000   288.000   71.000   17.408   172.434
356.000   893.000   292.000   62.000   17.471   172.439
357.000   810.000   257.000   66.000   17.533   172.444
358.000   881.000   254.000   76.000   17.596   172.449
359.000   827.000   268.000   65.000   17.658   172.454
360.000   824.000   251.000   64.000   17.721   172.458
361.000   852.000   247.000   63.000   17.783   172.463
362.000   823.000   257.000   67.000   17.846   172.468
363.000   839.000   264.000   58.000   17.908   172.473
364.000   814.000   254.000   74.000   17.971   172.478
365.000   785.000   271.000   75.000   18.033   172.483
366.000   811.000   276.000   64.000   18.096   172.488
367.000   827.000   280.000   62.000   18.158   172.493
368.000   839.000   275.000   68.000   18.221   172.498
369.000   864.000   250.000   57.000   18.283   172.503
370.000   784.000   273.000   52.000   18.346   172.507
371.000   771.000   272.000   60.000   18.408   172.512
372.000   818.000   268.000   66.000   18.471   172.517
373.000   805.000   269.000   78.000   18.534   172.522
374.000   844.000   267.000   65.000   18.596   172.527
375.000   863.000   262.000   64.000   18.659   172.532
376.000   819.000   253.000   55.000   18.721   172.537
377.000   804.000   263.000   62.000   18.784   172.542
378.000   844.000   282.000   64.000   18.846   172.547
379.000   865.000   273.000   48.000   18.909   172.552
380.000   835.000   288.000   60.000   18.971   172.557
381.000   881.000   258.000   75.000   19.034   172.562
382.000   816.000   248.000   68.000   19.096   172.567
383.000   782.000   269.000   56.000   19.159   172.572
384.000   878.000   281.000   61.000   19.221   172.577
385.000   800.000   256.000   68.000   19.284   172.582
386.000   872.000   247.000   62.000   19.346   172.587
387.000   854.000   258.000   58.000   19.409   172.592
388.000   850.000   244.000   56.000   19.471   172.597
389.000   826.000   252.000   67.000   19.534   172.602
390.000   863.000   273.000   64.000   19.596   172.607
391.000   838.000   281.000   50.000   19.659   172.612
392.000   838.000   267.000   62.000   19.721   172.618
393.000   791.000   263.000   46.000   19.784   172.623
394.000   809.000   263.000   51.000   19.846   172.628
395.000   793.000   266.000   72.000   19.909   172.633
396.000   824.000   255.000   78.000   19.971   172.638
397.000   832.000   275.000   70.000   20.034   172.643
398.000   868.000   260.000   60.000   20.096   172.648
399.000   847.000   288.000   51.000   20.159   172.653
400.000   821.000   288.000   68.000   20.221   172.658
401.000   853.000   268.000   70.000   20.284   172.664
402.000   873.000   264.000   70.000   20.346   172.669
403.000   833.000   264.000   66.000   20.409   172.674
404.000   840.000   261.000   64.000   20.471   172.679
405.000   852.000   256.000   71.000   20.534   172.684
406.000   844.000   247.000   67.000   20.596   172.689
407.000   898.000   268.000   66.000   20.659   172.695
408.000   847.000   275.000   81.000   20.721   172.700
409.000   804.000   257.000   57.000   20.784   172.705
410.000   834.000   277.000   56.000   20.846   172.710
411.000   819.000   286.000   73.000   20.909   172.715
412.000   831.000   312.000   55.000   20.971   172.721
413.000   833.000   255.000   55.000   21.034   172.726
414.000   832.000   272.000   50.000   21.096   172.731
415.000   800.000   246.000   63.000   21.159   172.736
416.000   836.000   262.000   67.000   21.221   172.742
417.000   825.000   270.000   55.000   21.284   172.747
418.000   847.000   246.000   57.000   21.346   172.752
419.000   871.000   259.000   62.000   21.409   172.757
420.000   778.000   260.000   71.000   21.471   172.763
421.000   785.000   286.000   62.000   21.534   172.768
422.000   825.000   279.000   99.000   21.596   172.773
423.000   808.000   293.000   64.000   21.659   172.779
424.000   877.000   269.000   71.000   21.721   172.784
425.000   792.000   271.000   62.000   21.784   172.789
426.000   837.000   252.000   60.000   21.846   172.795
427.000   865.000   265.000   72.000   21.909   172.800
428.000   781.000   279.000   68.000   21.971   172.805
429.000   804.000   275.000   43.000   22.034   172.811
430.000   807.000   262.000   65.000   22.096   172.816
431.000   814.000   256.000   83.000   22.159   172.821
432.000   858.000   248.000   69.000   22.221   172.827
433.000   836.000   270.000   58.000   22.284   172.832
434.000   840.000   262.000   53.000   22.346   172.838
435.000   842.000   265.000   68.000   22.409   172.843
436.000   830.000   277.000   56.000   22.471   172.849
437.000   879.000   260.000   68.000   22.534   172.854
438.000   832.000   267.000   60.000   22.596   172.859
439.000   869.000   281.000   61.000   22.659   172.865
440.000   848.000   258.000   61.000   22.721   172.870
441.000   781.000   265.000   58.000   22.784   172.876
442.000   785.000   263.000   76.000   22.846   172.881
443.000   785.000   259.000   73.000   22.909   172.887
444.000   852.000   262.000   63.000   22.971   172.892
445.000   848.000   257.000   59.000   23.033   172.898
446.000   817.000   281.000   66.000   23.096   172.903
447.000   832.000   250.000   73.000   23.158   172.909
448.000   817.000   253.000   68.000   23.221   172.914
449.000   825.000   248.000   63.000   23.283   172.920
450.000   825.000   275.000   60.000   23.346   172.925
451.000   801.000   277.000   65.000   23.408   172.931
452.000   806.000   269.000   53.000   23.471   172.937
453.000   867.000   289.000   67.000   23.533   172.942
454.000   805.000   279.000   46.000   23.596   172.948
455.000   839.000   275.000   78.000   23.658   172.953
456.000   855.000   253.000   73.000   23.721   172.959
457.000   805.000   264.000   77.000   23.783   172.964
458.000   798.000   266.000   80.000   23.845   172.970
459.000   876.000   251.000   46.000   23.908   172.976
460.000   835.000   269.000   57.000   23.970   172.981
461.000   834.000   308.000   70.000   24.033   172.987
462.000   846.000   285.000   59.000   24.095   172.993
463.000   820.000   247.000   62.000   24.158   172.998
464.000   878.000   258.000   74.000   24.220   173.004
465.000   813.000   242.000   65.000   24.283   173.010
466.000   827.000   289.000   73.000   24.345   173.015
467.000   880.000   288.000   68.000   24.408   173.021
468.000   837.000   259.000   68.000   24.470   173.027
469.000   842.000   242.000   59.000   24.532   173.033
470.000   865.000   282.000   66.000   24.595   173.038
471.000   849.000   271.000   69.000   24.657   173.044
472.000   763.000   249.000   67.000   24.720   173.050
473.000   847.000   269.000   59.000   24.782   173.056
474.000   880.000   300.000   72.000   24.845   173.061
475.000   868.000   284.000   54.000   24.907   173.067
476.000   834.000   295.000   64.000   24.970   173.073
477.000   867.000   278.000   67.000   25.032   173.079
478.000   870.000   255.000   73.000   25.095   173.085
479.000   867.000   268.000   45.000   25.157   173.090
480.000   792.000   237.000   62.000   25.219   173.096
481.000   861.000   289.000   73.000   25.282   173.102
482.000   814.000   298.000   57.000   25.344   173.108
483.000   808.000   304.000   68.000   25.407   173.114
484.000   847.000   285.000   55.000   25.469   173.120
485.000   856.000   286.000   71.000   25.532   173.126
486.000   861.000   252.000   69.000   25.594   173.132
487.000   852.000   302.000   59.000   25.656   173.137
488.000   857.000   317.000   70.000   25.719   173.143
489.000   849.000   275.000   75.000   25.781   173.149
490.000   793.000   248.000   72.000   25.844   173.155
491.000   824.000   284.000   71.000   25.906   173.161
492.000   810.000   292.000   77.000   25.969   173.167
493.000   856.000   266.000   60.000   26.031   173.173
494.000   792.000   272.000   74.000   26.093   173.179
495.000   820.000   274.000   64.000   26.156   173.185
496.000   829.000   267.000   63.000   26.218   173.191
497.000   848.000   271.000   67.000   26.281   173.197
498.000   844.000   290.000   61.000   26.343   173.203
499.000   870.000   295.000   74.000   26.406   173.209
500.000   815.000   287.000   53.000   26.468   173.215
501.000   852.000   259.000   55.000   26.530   173.221
502.000   840.000   286.000   58.000   26.593   173.227
503.000   836.000   276.000   70.000   26.655   173.233
504.000   826.000   268.000   68.000   26.718   173.240
505.000   812.000   254.000   63.000   26.780   173.246
506.000   882.000   289.000   74.000   26.842   173.252
507.000   853.000   300.000   75.000   26.905   173.258
508.000   794.000   266.000   62.000   26.967   173.264
509.000   797.000   248.000   58.000   27.030   173.270
510.000   878.000   255.000   70.000   27.092   173.276
511.000   779.000   266.000   61.000   27.154   173.283
512.000   827.000   298.000   78.000   27.217   173.289
513.000   804.000   276.000   64.000   27.279   173.295
514.000   826.000   275.000   71.000   27.342   173.301
515.000   815.000   307.000   67.000   27.404   173.307
516.000   838.000   248.000   66.000   27.466   173.314
517.000   819.000   284.000   72.000   27.529   173.320
518.000   823.000   269.000   55.000   27.591   173.326
519.000   823.000   306.000   80.000   27.654   173.332
520.000   809.000   279.000   67.000   27.716   173.339
521.000   862.000   246.000   64.000   27.778   173.345
522.000   826.000   257.000   68.000   27.841   173.351
523.000   842.000   264.000   58.000   27.903   173.358
524.000   771.000   277.000   71.000   27.966   173.364
525.000   842.000   264.000   73.000   28.028   173.370
526.000   822.000   283.000   61.000   28.090   173.377
527.000   747.000   289.000   81.000   28.153   173.383
528.000   844.000   265.000   72.000   28.215   173.389
529.000   866.000   249.000   67.000   28.278   173.396
530.000   864.000   278.000   71.000   28.340   173.402
531.000   810.000   263.000   60.000   28.402   173.409
532.000   888.000   267.000   47.000   28.465   173.415
533.000   817.000   251.000   70.000   28.527   173.421
534.000   821.000   268.000   58.000   28.590   173.428
535.000   839.000   264.000   71.000   28.652   173.434
536.000   783.000   284.000   67.000   28.714   173.441
537.000   832.000   268.000   51.000   28.777   173.447
538.000   823.000   262.000   75.000   28.839   173.454
539.000   800.000   259.000   67.000   28.901   173.460
540.000   831.000   282.000   78.000   28.964   173.467
541.000   837.000   268.000   71.000   29.026   173.473
542.000   859.000   315.000   56.000   29.089   173.480
543.000   821.000   276.000   67.000   29.151   173.486
544.000   864.000   247.000   70.000   29.213   173.493
545.000   810.000   287.000   84.000   29.276   173.500
546.000   845.000   276.000   52.000   29.338   173.506
547.000   845.000   310.000   68.000   29.400   173.513
548.000   834.000   270.000   70.000   29.463   173.519
549.000   850.000   302.000   70.000   29.525   173.526
550.000   868.000   282.000   76.000   29.587   173.533
551.000   823.000   292.000   67.000   29.650   173.539
552.000   837.000   259.000   73.000   29.712   173.546
553.000   838.000   283.000   62.000   29.774   173.553
554.000   847.000   276.000   73.000   29.837   173.560
555.000   867.000   283.000   75.000   29.899   173.566
556.000   817.000   290.000   69.000   29.962   173.573
557.000   861.000   300.000   71.000   30.024   173.580
558.000   837.000   277.000   60.000   30.086   173.587
559.000   830.000   273.000   57.000   30.149   173.593
560.000   774.000   262.000   65.000   30.211   173.600
561.000   837.000   284.000   75.000   30.273   173.607
562.000   778.000   279.000   66.000   30.336   173.614
563.000   782.000   264.000   62.000   30.398   173.621
564.000   836.000   273.000   79.000   30.460   173.627
565.000   832.000   296.000   65.000   30.523   173.634
566.000   868.000   268.000   60.000   30.585   173.641
567.000   921.000   284.000   65.000   30.647   173.648
568.000   827.000   268.000   73.000   30.710   173.655
569.000   833.000   263.000   67.000   30.772   173.662
570.000   831.000   271.000   68.000   30.834   173.669
571.000   865.000   278.000   76.000   30.897   173.676
572.000   824.000   295.000   73.000   30.959   173.683
573.000   819.000   304.000   55.000   31.021   173.690
574.000   788.000   295.000   73.000   31.084   173.697
575.000   822.000   290.000   74.000   31.146   173.704
576.000   843.000   242.000   75.000   31.208   173.711
577.000   841.000   273.000   78.000   31.271   173.718
578.000   848.000   306.000   63.000   31.333   173.725
579.000   824.000   280.000   66.000   31.395   173.732
580.000   837.000   268.000   76.000   31.458   173.739
581.000   809.000   265.000   73.000   31.520   173.746
582.000   893.000   299.000   63.000   31.582   173.753
583.000   844.000   272.000   61.000   31.645   173.760
584.000   814.000   295.000   76.000   31.707   173.767
585.000   776.000   304.000   79.000   31.769   173.775
586.000   802.000   287.000   73.000   31.831   173.782
587.000   801.000   304.000   67.000   31.894   173.789
588.000   870.000   276.000   61.000   31.956   173.796
589.000   820.000   301.000   81.000   32.018   173.803
590.000   843.000   290.000   57.000   32.081   173.811
591.000   812.000   258.000   66.000   32.143   173.818
592.000   813.000   296.000   78.000   32.205   173.825
593.000   835.000   288.000   64.000   32.268   173.832
594.000   804.000   283.000   81.000   32.330   173.840
595.000   846.000   265.000   76.000   32.392   173.847
596.000   812.000   249.000   78.000   32.454   173.854
597.000   827.000   254.000   87.000   32.517   173.862
598.000   828.000   288.000   85.000   32.579   173.869
599.000   831.000   303.000   71.000   32.641   173.876
600.000   819.000   252.000   58.000   32.704   173.884
601.000   840.000   290.000   60.000   32.766   173.891
602.000   803.000   282.000   54.000   32.828   173.899
603.000   862.000   305.000   65.000   32.891   173.906
604.000   784.000   266.000   81.000   32.953   173.914
605.000   801.000   267.000   78.000   33.015   173.921
606.000   801.000   288.000   81.000   33.077   173.928
607.000   768.000   270.000   65.000   33.140   173.936
608.000   849.000   284.000   62.000   33.202   173.944
609.000   851.000   272.000   64.000   33.264   173.951
610.000   829.000   297.000   81.000   33.326   173.959
611.000   799.000   302.000   65.000   33.389   173.966
612.000   830.000   260.000   69.000   33.451   173.974
613.000   844.000   239.000   68.000   33.513   173.981
614.000   847.000   281.000   64.000   33.576   173.989
615.000   829.000   310.000   56.000   33.638   173.997
616.000   836.000   279.000   66.000   33.700   174.004
617.000   857.000   316.000   86.000   33.762   174.012
618.000   813.000   288.000   73.000   33.825   174.020
619.000   774.000   286.000   77.000   33.887   174.027
620.000   866.000   263.000   84.000   33.949   174.035
621.000   861.000   272.000   61.000   34.011   174.043
622.000   814.000   284.000   75.000   34.074   174.051
623.000   839.000   284.000   80.000   34.136   174.058
624.000   845.000   273.000   86.000   34.198   174.066
625.000   777.000   308.000   71.000   34.260   174.074
626.000   826.000   313.000   90.000   34.323   174.082
627.000   780.000   290.000   67.000   34.385   174.090
628.000   836.000   303.000   59.000   34.447   174.098
629.000   844.000   274.000   76.000   34.509   174.105
630.000   855.000   300.000   64.000   34.572   174.113
631.000   803.000   285.000   62.000   34.634   174.121
632.000   826.000   267.000   82.000   34.696   174.129
633.000   813.000   260.000   60.000   34.758   174.137
634.000   789.000   279.000   74.000   34.821   174.145
635.000   831.000   266.000   69.000   34.883   174.153
636.000   822.000   270.000   69.000   34.945   174.161
637.000   796.000   310.000   82.000   35.007   174.169
638.000   857.000   303.000   72.000   35.069   174.177
639.000   849.000   316.000   68.000   35.132   174.185
640.000   868.000   284.000   67.000   35.194   174.193
641.000   859.000   342.000   75.000   35.256   174.201
642.000   860.000   264.000   76.000   35.318   174.210
643.000   836.000   300.000   69.000   35.381   174.218
644.000   862.000   294.000   72.000   35.443   174.226
645.000   813.000   296.000   66.000   35.505   174.234
646.000   861.000   287.000   66.000   35.567   174.242
647.000   812.000   301.000   69.000   35.629   174.250
648.000   812.000   342.000   71.000   35.692   174.259
649.000   856.000   284.000   77.000   35.754   174.267
650.000   857.000   322.000   86.000   35.816   174.275
651.000   854.000   280.000   102.000   35.878   174.283
652.000   772.000   300.000   77.000   35.940   174.292
653.000   849.000   290.000   61.000   36.003   174.300
654.000   860.000   307.000   65.000   36.065   174.308
655.000   812.000   291.000   85.000   36.127   174.317
656.000   854.000   296.000   98.000   36.189   174.325
657.000   867.000   270.000   78.000   36.251   174.334
658.000   858.000   281.000   76.000   36.314   174.342
659.000   776.000   303.000   68.000   36.376   174.351
660.000   864.000   304.000   85.000   36.438   174.359
661.000   847.000   276.000   81.000   36.500   174.367
662.000   879.000   298.000   76.000   36.562   174.376
663.000   827.000   335.000   72.000   36.625   174.385
664.000   869.000   326.000   83.000   36.687   174.393
665.000   762.000   288.000   84.000   36.749   174.402
666.000   795.000   300.000   75.000   36.811   174.410
667.000   823.000   271.000   70.000   36.873   174.419
668.000   815.000   361.000   71.000   36.935   174.428
669.000   837.000   317.000   74.000   36.998   174.436
670.000   825.000   306.000   79.000   37.060   174.445
671.000   858.000   301.000   80.000   37.122   174.454
672.000   899.000   317.000   58.000   37.184   174.462
673.000   811.000   297.000   81.000   37.246   174.471
674.000   816.000   288.000   83.000   37.308   174.480
675.000   917.000   300.000   76.000   37.371   174.489
676.000   805.000   302.000   73.000   37.433   174.497
677.000   872.000   325.000   75.000   37.495   174.506
678.000   871.000   287.000   77.000   37.557   174.515
679.000   782.000   291.000   74.000   37.619   174.524
680.000   876.000   320.000   76.000   37.681   174.533
681.000   832.000   325.000   76.000   37.744   174.542
682.000   870.000   272.000   71.000   37.806   174.551
683.000   881.000   299.000   79.000   37.868   174.560
684.000   803.000   307.000   80.000   37.930   174.569
685.000   843.000   311.000   93.000   37.992   174.578
686.000   861.000   313.000   93.000   38.054   174.587
687.000   868.000   286.000   68.000   38.116   174.596
688.000   866.000   308.000   75.000   38.178   174.605
689.000   830.000   307.000   74.000   38.241   174.614
690.000   896.000   311.000   60.000   38.303   174.623
691.000   871.000   312.000   68.000   38.365   174.632
692.000   843.000   303.000   71.000   38.427   174.641
693.000   820.000   289.000   84.000   38.489   174.650
694.000   845.000   305.000   67.000   38.551   174.660
695.000   855.000   312.000   74.000   38.613   174.669
696.000   885.000   297.000   77.000   38.675   174.678
697.000   930.000   317.000   71.000   38.738   174.687
698.000   820.000   316.000   97.000   38.800   174.697
699.000   877.000   309.000   61.000   38.862   174.706
700.000   809.000   327.000   75.000   38.924   174.715
701.000   811.000   324.000   82.000   38.986   174.725
702.000   818.000   307.000   74.000   39.048   174.734
703.000   804.000   282.000   92.000   39.110   174.743
704.000   805.000   292.000   84.000   39.172   174.753
705.000   881.000   340.000   75.000   39.234   174.762
706.000   771.000   291.000   82.000   39.297   174.772
707.000   875.000   282.000   77.000   39.359   174.781
708.000   850.000   274.000   75.000   39.421   174.791
709.000   877.000   318.000   79.000   39.483   174.800
710.000   808.000   288.000   66.000   39.545   174.810
711.000   859.000   297.000   79.000   39.607   174.820
712.000   837.000   312.000   75.000   39.669   174.829
713.000   878.000   317.000   89.000   39.731   174.839
714.000   768.000   303.000   78.000   39.793   174.849
715.000   859.000   287.000   74.000   39.855   174.858
716.000   839.000   270.000   76.000   39.917   174.868
717.000   846.000   318.000   74.000   39.979   174.878
718.000   823.000   299.000   82.000   40.042   174.888
719.000   854.000   338.000   75.000   40.104   174.897
720.000   860.000   332.000   66.000   40.166   174.907
721.000   870.000   318.000   89.000   40.228   174.917
722.000   773.000   322.000   77.000   40.290   174.927
723.000   823.000   296.000   77.000   40.352   174.937
724.000   856.000   265.000   74.000   40.414   174.947
725.000   876.000   295.000   84.000   40.476   174.957
726.000   859.000   305.000   81.000   40.538   174.967
727.000   894.000   313.000   85.000   40.600   174.977
728.000   869.000   308.000   75.000   40.662   174.987
729.000   858.000   337.000   75.000   40.724   174.997
730.000   837.000   316.000   89.000   40.786   175.007
731.000   857.000   324.000   78.000   40.848   175.017
732.000   824.000   331.000   81.000   40.910   175.027
733.000   872.000   287.000   75.000   40.972   175.038
734.000   856.000   316.000   60.000   41.034   175.048
735.000   829.000   310.000   93.000   41.096   175.058
736.000   787.000   307.000   79.000   41.158   175.068
737.000   863.000   323.000   75.000   41.220   175.078
738.000   829.000   318.000   80.000   41.282   175.089
739.000   865.000   344.000   81.000   41.344   175.099
740.000   813.000   311.000   78.000   41.406   175.109
741.000   835.000   331.000   78.000   41.468   175.120
742.000   877.000   310.000   85.000   41.531   175.130
743.000   866.000   320.000   85.000   41.593   175.141
744.000   896.000   295.000   66.000   41.655   175.151
745.000   825.000   323.000   92.000   41.717   175.162
746.000   867.000   332.000   78.000   41.779   175.172
747.000   826.000   308.000   77.000   41.841   175.183
748.000   874.000   316.000   72.000   41.903   175.193
749.000   837.000   317.000   75.000   41.965   175.204
750.000   822.000   326.000   80.000   42.027   175.215
751.000   858.000   283.000   98.000   42.089   175.225
752.000   817.000   307.000   95.000   42.151   175.236
753.000   838.000   337.000   80.000   42.213   175.247
754.000   835.000   323.000   69.000   42.274   175.258
755.000   846.000   312.000   79.000   42.336   175.268
756.000   822.000   349.000   100.000   42.398   175.279
757.000   850.000   335.000   78.000   42.460   175.290
758.000   913.000   311.000   77.000   42.522   175.301
759.000   829.000   356.000   84.000   42.584   175.312
760.000   818.000   333.000   77.000   42.646   175.323
761.000   845.000   325.000   77.000   42.708   175.334
762.000   787.000   304.000   83.000   42.770   175.345
763.000   842.000   309.000   78.000   42.832   175.356
764.000   815.000   313.000   70.000   42.894   175.367
765.000   867.000   306.000   74.000   42.956   175.378
766.000   846.000   323.000   81.000   43.018   175.389
767.000   890.000   355.000   82.000   43.080   175.400
768.000   846.000   337.000   88.000   43.142   175.411
769.000   829.000   351.000   73.000   43.204   175.423
770.000   870.000   314.000   95.000   43.266   175.434
771.000   890.000   319.000   98.000   43.328   175.445
772.000   842.000   305.000   79.000   43.390   175.456
773.000   861.000   329.000   70.000   43.452   175.468
774.000   886.000   313.000   109.000   43.514   175.479
775.000   856.000   325.000   74.000   43.576   175.491
776.000   872.000   348.000   77.000   43.637   175.502
777.000   885.000   314.000   65.000   43.699   175.513
778.000   868.000   349.000   81.000   43.761   175.525
779.000   857.000   337.000   79.000   43.823   175.536
780.000   821.000   329.000   83.000   43.885   175.548
781.000   851.000   339.000   78.000   43.947   175.560
782.000   910.000   368.000   73.000   44.009   175.571
783.000   829.000   339.000   82.000   44.071   175.583
784.000   850.000   339.000   82.000   44.133   175.595
785.000   819.000   322.000   103.000   44.195   175.606
786.000   868.000   340.000   83.000   44.257   175.618
787.000   802.000   328.000   91.000   44.319   175.630
788.000   887.000   310.000   93.000   44.380   175.642
789.000   904.000   334.000   73.000   44.442   175.654
790.000   856.000   327.000   105.000   44.504   175.666
791.000   808.000   326.000   96.000   44.566   175.677
792.000   842.000   361.000   86.000   44.628   175.689
793.000   865.000   349.000   83.000   44.690   175.701
794.000   910.000   307.000   85.000   44.752   175.713
795.000   826.000   346.000   84.000   44.814   175.726
796.000   859.000   310.000   86.000   44.875   175.738
797.000   899.000   341.000   88.000   44.937   175.750
798.000   854.000   338.000   85.000   44.999   175.762
799.000   893.000   344.000   91.000   45.061   175.774
800.000   818.000   379.000   86.000   45.123   175.786
801.000   835.000   332.000   79.000   45.185   175.799
802.000   815.000   340.000   107.000   45.247   175.811
803.000   878.000   322.000   87.000   45.308   175.823
804.000   882.000   389.000   86.000   45.370   175.836
805.000   834.000   301.000   86.000   45.432   175.848
806.000   819.000   343.000   91.000   45.494   175.861
807.000   839.000   330.000   83.000   45.556   175.873
808.000   846.000   315.000   97.000   45.618   175.886
809.000   838.000   332.000   83.000   45.679   175.898
810.000   860.000   352.000   102.000   45.741   175.911
811.000   748.000   372.000   107.000   45.803   175.923
812.000   847.000   340.000   100.000   45.865   175.936
813.000   857.000   320.000   70.000   45.927   175.949
814.000   856.000   330.000   63.000   45.989   175.962
815.000   884.000   369.000   94.000   46.050   175.974
816.000   888.000   359.000   84.000   46.112   175.987
817.000   857.000   370.000   86.000   46.174   176.000
818.000   861.000   361.000   109.000   46.236   176.013
819.000   851.000   329.000   89.000   46.298   176.026
820.000   786.000   334.000   89.000   46.359   176.039
821.000   863.000   358.000   94.000   46.421   176.052
822.000   891.000   314.000   96.000   46.483   176.065
823.000   856.000   337.000   90.000   46.545   176.078
824.000   868.000   379.000   79.000   46.607   176.091
825.000   807.000   339.000   97.000   46.668   176.104
826.000   817.000   346.000   85.000   46.730   176.118
827.000   860.000   364.000   81.000   46.792   176.131
828.000   847.000   368.000   115.000   46.854   176.144
829.000   859.000   363.000   99.000   46.915   176.158
830.000   864.000   365.000   70.000   46.977   176.171
831.000   927.000   334.000   83.000   47.039   176.184
832.000   816.000   323.000   111.000   47.101   176.198
833.000   820.000   365.000   84.000   47.163   176.211
834.000   840.000   373.000   101.000   47.224   176.225
835.000   894.000   358.000   88.000   47.286   176.239
836.000   888.000   305.000   93.000   47.348   176.252
837.000   920.000   338.000   100.000   47.410   176.266
838.000   857.000   372.000   92.000   47.471   176.280
839.000   908.000   366.000   83.000   47.533   176.293
840.000   872.000   348.000   88.000   47.595   176.307
841.000   874.000   364.000   101.000   47.656   176.321
842.000   886.000   320.000   103.000   47.718   176.335
843.000   838.000   358.000   105.000   47.780   176.349
844.000   845.000   348.000   99.000   47.842   176.363
845.000   870.000   364.000   86.000   47.903   176.377
846.000   880.000   374.000   102.000   47.965   176.391
847.000   876.000   385.000   122.000   48.027   176.405
848.000   821.000   351.000   95.000   48.088   176.419
849.000   867.000   369.000   99.000   48.150   176.433
850.000   804.000   361.000   93.000   48.212   176.447
851.000   907.000   344.000   100.000   48.274   176.462
852.000   858.000   365.000   97.000   48.335   176.476
853.000   848.000   372.000   99.000   48.397   176.490
854.000   858.000   377.000   91.000   48.459   176.505
855.000   895.000   333.000   97.000   48.520   176.519
856.000   883.000   372.000   97.000   48.582   176.534
857.000   862.000   397.000   76.000   48.644   176.548
858.000   851.000   368.000   82.000   48.705   176.563
859.000   852.000   359.000   107.000   48.767   176.577
860.000   827.000   337.000   92.000   48.829   176.592
861.000   882.000   372.000   91.000   48.890   176.607
862.000   876.000   379.000   105.000   48.952   176.622
863.000   856.000   344.000   100.000   49.014   176.636
864.000   836.000   353.000   85.000   49.075   176.651
865.000   901.000   362.000   101.000   49.137   176.666
866.000   892.000   346.000   104.000   49.199   176.681
867.000   878.000   347.000   107.000   49.260   176.696
868.000   871.000   367.000   90.000   49.322   176.711
869.000   836.000   360.000   101.000   49.383   176.726
870.000   896.000   409.000   96.000   49.445   176.741
871.000   852.000   367.000   96.000   49.507   176.757
872.000   898.000   347.000   98.000   49.568   176.772
873.000   890.000   369.000   89.000   49.630   176.787
874.000   904.000   354.000   102.000   49.691   176.803
875.000   888.000   388.000   107.000   49.753   176.818
876.000   947.000   410.000   99.000   49.815   176.833
877.000   853.000   369.000   97.000   49.876   176.849
878.000   836.000   382.000   99.000   49.938   176.864
879.000   841.000   386.000   104.000   49.999   176.880
880.000   838.000   362.000   93.000   50.061   176.896
881.000   832.000   372.000   108.000   50.123   176.911
882.000   914.000   397.000   124.000   50.184   176.927
883.000   934.000   376.000   108.000   50.246   176.943
884.000   873.000   367.000   117.000   50.307   176.959
885.000   846.000   404.000   99.000   50.369   176.975
886.000   861.000   337.000   106.000   50.430   176.991
887.000   882.000   422.000   105.000   50.492   177.007
888.000   898.000   382.000   103.000   50.554   177.023
889.000   858.000   377.000   104.000   50.615   177.039
890.000   884.000   377.000   89.000   50.677   177.055
891.000   839.000   408.000   103.000   50.738   177.071
892.000   890.000   367.000   109.000   50.800   177.087
893.000   869.000   412.000   109.000   50.861   177.104
894.000   889.000   421.000   116.000   50.923   177.120
895.000   918.000   413.000   112.000   50.984   177.137
896.000   892.000   381.000   91.000   51.046   177.153
897.000   844.000   408.000   91.000   51.107   177.170
898.000   840.000   413.000   113.000   51.169   177.186
899.000   947.000   378.000   106.000   51.230   177.203
900.000   891.000   404.000   103.000   51.292   177.220
901.000   906.000   412.000   105.000   51.353   177.236
902.000   925.000   387.000   98.000   51.415   177.253
903.000   888.000   383.000   104.000   51.476   177.270
904.000   871.000   392.000   107.000   51.538   177.287
905.000   914.000   381.000   118.000   51.599   177.304
906.000   911.000   416.000   112.000   51.661   177.321
907.000   911.000   402.000   117.000   51.722   177.338
908.000   872.000   426.000   114.000   51.784   177.355
909.000   900.000   375.000   117.000   51.845   177.372
910.000   872.000   424.000   99.000   51.907   177.390
911.000   882.000   392.000   103.000   51.968   177.407
912.000   876.000   432.000   89.000   52.030   177.424
913.000   930.000   416.000   102.000   52.091   177.442
914.000   894.000   406.000   116.000   52.152   177.459
915.000   930.000   414.000   134.000   52.214   177.477
916.000   885.000   422.000   116.000   52.275   177.495
917.000   898.000   371.000   114.000   52.337   177.512
918.000   901.000   384.000   103.000   52.398   177.530
919.000   892.000   381.000   108.000   52.460   177.548
920.000   931.000   392.000   116.000   52.521   177.566
921.000   966.000   441.000   116.000   52.582   177.584
922.000   932.000   428.000   110.000   52.644   177.602
923.000   878.000   416.000   98.000   52.705   177.620
924.000   953.000   381.000   99.000   52.767   177.638
925.000   906.000   381.000   113.000   52.828   177.656
926.000   977.000   399.000   109.000   52.889   177.674
927.000   946.000   426.000   87.000   52.951   177.693
928.000   951.000   409.000   122.000   53.012   177.711
929.000   1036.000   429.000   102.000   53.073   177.729
930.000   940.000   429.000   108.000   53.135   177.748
931.000   961.000   414.000   101.000   53.196   177.767
932.000   1003.000   423.000   83.000   53.258   177.785
933.000   1029.000   456.000   99.000   53.319   177.804
934.000   1095.000   452.000   100.000   53.380   177.823
935.000   1090.000   418.000   108.000   53.442   177.841
936.000   1092.000   414.000   136.000   53.503   177.860
937.000   1154.000   446.000   104.000   53.564   177.879
938.000   1250.000   405.000   105.000   53.626   177.898
939.000   1329.000   445.000   113.000   53.687   177.918
940.000   1330.000   449.000   112.000   53.748   177.937
941.000   1435.000   452.000   107.000   53.810   177.956
942.000   1473.000   452.000   123.000   53.871   177.975
943.000   1513.000   470.000   129.000   53.932   177.995
944.000   1558.000   462.000   89.000   53.993   178.014
945.000   1623.000   484.000   89.000   54.055   178.034
946.000   1632.000   461.000   118.000   54.116   178.053
947.000   1668.000   450.000   118.000   54.177   178.073
948.000   1693.000   451.000   125.000   54.239   178.093
949.000   1691.000   488.000   117.000   54.300   178.112
950.000   1641.000   456.000   104.000   54.361   178.132
951.000   1656.000   464.000   114.000   54.422   178.152
952.000   1587.000   465.000   112.000   54.484   178.172
953.000   1667.000   491.000   126.000   54.545   178.192
954.000   1598.000   481.000   119.000   54.606   178.212
955.000   1614.000   477.000   129.000   54.667   178.233
956.000   1543.000   483.000   138.000   54.729   178.253
957.000   1528.000   473.000   102.000   54.790   178.273
958.000   1534.000   475.000   131.000   54.851   178.294
959.000   1564.000   477.000   122.000   54.912   178.314
960.000   1651.000   491.000   113.000   54.973   178.335
961.000   1666.000   477.000   113.000   55.035   178.355
962.000   1675.000   470.000   113.000   55.096   178.376
963.000   1737.000   447.000   120.000   55.157   178.397
964.000   1674.000   497.000   124.000   55.218   178.418
965.000   1813.000   484.000   118.000   55.279   178.439
966.000   1804.000   425.000   135.000   55.340   178.460
967.000   1696.000   489.000   133.000   55.402   178.481
968.000   1711.000   456.000   124.000   55.463   178.502
969.000   1677.000   446.000   130.000   55.524   178.524
970.000   1624.000   466.000   114.000   55.585   178.545
971.000   1712.000   480.000   111.000   55.646   178.566
972.000   1590.000   453.000   124.000   55.707   178.588
973.000   1622.000   479.000   115.000   55.769   178.610
974.000   1520.000   444.000   129.000   55.830   178.631
975.000   1653.000   474.000   98.000   55.891   178.653
976.000   1549.000   408.000   104.000   55.952   178.675
977.000   1479.000   452.000   111.000   56.013   178.697
978.000   1509.000   454.000   134.000   56.074   178.719
979.000   1428.000   432.000   122.000   56.135   178.741
980.000   1482.000   484.000   121.000   56.196   178.763
981.000   1412.000   431.000   124.000   56.257   178.785
982.000   1456.000   477.000   118.000   56.318   178.808
983.000   1343.000   438.000   114.000   56.379   178.830
984.000   1346.000   445.000   118.000   56.441   178.853
985.000   1338.000   428.000   111.000   56.502   178.875
986.000   1339.000   475.000   115.000   56.563   178.898
987.000   1277.000   405.000   144.000   56.624   178.921
988.000   1228.000   467.000   123.000   56.685   178.944
989.000   1266.000   420.000   134.000   56.746   178.967
990.000   1282.000   441.000   131.000   56.807   178.990
991.000   1157.000   460.000   112.000   56.868   179.013
992.000   1262.000   435.000   113.000   56.929   179.036
993.000   1265.000   470.000   110.000   56.990   179.059
994.000   1212.000   453.000   126.000   57.051   179.083
995.000   1124.000   441.000   113.000   57.112   179.106
996.000   1209.000   470.000   124.000   57.173   179.130
997.000   1119.000   460.000   108.000   57.234   179.154
998.000   1116.000   452.000   134.000   57.295   179.177
999.000   1096.000   457.000   120.000   57.356   179.201
1000.000   1117.000   448.000   120.000   57.417   179.225
1001.000   1122.000   420.000   128.000   57.478   179.249
1002.000   1135.000   451.000   139.000   57.539   179.273
1003.000   1089.000   437.000   115.000   57.600   179.298
1004.000   1119.000   440.000   141.000   57.660   179.322
1005.000   1068.000   470.000   121.000   57.721   179.346
1006.000   1114.000   469.000   125.000   57.782   179.371
1007.000   1089.000   440.000   116.000   57.843   179.395
1008.000   1073.000   473.000   131.000   57.904   179.420
1009.000   1060.000   434.000   125.000   57.965   179.445
1010.000   1079.000   475.000   144.000   58.026   179.470
1011.000   1032.000   431.000   142.000   58.087   179.495
1012.000   1095.000   466.000   139.000   58.148   179.520
1013.000   989.000   444.000   115.000   58.209   179.545
1014.000   1052.000   494.000   134.000   58.269   179.571
1015.000   1120.000   432.000   133.000   58.330   179.596
1016.000   1066.000   518.000   131.000   58.391   179.621
1017.000   1057.000   456.000   149.000   58.452   179.647
1018.000   1004.000   425.000   140.000   58.513   179.673
1019.000   1085.000   476.000   115.000   58.574   179.699
1020.000   994.000   453.000   114.000   58.634   179.725
1021.000   980.000   420.000   126.000   58.695   179.751
1022.000   968.000   440.000   142.000   58.756   179.777
1023.000   1053.000   453.000   120.000   58.817   179.803
1024.000   1033.000   481.000   122.000   58.878   179.829
1025.000   1063.000   449.000   122.000   58.938   179.856
1026.000   1047.000   448.000   130.000   58.999   179.882
1027.000   1017.000   488.000   121.000   59.060   179.909
1028.000   1008.000   469.000   137.000   59.121   179.936
1029.000   1042.000   472.000   116.000   59.181   179.963
1030.000   1044.000   445.000   161.000   59.242   179.990
1031.000   1009.000   469.000   116.000   59.303   -179.983
1032.000   1022.000   504.000   139.000   59.364   -179.956
1033.000   1021.000   450.000   128.000   59.424   -179.929
1034.000   1098.000   506.000   138.000   59.485   -179.901
1035.000   1010.000   444.000   128.000   59.546   -179.874
1036.000   993.000   494.000   137.000   59.606   -179.846
1037.000   1048.000   468.000   150.000   59.667   -179.818
1038.000   1038.000   455.000   134.000   59.728   -179.790
1039.000   992.000   474.000   160.000   59.788   -179.762
1040.000   1031.000   460.000   141.000   59.849   -179.734
1041.000   928.000   496.000   132.000   59.910   -179.706
1042.000   1019.000   482.000   127.000   59.970   -179.677
1043.000   984.000   472.000   130.000   60.031   -179.649
1044.000   1049.000   489.000   115.000   60.092   -179.620
1045.000   1023.000   520.000   155.000   60.152   -179.591
1046.000   978.000   449.000   142.000   60.213   -179.563
1047.000   996.000   479.000   157.000   60.273   -179.534
1048.000   981.000   473.000   139.000   60.334   -179.505
1049.000   1002.000   485.000   156.000   60.394   -179.475
1050.000   1030.000   490.000   157.000   60.455   -179.446
1051.000   1001.000   539.000   143.000   60.516   -179.416
1052.000   1029.000   511.000   148.000   60.576   -179.387
1053.000   1046.000   504.000   156.000   60.637   -179.357
1054.000   1029.000   520.000   151.000   60.697   -179.327
1055.000   1048.000   541.000   202.000   60.758   -179.297
1056.000   991.000   579.000   160.000   60.818   -179.267
1057.000   1067.000   551.000   167.000   60.879   -179.237
1058.000   1121.000   596.000   184.000   60.939   -179.207
1059.000   1088.000   622.000   206.000   61.000   -179.176
1060.000   1077.000   616.000   245.000   61.060   -179.145
1061.000   1166.000   627.000   228.000   61.121   -179.115
1062.000   1096.000   695.000   235.000   61.181   -179.084
1063.000   1141.000   706.000   260.000   61.242   -179.053
1064.000   1187.000   768.000   304.000   61.302   -179.021
1065.000   1187.000   844.000   301.000   61.362   -178.990
1066.000   1266.000   946.000   326.000   61.423   -178.959
1067.000   1304.000   1005.000   374.000   61.483   -178.927
1068.000   1328.000   1129.000   422.000   61.544   -178.895
1069.000   1426.000   1236.000   484.000   61.604   -178.864
1070.000   1494.000   1260.000   567.000   61.664   -178.832
1071.000   1604.000   1358.000   589.000   61.725   -178.799
1072.000   1641.000   1512.000   677.000   61.785   -178.767
1073.000   1664.000   1744.000   762.000   61.845   -178.735
1074.000   1869.000   1793.000   798.000   61.906   -178.702
1075.000   1836.000   1969.000   910.000   61.966   -178.669
1076.000   2041.000   2069.000   1039.000   62.026   -178.636
1077.000   2026.000   2252.000   1163.000   62.087   -178.603
1078.000   2221.000   2578.000   1237.000   62.147   -178.570
1079.000   2251.000   2704.000   1300.000   62.207   -178.537
1080.000   2291.000   3030.000   1414.000   62.268   -178.504
1081.000   2593.000   3125.000   1545.000   62.328   -178.470
1082.000   2669.000   3567.000   1720.000   62.388   -178.436
1083.000   2829.000   3850.000   1820.000   62.448   -178.402
1084.000   3099.000   4008.000   2015.000   62.509   -178.368
1085.000   3191.000   4375.000   2304.000   62.569   -178.334
1086.000   3417.000   4721.000   2260.000   62.629   -178.300
1087.000   3657.000   5156.000   2541.000   62.689   -178.265
1088.000   3707.000   5366.000   2725.000   62.749   -178.230
1089.000   4011.000   5623.000   2725.000   62.810   -178.195
1090.000   4255.000   5795.000   2885.000   62.870   -178.160
1091.000   4378.000   6114.000   3061.000   62.930   -178.125
1092.000   4552.000   6510.000   3278.000   62.990   -178.090
1093.000   4602.000   6888.000   3266.000   63.050   -178.054
1094.000   4973.000   7054.000   3478.000   63.110   -178.019
1095.000   5201.000   7571.000   3711.000   63.170   -177.983
1096.000   5348.000   7908.000   3908.000   63.230   -177.947
1097.000   5583.000   8461.000   4193.000   63.291   -177.911
1098.000   5889.000   8663.000   4285.000   63.351   -177.874
1099.000   6060.000   9143.000   4588.000   63.411   -177.838
1100.000   6279.000   9447.000   4666.000   63.471   -177.801
1101.000   6537.000   9877.000   5020.000   63.531   -177.764
1102.000   6670.000   10309.000   5092.000   63.591   -177.727
1103.000   6880.000   10627.000   5185.000   63.651   -177.690
1104.000   7258.000   10856.000   5381.000   63.711   -177.653
1105.000   7717.000   11328.000   5451.000   63.771   -177.615
1106.000   7692.000   11425.000   5680.000   63.831   -177.578
1107.000   7948.000   11596.000   5659.000   63.891   -177.540
1108.000   8139.000   11836.000   5719.000   63.951   -177.502
1109.000   8511.000   11746.000   5696.000   64.011   -177.463
1110.000   8571.000   12106.000   5862.000   64.070   -177.425
1111.000   8832.000   12088.000   6002.000   64.130   -177.386
1112.000   9284.000   12393.000   5905.000   64.190   -177.348
1113.000   9362.000   12529.000   5820.000   64.250   -177.309
1114.000   9943.000   12510.000   5794.000   64.310   -177.269
1115.000   9917.000   12524.000   5801.000   64.370   -177.230
1116.000   10588.000   12651.000   5743.000   64.430   -177.191
1117.000   10902.000   12583.000   5691.000   64.490   -177.151
1118.000   11301.000   12740.000   5578.000   64.549   -177.111
1119.000   11672.000   13114.000   5392.000   64.609   -177.071
1120.000   12344.000   12762.000   5379.000   64.669   -177.030
1121.000   12852.000   12771.000   5287.000   64.729   -176.990
1122.000   13224.000   12894.000   5344.000   64.788   -176.949
1123.000   13871.000   12900.000   5211.000   64.848   -176.908
1124.000   14425.000   12914.000   5030.000   64.908   -176.867
1125.000   14535.000   12696.000   4982.000   64.968   -176.826
1126.000   15047.000   12751.000   4916.000   65.027   -176.784
1127.000   15641.000   12635.000   4812.000   65.087   -176.743
1128.000   16127.000   12711.000   4768.000   65.147   -176.701
1129.000   16918.000   12652.000   4634.000   65.206   -176.658
1130.000   17877.000   12808.000   4372.000   65.266   -176.616
1131.000   19093.000   12538.000   4501.000   65.326   -176.574
1132.000   20270.000   12707.000   4251.000   65.385   -176.531
1133.000   21136.000   12966.000   4051.000   65.445   -176.488
1134.000   22212.000   12790.000   3830.000   65.504   -176.445
1135.000   22574.000   12935.000   3547.000   65.564   -176.401
1136.000   23001.000   12480.000   3426.000   65.624   -176.357
1137.000   23394.000   12318.000   3329.000   65.683   -176.314
1138.000   23805.000   12276.000   3221.000   65.743   -176.270
1139.000   24540.000   12332.000   2999.000   65.802   -176.225
1140.000   24950.000   12167.000   2908.000   65.862   -176.181
1141.000   24535.000   11820.000   2672.000   65.921   -176.136
1142.000   24635.000   11551.000   2607.000   65.981   -176.091
1143.000   24661.000   11649.000   2476.000   66.040   -176.046
1144.000   24553.000   11379.000   2360.000   66.099   -176.000
1145.000   23595.000   11360.000   2341.000   66.159   -175.955
1146.000   22920.000   11097.000   2218.000   66.218   -175.909
1147.000   22928.000   11270.000   2242.000   66.278   -175.863
1148.000   23636.000   11324.000   2008.000   66.337   -175.816
1149.000   23919.000   11332.000   2020.000   66.396   -175.770
1150.000   23631.000   11334.000   1892.000   66.456   -175.723
1151.000   24086.000   11477.000   1821.000   66.515   -175.676
1152.000   23982.000   11643.000   1830.000   66.574   -175.628
1153.000   24735.000   11629.000   1770.000   66.633   -175.581
1154.000   25050.000   11767.000   1702.000   66.693   -175.533
1155.000   25653.000   11716.000   1682.000   66.752   -175.485
1156.000   26763.000   11762.000   1620.000   66.811   -175.436
1157.000   27239.000   11839.000   1549.000   66.870   -175.388
1158.000   27066.000   11823.000   1516.000   66.930   -175.339
1159.000   26946.000   11916.000   1531.000   66.989   -175.290
1160.000   26855.000   11853.000   1424.000   67.048   -175.241
1161.000   26825.000   12115.000   1378.000   67.107   -175.191
1162.000   26582.000   12075.000   1350.000   67.166   -175.141
1163.000   26312.000   12023.000   1346.000   67.225   -175.091
1164.000   26188.000   12152.000   1333.000   67.284   -175.040
1165.000   26214.000   12044.000   1302.000   67.343   -174.990
1166.000   25958.000   11904.000   1321.000   67.402   -174.939
1167.000   26446.000   11903.000   1252.000   67.461   -174.888
1168.000   26124.000   12131.000   1230.000   67.520   -174.836
1169.000   26453.000   11979.000   1172.000   67.579   -174.784
1170.000   26765.000   11809.000   1220.000   67.638   -174.732
1171.000   26708.000   11764.000   1106.000   67.697   -174.680
1172.000   26541.000   11725.000   1174.000   67.756   -174.627
1173.000   26762.000   11361.000   1042.000   67.815   -174.574
1174.000   26294.000   11520.000   1039.000   67.874   -174.521
1175.000   25968.000   11461.000   1062.000   67.933   -174.468
1176.000   26034.000   11283.000   1086.000   67.992   -174.414
1177.000   25812.000   11278.000   972.000   68.050   -174.360
1178.000   25581.000   11273.000   984.000   68.109   -174.305
1179.000   26735.000   10983.000   998.000   68.168   -174.251
1180.000   26372.000   11026.000   906.000   68.227   -174.196
1181.000   26697.000   11082.000   881.000   68.285   -174.140
1182.000   26779.000   10848.000   872.000   68.344   -174.085
1183.000   25683.000   10717.000   823.000   68.403   -174.029
1184.000   24753.000   10598.000   837.000   68.461   -173.973
1185.000   24349.000   10214.000   827.000   68.520   -173.916
1186.000   23484.000   10300.000   841.000   68.579   -173.859
1187.000   22736.000   9928.000   842.000   68.637   -173.802
1188.000   22528.000   9715.000   848.000   68.696   -173.745
1189.000   21856.000   9547.000   755.000   68.754   -173.687
1190.000   21658.000   9332.000   763.000   68.813   -173.629
1191.000   21489.000   9168.000   786.000   68.871   -173.570
1192.000   25881.000   10628.000   799.000   68.930   -173.511
1193.000   27924.000   11122.000   800.000   68.988   -173.452
1194.000   29305.000   11562.000   789.000   69.047   -173.393
1195.000   32145.000   11816.000   778.000   69.105   -173.333
1196.000   32349.000   11992.000   726.000   69.164   -173.273
1197.000   32582.000   11811.000   779.000   69.222   -173.212
1198.000   32696.000   11404.000   666.000   69.280   -173.151
1199.000   32439.000   11312.000   677.000   69.339   -173.090
1200.000   32008.000   11066.000   734.000   69.397   -173.029
1201.000   30752.000   10614.000   610.000   69.455   -172.967
1202.000   30638.000   10571.000   650.000   69.513   -172.905
1203.000   29975.000   9986.000   626.000   69.571   -172.842
1204.000   28330.000   9562.000   659.000   69.630   -172.779
1205.000   25307.000   8935.000   666.000   69.688   -172.716
1206.000   24988.000   8628.000   633.000   69.746   -172.652
1207.000   27557.000   8908.000   585.000   69.804   -172.588
1208.000   26512.000   8597.000   571.000   69.862   -172.523
1209.000   23832.000   8148.000   566.000   69.920   -172.458
1210.000   22808.000   7545.000   573.000   69.978   -172.393
1211.000   20789.000   7134.000   551.000   70.036   -172.328
1212.000   19847.000   6699.000   527.000   70.094   -172.262
1213.000   19231.000   6306.000   495.000   70.152   -172.195
1214.000   17258.000   5970.000   445.000   70.210   -172.128
1215.000   21864.000   6694.000   408.000   70.268   -172.061
1216.000   25365.000   7281.000   447.000   70.326   -171.994
1217.000   23016.000   6655.000   409.000   70.383   -171.926
1218.000   22925.000   6032.000   421.000   70.441   -171.857
1219.000   20783.000   5380.000   365.000   70.499   -171.788
1220.000   19750.000   5284.000   372.000   70.557   -171.719
1221.000   16754.000   4812.000   394.000   70.614   -171.649
1222.000   15726.000   4773.000   350.000   70.672   -171.579
1223.000   14946.000   4450.000   351.000   70.730   -171.509
1224.000   14879.000   4161.000   358.000   70.787   -171.438
1225.000   14717.000   4046.000   306.000   70.845   -171.366
1226.000   14519.000   3944.000   294.000   70.903   -171.295
1227.000   14708.000   3960.000   309.000   70.960   -171.222
1228.000   15359.000   3848.000   272.000   71.018   -171.150
1229.000   16163.000   3826.000   242.000   71.075   -171.076
1230.000   17125.000   3552.000   222.000   71.132   -171.003
1231.000   17721.000   3682.000   210.000   71.190   -170.929
1232.000   17449.000   3479.000   220.000   71.247   -170.854
1233.000   16779.000   3258.000   204.000   71.304   -170.779
1234.000   17485.000   3088.000   197.000   71.362   -170.704
1235.000   18056.000   2971.000   191.000   71.419   -170.628
1236.000   17268.000   2645.000   193.000   71.476   -170.551
1237.000   15463.000   2401.000   187.000   71.533   -170.474
1238.000   14374.000   2251.000   176.000   71.590   -170.397
1239.000   13336.000   2058.000   162.000   71.648   -170.319
1240.000   13576.000   2057.000   168.000   71.705   -170.241
1241.000   13994.000   2006.000   165.000   71.762   -170.162
1242.000   12779.000   1816.000   181.000   71.819   -170.083
1243.000   11508.000   1631.000   144.000   71.876   -170.003
1244.000   10299.000   1562.000   163.000   71.933   -169.922
1245.000   9476.000   1367.000   149.000   71.990   -169.841
1246.000   9307.000   1356.000   166.000   72.046   -169.760
1247.000   8895.000   1307.000   161.000   72.103   -169.678
1248.000   8318.000   1219.000   154.000   72.160   -169.596
1249.000   7648.000   1204.000   132.000   72.217   -169.513
1250.000   7064.000   1146.000   157.000   72.273   -169.429
1251.000   6307.000   1053.000   137.000   72.330   -169.345
1252.000   6201.000   1042.000   143.000   72.387   -169.260
1253.000   5956.000   982.000   155.000   72.443   -169.175
1254.000   6123.000   963.000   142.000   72.500   -169.089
1255.000   8581.000   1022.000   126.000   72.556   -169.003
1256.000   9288.000   1057.000   149.000   72.613   -168.916
1257.000   7441.000   944.000   144.000   72.669   -168.829
1258.000   6113.000   966.000   129.000   72.726   -168.741
1259.000   6656.000   945.000   162.000   72.782   -168.652
1260.000   6704.000   861.000   158.000   72.838   -168.563
1261.000   8107.000   902.000   136.000   72.894   -168.473
1262.000   5874.000   890.000   153.000   72.951   -168.382
1263.000   5829.000   829.000   138.000   73.007   -168.291
1264.000   5828.000   829.000   156.000   73.063   -168.200
1265.000   5347.000   831.000   133.000   73.119   -168.108
1266.000   5252.000   795.000   139.000   73.175   -168.015
1267.000   5141.000   834.000   155.000   73.231   -167.921
1268.000   5000.000   750.000   162.000   73.287   -167.827
1269.000   5122.000   729.000   159.000   73.343   -167.732
1270.000   5188.000   675.000   149.000   73.399   -167.637
1271.000   5167.000   669.000   145.000   73.454   -167.541
1272.000   5252.000   663.000   118.000   73.510   -167.444
1273.000   5064.000   700.000   157.000   73.566   -167.347
1274.000   4374.000   644.000   140.000   73.621   -167.249
1275.000   4121.000   628.000   150.000   73.677   -167.150
1276.000   3770.000   589.000   125.000   73.732   -167.050
1277.000   4230.000   637.000   135.000   73.788   -166.950
1278.000   3475.000   650.000   141.000   73.843   -166.849
1279.000   3494.000   623.000   144.000   73.899   -166.748
1280.000   3576.000   589.000   142.000   73.954   -166.646
1281.000   3781.000   626.000   136.000   74.009   -166.543
1282.000   3342.000   583.000   139.000   74.065   -166.439
1283.000   3569.000   630.000   138.000   74.120   -166.335
1284.000   3652.000   590.000   137.000   74.175   -166.229
1285.000   3354.000   626.000   124.000   74.230   -166.124
1286.000   3144.000   556.000   128.000   74.285   -166.017
1287.000   3319.000   594.000   151.000   74.340   -165.910
1288.000   3073.000   601.000   140.000   74.395   -165.801
1289.000   3312.000   559.000   150.000   74.450   -165.692
1290.000   3093.000   618.000   118.000   74.504   -165.583
1291.000   2779.000   594.000   132.000   74.559   -165.472
1292.000   2730.000   623.000   147.000   74.614   -165.361
1293.000   2965.000   644.000   129.000   74.668   -165.249
1294.000   3196.000   587.000   135.000   74.723   -165.136
1295.000   3462.000   602.000   122.000   74.777   -165.022
1296.000   3610.000   617.000   153.000   74.832   -164.908
1297.000   3599.000   570.000   133.000   74.886   -164.792
1298.000   3753.000   578.000   147.000   74.940   -164.676
1299.000   3535.000   561.000   127.000   74.995   -164.559
1300.000   3377.000   615.000   147.000   75.049   -164.441
1301.000   3052.000   645.000   162.000   75.103   -164.322
1302.000   2876.000   650.000   132.000   75.157   -164.203
1303.000   2790.000   574.000   160.000   75.211   -164.082
1304.000   2645.000   573.000   173.000   75.265   -163.961
1305.000   2719.000   559.000   135.000   75.318   -163.838
1306.000   2600.000   558.000   149.000   75.372   -163.715
1307.000   2701.000   585.000   126.000   75.426   -163.591
1308.000   2635.000   617.000   154.000   75.480   -163.466
1309.000   2591.000   603.000   148.000   75.533   -163.340
1310.000   2666.000   615.000   131.000   75.587   -163.213
1311.000   2572.000   598.000   170.000   75.640   -163.085
1312.000   2703.000   629.000   166.000   75.693   -162.956
1313.000   2621.000   641.000   145.000   75.746   -162.826
1314.000   2485.000   568.000   136.000   75.800   -162.695
1315.000   2521.000   562.000   124.000   75.853   -162.563
1316.000   2434.000   561.000   137.000   75.906   -162.431
1317.000   2413.000   609.000   139.000   75.959   -162.297
1318.000   2394.000   573.000   141.000   76.012   -162.162
1319.000   2266.000   609.000   142.000   76.064   -162.026
1320.000   2209.000   557.000   147.000   76.117   -161.889
1321.000   2211.000   590.000   124.000   76.170   -161.751
1322.000   2204.000   539.000   135.000   76.222   -161.612
1323.000   2145.000   561.000   126.000   76.275   -161.472
1324.000   2108.000   642.000   114.000   76.327   -161.330
1325.000   2190.000   653.000   155.000   76.379   -161.188
1326.000   2099.000   578.000   145.000   76.431   -161.045
1327.000   2160.000   563.000   134.000   76.483   -160.900
1328.000   2111.000   560.000   157.000   76.535   -160.754
1329.000   2138.000   587.000   144.000   76.587   -160.608
1330.000   2092.000   650.000   175.000   76.639   -160.460
1331.000   2125.000   552.000   124.000   76.691   -160.310
1332.000   2171.000   607.000   157.000   76.743   -160.160
1333.000   2055.000   618.000   139.000   76.794   -160.009
1334.000   2079.000   608.000   135.000   76.846   -159.856
1335.000   2089.000   588.000   146.000   76.897   -159.702
1336.000   2112.000   613.000   138.000   76.948   -159.547
1337.000   2074.000   580.000   156.000   76.999   -159.391
1338.000   2047.000   583.000   142.000   77.050   -159.233
1339.000   2034.000   570.000   137.000   77.101   -159.074
1340.000   2031.000   597.000   129.000   77.152   -158.914
1341.000   2119.000   552.000   152.000   77.203   -158.753
1342.000   2072.000   591.000   121.000   77.254   -158.590
1343.000   2072.000   635.000   153.000   77.304   -158.426
1344.000   2052.000   587.000   140.000   77.355   -158.261
1345.000   1973.000   608.000   138.000   77.405   -158.094
1346.000   1962.000   595.000   143.000   77.455   -157.926
1347.000   1854.000   556.000   138.000   77.505   -157.757
1348.000   1871.000   546.000   148.000   77.555   -157.586
1349.000   1904.000   635.000   150.000   77.605   -157.414
1350.000   1841.000   581.000   161.000   77.655   -157.240
1351.000   1849.000   592.000   152.000   77.705   -157.065
1352.000   2013.000   589.000   151.000   77.754   -156.889
1353.000   1922.000   618.000   131.000   77.804   -156.711
1354.000   1896.000   587.000   139.000   77.853   -156.532
1355.000   1998.000   600.000   134.000   77.902   -156.351
1356.000   2025.000   557.000   132.000   77.951   -156.169
1357.000   1984.000   567.000   135.000   78.000   -155.985
1358.000   2172.000   565.000   160.000   78.049   -155.800
1359.000   2092.000   582.000   134.000   78.098   -155.613
1360.000   2053.000   561.000   150.000   78.146   -155.425
1361.000   1965.000   573.000   141.000   78.195   -155.235
1362.000   1923.000   568.000   143.000   78.243   -155.043
1363.000   1930.000   569.000   131.000   78.291   -154.850
1364.000   1922.000   568.000   138.000   78.339   -154.656
1365.000   1927.000   579.000   144.000   78.387   -154.460
1366.000   1764.000   587.000   128.000   78.435   -154.262
1367.000   1867.000   627.000   144.000   78.482   -154.062
1368.000   1810.000   596.000   155.000   78.530   -153.861
1369.000   1844.000   611.000   130.000   78.577   -153.658
1370.000   1813.000   623.000   135.000   78.624   -153.454
1371.000   1815.000   578.000   137.000   78.671   -153.247
1372.000   1846.000   551.000   125.000   78.718   -153.039
1373.000   1823.000   604.000   138.000   78.765   -152.829
1374.000   1841.000   588.000   151.000   78.811   -152.618
1375.000   1793.000   608.000   138.000   78.858   -152.405
1376.000   1850.000   606.000   147.000   78.904   -152.190
1377.000   1822.000   548.000   124.000   78.950   -151.973
1378.000   1767.000   549.000   139.000   78.996   -151.754
1379.000   1797.000   602.000   157.000   79.042   -151.533
1380.000   1735.000   564.000   141.000   79.087   -151.311
1381.000   1759.000   594.000   166.000   79.133   -151.087
1382.000   1772.000   564.000   147.000   79.178   -150.861
1383.000   1766.000   585.000   146.000   79.223   -150.633
1384.000   1703.000   565.000   144.000   79.268   -150.403
1385.000   1679.000   562.000   115.000   79.313   -150.171
1386.000   1716.000   575.000   146.000   79.357   -149.937
1387.000   1741.000   550.000   138.000   79.402   -149.701
1388.000   1638.000   550.000   122.000   79.446   -149.463
1389.000   1667.000   571.000   163.000   79.490   -149.223
1390.000   1644.000   612.000   131.000   79.534   -148.981
1391.000   1683.000   571.000   165.000   79.577   -148.737
1392.000   1604.000   563.000   141.000   79.621   -148.491
1393.000   1624.000   578.000   147.000   79.664   -148.243
1394.000   1699.000   588.000   135.000   79.707   -147.993
1395.000   1704.000   560.000   134.000   79.750   -147.741
1396.000   1724.000   565.000   140.000   79.792   -147.486
1397.000   1650.000   575.000   141.000   79.835   -147.230
1398.000   1592.000   571.000   139.000   79.877   -146.971
1399.000   1615.000   576.000   148.000   79.919   -146.710
1400.000   1655.000   589.000   134.000   79.961   -146.447
1401.000   1653.000   632.000   131.000   80.002   -146.182
1402.000   1552.000   504.000   149.000   80.044   -145.915
1403.000   1622.000   546.000   136.000   80.085   -145.645
1404.000   1544.000   576.000   134.000   80.126   -145.373
1405.000   1502.000   607.000   138.000   80.166   -145.099
1406.000   1616.000   559.000   170.000   80.207   -144.822
1407.000   1623.000   514.000   129.000   80.247   -144.543
1408.000   1539.000   578.000   154.000   80.287   -144.262
1409.000   1587.000   578.000   136.000   80.327   -143.979
1410.000   1548.000   555.000   146.000   80.366   -143.693
1411.000   1565.000   519.000   138.000   80.406   -143.405
1412.000   1583.000   609.000   150.000   80.445   -143.114
1413.000   1554.000   550.000   141.000   80.483   -142.821
1414.000   1502.000   543.000   158.000   80.522   -142.526
1415.000   1506.000   562.000   146.000   80.560   -142.228
1416.000   1547.000   575.000   144.000   80.598   -141.928
1417.000   1411.000   580.000   120.000   80.636   -141.626
1418.000   1490.000   539.000   147.000   80.673   -141.321
1419.000   1460.000   573.000   143.000   80.711   -141.013
1420.000   1508.000   566.000   137.000   80.747   -140.703
1421.000   1384.000   544.000   154.000   80.784   -140.391
1422.000   1537.000   573.000   144.000   80.820   -140.076
1423.000   1473.000   552.000   129.000   80.857   -139.758
1424.000   1454.000   573.000   133.000   80.892   -139.438
1425.000   1439.000   516.000   145.000   80.928   -139.116
1426.000   1457.000   583.000   127.000   80.963   -138.791
1427.000   1483.000   560.000   127.000   80.998   -138.463
1428.000   1433.000   581.000   138.000   81.033   -138.133
1429.000   1432.000   531.000   122.000   81.067   -137.800
1430.000   1499.000   553.000   152.000   81.101   -137.465
1431.000   1390.000   575.000   139.000   81.135   -137.127
1432.000   1414.000   556.000   154.000   81.168   -136.787
1433.000   1409.000   569.000   135.000   81.201   -136.444
1434.000   1389.000   568.000   116.000   81.234   -136.098
1435.000   1411.000   577.000   130.000   81.266   -135.750
1436.000   1389.000   537.000   129.000   81.299   -135.399
1437.000   1402.000   574.000   150.000   81.330   -135.046
1438.000   1434.000   540.000   157.000   81.362   -134.690
1439.000   1415.000   566.000   143.000   81.393   -134.332
1440.000   1352.000   566.000   136.000   81.424   -133.970
1441.000   1474.000   548.000   156.000   81.454   -133.607
1442.000   1408.000   585.000   122.000   81.484   -133.240
1443.000   1354.000   558.000   144.000   81.514   -132.871
1444.000   1377.000   570.000   136.000   81.543   -132.500
1445.000   1407.000   592.000   137.000   81.572   -132.126
1446.000   1423.000   553.000   136.000   81.601   -131.749
1447.000   1393.000   549.000   153.000   81.629   -131.370
1448.000   1362.000   544.000   130.000   81.657   -130.988
1449.000   1367.000   533.000   154.000   81.684   -130.604
1450.000   1379.000   548.000   155.000   81.712   -130.217
1451.000   1310.000   570.000   138.000   81.738   -129.828
1452.000   1356.000   557.000   166.000   81.765   -129.436
1453.000   1335.000   560.000   149.000   81.791   -129.041
1454.000   1356.000   566.000   143.000   81.816   -128.644
1455.000   1386.000   538.000   141.000   81.841   -128.245
1456.000   1357.000   571.000   155.000   81.866   -127.843
1457.000   1347.000   547.000   135.000   81.891   -127.439
1458.000   1314.000   562.000   112.000   81.915   -127.032
1459.000   1403.000   582.000   148.000   81.938   -126.623
1460.000   1328.000   533.000   142.000   81.961   -126.211
1461.000   1300.000   565.000   128.000   81.984   -125.797
1462.000   1333.000   573.000   140.000   82.006   -125.381
1463.000   1372.000   553.000   153.000   82.028   -124.963
1464.000   1330.000   611.000   118.000   82.049   -124.542
1465.000   1299.000   575.000   155.000   82.070   -124.119
1466.000   1297.000   501.000   142.000   82.091   -123.693
1467.000   1332.000   554.000   155.000   82.111   -123.266
1468.000   1397.000   554.000   139.000   82.131   -122.836
1469.000   1360.000   533.000   127.000   82.150   -122.404
1470.000   1308.000   584.000   128.000   82.169   -121.970
1471.000   1344.000   511.000   146.000   82.187   -121.534
1472.000   1351.000   559.000   154.000   82.205   -121.096
1473.000   1301.000   559.000   156.000   82.222   -120.656
1474.000   1332.000   577.000   141.000   82.239   -120.214
1475.000   1360.000   590.000   136.000   82.256   -119.770
1476.000   1208.000   565.000   129.000   82.272   -119.325
1477.000   1253.000   524.000   131.000   82.287   -118.877
1478.000   1284.000   548.000   168.000   82.302   -118.428
1479.000   1289.000   562.000   117.000   82.317   -117.977
1480.000   1321.000   583.000   147.000   82.331   -117.524
1481.000   1231.000   583.000   142.000   82.345   -117.069
1482.000   1315.000   521.000   122.000   82.358   -116.613
1483.000   1313.000   544.000   147.000   82.370   -116.156
1484.000   1265.000   576.000   147.000   82.383   -115.697
1485.000   1351.000   510.000   138.000   82.394   -115.236
1486.000   1298.000   543.000   158.000   82.405   -114.774
1487.000   1273.000   502.000   154.000   82.416   -114.311
1488.000   1279.000   536.000   134.000   82.426   -113.846
1489.000   1356.000   529.000   152.000   82.436   -113.381
1490.000   1323.000   535.000   133.000   82.445   -112.914
1491.000   1256.000   560.000   141.000   82.454   -112.446
1492.000   1255.000   574.000   137.000   82.462   -111.977
1493.000   1278.000   549.000   155.000   82.469   -111.507
1494.000   1283.000   555.000   156.000   82.477   -111.036
1495.000   1265.000   563.000   150.000   82.483   -110.564
1496.000   1220.000   574.000   125.000   82.489   -110.091
1497.000   1295.000   530.000   137.000   82.495   -109.618
1498.000   1273.000   553.000   116.000   82.500   -109.144
1499.000   1265.000   580.000   132.000   82.504   -108.669
1500.000   1252.000   524.000   139.000   82.508   -108.194
1501.000   1210.000   538.000   130.000   82.512   -107.719
1502.000   1218.000   578.000   135.000   82.515   -107.243
1503.000   1244.000   565.000   141.000   82.517   -106.766
1504.000   1283.000   547.000   131.000   82.519   -106.289
1505.000   1244.000   569.000   153.000   82.521   -105.813
1506.000   1208.000   554.000   145.000   82.522   -105.335
