Time range: [ 23:54:56.000  23:56:01.000 ]
Time range duration: 1.0 min, 5.0 sec
Longitude range: [ 206.0  213.0 ]
86096.000   2256.000   635.000   213.000   -82.520   45.682
86097.000   2360.000   636.000   215.000   -82.520   46.154
86098.000   2376.000   600.000   210.000   -82.519   46.627
86099.000   2265.000   658.000   202.000   -82.517   47.099
86100.000   2250.000   602.000   236.000   -82.515   47.571
86101.000   2222.000   659.000   188.000   -82.513   48.043
86102.000   2267.000   650.000   221.000   -82.510   48.514
86103.000   2352.000   608.000   232.000   -82.507   48.985
86104.000   2202.000   632.000   197.000   -82.503   49.456
86105.000   2285.000   593.000   206.000   -82.498   49.926
86106.000   2373.000   663.000   229.000   -82.493   50.395
86107.000   2259.000   629.000   205.000   -82.488   50.864
86108.000   2280.000   645.000   231.000   -82.482   51.332
86109.000   2343.000   625.000   191.000   -82.476   51.800
86110.000   2382.000   619.000   226.000   -82.469   52.266
86111.000   2280.000   617.000   200.000   -82.461   52.732
86112.000   2357.000   634.000   211.000   -82.453   53.197
86113.000   2326.000   645.000   198.000   -82.445   53.660
86114.000   2514.000   617.000   207.000   -82.436   54.123
86115.000   2421.000   633.000   216.000   -82.426   54.584
86116.000   2572.000   643.000   210.000   -82.416   55.045
86117.000   2714.000   600.000   216.000   -82.406   55.504
86118.000   2679.000   645.000   203.000   -82.395   55.961
86119.000   2668.000   645.000   233.000   -82.384   56.418
86120.000   2629.000   651.000   211.000   -82.372   56.873
86121.000   2667.000   623.000   208.000   -82.359   57.326
86122.000   2698.000   623.000   200.000   -82.347   57.778
86123.000   2687.000   619.000   222.000   -82.333   58.229
86124.000   2801.000   627.000   227.000   -82.319   58.678
86125.000   2867.000   603.000   203.000   -82.305   59.125
86126.000   2829.000   643.000   189.000   -82.290   59.571
86127.000   2659.000   604.000   195.000   -82.275   60.015
86128.000   2611.000   646.000   210.000   -82.259   60.457
86129.000   2566.000   593.000   202.000   -82.243   60.897
86130.000   2684.000   573.000   196.000   -82.227   61.335
86131.000   2600.000   678.000   201.000   -82.210   61.772
86132.000   2580.000   634.000   202.000   -82.192   62.207
86133.000   2541.000   650.000   205.000   -82.174   62.639
86134.000   2538.000   656.000   221.000   -82.156   63.070
86135.000   2558.000   625.000   230.000   -82.137   63.498
86136.000   2621.000   614.000   215.000   -82.118   63.925
86137.000   2774.000   642.000   232.000   -82.098   64.349
86138.000   2650.000   653.000   197.000   -82.078   64.771
86139.000   2815.000   625.000   230.000   -82.057   65.191
86140.000   2797.000   625.000   197.000   -82.036   65.609
86141.000   2776.000   633.000   197.000   -82.015   66.025
86142.000   2768.000   615.000   202.000   -81.993   66.438
86143.000   2926.000   630.000   226.000   -81.970   66.849
86144.000   3173.000   613.000   211.000   -81.948   67.258
86145.000   3183.000   572.000   208.000   -81.925   67.664
86146.000   3318.000   641.000   202.000   -81.901   68.069
86147.000   3395.000   669.000   207.000   -81.877   68.470
86148.000   3461.000   652.000   207.000   -81.853   68.870
86149.000   3600.000   628.000   223.000   -81.828   69.267
86150.000   3852.000   622.000   180.000   -81.803   69.661
86151.000   3886.000   672.000   208.000   -81.777   70.053
86152.000   4007.000   593.000   208.000   -81.752   70.443
86153.000   4135.000   619.000   218.000   -81.725   70.830
86154.000   4283.000   614.000   210.000   -81.699   71.215
86155.000   4306.000   656.000   249.000   -81.672   71.597
86156.000   4415.000   627.000   215.000   -81.644   71.977
86157.000   4504.000   602.000   198.000   -81.616   72.354
86158.000   4433.000   581.000   224.000   -81.588   72.728
86159.000   4448.000   634.000   211.000   -81.560   73.101
86160.000   4633.000   569.000   202.000   -81.531   73.470
86161.000   4881.000   604.000   206.000   -81.502   73.837
