Time range: [ 00:46:49.000  01:08:01.000 ]
Time range duration: 21.0 min, 12.0 sec
Longitude range: [ 139.0  167.0 ]
2809.000   1071.000   623.000   167.000   82.520   -145.431
2810.000   1080.000   609.000   174.000   82.520   -144.955
2811.000   1102.000   591.000   188.000   82.519   -144.479
2812.000   1031.000   574.000   164.000   82.518   -144.003
2813.000   1048.000   605.000   165.000   82.516   -143.527
2814.000   1058.000   598.000   169.000   82.513   -143.052
2815.000   1078.000   642.000   176.000   82.510   -142.577
2816.000   1071.000   601.000   178.000   82.507   -142.102
2817.000   1021.000   621.000   168.000   82.503   -141.628
2818.000   1067.000   586.000   165.000   82.499   -141.154
2819.000   1042.000   613.000   152.000   82.494   -140.681
2820.000   1033.000   633.000   174.000   82.488   -140.209
2821.000   1083.000   588.000   186.000   82.482   -139.737
2822.000   1149.000   650.000   165.000   82.476   -139.266
2823.000   1158.000   534.000   183.000   82.469   -138.796
2824.000   1025.000   590.000   186.000   82.461   -138.327
2825.000   1068.000   579.000   156.000   82.453   -137.859
2826.000   1053.000   580.000   185.000   82.444   -137.392
2827.000   1045.000   651.000   156.000   82.435   -136.926
2828.000   1006.000   610.000   172.000   82.426   -136.461
2829.000   1074.000   620.000   171.000   82.416   -135.997
2830.000   1019.000   585.000   168.000   82.405   -135.535
2831.000   1078.000   572.000   168.000   82.394   -135.073
2832.000   1104.000   600.000   159.000   82.383   -134.614
2833.000   1064.000   620.000   177.000   82.371   -134.155
2834.000   1084.000   568.000   174.000   82.358   -133.699
2835.000   1047.000   596.000   158.000   82.345   -133.243
2836.000   1028.000   628.000   166.000   82.332   -132.790
2837.000   1072.000   567.000   180.000   82.318   -132.337
2838.000   1044.000   599.000   164.000   82.303   -131.887
2839.000   1110.000   597.000   176.000   82.288   -131.438
2840.000   1087.000   658.000   171.000   82.273   -130.991
2841.000   1040.000   569.000   175.000   82.257   -130.546
2842.000   1077.000   571.000   180.000   82.240   -130.103
2843.000   1056.000   607.000   178.000   82.224   -129.662
2844.000   1055.000   612.000   162.000   82.206   -129.222
2845.000   1076.000   621.000   175.000   82.189   -128.785
2846.000   1043.000   624.000   171.000   82.170   -128.350
2847.000   1063.000   570.000   166.000   82.152   -127.916
2848.000   1062.000   619.000   176.000   82.133   -127.485
2849.000   1038.000   593.000   161.000   82.113   -127.056
2850.000   1029.000   631.000   171.000   82.093   -126.629
2851.000   1024.000   660.000   179.000   82.073   -126.204
2852.000   1125.000   620.000   162.000   82.052   -125.781
2853.000   1096.000   597.000   184.000   82.031   -125.361
2854.000   1053.000   612.000   148.000   82.009   -124.943
2855.000   1106.000   607.000   173.000   81.987   -124.527
2856.000   999.000   597.000   156.000   81.964   -124.114
2857.000   1055.000   617.000   171.000   81.941   -123.703
2858.000   1122.000   583.000   156.000   81.918   -123.294
2859.000   1039.000   591.000   178.000   81.894   -122.887
2860.000   1088.000   621.000   174.000   81.870   -122.483
2861.000   1084.000   600.000   159.000   81.845   -122.082
2862.000   1064.000   599.000   160.000   81.820   -121.683
2863.000   1039.000   567.000   170.000   81.795   -121.286
2864.000   1066.000   614.000   179.000   81.769   -120.892
2865.000   1068.000   622.000   160.000   81.743   -120.501
2866.000   987.000   603.000   166.000   81.716   -120.111
2867.000   1055.000   617.000   154.000   81.689   -119.725
2868.000   1059.000   537.000   185.000   81.662   -119.341
2869.000   1027.000   583.000   181.000   81.634   -118.959
2870.000   1032.000   609.000   157.000   81.606   -118.580
2871.000   1044.000   592.000   172.000   81.577   -118.204
2872.000   1093.000   618.000   151.000   81.548   -117.830
2873.000   1027.000   591.000   172.000   81.519   -117.459
2874.000   1026.000   596.000   150.000   81.490   -117.090
2875.000   981.000   577.000   155.000   81.460   -116.724
2876.000   1105.000   619.000   167.000   81.429   -116.360
2877.000   1020.000   647.000   187.000   81.399   -115.999
2878.000   1059.000   599.000   157.000   81.368   -115.641
2879.000   1104.000   620.000   158.000   81.337   -115.285
2880.000   1052.000   606.000   134.000   81.305   -114.932
2881.000   1021.000   632.000   154.000   81.273   -114.581
2882.000   1002.000   589.000   156.000   81.241   -114.233
2883.000   1081.000   629.000   159.000   81.208   -113.888
2884.000   1071.000   633.000   165.000   81.175   -113.545
2885.000   1065.000   642.000   163.000   81.142   -113.204
2886.000   1076.000   576.000   170.000   81.108   -112.867
2887.000   1015.000   628.000   161.000   81.075   -112.532
2888.000   1071.000   603.000   162.000   81.040   -112.199
2889.000   1038.000   618.000   160.000   81.006   -111.869
2890.000   1054.000   611.000   150.000   80.971   -111.541
2891.000   1035.000   613.000   167.000   80.936   -111.216
2892.000   1046.000   643.000   182.000   80.901   -110.894
2893.000   1022.000   607.000   176.000   80.865   -110.574
2894.000   1042.000   583.000   167.000   80.829   -110.256
2895.000   1020.000   618.000   175.000   80.793   -109.941
2896.000   1065.000   620.000   160.000   80.757   -109.629
2897.000   998.000   586.000   169.000   80.720   -109.319
2898.000   1044.000   624.000   184.000   80.683   -109.011
2899.000   1024.000   611.000   189.000   80.645   -108.706
2900.000   1027.000   605.000   172.000   80.608   -108.404
2901.000   1010.000   590.000   194.000   80.570   -108.103
2902.000   1050.000   565.000   151.000   80.532   -107.806
2903.000   1086.000   587.000   188.000   80.494   -107.510
2904.000   1086.000   644.000   171.000   80.455   -107.217
2905.000   1057.000   599.000   189.000   80.416   -106.927
2906.000   1055.000   618.000   169.000   80.377   -106.639
2907.000   1018.000   566.000   178.000   80.338   -106.353
2908.000   1031.000   602.000   173.000   80.298   -106.069
2909.000   1006.000   591.000   162.000   80.258   -105.788
2910.000   1008.000   621.000   192.000   80.218   -105.509
2911.000   1024.000   545.000   149.000   80.178   -105.232
2912.000   1029.000   637.000   171.000   80.137   -104.958
2913.000   1027.000   614.000   185.000   80.097   -104.686
2914.000   1010.000   638.000   164.000   80.056   -104.416
2915.000   1014.000   652.000   169.000   80.015   -104.149
2916.000   1013.000   640.000   178.000   79.973   -103.883
2917.000   971.000   614.000   180.000   79.932   -103.620
2918.000   995.000   587.000   161.000   79.890   -103.359
2919.000   1025.000   613.000   155.000   79.848   -103.100
2920.000   1087.000   571.000   177.000   79.805   -102.843
2921.000   1018.000   581.000   179.000   79.763   -102.589
2922.000   987.000   594.000   174.000   79.720   -102.337
2923.000   1033.000   588.000   188.000   79.677   -102.086
2924.000   947.000   611.000   174.000   79.634   -101.838
2925.000   1075.000   582.000   171.000   79.591   -101.592
2926.000   938.000   605.000   151.000   79.548   -101.348
2927.000   1004.000   576.000   199.000   79.504   -101.106
2928.000   1018.000   636.000   156.000   79.460   -100.866
2929.000   1000.000   578.000   151.000   79.416   -100.628
2930.000   1022.000   569.000   184.000   79.372   -100.392
2931.000   1024.000   610.000   179.000   79.328   -100.157
2932.000   1002.000   589.000   166.000   79.283   -99.925
2933.000   1029.000   610.000   177.000   79.238   -99.695
2934.000   1033.000   581.000   183.000   79.193   -99.467
2935.000   1035.000   615.000   166.000   79.148   -99.241
2936.000   990.000   610.000   180.000   79.103   -99.016
2937.000   1014.000   584.000   188.000   79.058   -98.793
2938.000   1024.000   551.000   174.000   79.012   -98.573
2939.000   1020.000   588.000   173.000   78.966   -98.354
2940.000   960.000   632.000   173.000   78.921   -98.137
2941.000   1025.000   594.000   181.000   78.874   -97.921
2942.000   983.000   558.000   167.000   78.828   -97.708
2943.000   999.000   610.000   186.000   78.782   -97.496
2944.000   1009.000   616.000   174.000   78.735   -97.286
2945.000   1008.000   622.000   181.000   78.689   -97.078
2946.000   988.000   630.000   140.000   78.642   -96.872
2947.000   1007.000   609.000   184.000   78.595   -96.667
2948.000   1018.000   614.000   178.000   78.548   -96.464
2949.000   1054.000   599.000   198.000   78.500   -96.262
2950.000   994.000   611.000   154.000   78.453   -96.063
2951.000   985.000   629.000   179.000   78.405   -95.864
2952.000   963.000   569.000   170.000   78.358   -95.668
2953.000   1035.000   642.000   177.000   78.310   -95.473
2954.000   1034.000   595.000   182.000   78.262   -95.280
2955.000   962.000   563.000   156.000   78.214   -95.088
2956.000   1000.000   612.000   161.000   78.166   -94.898
2957.000   1014.000   583.000   188.000   78.117   -94.710
2958.000   980.000   613.000   162.000   78.069   -94.523
2959.000   989.000   620.000   178.000   78.020   -94.337
2960.000   1042.000   577.000   151.000   77.971   -94.153
2961.000   970.000   576.000   165.000   77.922   -93.971
2962.000   937.000   617.000   196.000   77.873   -93.790
2963.000   1021.000   609.000   152.000   77.824   -93.610
2964.000   1015.000   577.000   187.000   77.775   -93.432
2965.000   1021.000   615.000   176.000   77.726   -93.256
2966.000   1008.000   608.000   165.000   77.676   -93.081
2967.000   1015.000   616.000   194.000   77.627   -92.907
2968.000   1038.000   527.000   173.000   77.577   -92.734
2969.000   1048.000   641.000   161.000   77.527   -92.563
2970.000   1042.000   580.000   172.000   77.477   -92.394
2971.000   1048.000   602.000   162.000   77.427   -92.226
2972.000   1000.000   588.000   208.000   77.377   -92.059
2973.000   985.000   580.000   196.000   77.327   -91.893
2974.000   1039.000   593.000   168.000   77.276   -91.729
2975.000   1003.000   628.000   179.000   77.226   -91.566
2976.000   1008.000   581.000   173.000   77.175   -91.404
2977.000   969.000   600.000   176.000   77.125   -91.244
2978.000   1011.000   630.000   164.000   77.074   -91.085
2979.000   1040.000   597.000   168.000   77.023   -90.927
2980.000   971.000   647.000   168.000   76.972   -90.771
2981.000   982.000   606.000   185.000   76.921   -90.615
2982.000   980.000   581.000   182.000   76.870   -90.461
2983.000   1013.000   623.000   174.000   76.818   -90.308
2984.000   987.000   615.000   183.000   76.767   -90.157
2985.000   975.000   588.000   173.000   76.715   -90.006
2986.000   966.000   590.000   159.000   76.664   -89.857
2987.000   1022.000   621.000   164.000   76.612   -89.708
2988.000   952.000   631.000   196.000   76.560   -89.561
2989.000   1028.000   577.000   174.000   76.509   -89.416
2990.000   1018.000   583.000   161.000   76.457   -89.271
2991.000   992.000   598.000   150.000   76.405   -89.127
2992.000   1028.000   568.000   184.000   76.353   -88.985
2993.000   991.000   588.000   189.000   76.300   -88.843
2994.000   1016.000   624.000   178.000   76.248   -88.703
2995.000   1029.000   652.000   170.000   76.196   -88.563
2996.000   1026.000   562.000   163.000   76.143   -88.425
2997.000   990.000   600.000   165.000   76.091   -88.288
2998.000   969.000   620.000   173.000   76.038   -88.152
2999.000   974.000   601.000   189.000   75.986   -88.017
3000.000   989.000   590.000   190.000   75.933   -87.883
3001.000   957.000   569.000   177.000   75.880   -87.750
3002.000   1039.000   607.000   176.000   75.827   -87.618
3003.000   963.000   594.000   191.000   75.774   -87.487
3004.000   1024.000   592.000   178.000   75.721   -87.356
3005.000   1018.000   556.000   178.000   75.668   -87.227
3006.000   968.000   627.000   159.000   75.615   -87.099
3007.000   1006.000   647.000   175.000   75.561   -86.972
3008.000   988.000   621.000   180.000   75.508   -86.846
3009.000   990.000   627.000   186.000   75.455   -86.720
3010.000   1013.000   606.000   178.000   75.401   -86.596
3011.000   1011.000   607.000   164.000   75.348   -86.473
3012.000   1045.000   612.000   177.000   75.294   -86.350
3013.000   1001.000   631.000   163.000   75.240   -86.228
3014.000   972.000   558.000   178.000   75.186   -86.108
3015.000   1026.000   633.000   173.000   75.133   -85.988
3016.000   982.000   598.000   163.000   75.079   -85.869
3017.000   984.000   571.000   148.000   75.025   -85.751
3018.000   1040.000   601.000   164.000   74.971   -85.633
3019.000   949.000   595.000   159.000   74.917   -85.517
3020.000   1012.000   575.000   175.000   74.862   -85.401
3021.000   1000.000   583.000   164.000   74.808   -85.287
3022.000   992.000   602.000   166.000   74.754   -85.173
3023.000   974.000   599.000   187.000   74.699   -85.060
3024.000   935.000   589.000   175.000   74.645   -84.947
3025.000   991.000   599.000   166.000   74.591   -84.836
3026.000   1041.000   610.000   184.000   74.536   -84.725
3027.000   959.000   588.000   203.000   74.481   -84.615
3028.000   920.000   612.000   166.000   74.427   -84.506
3029.000   1037.000   571.000   184.000   74.372   -84.398
3030.000   1010.000   619.000   179.000   74.317   -84.290
3031.000   965.000   605.000   167.000   74.263   -84.183
3032.000   978.000   634.000   183.000   74.208   -84.077
3033.000   980.000   579.000   159.000   74.153   -83.972
3034.000   987.000   635.000   172.000   74.098   -83.867
3035.000   1055.000   624.000   169.000   74.043   -83.764
3036.000   995.000   604.000   173.000   73.988   -83.660
3037.000   1063.000   610.000   169.000   73.932   -83.558
3038.000   975.000   588.000   183.000   73.877   -83.456
3039.000   945.000   590.000   167.000   73.822   -83.355
3040.000   1001.000   616.000   176.000   73.767   -83.255
3041.000   986.000   587.000   154.000   73.711   -83.155
3042.000   990.000   618.000   187.000   73.656   -83.056
3043.000   959.000   600.000   192.000   73.600   -82.958
3044.000   991.000   569.000   167.000   73.545   -82.861
3045.000   975.000   623.000   172.000   73.489   -82.764
3046.000   986.000   625.000   171.000   73.434   -82.667
3047.000   1013.000   609.000   186.000   73.378   -82.572
3048.000   1036.000   605.000   171.000   73.322   -82.477
3049.000   1022.000   649.000   187.000   73.267   -82.383
3050.000   1001.000   612.000   163.000   73.211   -82.289
3051.000   1027.000   611.000   171.000   73.155   -82.196
3052.000   1037.000   603.000   152.000   73.099   -82.103
3053.000   985.000   649.000   165.000   73.043   -82.012
3054.000   933.000   588.000   192.000   72.987   -81.920
3055.000   963.000   610.000   205.000   72.931   -81.830
3056.000   990.000   599.000   188.000   72.875   -81.740
3057.000   973.000   565.000   185.000   72.819   -81.650
3058.000   997.000   668.000   172.000   72.763   -81.562
3059.000   996.000   588.000   171.000   72.707   -81.473
3060.000   992.000   587.000   180.000   72.651   -81.386
3061.000   913.000   608.000   156.000   72.594   -81.299
3062.000   1028.000   590.000   166.000   72.538   -81.212
3063.000   1013.000   577.000   173.000   72.482   -81.126
3064.000   1006.000   587.000   158.000   72.425   -81.041
3065.000   954.000   607.000   145.000   72.369   -80.956
3066.000   1008.000   595.000   174.000   72.312   -80.872
3067.000   991.000   591.000   194.000   72.256   -80.788
3068.000   994.000   606.000   181.000   72.199   -80.705
3069.000   969.000   612.000   154.000   72.143   -80.622
3070.000   993.000   583.000   160.000   72.086   -80.540
3071.000   970.000   670.000   185.000   72.029   -80.459
3072.000   950.000   635.000   142.000   71.973   -80.378
3073.000   955.000   617.000   172.000   71.916   -80.297
3074.000   1006.000   564.000   167.000   71.859   -80.217
3075.000   1013.000   563.000   160.000   71.802   -80.137
3076.000   1004.000   584.000   181.000   71.745   -80.058
3077.000   986.000   617.000   168.000   71.689   -79.980
3078.000   1035.000   611.000   175.000   71.632   -79.902
3079.000   1041.000   593.000   185.000   71.575   -79.824
3080.000   1013.000   613.000   168.000   71.518   -79.747
3081.000   965.000   605.000   172.000   71.461   -79.671
3082.000   953.000   595.000   169.000   71.404   -79.595
3083.000   979.000   599.000   192.000   71.346   -79.519
3084.000   1022.000   624.000   173.000   71.289   -79.444
3085.000   961.000   601.000   174.000   71.232   -79.369
3086.000   973.000   602.000   176.000   71.175   -79.295
3087.000   1040.000   606.000   167.000   71.118   -79.221
3088.000   979.000   598.000   158.000   71.060   -79.148
3089.000   991.000   591.000   171.000   71.003   -79.075
3090.000   982.000   627.000   153.000   70.946   -79.003
3091.000   950.000   607.000   181.000   70.888   -78.931
3092.000   942.000   610.000   179.000   70.831   -78.859
3093.000   1031.000   562.000   147.000   70.774   -78.788
3094.000   1033.000   639.000   191.000   70.716   -78.717
3095.000   996.000   645.000   165.000   70.659   -78.647
3096.000   1018.000   639.000   195.000   70.601   -78.577
3097.000   967.000   587.000   178.000   70.544   -78.508
3098.000   977.000   614.000   196.000   70.486   -78.439
3099.000   1000.000   645.000   188.000   70.428   -78.370
3100.000   997.000   640.000   163.000   70.371   -78.302
3101.000   1027.000   566.000   181.000   70.313   -78.235
3102.000   961.000   604.000   175.000   70.255   -78.167
3103.000   1061.000   594.000   170.000   70.198   -78.100
3104.000   981.000   630.000   178.000   70.140   -78.034
3105.000   1008.000   648.000   181.000   70.082   -77.968
3106.000   958.000   604.000   157.000   70.024   -77.902
3107.000   1027.000   582.000   167.000   69.967   -77.836
3108.000   1056.000   600.000   162.000   69.909   -77.771
3109.000   985.000   629.000   175.000   69.851   -77.707
3110.000   941.000   572.000   179.000   69.793   -77.643
3111.000   994.000   649.000   167.000   69.735   -77.579
3112.000   950.000   624.000   194.000   69.677   -77.515
3113.000   1010.000   620.000   189.000   69.619   -77.452
3114.000   1016.000   585.000   177.000   69.561   -77.389
3115.000   992.000   612.000   164.000   69.503   -77.327
3116.000   987.000   598.000   167.000   69.445   -77.265
3117.000   919.000   602.000   174.000   69.387   -77.203
3118.000   948.000   581.000   169.000   69.329   -77.142
3119.000   960.000   608.000   180.000   69.271   -77.081
3120.000   974.000   612.000   176.000   69.212   -77.020
3121.000   1014.000   622.000   171.000   69.154   -76.960
3122.000   1044.000   658.000   170.000   69.096   -76.900
3123.000   1024.000   568.000   185.000   69.038   -76.841
3124.000   968.000   620.000   179.000   68.980   -76.781
3125.000   1029.000   593.000   199.000   68.921   -76.722
3126.000   1009.000   605.000   173.000   68.863   -76.664
3127.000   1034.000   612.000   171.000   68.805   -76.606
3128.000   994.000   638.000   180.000   68.746   -76.548
3129.000   984.000   630.000   172.000   68.688   -76.490
3130.000   1008.000   612.000   174.000   68.629   -76.433
3131.000   1010.000   630.000   163.000   68.571   -76.376
3132.000   1036.000   636.000   175.000   68.513   -76.319
3133.000   995.000   588.000   177.000   68.454   -76.263
3134.000   1031.000   627.000   172.000   68.396   -76.207
3135.000   1016.000   636.000   158.000   68.337   -76.151
3136.000   974.000   608.000   187.000   68.279   -76.096
3137.000   1053.000   615.000   170.000   68.220   -76.041
3138.000   929.000   616.000   159.000   68.161   -75.986
3139.000   1017.000   642.000   153.000   68.103   -75.931
3140.000   996.000   625.000   172.000   68.044   -75.877
3141.000   952.000   616.000   149.000   67.986   -75.823
3142.000   1012.000   569.000   161.000   67.927   -75.770
3143.000   1018.000   604.000   183.000   67.868   -75.716
3144.000   976.000   643.000   165.000   67.810   -75.663
3145.000   977.000   607.000   185.000   67.751   -75.610
3146.000   1027.000   603.000   176.000   67.692   -75.558
3147.000   1006.000   626.000   150.000   67.633   -75.506
3148.000   994.000   608.000   179.000   67.574   -75.454
3149.000   1003.000   643.000   185.000   67.516   -75.402
3150.000   1007.000   637.000   168.000   67.457   -75.351
3151.000   907.000   653.000   185.000   67.398   -75.300
3152.000   943.000   627.000   181.000   67.339   -75.249
3153.000   1005.000   635.000   169.000   67.280   -75.199
3154.000   985.000   593.000   194.000   67.221   -75.148
3155.000   957.000   606.000   185.000   67.162   -75.098
3156.000   983.000   579.000   184.000   67.104   -75.049
3157.000   964.000   607.000   173.000   67.045   -74.999
3158.000   996.000   608.000   161.000   66.986   -74.950
3159.000   964.000   619.000   177.000   66.927   -74.901
3160.000   984.000   670.000   173.000   66.868   -74.852
3161.000   989.000   604.000   161.000   66.809   -74.804
3162.000   983.000   620.000   180.000   66.750   -74.756
3163.000   1033.000   610.000   175.000   66.690   -74.708
3164.000   943.000   584.000   185.000   66.631   -74.660
3165.000   960.000   641.000   180.000   66.572   -74.613
3166.000   994.000   654.000   159.000   66.513   -74.565
3167.000   959.000   651.000   199.000   66.454   -74.518
3168.000   949.000   619.000   170.000   66.395   -74.472
3169.000   1015.000   607.000   171.000   66.336   -74.425
3170.000   961.000   589.000   203.000   66.277   -74.379
3171.000   1024.000   594.000   141.000   66.217   -74.333
3172.000   990.000   611.000   177.000   66.158   -74.287
3173.000   926.000   629.000   179.000   66.099   -74.242
3174.000   958.000   615.000   163.000   66.040   -74.196
3175.000   1021.000   618.000   161.000   65.980   -74.151
3176.000   1009.000   622.000   158.000   65.921   -74.106
3177.000   1059.000   582.000   179.000   65.862   -74.062
3178.000   1021.000   619.000   163.000   65.803   -74.017
3179.000   1053.000   642.000   157.000   65.743   -73.973
3180.000   990.000   604.000   150.000   65.684   -73.929
3181.000   1084.000   603.000   155.000   65.625   -73.886
3182.000   1041.000   627.000   176.000   65.565   -73.842
3183.000   1011.000   613.000   165.000   65.506   -73.799
3184.000   998.000   603.000   175.000   65.446   -73.756
3185.000   1066.000   573.000   195.000   65.387   -73.713
3186.000   980.000   613.000   167.000   65.328   -73.670
3187.000   965.000   619.000   171.000   65.268   -73.628
3188.000   972.000   685.000   166.000   65.209   -73.585
3189.000   1009.000   688.000   160.000   65.149   -73.543
3190.000   1009.000   665.000   189.000   65.090   -73.502
3191.000   1055.000   615.000   173.000   65.030   -73.460
3192.000   1006.000   641.000   177.000   64.971   -73.419
3193.000   1052.000   609.000   184.000   64.911   -73.377
3194.000   1019.000   637.000   179.000   64.852   -73.336
3195.000   1010.000   669.000   173.000   64.792   -73.296
3196.000   950.000   626.000   171.000   64.732   -73.255
3197.000   1017.000   664.000   172.000   64.673   -73.215
3198.000   947.000   603.000   172.000   64.613   -73.174
3199.000   997.000   615.000   172.000   64.554   -73.134
3200.000   1030.000   634.000   174.000   64.494   -73.094
3201.000   1074.000   649.000   197.000   64.434   -73.055
3202.000   1006.000   664.000   170.000   64.375   -73.015
3203.000   976.000   623.000   158.000   64.315   -72.976
3204.000   954.000   631.000   136.000   64.255   -72.937
3205.000   1020.000   624.000   193.000   64.196   -72.898
3206.000   1025.000   600.000   162.000   64.136   -72.859
3207.000   1038.000   636.000   182.000   64.076   -72.821
3208.000   972.000   642.000   173.000   64.017   -72.783
3209.000   1017.000   613.000   147.000   63.957   -72.744
3210.000   1034.000   572.000   175.000   63.897   -72.707
3211.000   1060.000   602.000   160.000   63.837   -72.669
3212.000   999.000   642.000   180.000   63.777   -72.631
3213.000   1032.000   639.000   159.000   63.718   -72.594
3214.000   1000.000   660.000   156.000   63.658   -72.556
3215.000   1061.000   650.000   187.000   63.598   -72.519
3216.000   1031.000   643.000   174.000   63.538   -72.482
3217.000   1056.000   589.000   162.000   63.478   -72.446
3218.000   992.000   617.000   151.000   63.418   -72.409
3219.000   1013.000   627.000   188.000   63.359   -72.373
3220.000   1097.000   547.000   182.000   63.299   -72.336
3221.000   1064.000   591.000   154.000   63.239   -72.300
3222.000   1072.000   651.000   172.000   63.179   -72.264
3223.000   1006.000   656.000   179.000   63.119   -72.229
3224.000   1066.000   627.000   178.000   63.059   -72.193
3225.000   1059.000   647.000   157.000   62.999   -72.158
3226.000   1093.000   651.000   167.000   62.939   -72.122
3227.000   1085.000   633.000   178.000   62.879   -72.087
3228.000   1097.000   598.000   184.000   62.819   -72.052
3229.000   1091.000   607.000   191.000   62.759   -72.018
3230.000   1040.000   603.000   190.000   62.699   -71.983
3231.000   1097.000   614.000   184.000   62.639   -71.949
3232.000   1084.000   648.000   168.000   62.579   -71.914
3233.000   1021.000   615.000   176.000   62.519   -71.880
3234.000   1029.000   625.000   161.000   62.459   -71.846
3235.000   1094.000   675.000   145.000   62.399   -71.812
3236.000   1037.000   688.000   184.000   62.339   -71.779
3237.000   1071.000   631.000   179.000   62.279   -71.745
3238.000   1057.000   639.000   155.000   62.219   -71.712
3239.000   1039.000   670.000   161.000   62.159   -71.679
3240.000   1081.000   670.000   170.000   62.099   -71.645
3241.000   1066.000   649.000   176.000   62.039   -71.613
3242.000   1087.000   599.000   183.000   61.979   -71.580
3243.000   1043.000   654.000   161.000   61.918   -71.547
3244.000   1148.000   677.000   161.000   61.858   -71.515
3245.000   1111.000   621.000   177.000   61.798   -71.482
3246.000   1059.000   628.000   163.000   61.738   -71.450
3247.000   1145.000   686.000   160.000   61.678   -71.418
3248.000   1076.000   612.000   163.000   61.618   -71.386
3249.000   1005.000   590.000   182.000   61.557   -71.354
3250.000   1085.000   665.000   185.000   61.497   -71.323
3251.000   1091.000   623.000   200.000   61.437   -71.291
3252.000   1138.000   682.000   188.000   61.377   -71.260
3253.000   1280.000   674.000   189.000   61.316   -71.228
3254.000   1118.000   703.000   167.000   61.256   -71.197
3255.000   1202.000   638.000   178.000   61.196   -71.166
3256.000   1188.000   661.000   168.000   61.136   -71.135
3257.000   1119.000   665.000   199.000   61.075   -71.105
3258.000   1120.000   664.000   189.000   61.015   -71.074
3259.000   1124.000   641.000   154.000   60.955   -71.044
3260.000   1081.000   634.000   159.000   60.895   -71.013
3261.000   1195.000   658.000   164.000   60.834   -70.983
3262.000   1106.000   626.000   201.000   60.774   -70.953
3263.000   1165.000   690.000   169.000   60.714   -70.923
3264.000   1268.000   692.000   161.000   60.653   -70.893
3265.000   1346.000   661.000   195.000   60.593   -70.864
3266.000   1298.000   673.000   185.000   60.533   -70.834
3267.000   1356.000   685.000   198.000   60.472   -70.805
3268.000   1207.000   659.000   173.000   60.412   -70.776
3269.000   1202.000   642.000   177.000   60.352   -70.746
3270.000   1269.000   695.000   196.000   60.291   -70.717
3271.000   1245.000   739.000   191.000   60.231   -70.688
3272.000   1205.000   717.000   174.000   60.170   -70.660
3273.000   1219.000   733.000   182.000   60.110   -70.631
3274.000   1316.000   712.000   180.000   60.049   -70.602
3275.000   1434.000   763.000   214.000   59.989   -70.574
3276.000   1430.000   812.000   215.000   59.929   -70.546
3277.000   1792.000   1089.000   349.000   59.868   -70.517
3278.000   2195.000   1574.000   569.000   59.808   -70.489
3279.000   2589.000   2049.000   757.000   59.747   -70.461
3280.000   3152.000   2760.000   991.000   59.687   -70.434
3281.000   3687.000   3346.000   1276.000   59.626   -70.406
3282.000   3443.000   3235.000   1128.000   59.566   -70.378
3283.000   3726.000   3338.000   1258.000   59.505   -70.351
3284.000   4527.000   3903.000   1474.000   59.445   -70.323
3285.000   5404.000   5479.000   2094.000   59.384   -70.296
3286.000   5629.000   5780.000   2155.000   59.324   -70.269
3287.000   6138.000   6515.000   2408.000   59.263   -70.242
3288.000   6982.000   8031.000   2972.000   59.203   -70.215
3289.000   7010.000   8185.000   3499.000   59.142   -70.188
3290.000   6555.000   7638.000   3201.000   59.082   -70.161
3291.000   6766.000   8210.000   3478.000   59.021   -70.135
3292.000   8712.000   10976.000   4604.000   58.961   -70.108
3293.000   8171.000   10349.000   4337.000   58.900   -70.082
3294.000   9116.000   12011.000   5226.000   58.839   -70.055
3295.000   10445.000   14351.000   6227.000   58.779   -70.029
3296.000   10502.000   15440.000   7115.000   58.718   -70.003
3297.000   10719.000   15216.000   6466.000   58.658   -69.977
3298.000   11140.000   16394.000   7024.000   58.597   -69.951
3299.000   10520.000   16364.000   7499.000   58.536   -69.925
3300.000   9247.000   13589.000   6057.000   58.476   -69.900
3301.000   8305.000   11612.000   5270.000   58.415   -69.874
3302.000   6858.000   8996.000   3764.000   58.354   -69.849
3303.000   6714.000   8487.000   3336.000   58.294   -69.823
3304.000   7640.000   9858.000   4196.000   58.233   -69.798
3305.000   10265.000   15952.000   7446.000   58.172   -69.773
3306.000   12815.000   22765.000   11056.000   58.112   -69.748
3307.000   9823.000   14044.000   5934.000   58.051   -69.723
3308.000   7930.000   9708.000   3746.000   57.990   -69.698
3309.000   8018.000   9863.000   3606.000   57.930   -69.673
3310.000   8535.000   10303.000   3750.000   57.869   -69.649
3311.000   8718.000   10903.000   4079.000   57.808   -69.624
3312.000   9019.000   11165.000   4411.000   57.748   -69.600
3313.000   9255.000   12085.000   4524.000   57.687   -69.575
3314.000   9661.000   12513.000   4723.000   57.626   -69.551
3315.000   10157.000   13211.000   4867.000   57.565   -69.527
3316.000   10271.000   13663.000   5252.000   57.505   -69.503
3317.000   10619.000   14248.000   5477.000   57.444   -69.479
3318.000   11288.000   14839.000   5836.000   57.383   -69.455
3319.000   11249.000   15726.000   5954.000   57.322   -69.431
3320.000   11641.000   16002.000   6206.000   57.262   -69.407
3321.000   11931.000   16641.000   6511.000   57.201   -69.383
3322.000   12130.000   17122.000   6700.000   57.140   -69.360
3323.000   12415.000   17820.000   7033.000   57.079   -69.337
3324.000   12770.000   18558.000   7265.000   57.019   -69.313
3325.000   13010.000   19156.000   7544.000   56.958   -69.290
3326.000   13219.000   19763.000   7713.000   56.897   -69.267
3327.000   13327.000   20501.000   8148.000   56.836   -69.244
3328.000   14014.000   20899.000   8282.000   56.775   -69.221
3329.000   14110.000   21555.000   8557.000   56.714   -69.198
3330.000   14305.000   22060.000   9087.000   56.654   -69.175
3331.000   14419.000   22846.000   9213.000   56.593   -69.152
3332.000   14571.000   23494.000   9336.000   56.532   -69.129
3333.000   14907.000   23984.000   9763.000   56.471   -69.107
3334.000   15019.000   24574.000   10141.000   56.410   -69.084
3335.000   15109.000   24864.000   10527.000   56.349   -69.062
3336.000   15096.000   25584.000   10608.000   56.289   -69.040
3337.000   15113.000   26265.000   11108.000   56.228   -69.017
3338.000   15105.000   26617.000   11361.000   56.167   -68.995
3339.000   15207.000   27247.000   11430.000   56.106   -68.973
3340.000   15233.000   27284.000   11737.000   56.045   -68.951
3341.000   15127.000   28111.000   12328.000   55.984   -68.929
3342.000   15113.000   28388.000   12447.000   55.923   -68.908
3343.000   15190.000   28816.000   12581.000   55.862   -68.886
3344.000   15312.000   28970.000   13055.000   55.801   -68.864
3345.000   15234.000   29285.000   12796.000   55.740   -68.843
3346.000   15168.000   29799.000   13209.000   55.679   -68.821
3347.000   14965.000   29980.000   13729.000   55.619   -68.800
3348.000   15215.000   30140.000   13838.000   55.558   -68.778
3349.000   14893.000   30648.000   13914.000   55.497   -68.757
3350.000   14801.000   30789.000   14242.000   55.436   -68.736
3351.000   14790.000   30610.000   14421.000   55.375   -68.715
3352.000   14612.000   30906.000   14716.000   55.314   -68.694
3353.000   14545.000   31001.000   14798.000   55.253   -68.673
3354.000   14274.000   31279.000   14856.000   55.192   -68.652
3355.000   14083.000   31403.000   15156.000   55.131   -68.631
3356.000   14139.000   31778.000   15271.000   55.070   -68.610
3357.000   13947.000   31834.000   15515.000   55.009   -68.590
3358.000   13696.000   31607.000   15639.000   54.948   -68.569
3359.000   13456.000   31851.000   15871.000   54.887   -68.549
3360.000   13513.000   31833.000   15951.000   54.826   -68.528
3361.000   13179.000   31621.000   16113.000   54.765   -68.508
3362.000   13066.000   31726.000   16308.000   54.704   -68.488
3363.000   13131.000   31508.000   16319.000   54.643   -68.468
3364.000   12875.000   31567.000   16351.000   54.582   -68.447
3365.000   13092.000   31752.000   16380.000   54.521   -68.427
3366.000   12919.000   31739.000   16506.000   54.460   -68.407
3367.000   12683.000   31597.000   16380.000   54.399   -68.387
3368.000   12481.000   31806.000   16432.000   54.338   -68.368
3369.000   12561.000   31454.000   16378.000   54.277   -68.348
3370.000   12357.000   31777.000   16774.000   54.216   -68.328
3371.000   12327.000   31710.000   16650.000   54.154   -68.309
3372.000   12256.000   31590.000   16808.000   54.093   -68.289
3373.000   12307.000   31309.000   16653.000   54.032   -68.270
3374.000   12333.000   31510.000   16701.000   53.971   -68.250
3375.000   12329.000   31320.000   16788.000   53.910   -68.231
3376.000   12219.000   31494.000   16626.000   53.849   -68.211
3377.000   12269.000   31565.000   16445.000   53.788   -68.192
3378.000   12326.000   31051.000   16602.000   53.727   -68.173
3379.000   12302.000   31148.000   16363.000   53.666   -68.154
3380.000   12324.000   31007.000   16537.000   53.605   -68.135
3381.000   12446.000   30730.000   16386.000   53.544   -68.116
3382.000   12440.000   31031.000   16294.000   53.482   -68.097
3383.000   12388.000   30620.000   16254.000   53.421   -68.078
3384.000   12412.000   30662.000   16278.000   53.360   -68.060
3385.000   12568.000   30307.000   16026.000   53.299   -68.041
3386.000   12782.000   30494.000   15764.000   53.238   -68.022
3387.000   12721.000   30293.000   15764.000   53.177   -68.004
3388.000   12790.000   30027.000   15640.000   53.116   -67.985
3389.000   12806.000   29852.000   15527.000   53.054   -67.967
3390.000   12689.000   29968.000   15098.000   52.993   -67.949
3391.000   13037.000   29274.000   15167.000   52.932   -67.930
3392.000   12929.000   29116.000   14795.000   52.871   -67.912
3393.000   12971.000   28860.000   14816.000   52.810   -67.894
3394.000   13120.000   28588.000   14642.000   52.749   -67.876
3395.000   13125.000   28750.000   14196.000   52.687   -67.858
3396.000   13343.000   28097.000   13810.000   52.626   -67.840
3397.000   13217.000   27638.000   13767.000   52.565   -67.822
3398.000   13146.000   27369.000   13483.000   52.504   -67.804
3399.000   13191.000   26830.000   13101.000   52.443   -67.786
3400.000   13087.000   26378.000   12730.000   52.381   -67.769
3401.000   12839.000   26119.000   12621.000   52.320   -67.751
3402.000   12752.000   25562.000   12052.000   52.259   -67.733
3403.000   12741.000   24718.000   11729.000   52.198   -67.716
3404.000   12372.000   24325.000   11471.000   52.137   -67.698
3405.000   12322.000   23462.000   11122.000   52.075   -67.681
3406.000   12124.000   22676.000   10758.000   52.014   -67.663
3407.000   11784.000   21817.000   10165.000   51.953   -67.646
3408.000   11706.000   20946.000   9566.000   51.892   -67.629
3409.000   11153.000   20209.000   9177.000   51.830   -67.612
3410.000   11028.000   19108.000   8900.000   51.769   -67.595
3411.000   10435.000   18300.000   8277.000   51.708   -67.577
3412.000   10314.000   17378.000   7876.000   51.647   -67.560
3413.000   9537.000   16512.000   7303.000   51.585   -67.543
3414.000   9154.000   15734.000   6740.000   51.524   -67.527
3415.000   8810.000   14379.000   6437.000   51.463   -67.510
3416.000   8179.000   13701.000   5952.000   51.401   -67.493
3417.000   7959.000   12683.000   5435.000   51.340   -67.476
3418.000   7414.000   11898.000   5100.000   51.279   -67.459
3419.000   6999.000   11098.000   4647.000   51.218   -67.443
3420.000   6289.000   10078.000   4351.000   51.156   -67.426
3421.000   6097.000   9393.000   4125.000   51.095   -67.410
3422.000   5628.000   8552.000   3651.000   51.034   -67.393
3423.000   5234.000   7731.000   3227.000   50.972   -67.377
3424.000   4886.000   7091.000   2960.000   50.911   -67.361
3425.000   4415.000   6540.000   2724.000   50.850   -67.344
3426.000   4034.000   5750.000   2344.000   50.789   -67.328
3427.000   3798.000   5203.000   2259.000   50.727   -67.312
3428.000   3458.000   4845.000   1974.000   50.666   -67.296
3429.000   3150.000   4358.000   1679.000   50.605   -67.280
3430.000   2898.000   3919.000   1553.000   50.543   -67.263
3431.000   2746.000   3502.000   1423.000   50.482   -67.248
3432.000   2503.000   3115.000   1275.000   50.421   -67.232
3433.000   2367.000   2880.000   1134.000   50.359   -67.216
3434.000   2188.000   2592.000   1016.000   50.298   -67.200
3435.000   2022.000   2338.000   879.000   50.236   -67.184
3436.000   1933.000   2081.000   803.000   50.175   -67.168
3437.000   1728.000   1955.000   731.000   50.114   -67.153
3438.000   1732.000   1788.000   667.000   50.052   -67.137
3439.000   1583.000   1556.000   633.000   49.991   -67.121
3440.000   1510.000   1471.000   538.000   49.930   -67.106
3441.000   1343.000   1383.000   521.000   49.868   -67.091
3442.000   1335.000   1215.000   481.000   49.807   -67.075
3443.000   1343.000   1172.000   438.000   49.745   -67.060
3444.000   1281.000   1085.000   392.000   49.684   -67.044
3445.000   1220.000   1087.000   358.000   49.623   -67.029
3446.000   1204.000   1007.000   367.000   49.561   -67.014
3447.000   1090.000   968.000   326.000   49.500   -66.999
3448.000   1101.000   930.000   299.000   49.439   -66.984
3449.000   1075.000   825.000   318.000   49.377   -66.968
3450.000   1074.000   803.000   300.000   49.316   -66.953
3451.000   1069.000   797.000   234.000   49.254   -66.938
3452.000   1030.000   836.000   249.000   49.193   -66.924
3453.000   1104.000   739.000   240.000   49.131   -66.909
3454.000   1047.000   775.000   240.000   49.070   -66.894
3455.000   999.000   719.000   223.000   49.009   -66.879
3456.000   1076.000   732.000   220.000   48.947   -66.864
3457.000   962.000   729.000   230.000   48.886   -66.850
3458.000   987.000   738.000   185.000   48.824   -66.835
3459.000   992.000   669.000   219.000   48.763   -66.820
3460.000   985.000   707.000   201.000   48.701   -66.806
3461.000   973.000   667.000   211.000   48.640   -66.791
3462.000   903.000   687.000   171.000   48.578   -66.777
3463.000   987.000   724.000   189.000   48.517   -66.762
3464.000   910.000   645.000   175.000   48.456   -66.748
3465.000   958.000   633.000   182.000   48.394   -66.734
3466.000   921.000   635.000   190.000   48.333   -66.719
3467.000   1003.000   611.000   159.000   48.271   -66.705
3468.000   931.000   660.000   184.000   48.210   -66.691
3469.000   950.000   649.000   168.000   48.148   -66.677
3470.000   930.000   603.000   149.000   48.087   -66.663
3471.000   995.000   635.000   172.000   48.025   -66.648
3472.000   973.000   638.000   176.000   47.964   -66.634
3473.000   944.000   588.000   156.000   47.902   -66.620
3474.000   1038.000   648.000   164.000   47.841   -66.606
3475.000   910.000   631.000   201.000   47.779   -66.593
3476.000   903.000   636.000   177.000   47.718   -66.579
3477.000   953.000   589.000   159.000   47.656   -66.565
3478.000   919.000   590.000   177.000   47.595   -66.551
3479.000   936.000   633.000   172.000   47.533   -66.537
3480.000   963.000   630.000   174.000   47.472   -66.524
3481.000   941.000   601.000   158.000   47.410   -66.510
3482.000   936.000   579.000   181.000   47.349   -66.496
3483.000   973.000   581.000   178.000   47.287   -66.483
3484.000   881.000   621.000   160.000   47.226   -66.469
3485.000   892.000   593.000   152.000   47.164   -66.456
3486.000   914.000   584.000   174.000   47.103   -66.442
3487.000   892.000   601.000   192.000   47.041   -66.429
3488.000   919.000   629.000   172.000   46.979   -66.416
3489.000   920.000   584.000   171.000   46.918   -66.402
3490.000   910.000   621.000   162.000   46.856   -66.389
3491.000   956.000   654.000   164.000   46.795   -66.376
3492.000   894.000   589.000   151.000   46.733   -66.363
3493.000   899.000   595.000   162.000   46.672   -66.349
3494.000   930.000   597.000   171.000   46.610   -66.336
3495.000   959.000   589.000   180.000   46.549   -66.323
3496.000   869.000   604.000   161.000   46.487   -66.310
3497.000   900.000   631.000   171.000   46.425   -66.297
3498.000   931.000   584.000   184.000   46.364   -66.284
3499.000   934.000   586.000   174.000   46.302   -66.271
3500.000   939.000   595.000   171.000   46.241   -66.258
3501.000   959.000   627.000   145.000   46.179   -66.245
3502.000   932.000   608.000   153.000   46.118   -66.233
3503.000   916.000   575.000   173.000   46.056   -66.220
3504.000   910.000   568.000   148.000   45.994   -66.207
3505.000   930.000   614.000   184.000   45.933   -66.194
3506.000   933.000   620.000   165.000   45.871   -66.182
3507.000   919.000   573.000   174.000   45.810   -66.169
3508.000   932.000   607.000   185.000   45.748   -66.157
3509.000   865.000   577.000   165.000   45.686   -66.144
3510.000   895.000   574.000   162.000   45.625   -66.131
3511.000   894.000   626.000   174.000   45.563   -66.119
3512.000   920.000   598.000   140.000   45.502   -66.107
3513.000   923.000   617.000   147.000   45.440   -66.094
3514.000   899.000   567.000   161.000   45.378   -66.082
3515.000   877.000   626.000   162.000   45.317   -66.069
3516.000   932.000   587.000   164.000   45.255   -66.057
3517.000   876.000   571.000   136.000   45.193   -66.045
3518.000   907.000   581.000   160.000   45.132   -66.033
3519.000   880.000   571.000   150.000   45.070   -66.020
3520.000   943.000   637.000   191.000   45.009   -66.008
3521.000   943.000   555.000   179.000   44.947   -65.996
3522.000   894.000   541.000   151.000   44.885   -65.984
3523.000   917.000   572.000   165.000   44.824   -65.972
3524.000   870.000   635.000   155.000   44.762   -65.960
3525.000   932.000   535.000   151.000   44.700   -65.948
3526.000   898.000   598.000   152.000   44.639   -65.936
3527.000   925.000   557.000   161.000   44.577   -65.924
3528.000   923.000   599.000   173.000   44.515   -65.912
3529.000   884.000   625.000   161.000   44.454   -65.900
3530.000   914.000   562.000   158.000   44.392   -65.889
3531.000   956.000   590.000   154.000   44.330   -65.877
3532.000   933.000   573.000   164.000   44.269   -65.865
3533.000   905.000   584.000   163.000   44.207   -65.853
3534.000   830.000   587.000   164.000   44.145   -65.842
3535.000   896.000   592.000   144.000   44.084   -65.830
3536.000   882.000   593.000   158.000   44.022   -65.818
3537.000   843.000   559.000   164.000   43.960   -65.807
3538.000   878.000   602.000   171.000   43.899   -65.795
3539.000   838.000   629.000   179.000   43.837   -65.784
3540.000   913.000   586.000   160.000   43.775   -65.772
3541.000   871.000   538.000   152.000   43.713   -65.761
3542.000   875.000   548.000   178.000   43.652   -65.749
3543.000   892.000   589.000   179.000   43.590   -65.738
3544.000   886.000   582.000   170.000   43.528   -65.727
3545.000   884.000   581.000   158.000   43.467   -65.715
3546.000   859.000   588.000   170.000   43.405   -65.704
3547.000   921.000   573.000   158.000   43.343   -65.693
3548.000   891.000   593.000   177.000   43.282   -65.681
3549.000   840.000   600.000   162.000   43.220   -65.670
3550.000   878.000   580.000   173.000   43.158   -65.659
3551.000   860.000   572.000   167.000   43.096   -65.648
3552.000   854.000   539.000   145.000   43.035   -65.637
3553.000   925.000   530.000   137.000   42.973   -65.626
3554.000   819.000   592.000   181.000   42.911   -65.615
3555.000   882.000   604.000   142.000   42.849   -65.604
3556.000   853.000   529.000   142.000   42.788   -65.593
3557.000   830.000   558.000   160.000   42.726   -65.582
3558.000   905.000   523.000   146.000   42.664   -65.571
3559.000   868.000   539.000   145.000   42.603   -65.560
3560.000   878.000   580.000   142.000   42.541   -65.549
3561.000   879.000   576.000   151.000   42.479   -65.538
3562.000   900.000   551.000   149.000   42.417   -65.527
3563.000   910.000   590.000   168.000   42.356   -65.517
3564.000   910.000   563.000   141.000   42.294   -65.506
3565.000   856.000   522.000   163.000   42.232   -65.495
3566.000   867.000   601.000   158.000   42.170   -65.484
3567.000   831.000   547.000   156.000   42.108   -65.474
3568.000   831.000   595.000   159.000   42.047   -65.463
3569.000   891.000   601.000   157.000   41.985   -65.453
3570.000   878.000   525.000   143.000   41.923   -65.442
3571.000   889.000   560.000   176.000   41.861   -65.431
3572.000   905.000   572.000   150.000   41.800   -65.421
3573.000   862.000   565.000   147.000   41.738   -65.410
3574.000   851.000   570.000   159.000   41.676   -65.400
3575.000   909.000   598.000   173.000   41.614   -65.390
3576.000   905.000   573.000   167.000   41.553   -65.379
3577.000   891.000   523.000   153.000   41.491   -65.369
3578.000   873.000   497.000   157.000   41.429   -65.358
3579.000   873.000   528.000   173.000   41.367   -65.348
3580.000   850.000   556.000   140.000   41.305   -65.338
3581.000   900.000   566.000   147.000   41.244   -65.327
3582.000   844.000   548.000   179.000   41.182   -65.317
3583.000   846.000   545.000   138.000   41.120   -65.307
3584.000   887.000   525.000   150.000   41.058   -65.297
3585.000   880.000   521.000   141.000   40.996   -65.287
3586.000   839.000   511.000   145.000   40.935   -65.277
3587.000   840.000   568.000   148.000   40.873   -65.266
3588.000   850.000   577.000   155.000   40.811   -65.256
3589.000   901.000   587.000   142.000   40.749   -65.246
3590.000   858.000   526.000   147.000   40.687   -65.236
3591.000   851.000   524.000   167.000   40.625   -65.226
3592.000   827.000   540.000   158.000   40.564   -65.216
3593.000   845.000   515.000   141.000   40.502   -65.206
3594.000   851.000   578.000   134.000   40.440   -65.196
3595.000   875.000   561.000   127.000   40.378   -65.186
3596.000   889.000   543.000   151.000   40.316   -65.177
3597.000   881.000   538.000   155.000   40.255   -65.167
3598.000   845.000   529.000   125.000   40.193   -65.157
3599.000   813.000   531.000   143.000   40.131   -65.147
3600.000   833.000   519.000   143.000   40.069   -65.137
3601.000   851.000   495.000   139.000   40.007   -65.128
3602.000   1044.000   658.000   170.000   39.945   -65.118
3603.000   1024.000   568.000   185.000   39.884   -65.108
3604.000   968.000   620.000   179.000   39.822   -65.099
3605.000   1029.000   593.000   199.000   39.760   -65.089
3606.000   1009.000   605.000   173.000   39.698   -65.079
3607.000   1034.000   612.000   171.000   39.636   -65.070
3608.000   994.000   638.000   180.000   39.574   -65.060
3609.000   984.000   630.000   172.000   39.512   -65.051
3610.000   1008.000   612.000   174.000   39.451   -65.041
3611.000   1010.000   630.000   163.000   39.389   -65.032
3612.000   1036.000   636.000   175.000   39.327   -65.022
3613.000   995.000   588.000   177.000   39.265   -65.013
3614.000   1031.000   627.000   172.000   39.203   -65.003
3615.000   1016.000   636.000   158.000   39.141   -64.994
3616.000   974.000   608.000   187.000   39.079   -64.984
3617.000   1053.000   615.000   170.000   39.017   -64.975
3618.000   929.000   616.000   159.000   38.956   -64.966
3619.000   1017.000   642.000   153.000   38.894   -64.956
3620.000   996.000   625.000   172.000   38.832   -64.947
3621.000   952.000   616.000   149.000   38.770   -64.938
3622.000   1012.000   569.000   161.000   38.708   -64.929
3623.000   1018.000   604.000   183.000   38.646   -64.919
3624.000   976.000   643.000   165.000   38.584   -64.910
3625.000   977.000   607.000   185.000   38.522   -64.901
3626.000   1027.000   603.000   176.000   38.461   -64.892
3627.000   1006.000   626.000   150.000   38.399   -64.883
3628.000   994.000   608.000   179.000   38.337   -64.874
3629.000   1003.000   643.000   185.000   38.275   -64.865
3630.000   1007.000   637.000   168.000   38.213   -64.855
3631.000   907.000   653.000   185.000   38.151   -64.846
3632.000   943.000   627.000   181.000   38.089   -64.837
3633.000   1005.000   635.000   169.000   38.027   -64.828
3634.000   985.000   593.000   194.000   37.965   -64.819
3635.000   957.000   606.000   185.000   37.903   -64.811
3636.000   983.000   579.000   184.000   37.841   -64.802
3637.000   964.000   607.000   173.000   37.780   -64.793
3638.000   996.000   608.000   161.000   37.718   -64.784
3639.000   964.000   619.000   177.000   37.656   -64.775
3640.000   984.000   670.000   173.000   37.594   -64.766
3641.000   989.000   604.000   161.000   37.532   -64.757
3642.000   983.000   620.000   180.000   37.470   -64.749
3643.000   1033.000   610.000   175.000   37.408   -64.740
3644.000   943.000   584.000   185.000   37.346   -64.731
3645.000   960.000   641.000   180.000   37.284   -64.722
3646.000   994.000   654.000   159.000   37.222   -64.714
3647.000   959.000   651.000   199.000   37.160   -64.705
3648.000   949.000   619.000   170.000   37.098   -64.696
3649.000   1015.000   607.000   171.000   37.036   -64.688
3650.000   961.000   589.000   203.000   36.975   -64.679
3651.000   1024.000   594.000   141.000   36.913   -64.670
3652.000   990.000   611.000   177.000   36.851   -64.662
3653.000   926.000   629.000   179.000   36.789   -64.653
3654.000   958.000   615.000   163.000   36.727   -64.645
3655.000   1021.000   618.000   161.000   36.665   -64.636
3656.000   1009.000   622.000   158.000   36.603   -64.628
3657.000   1059.000   582.000   179.000   36.541   -64.619
3658.000   1021.000   619.000   163.000   36.479   -64.611
3659.000   1053.000   642.000   157.000   36.417   -64.602
3660.000   990.000   604.000   150.000   36.355   -64.594
3661.000   1084.000   603.000   155.000   36.293   -64.585
3662.000   1041.000   627.000   176.000   36.231   -64.577
3663.000   1011.000   613.000   165.000   36.169   -64.569
3664.000   998.000   603.000   175.000   36.107   -64.560
3665.000   1066.000   573.000   195.000   36.045   -64.552
3666.000   980.000   613.000   167.000   35.983   -64.544
3667.000   965.000   619.000   171.000   35.921   -64.535
3668.000   972.000   685.000   166.000   35.859   -64.527
3669.000   1009.000   688.000   160.000   35.797   -64.519
3670.000   1009.000   665.000   189.000   35.735   -64.511
3671.000   1055.000   615.000   173.000   35.673   -64.502
3672.000   1006.000   641.000   177.000   35.611   -64.494
3673.000   1052.000   609.000   184.000   35.549   -64.486
3674.000   1019.000   637.000   179.000   35.487   -64.478
3675.000   1010.000   669.000   173.000   35.425   -64.470
3676.000   950.000   626.000   171.000   35.363   -64.462
3677.000   1017.000   664.000   172.000   35.301   -64.454
3678.000   947.000   603.000   172.000   35.239   -64.446
3679.000   997.000   615.000   172.000   35.177   -64.437
3680.000   1030.000   634.000   174.000   35.116   -64.429
3681.000   1074.000   649.000   197.000   35.054   -64.421
3682.000   1006.000   664.000   170.000   34.992   -64.413
3683.000   976.000   623.000   158.000   34.930   -64.405
3684.000   954.000   631.000   136.000   34.868   -64.397
3685.000   1020.000   624.000   193.000   34.806   -64.390
3686.000   1025.000   600.000   162.000   34.744   -64.382
3687.000   1038.000   636.000   182.000   34.682   -64.374
3688.000   972.000   642.000   173.000   34.620   -64.366
3689.000   1017.000   613.000   147.000   34.558   -64.358
3690.000   1034.000   572.000   175.000   34.495   -64.350
3691.000   1060.000   602.000   160.000   34.433   -64.342
3692.000   999.000   642.000   180.000   34.371   -64.334
3693.000   1032.000   639.000   159.000   34.309   -64.327
3694.000   1000.000   660.000   156.000   34.247   -64.319
3695.000   1061.000   650.000   187.000   34.185   -64.311
3696.000   1031.000   643.000   174.000   34.123   -64.303
3697.000   1056.000   589.000   162.000   34.061   -64.296
3698.000   992.000   617.000   151.000   33.999   -64.288
3699.000   1013.000   627.000   188.000   33.937   -64.280
3700.000   1097.000   547.000   182.000   33.875   -64.273
3701.000   1064.000   591.000   154.000   33.813   -64.265
3702.000   1072.000   651.000   172.000   33.751   -64.257
3703.000   1006.000   656.000   179.000   33.689   -64.250
3704.000   1066.000   627.000   178.000   33.627   -64.242
3705.000   1059.000   647.000   157.000   33.565   -64.234
3706.000   1093.000   651.000   167.000   33.503   -64.227
3707.000   1085.000   633.000   178.000   33.441   -64.219
3708.000   1097.000   598.000   184.000   33.379   -64.212
3709.000   1091.000   607.000   191.000   33.317   -64.204
3710.000   1040.000   603.000   190.000   33.255   -64.197
3711.000   1097.000   614.000   184.000   33.193   -64.189
3712.000   1084.000   648.000   168.000   33.131   -64.182
3713.000   1021.000   615.000   176.000   33.069   -64.174
3714.000   1029.000   625.000   161.000   33.007   -64.167
3715.000   1094.000   675.000   145.000   32.945   -64.159
3716.000   1037.000   688.000   184.000   32.883   -64.152
3717.000   1071.000   631.000   179.000   32.821   -64.145
3718.000   1057.000   639.000   155.000   32.759   -64.137
3719.000   1039.000   670.000   161.000   32.697   -64.130
3720.000   1081.000   670.000   170.000   32.634   -64.122
3721.000   1066.000   649.000   176.000   32.572   -64.115
3722.000   1087.000   599.000   183.000   32.510   -64.108
3723.000   1043.000   654.000   161.000   32.448   -64.100
3724.000   1148.000   677.000   161.000   32.386   -64.093
3725.000   1111.000   621.000   177.000   32.324   -64.086
3726.000   1059.000   628.000   163.000   32.262   -64.079
3727.000   1145.000   686.000   160.000   32.200   -64.071
3728.000   1076.000   612.000   163.000   32.138   -64.064
3729.000   1005.000   590.000   182.000   32.076   -64.057
3730.000   1085.000   665.000   185.000   32.014   -64.050
3731.000   1091.000   623.000   200.000   31.952   -64.043
3732.000   1138.000   682.000   188.000   31.890   -64.035
3733.000   1280.000   674.000   189.000   31.828   -64.028
3734.000   1118.000   703.000   167.000   31.766   -64.021
3735.000   1202.000   638.000   178.000   31.703   -64.014
3736.000   1188.000   661.000   168.000   31.641   -64.007
3737.000   1119.000   665.000   199.000   31.579   -64.000
3738.000   1120.000   664.000   189.000   31.517   -63.993
3739.000   1124.000   641.000   154.000   31.455   -63.986
3740.000   1081.000   634.000   159.000   31.393   -63.979
3741.000   1195.000   658.000   164.000   31.331   -63.972
3742.000   1106.000   626.000   201.000   31.269   -63.965
3743.000   1165.000   690.000   169.000   31.207   -63.958
3744.000   1268.000   692.000   161.000   31.145   -63.951
3745.000   1346.000   661.000   195.000   31.083   -63.944
3746.000   1298.000   673.000   185.000   31.021   -63.937
3747.000   1356.000   685.000   198.000   30.958   -63.930
3748.000   1207.000   659.000   173.000   30.896   -63.923
3749.000   1202.000   642.000   177.000   30.834   -63.916
3750.000   1269.000   695.000   196.000   30.772   -63.909
3751.000   1245.000   739.000   191.000   30.710   -63.902
3752.000   1205.000   717.000   174.000   30.648   -63.895
3753.000   1219.000   733.000   182.000   30.586   -63.889
3754.000   1316.000   712.000   180.000   30.524   -63.882
3755.000   1434.000   763.000   214.000   30.462   -63.875
3756.000   1430.000   812.000   215.000   30.400   -63.868
3757.000   1792.000   1089.000   349.000   30.337   -63.861
3758.000   2195.000   1574.000   569.000   30.275   -63.854
3759.000   2589.000   2049.000   757.000   30.213   -63.848
3760.000   3152.000   2760.000   991.000   30.151   -63.841
3761.000   3687.000   3346.000   1276.000   30.089   -63.834
3762.000   3443.000   3235.000   1128.000   30.027   -63.827
3763.000   3726.000   3338.000   1258.000   29.965   -63.821
3764.000   4527.000   3903.000   1474.000   29.903   -63.814
3765.000   5404.000   5479.000   2094.000   29.840   -63.807
3766.000   5629.000   5780.000   2155.000   29.778   -63.801
3767.000   6138.000   6515.000   2408.000   29.716   -63.794
3768.000   6982.000   8031.000   2972.000   29.654   -63.787
3769.000   7010.000   8185.000   3499.000   29.592   -63.781
3770.000   6555.000   7638.000   3201.000   29.530   -63.774
3771.000   6766.000   8210.000   3478.000   29.468   -63.768
3772.000   8712.000   10976.000   4604.000   29.406   -63.761
3773.000   8171.000   10349.000   4337.000   29.343   -63.754
3774.000   9116.000   12011.000   5226.000   29.281   -63.748
3775.000   10445.000   14351.000   6227.000   29.219   -63.741
3776.000   10502.000   15440.000   7115.000   29.157   -63.735
3777.000   10719.000   15216.000   6466.000   29.095   -63.728
3778.000   11140.000   16394.000   7024.000   29.033   -63.722
3779.000   10520.000   16364.000   7499.000   28.971   -63.715
3780.000   9247.000   13589.000   6057.000   28.909   -63.709
3781.000   8305.000   11612.000   5270.000   28.846   -63.702
3782.000   6858.000   8996.000   3764.000   28.784   -63.696
3783.000   6714.000   8487.000   3336.000   28.722   -63.689
3784.000   7640.000   9858.000   4196.000   28.660   -63.683
3785.000   10265.000   15952.000   7446.000   28.598   -63.676
3786.000   12815.000   22765.000   11056.000   28.536   -63.670
3787.000   9823.000   14044.000   5934.000   28.474   -63.664
3788.000   7930.000   9708.000   3746.000   28.411   -63.657
3789.000   8018.000   9863.000   3606.000   28.349   -63.651
3790.000   8535.000   10303.000   3750.000   28.287   -63.644
3791.000   8718.000   10903.000   4079.000   28.225   -63.638
3792.000   9019.000   11165.000   4411.000   28.163   -63.632
3793.000   9255.000   12085.000   4524.000   28.101   -63.625
3794.000   9661.000   12513.000   4723.000   28.038   -63.619
3795.000   10157.000   13211.000   4867.000   27.976   -63.613
3796.000   10271.000   13663.000   5252.000   27.914   -63.606
3797.000   10619.000   14248.000   5477.000   27.852   -63.600
3798.000   11288.000   14839.000   5836.000   27.790   -63.594
3799.000   11249.000   15726.000   5954.000   27.728   -63.588
3800.000   11641.000   16002.000   6206.000   27.666   -63.581
3801.000   11931.000   16641.000   6511.000   27.603   -63.575
3802.000   12130.000   17122.000   6700.000   27.541   -63.569
3803.000   12415.000   17820.000   7033.000   27.479   -63.563
3804.000   12770.000   18558.000   7265.000   27.417   -63.557
3805.000   13010.000   19156.000   7544.000   27.355   -63.550
3806.000   13219.000   19763.000   7713.000   27.293   -63.544
3807.000   13327.000   20501.000   8148.000   27.230   -63.538
3808.000   14014.000   20899.000   8282.000   27.168   -63.532
3809.000   14110.000   21555.000   8557.000   27.106   -63.526
3810.000   14305.000   22060.000   9087.000   27.044   -63.520
3811.000   14419.000   22846.000   9213.000   26.982   -63.513
3812.000   14571.000   23494.000   9336.000   26.920   -63.507
3813.000   14907.000   23984.000   9763.000   26.857   -63.501
3814.000   15019.000   24574.000   10141.000   26.795   -63.495
3815.000   15109.000   24864.000   10527.000   26.733   -63.489
3816.000   15096.000   25584.000   10608.000   26.671   -63.483
3817.000   15113.000   26265.000   11108.000   26.609   -63.477
3818.000   15105.000   26617.000   11361.000   26.546   -63.471
3819.000   15207.000   27247.000   11430.000   26.484   -63.465
3820.000   15233.000   27284.000   11737.000   26.422   -63.459
3821.000   15127.000   28111.000   12328.000   26.360   -63.453
3822.000   15113.000   28388.000   12447.000   26.298   -63.447
3823.000   15190.000   28816.000   12581.000   26.236   -63.441
3824.000   15312.000   28970.000   13055.000   26.173   -63.435
3825.000   15234.000   29285.000   12796.000   26.111   -63.429
3826.000   15168.000   29799.000   13209.000   26.049   -63.423
3827.000   14965.000   29980.000   13729.000   25.987   -63.417
3828.000   15215.000   30140.000   13838.000   25.925   -63.411
3829.000   14893.000   30648.000   13914.000   25.862   -63.405
3830.000   14801.000   30789.000   14242.000   25.800   -63.399
3831.000   14790.000   30610.000   14421.000   25.738   -63.393
3832.000   14612.000   30906.000   14716.000   25.676   -63.388
3833.000   14545.000   31001.000   14798.000   25.614   -63.382
3834.000   14274.000   31279.000   14856.000   25.551   -63.376
3835.000   14083.000   31403.000   15156.000   25.489   -63.370
3836.000   14139.000   31778.000   15271.000   25.427   -63.364
3837.000   13947.000   31834.000   15515.000   25.365   -63.358
3838.000   13696.000   31607.000   15639.000   25.303   -63.352
3839.000   13456.000   31851.000   15871.000   25.240   -63.347
3840.000   13513.000   31833.000   15951.000   25.178   -63.341
3841.000   13179.000   31621.000   16113.000   25.116   -63.335
3842.000   13066.000   31726.000   16308.000   25.054   -63.329
3843.000   13131.000   31508.000   16319.000   24.992   -63.323
3844.000   12875.000   31567.000   16351.000   24.929   -63.318
3845.000   13092.000   31752.000   16380.000   24.867   -63.312
3846.000   12919.000   31739.000   16506.000   24.805   -63.306
3847.000   12683.000   31597.000   16380.000   24.743   -63.300
3848.000   12481.000   31806.000   16432.000   24.680   -63.295
3849.000   12561.000   31454.000   16378.000   24.618   -63.289
3850.000   12357.000   31777.000   16774.000   24.556   -63.283
3851.000   12327.000   31710.000   16650.000   24.494   -63.278
3852.000   12256.000   31590.000   16808.000   24.432   -63.272
3853.000   12307.000   31309.000   16653.000   24.369   -63.266
3854.000   12333.000   31510.000   16701.000   24.307   -63.261
3855.000   12329.000   31320.000   16788.000   24.245   -63.255
3856.000   12219.000   31494.000   16626.000   24.183   -63.249
3857.000   12269.000   31565.000   16445.000   24.121   -63.244
3858.000   12326.000   31051.000   16602.000   24.058   -63.238
3859.000   12302.000   31148.000   16363.000   23.996   -63.232
3860.000   12324.000   31007.000   16537.000   23.934   -63.227
3861.000   12446.000   30730.000   16386.000   23.872   -63.221
3862.000   12440.000   31031.000   16294.000   23.809   -63.216
3863.000   12388.000   30620.000   16254.000   23.747   -63.210
3864.000   12412.000   30662.000   16278.000   23.685   -63.204
3865.000   12568.000   30307.000   16026.000   23.623   -63.199
3866.000   12782.000   30494.000   15764.000   23.560   -63.193
3867.000   12721.000   30293.000   15764.000   23.498   -63.188
3868.000   12790.000   30027.000   15640.000   23.436   -63.182
3869.000   12806.000   29852.000   15527.000   23.374   -63.177
3870.000   12689.000   29968.000   15098.000   23.312   -63.171
3871.000   13037.000   29274.000   15167.000   23.249   -63.166
3872.000   12929.000   29116.000   14795.000   23.187   -63.160
3873.000   12971.000   28860.000   14816.000   23.125   -63.155
3874.000   13120.000   28588.000   14642.000   23.063   -63.149
3875.000   13125.000   28750.000   14196.000   23.000   -63.144
3876.000   13343.000   28097.000   13810.000   22.938   -63.138
3877.000   13217.000   27638.000   13767.000   22.876   -63.133
3878.000   13146.000   27369.000   13483.000   22.814   -63.127
3879.000   13191.000   26830.000   13101.000   22.751   -63.122
3880.000   13087.000   26378.000   12730.000   22.689   -63.116
3881.000   12839.000   26119.000   12621.000   22.627   -63.111
3882.000   12752.000   25562.000   12052.000   22.565   -63.106
3883.000   12741.000   24718.000   11729.000   22.502   -63.100
3884.000   12372.000   24325.000   11471.000   22.440   -63.095
3885.000   12322.000   23462.000   11122.000   22.378   -63.089
3886.000   12124.000   22676.000   10758.000   22.316   -63.084
3887.000   11784.000   21817.000   10165.000   22.253   -63.079
3888.000   11706.000   20946.000   9566.000   22.191   -63.073
3889.000   11153.000   20209.000   9177.000   22.129   -63.068
3890.000   11028.000   19108.000   8900.000   22.067   -63.063
3891.000   10435.000   18300.000   8277.000   22.004   -63.057
3892.000   10314.000   17378.000   7876.000   21.942   -63.052
3893.000   9537.000   16512.000   7303.000   21.880   -63.047
3894.000   9154.000   15734.000   6740.000   21.818   -63.041
3895.000   8810.000   14379.000   6437.000   21.755   -63.036
3896.000   8179.000   13701.000   5952.000   21.693   -63.031
3897.000   7959.000   12683.000   5435.000   21.631   -63.025
3898.000   7414.000   11898.000   5100.000   21.569   -63.020
3899.000   6999.000   11098.000   4647.000   21.506   -63.015
3900.000   6289.000   10078.000   4351.000   21.444   -63.010
3901.000   6097.000   9393.000   4125.000   21.382   -63.004
3902.000   5628.000   8552.000   3651.000   21.320   -62.999
3903.000   5234.000   7731.000   3227.000   21.257   -62.994
3904.000   4886.000   7091.000   2960.000   21.195   -62.989
3905.000   4415.000   6540.000   2724.000   21.133   -62.983
3906.000   4034.000   5750.000   2344.000   21.071   -62.978
3907.000   3798.000   5203.000   2259.000   21.008   -62.973
3908.000   3458.000   4845.000   1974.000   20.946   -62.968
3909.000   3150.000   4358.000   1679.000   20.884   -62.963
3910.000   2898.000   3919.000   1553.000   20.822   -62.957
3911.000   2746.000   3502.000   1423.000   20.759   -62.952
3912.000   2503.000   3115.000   1275.000   20.697   -62.947
3913.000   2367.000   2880.000   1134.000   20.635   -62.942
3914.000   2188.000   2592.000   1016.000   20.572   -62.937
3915.000   2022.000   2338.000   879.000   20.510   -62.932
3916.000   1933.000   2081.000   803.000   20.448   -62.926
3917.000   1728.000   1955.000   731.000   20.386   -62.921
3918.000   1732.000   1788.000   667.000   20.323   -62.916
3919.000   1583.000   1556.000   633.000   20.261   -62.911
3920.000   1510.000   1471.000   538.000   20.199   -62.906
3921.000   1343.000   1383.000   521.000   20.137   -62.901
3922.000   1335.000   1215.000   481.000   20.074   -62.896
3923.000   1343.000   1172.000   438.000   20.012   -62.891
3924.000   1281.000   1085.000   392.000   19.950   -62.886
3925.000   1220.000   1087.000   358.000   19.887   -62.881
3926.000   1204.000   1007.000   367.000   19.825   -62.875
3927.000   1090.000   968.000   326.000   19.763   -62.870
3928.000   1101.000   930.000   299.000   19.701   -62.865
3929.000   1075.000   825.000   318.000   19.638   -62.860
3930.000   1074.000   803.000   300.000   19.576   -62.855
3931.000   1069.000   797.000   234.000   19.514   -62.850
3932.000   1030.000   836.000   249.000   19.451   -62.845
3933.000   1104.000   739.000   240.000   19.389   -62.840
3934.000   1047.000   775.000   240.000   19.327   -62.835
3935.000   999.000   719.000   223.000   19.265   -62.830
3936.000   1076.000   732.000   220.000   19.202   -62.825
3937.000   962.000   729.000   230.000   19.140   -62.820
3938.000   987.000   738.000   185.000   19.078   -62.815
3939.000   992.000   669.000   219.000   19.015   -62.810
3940.000   985.000   707.000   201.000   18.953   -62.805
3941.000   973.000   667.000   211.000   18.891   -62.800
3942.000   903.000   687.000   171.000   18.829   -62.795
3943.000   987.000   724.000   189.000   18.766   -62.790
3944.000   910.000   645.000   175.000   18.704   -62.786
3945.000   958.000   633.000   182.000   18.642   -62.781
3946.000   921.000   635.000   190.000   18.579   -62.776
3947.000   1003.000   611.000   159.000   18.517   -62.771
3948.000   931.000   660.000   184.000   18.455   -62.766
3949.000   950.000   649.000   168.000   18.393   -62.761
3950.000   930.000   603.000   149.000   18.330   -62.756
3951.000   995.000   635.000   172.000   18.268   -62.751
3952.000   973.000   638.000   176.000   18.206   -62.746
3953.000   944.000   588.000   156.000   18.143   -62.741
3954.000   1038.000   648.000   164.000   18.081   -62.736
3955.000   910.000   631.000   201.000   18.019   -62.732
3956.000   903.000   636.000   177.000   17.956   -62.727
3957.000   953.000   589.000   159.000   17.894   -62.722
3958.000   919.000   590.000   177.000   17.832   -62.717
3959.000   936.000   633.000   172.000   17.770   -62.712
3960.000   963.000   630.000   174.000   17.707   -62.707
3961.000   941.000   601.000   158.000   17.645   -62.703
3962.000   936.000   579.000   181.000   17.583   -62.698
3963.000   973.000   581.000   178.000   17.520   -62.693
3964.000   881.000   621.000   160.000   17.458   -62.688
3965.000   892.000   593.000   152.000   17.396   -62.683
3966.000   914.000   584.000   174.000   17.333   -62.679
3967.000   892.000   601.000   192.000   17.271   -62.674
3968.000   919.000   629.000   172.000   17.209   -62.669
3969.000   920.000   584.000   171.000   17.147   -62.664
3970.000   910.000   621.000   162.000   17.084   -62.659
3971.000   956.000   654.000   164.000   17.022   -62.655
3972.000   894.000   589.000   151.000   16.960   -62.650
3973.000   899.000   595.000   162.000   16.897   -62.645
3974.000   930.000   597.000   171.000   16.835   -62.640
3975.000   959.000   589.000   180.000   16.773   -62.636
3976.000   869.000   604.000   161.000   16.710   -62.631
3977.000   900.000   631.000   171.000   16.648   -62.626
3978.000   931.000   584.000   184.000   16.586   -62.621
3979.000   934.000   586.000   174.000   16.523   -62.617
3980.000   939.000   595.000   171.000   16.461   -62.612
3981.000   959.000   627.000   145.000   16.399   -62.607
3982.000   932.000   608.000   153.000   16.336   -62.603
3983.000   916.000   575.000   173.000   16.274   -62.598
3984.000   910.000   568.000   148.000   16.212   -62.593
3985.000   930.000   614.000   184.000   16.150   -62.588
3986.000   933.000   620.000   165.000   16.087   -62.584
3987.000   919.000   573.000   174.000   16.025   -62.579
3988.000   932.000   607.000   185.000   15.963   -62.574
3989.000   865.000   577.000   165.000   15.900   -62.570
3990.000   895.000   574.000   162.000   15.838   -62.565
3991.000   894.000   626.000   174.000   15.776   -62.560
3992.000   920.000   598.000   140.000   15.713   -62.556
3993.000   923.000   617.000   147.000   15.651   -62.551
3994.000   899.000   567.000   161.000   15.589   -62.547
3995.000   877.000   626.000   162.000   15.526   -62.542
3996.000   932.000   587.000   164.000   15.464   -62.537
3997.000   876.000   571.000   136.000   15.402   -62.533
3998.000   907.000   581.000   160.000   15.339   -62.528
3999.000   880.000   571.000   150.000   15.277   -62.523
4000.000   943.000   637.000   191.000   15.215   -62.519
4001.000   943.000   555.000   179.000   15.152   -62.514
4002.000   894.000   541.000   151.000   15.090   -62.510
4003.000   917.000   572.000   165.000   15.028   -62.505
4004.000   870.000   635.000   155.000   14.965   -62.500
4005.000   932.000   535.000   151.000   14.903   -62.496
4006.000   898.000   598.000   152.000   14.841   -62.491
4007.000   925.000   557.000   161.000   14.779   -62.487
4008.000   923.000   599.000   173.000   14.716   -62.482
4009.000   884.000   625.000   161.000   14.654   -62.478
4010.000   914.000   562.000   158.000   14.592   -62.473
4011.000   956.000   590.000   154.000   14.529   -62.468
4012.000   933.000   573.000   164.000   14.467   -62.464
4013.000   905.000   584.000   163.000   14.405   -62.459
4014.000   830.000   587.000   164.000   14.342   -62.455
4015.000   896.000   592.000   144.000   14.280   -62.450
4016.000   882.000   593.000   158.000   14.218   -62.446
4017.000   843.000   559.000   164.000   14.155   -62.441
4018.000   878.000   602.000   171.000   14.093   -62.437
4019.000   838.000   629.000   179.000   14.031   -62.432
4020.000   913.000   586.000   160.000   13.968   -62.428
4021.000   871.000   538.000   152.000   13.906   -62.423
4022.000   875.000   548.000   178.000   13.844   -62.419
4023.000   892.000   589.000   179.000   13.781   -62.414
4024.000   886.000   582.000   170.000   13.719   -62.410
4025.000   884.000   581.000   158.000   13.657   -62.405
4026.000   859.000   588.000   170.000   13.594   -62.401
4027.000   921.000   573.000   158.000   13.532   -62.396
4028.000   891.000   593.000   177.000   13.470   -62.392
4029.000   840.000   600.000   162.000   13.407   -62.387
4030.000   878.000   580.000   173.000   13.345   -62.383
4031.000   860.000   572.000   167.000   13.283   -62.378
4032.000   854.000   539.000   145.000   13.220   -62.374
4033.000   925.000   530.000   137.000   13.158   -62.370
4034.000   819.000   592.000   181.000   13.096   -62.365
4035.000   882.000   604.000   142.000   13.033   -62.361
4036.000   853.000   529.000   142.000   12.971   -62.356
4037.000   830.000   558.000   160.000   12.909   -62.352
4038.000   905.000   523.000   146.000   12.846   -62.347
4039.000   868.000   539.000   145.000   12.784   -62.343
4040.000   878.000   580.000   142.000   12.722   -62.339
4041.000   879.000   576.000   151.000   12.659   -62.334
4042.000   900.000   551.000   149.000   12.597   -62.330
4043.000   910.000   590.000   168.000   12.535   -62.325
4044.000   910.000   563.000   141.000   12.472   -62.321
4045.000   856.000   522.000   163.000   12.410   -62.316
4046.000   867.000   601.000   158.000   12.348   -62.312
4047.000   831.000   547.000   156.000   12.285   -62.308
4048.000   831.000   595.000   159.000   12.223   -62.303
4049.000   891.000   601.000   157.000   12.160   -62.299
4050.000   878.000   525.000   143.000   12.098   -62.295
4051.000   889.000   560.000   176.000   12.036   -62.290
4052.000   905.000   572.000   150.000   11.973   -62.286
4053.000   862.000   565.000   147.000   11.911   -62.281
4054.000   851.000   570.000   159.000   11.849   -62.277
4055.000   909.000   598.000   173.000   11.786   -62.273
4056.000   905.000   573.000   167.000   11.724   -62.268
4057.000   891.000   523.000   153.000   11.662   -62.264
4058.000   873.000   497.000   157.000   11.599   -62.260
4059.000   873.000   528.000   173.000   11.537   -62.255
4060.000   850.000   556.000   140.000   11.475   -62.251
4061.000   900.000   566.000   147.000   11.412   -62.247
4062.000   844.000   548.000   179.000   11.350   -62.242
4063.000   846.000   545.000   138.000   11.288   -62.238
4064.000   887.000   525.000   150.000   11.225   -62.234
4065.000   880.000   521.000   141.000   11.163   -62.229
4066.000   839.000   511.000   145.000   11.101   -62.225
4067.000   840.000   568.000   148.000   11.038   -62.221
4068.000   850.000   577.000   155.000   10.976   -62.216
4069.000   901.000   587.000   142.000   10.914   -62.212
4070.000   858.000   526.000   147.000   10.851   -62.208
4071.000   851.000   524.000   167.000   10.789   -62.204
4072.000   827.000   540.000   158.000   10.727   -62.199
4073.000   845.000   515.000   141.000   10.664   -62.195
4074.000   851.000   578.000   134.000   10.602   -62.191
4075.000   875.000   561.000   127.000   10.540   -62.186
4076.000   889.000   543.000   151.000   10.477   -62.182
4077.000   881.000   538.000   155.000   10.415   -62.178
4078.000   845.000   529.000   125.000   10.352   -62.174
4079.000   813.000   531.000   143.000   10.290   -62.169
4080.000   833.000   519.000   143.000   10.228   -62.165
4081.000   851.000   495.000   139.000   10.165   -62.161
