Time range: [ 00:00:00.000  00:22:06.000 ]
Time range duration: 22.0 min, 6.0 sec
Longitude range: [ 100.0  193.0 ]
00.000   827.000   370.000   100.000   06.481   125.379
01.000   882.000   378.000   122.000   06.544   125.383
02.000   837.000   384.000   103.000   06.606   125.387
03.000   850.000   386.000   114.000   06.669   125.391
04.000   823.000   394.000   117.000   06.732   125.396
05.000   881.000   358.000   112.000   06.795   125.400
06.000   845.000   354.000   122.000   06.857   125.404
07.000   828.000   365.000   111.000   06.920   125.408
08.000   846.000   362.000   109.000   06.983   125.412
09.000   856.000   384.000   101.000   07.046   125.417
10.000   850.000   397.000   111.000   07.108   125.421
11.000   859.000   378.000   126.000   07.171   125.425
12.000   879.000   408.000   102.000   07.234   125.429
13.000   806.000   382.000   108.000   07.297   125.433
14.000   871.000   386.000   127.000   07.359   125.437
15.000   831.000   378.000   106.000   07.422   125.442
16.000   804.000   365.000   109.000   07.485   125.446
17.000   865.000   356.000   134.000   07.547   125.450
18.000   837.000   372.000   122.000   07.610   125.454
19.000   831.000   358.000   95.000   07.673   125.458
20.000   873.000   393.000   116.000   07.736   125.463
21.000   825.000   353.000   98.000   07.798   125.467
22.000   855.000   405.000   133.000   07.861   125.471
23.000   854.000   363.000   124.000   07.924   125.475
24.000   824.000   353.000   125.000   07.987   125.479
25.000   815.000   379.000   109.000   08.049   125.484
26.000   861.000   377.000   121.000   08.112   125.488
27.000   816.000   370.000   106.000   08.175   125.492
28.000   798.000   393.000   112.000   08.238   125.496
29.000   830.000   380.000   120.000   08.300   125.501
30.000   851.000   355.000   113.000   08.363   125.505
31.000   854.000   374.000   97.000   08.426   125.509
32.000   793.000   325.000   123.000   08.489   125.513
33.000   859.000   362.000   109.000   08.551   125.517
34.000   852.000   381.000   119.000   08.614   125.522
35.000   824.000   369.000   139.000   08.677   125.526
36.000   801.000   377.000   139.000   08.740   125.530
37.000   826.000   348.000   112.000   08.802   125.534
38.000   861.000   392.000   115.000   08.865   125.539
39.000   846.000   359.000   93.000   08.928   125.543
40.000   879.000   351.000   116.000   08.990   125.547
41.000   820.000   354.000   114.000   09.053   125.551
42.000   812.000   356.000   121.000   09.116   125.556
43.000   821.000   397.000   97.000   09.179   125.560
44.000   846.000   377.000   104.000   09.241   125.564
45.000   818.000   339.000   93.000   09.304   125.569
46.000   847.000   354.000   119.000   09.367   125.573
47.000   943.000   342.000   121.000   09.430   125.577
48.000   864.000   373.000   117.000   09.492   125.581
49.000   811.000   353.000   101.000   09.555   125.586
50.000   886.000   379.000   114.000   09.618   125.590
51.000   876.000   342.000   99.000   09.681   125.594
52.000   812.000   356.000   113.000   09.743   125.599
53.000   884.000   376.000   119.000   09.806   125.603
54.000   844.000   347.000   99.000   09.869   125.607
55.000   821.000   333.000   124.000   09.931   125.611
56.000   922.000   376.000   91.000   09.994   125.616
57.000   834.000   351.000   106.000   10.057   125.620
58.000   823.000   358.000   112.000   10.120   125.624
59.000   838.000   370.000   104.000   10.182   125.629
60.000   857.000   347.000   114.000   10.245   125.633
61.000   886.000   348.000   103.000   10.308   125.637
62.000   858.000   373.000   128.000   10.371   125.642
63.000   807.000   392.000   99.000   10.433   125.646
64.000   811.000   385.000   140.000   10.496   125.650
65.000   792.000   377.000   125.000   10.559   125.655
66.000   835.000   364.000   105.000   10.621   125.659
67.000   818.000   355.000   101.000   10.684   125.663
68.000   831.000   388.000   130.000   10.747   125.668
69.000   845.000   377.000   117.000   10.810   125.672
70.000   780.000   372.000   105.000   10.872   125.676
71.000   865.000   364.000   136.000   10.935   125.681
72.000   858.000   364.000   130.000   10.998   125.685
73.000   753.000   398.000   113.000   11.060   125.689
74.000   798.000   361.000   138.000   11.123   125.694
75.000   887.000   356.000   102.000   11.186   125.698
76.000   783.000   370.000   131.000   11.249   125.703
77.000   869.000   351.000   98.000   11.311   125.707
78.000   804.000   363.000   117.000   11.374   125.711
79.000   820.000   357.000   124.000   11.437   125.716
80.000   854.000   367.000   99.000   11.500   125.720
81.000   856.000   395.000   117.000   11.562   125.724
82.000   830.000   380.000   100.000   11.625   125.729
83.000   825.000   362.000   110.000   11.688   125.733
84.000   845.000   338.000   121.000   11.750   125.738
85.000   856.000   394.000   121.000   11.813   125.742
86.000   794.000   357.000   100.000   11.876   125.746
87.000   863.000   386.000   109.000   11.939   125.751
88.000   844.000   354.000   107.000   12.001   125.755
89.000   847.000   384.000   120.000   12.064   125.760
90.000   834.000   373.000   108.000   12.127   125.764
91.000   871.000   351.000   108.000   12.189   125.769
92.000   816.000   355.000   106.000   12.252   125.773
93.000   837.000   358.000   112.000   12.315   125.777
94.000   869.000   357.000   117.000   12.378   125.782
95.000   856.000   335.000   107.000   12.440   125.786
96.000   816.000   362.000   130.000   12.503   125.791
97.000   822.000   365.000   127.000   12.566   125.795
98.000   882.000   388.000   104.000   12.628   125.800
99.000   872.000   328.000   120.000   12.691   125.804
100.000   831.000   350.000   126.000   12.754   125.809
101.000   823.000   355.000   116.000   12.817   125.813
102.000   869.000   372.000   92.000   12.879   125.818
103.000   811.000   348.000   101.000   12.942   125.822
104.000   827.000   380.000   94.000   13.005   125.827
105.000   891.000   339.000   106.000   13.067   125.831
106.000   880.000   347.000   110.000   13.130   125.836
107.000   813.000   394.000   128.000   13.193   125.840
108.000   837.000   384.000   114.000   13.255   125.845
109.000   819.000   399.000   111.000   13.318   125.849
110.000   850.000   376.000   123.000   13.381   125.854
111.000   812.000   332.000   117.000   13.444   125.858
112.000   846.000   348.000   115.000   13.506   125.863
113.000   819.000   376.000   99.000   13.569   125.867
114.000   817.000   353.000   132.000   13.632   125.872
115.000   882.000   378.000   114.000   13.694   125.876
116.000   840.000   369.000   113.000   13.757   125.881
117.000   868.000   383.000   119.000   13.820   125.885
118.000   855.000   387.000   117.000   13.882   125.890
119.000   870.000   375.000   120.000   13.945   125.894
120.000   789.000   390.000   114.000   14.008   125.899
121.000   866.000   370.000   102.000   14.071   125.904
122.000   847.000   352.000   122.000   14.133   125.908
123.000   872.000   382.000   111.000   14.196   125.913
124.000   862.000   353.000   113.000   14.259   125.917
125.000   843.000   381.000   116.000   14.321   125.922
126.000   836.000   352.000   114.000   14.384   125.926
127.000   837.000   360.000   99.000   14.447   125.931
128.000   848.000   393.000   109.000   14.509   125.936
129.000   813.000   362.000   110.000   14.572   125.940
130.000   762.000   361.000   99.000   14.635   125.945
131.000   814.000   366.000   122.000   14.698   125.949
132.000   840.000   396.000   102.000   14.760   125.954
133.000   840.000   348.000   117.000   14.823   125.959
134.000   879.000   356.000   108.000   14.886   125.963
135.000   819.000   383.000   133.000   14.948   125.968
136.000   856.000   328.000   122.000   15.011   125.973
137.000   887.000   340.000   106.000   15.074   125.977
138.000   815.000   350.000   99.000   15.136   125.982
139.000   847.000   349.000   101.000   15.199   125.987
140.000   852.000   374.000   116.000   15.262   125.991
141.000   852.000   354.000   125.000   15.324   125.996
142.000   840.000   354.000   127.000   15.387   126.001
143.000   833.000   371.000   95.000   15.450   126.005
144.000   858.000   388.000   117.000   15.512   126.010
145.000   848.000   385.000   116.000   15.575   126.015
146.000   822.000   341.000   128.000   15.638   126.019
147.000   878.000   365.000   103.000   15.701   126.024
148.000   823.000   380.000   119.000   15.763   126.029
149.000   848.000   365.000   103.000   15.826   126.033
150.000   835.000   390.000   110.000   15.889   126.038
151.000   862.000   334.000   119.000   15.951   126.043
152.000   850.000   351.000   108.000   16.014   126.048
153.000   862.000   372.000   98.000   16.077   126.052
154.000   876.000   382.000   113.000   16.139   126.057
155.000   847.000   376.000   118.000   16.202   126.062
156.000   871.000   320.000   104.000   16.265   126.067
157.000   861.000   367.000   108.000   16.327   126.071
158.000   820.000   355.000   104.000   16.390   126.076
159.000   829.000   382.000   107.000   16.453   126.081
160.000   842.000   387.000   123.000   16.515   126.086
161.000   820.000   364.000   109.000   16.578   126.090
162.000   828.000   325.000   97.000   16.641   126.095
163.000   840.000   394.000   110.000   16.703   126.100
164.000   818.000   367.000   109.000   16.766   126.105
165.000   838.000   368.000   127.000   16.829   126.109
166.000   833.000   343.000   122.000   16.891   126.114
167.000   834.000   341.000   131.000   16.954   126.119
168.000   822.000   360.000   118.000   17.017   126.124
169.000   848.000   392.000   104.000   17.079   126.129
170.000   845.000   369.000   119.000   17.142   126.134
171.000   831.000   349.000   111.000   17.205   126.138
172.000   911.000   332.000   107.000   17.267   126.143
173.000   796.000   344.000   100.000   17.330   126.148
174.000   792.000   367.000   96.000   17.393   126.153
175.000   835.000   369.000   106.000   17.455   126.158
176.000   811.000   362.000   112.000   17.518   126.163
177.000   852.000   349.000   97.000   17.581   126.168
178.000   861.000   404.000   129.000   17.643   126.172
179.000   836.000   378.000   125.000   17.706   126.177
180.000   857.000   352.000   120.000   17.769   126.182
181.000   856.000   405.000   105.000   17.831   126.187
182.000   855.000   361.000   96.000   17.894   126.192
183.000   792.000   370.000   101.000   17.957   126.197
184.000   875.000   374.000   117.000   18.019   126.202
185.000   897.000   397.000   108.000   18.082   126.207
186.000   848.000   357.000   112.000   18.145   126.212
187.000   839.000   343.000   132.000   18.207   126.217
188.000   811.000   357.000   103.000   18.270   126.222
189.000   819.000   384.000   107.000   18.332   126.226
190.000   872.000   331.000   110.000   18.395   126.231
191.000   840.000   352.000   118.000   18.458   126.236
192.000   783.000   354.000   104.000   18.520   126.241
193.000   828.000   406.000   104.000   18.583   126.246
194.000   847.000   349.000   109.000   18.646   126.251
195.000   806.000   340.000   112.000   18.708   126.256
196.000   847.000   367.000   110.000   18.771   126.261
197.000   798.000   382.000   99.000   18.834   126.266
198.000   830.000   335.000   100.000   18.896   126.271
199.000   835.000   367.000   127.000   18.959   126.276
200.000   829.000   377.000   118.000   19.022   126.281
201.000   833.000   347.000   124.000   19.084   126.286
202.000   861.000   356.000   125.000   19.147   126.291
203.000   903.000   391.000   128.000   19.209   126.296
204.000   818.000   362.000   107.000   19.272   126.301
205.000   881.000   346.000   113.000   19.335   126.307
206.000   823.000   348.000   91.000   19.397   126.312
207.000   856.000   364.000   106.000   19.460   126.317
208.000   808.000   385.000   109.000   19.523   126.322
209.000   861.000   365.000   102.000   19.585   126.327
210.000   872.000   380.000   117.000   19.648   126.332
211.000   842.000   374.000   109.000   19.711   126.337
212.000   832.000   371.000   109.000   19.773   126.342
213.000   846.000   387.000   122.000   19.836   126.347
214.000   790.000   360.000   106.000   19.898   126.352
215.000   794.000   356.000   120.000   19.961   126.358
216.000   823.000   381.000   107.000   20.024   126.363
217.000   801.000   389.000   99.000   20.086   126.368
218.000   830.000   372.000   114.000   20.149   126.373
219.000   807.000   357.000   114.000   20.212   126.378
220.000   766.000   372.000   93.000   20.274   126.383
221.000   822.000   402.000   88.000   20.337   126.388
222.000   881.000   347.000   106.000   20.399   126.394
223.000   848.000   347.000   82.000   20.462   126.399
224.000   829.000   404.000   108.000   20.525   126.404
225.000   887.000   352.000   100.000   20.587   126.409
226.000   840.000   357.000   113.000   20.650   126.414
227.000   860.000   345.000   104.000   20.712   126.420
228.000   828.000   374.000   111.000   20.775   126.425
229.000   876.000   365.000   117.000   20.838   126.430
230.000   816.000   386.000   103.000   20.900   126.435
231.000   831.000   350.000   109.000   20.963   126.441
232.000   806.000   344.000   102.000   21.026   126.446
233.000   833.000   340.000   116.000   21.088   126.451
234.000   807.000   380.000   110.000   21.151   126.456
235.000   831.000   369.000   114.000   21.213   126.462
236.000   781.000   357.000   101.000   21.276   126.467
237.000   840.000   374.000   89.000   21.339   126.472
238.000   835.000   374.000   116.000   21.401   126.478
239.000   861.000   366.000   118.000   21.464   126.483
240.000   849.000   384.000   93.000   21.526   126.488
241.000   857.000   343.000   127.000   21.589   126.493
242.000   846.000   352.000   112.000   21.652   126.499
243.000   797.000   382.000   107.000   21.714   126.504
244.000   886.000   356.000   121.000   21.777   126.510
245.000   856.000   368.000   108.000   21.839   126.515
246.000   845.000   393.000   110.000   21.902   126.520
247.000   830.000   374.000   97.000   21.965   126.526
248.000   832.000   374.000   111.000   22.027   126.531
249.000   863.000   353.000   107.000   22.090   126.536
250.000   801.000   356.000   127.000   22.152   126.542
251.000   815.000   336.000   88.000   22.215   126.547
252.000   817.000   358.000   127.000   22.278   126.553
253.000   839.000   370.000   118.000   22.340   126.558
254.000   894.000   386.000   134.000   22.403   126.564
255.000   830.000   389.000   110.000   22.465   126.569
256.000   861.000   373.000   108.000   22.528   126.574
257.000   883.000   365.000   114.000   22.590   126.580
258.000   773.000   379.000   102.000   22.653   126.585
259.000   875.000   422.000   108.000   22.716   126.591
260.000   853.000   390.000   114.000   22.778   126.596
261.000   858.000   368.000   118.000   22.841   126.602
262.000   817.000   355.000   102.000   22.903   126.607
263.000   817.000   409.000   111.000   22.966   126.613
264.000   795.000   356.000   112.000   23.028   126.618
265.000   825.000   358.000   112.000   23.091   126.624
266.000   835.000   391.000   110.000   23.154   126.629
267.000   829.000   367.000   125.000   23.216   126.635
268.000   852.000   389.000   124.000   23.279   126.641
269.000   865.000   388.000   104.000   23.341   126.646
270.000   811.000   357.000   108.000   23.404   126.652
271.000   826.000   320.000   119.000   23.466   126.657
272.000   785.000   350.000   103.000   23.529   126.663
273.000   802.000   383.000   122.000   23.592   126.668
274.000   798.000   345.000   96.000   23.654   126.674
275.000   886.000   383.000   113.000   23.717   126.680
276.000   844.000   391.000   118.000   23.779   126.685
277.000   843.000   368.000   122.000   23.842   126.691
278.000   803.000   362.000   85.000   23.904   126.697
279.000   824.000   376.000   118.000   23.967   126.702
280.000   810.000   364.000   106.000   24.030   126.708
281.000   858.000   362.000   105.000   24.092   126.714
282.000   846.000   357.000   116.000   24.155   126.719
283.000   831.000   357.000   93.000   24.217   126.725
284.000   860.000   370.000   111.000   24.280   126.731
285.000   864.000   368.000   136.000   24.342   126.736
286.000   816.000   341.000   111.000   24.405   126.742
287.000   888.000   396.000   103.000   24.467   126.748
288.000   877.000   385.000   128.000   24.530   126.754
289.000   853.000   363.000   107.000   24.593   126.759
290.000   855.000   351.000   104.000   24.655   126.765
291.000   812.000   357.000   131.000   24.718   126.771
292.000   836.000   378.000   117.000   24.780   126.777
293.000   855.000   365.000   104.000   24.843   126.783
294.000   868.000   369.000   110.000   24.905   126.788
295.000   825.000   355.000   98.000   24.968   126.794
296.000   787.000   372.000   104.000   25.030   126.800
297.000   818.000   371.000   121.000   25.093   126.806
298.000   795.000   362.000   129.000   25.155   126.812
299.000   833.000   349.000   100.000   25.218   126.818
300.000   820.000   383.000   120.000   25.280   126.823
301.000   840.000   381.000   118.000   25.343   126.829
302.000   816.000   390.000   109.000   25.405   126.835
303.000   870.000   377.000   111.000   25.468   126.841
304.000   818.000   361.000   101.000   25.531   126.847
305.000   856.000   377.000   129.000   25.593   126.853
306.000   783.000   337.000   124.000   25.656   126.859
307.000   855.000   356.000   95.000   25.718   126.865
308.000   825.000   375.000   109.000   25.781   126.871
309.000   826.000   354.000   116.000   25.843   126.877
310.000   834.000   366.000   109.000   25.906   126.883
311.000   819.000   367.000   106.000   25.968   126.889
312.000   805.000   367.000   118.000   26.031   126.895
313.000   880.000   360.000   107.000   26.093   126.901
314.000   786.000   330.000   94.000   26.156   126.907
315.000   858.000   352.000   112.000   26.218   126.913
316.000   864.000   383.000   129.000   26.281   126.919
317.000   855.000   402.000   125.000   26.343   126.925
318.000   842.000   393.000   102.000   26.406   126.931
319.000   860.000   359.000   106.000   26.468   126.937
320.000   804.000   383.000   119.000   26.531   126.943
321.000   866.000   380.000   122.000   26.593   126.949
322.000   830.000   362.000   97.000   26.656   126.955
323.000   849.000   361.000   116.000   26.718   126.961
324.000   805.000   392.000   113.000   26.781   126.967
325.000   839.000   371.000   114.000   26.843   126.974
326.000   801.000   362.000   104.000   26.906   126.980
327.000   890.000   353.000   102.000   26.968   126.986
328.000   872.000   370.000   113.000   27.031   126.992
329.000   864.000   357.000   94.000   27.093   126.998
330.000   837.000   379.000   101.000   27.156   127.004
331.000   825.000   352.000   99.000   27.218   127.011
332.000   836.000   339.000   105.000   27.281   127.017
333.000   801.000   384.000   103.000   27.343   127.023
334.000   767.000   370.000   118.000   27.406   127.029
335.000   822.000   347.000   126.000   27.468   127.036
336.000   853.000   421.000   108.000   27.531   127.042
337.000   802.000   390.000   126.000   27.593   127.048
338.000   810.000   390.000   105.000   27.656   127.054
339.000   851.000   399.000   114.000   27.718   127.061
340.000   785.000   377.000   100.000   27.781   127.067
341.000   850.000   345.000   125.000   27.843   127.073
342.000   845.000   392.000   99.000   27.906   127.080
343.000   854.000   384.000   110.000   27.968   127.086
344.000   845.000   367.000   110.000   28.031   127.092
345.000   823.000   367.000   110.000   28.093   127.099
346.000   854.000   390.000   93.000   28.155   127.105
347.000   843.000   382.000   128.000   28.218   127.112
348.000   859.000   349.000   105.000   28.280   127.118
349.000   829.000   349.000   92.000   28.343   127.124
350.000   818.000   374.000   102.000   28.405   127.131
351.000   861.000   342.000   100.000   28.468   127.137
352.000   834.000   368.000   109.000   28.530   127.144
353.000   860.000   397.000   116.000   28.593   127.150
354.000   839.000   377.000   111.000   28.655   127.157
355.000   815.000   381.000   98.000   28.718   127.163
356.000   789.000   377.000   119.000   28.780   127.170
357.000   869.000   377.000   106.000   28.843   127.176
358.000   806.000   360.000   107.000   28.905   127.183
359.000   858.000   345.000   112.000   28.967   127.189
360.000   856.000   379.000   107.000   29.030   127.196
361.000   802.000   371.000   109.000   29.092   127.202
362.000   850.000   392.000   104.000   29.155   127.209
363.000   835.000   405.000   121.000   29.217   127.216
364.000   825.000   380.000   104.000   29.280   127.222
365.000   855.000   341.000   125.000   29.342   127.229
366.000   844.000   382.000   129.000   29.405   127.236
367.000   899.000   376.000   89.000   29.467   127.242
368.000   861.000   351.000   117.000   29.529   127.249
369.000   851.000   382.000   130.000   29.592   127.256
370.000   870.000   367.000   111.000   29.654   127.262
371.000   848.000   385.000   140.000   29.717   127.269
372.000   865.000   401.000   106.000   29.779   127.276
373.000   915.000   386.000   105.000   29.842   127.282
374.000   870.000   349.000   114.000   29.904   127.289
375.000   850.000   384.000   101.000   29.966   127.296
376.000   841.000   382.000   104.000   30.029   127.303
377.000   848.000   383.000   131.000   30.091   127.309
378.000   840.000   368.000   116.000   30.154   127.316
379.000   874.000   356.000   100.000   30.216   127.323
380.000   842.000   403.000   106.000   30.279   127.330
381.000   825.000   343.000   117.000   30.341   127.337
382.000   883.000   366.000   114.000   30.403   127.344
383.000   833.000   375.000   115.000   30.466   127.350
384.000   845.000   392.000   102.000   30.528   127.357
385.000   824.000   384.000   108.000   30.591   127.364
386.000   815.000   380.000   115.000   30.653   127.371
387.000   835.000   380.000   120.000   30.715   127.378
388.000   821.000   366.000   112.000   30.778   127.385
389.000   826.000   399.000   107.000   30.840   127.392
390.000   872.000   364.000   111.000   30.903   127.399
391.000   902.000   394.000   114.000   30.965   127.406
392.000   881.000   358.000   101.000   31.027   127.413
393.000   817.000   376.000   112.000   31.090   127.420
394.000   854.000   360.000   130.000   31.152   127.427
395.000   850.000   399.000   115.000   31.215   127.434
396.000   902.000   397.000   121.000   31.277   127.441
397.000   861.000   369.000   118.000   31.339   127.448
398.000   846.000   366.000   116.000   31.402   127.455
399.000   855.000   354.000   107.000   31.464   127.462
400.000   831.000   380.000   109.000   31.527   127.469
401.000   830.000   364.000   102.000   31.589   127.477
402.000   828.000   393.000   115.000   31.651   127.484
403.000   861.000   389.000   126.000   31.714   127.491
404.000   902.000   390.000   111.000   31.776   127.498
405.000   853.000   394.000   128.000   31.838   127.505
406.000   846.000   369.000   111.000   31.901   127.512
407.000   843.000   376.000   106.000   31.963   127.520
408.000   872.000   348.000   107.000   32.026   127.527
409.000   884.000   375.000   102.000   32.088   127.534
410.000   880.000   370.000   113.000   32.150   127.541
411.000   824.000   408.000   113.000   32.213   127.549
412.000   828.000   376.000   112.000   32.275   127.556
413.000   877.000   369.000   134.000   32.337   127.563
414.000   850.000   405.000   125.000   32.400   127.571
415.000   782.000   398.000   103.000   32.462   127.578
416.000   849.000   392.000   101.000   32.524   127.585
417.000   828.000   390.000   116.000   32.587   127.593
418.000   888.000   370.000   117.000   32.649   127.600
419.000   854.000   394.000   127.000   32.711   127.608
420.000   807.000   358.000   103.000   32.774   127.615
421.000   841.000   387.000   110.000   32.836   127.622
422.000   833.000   420.000   122.000   32.898   127.630
423.000   789.000   389.000   126.000   32.961   127.637
424.000   906.000   405.000   131.000   33.023   127.645
425.000   850.000   413.000   116.000   33.086   127.652
426.000   843.000   423.000   97.000   33.148   127.660
427.000   875.000   392.000   104.000   33.210   127.667
428.000   860.000   401.000   107.000   33.273   127.675
429.000   953.000   375.000   110.000   33.335   127.683
430.000   829.000   399.000   137.000   33.397   127.690
431.000   786.000   363.000   116.000   33.460   127.698
432.000   853.000   398.000   115.000   33.522   127.705
433.000   861.000   436.000   121.000   33.584   127.713
434.000   908.000   396.000   129.000   33.646   127.721
435.000   822.000   363.000   105.000   33.709   127.728
436.000   890.000   331.000   119.000   33.771   127.736
437.000   831.000   372.000   99.000   33.833   127.744
438.000   915.000   383.000   113.000   33.896   127.751
439.000   832.000   360.000   120.000   33.958   127.759
440.000   907.000   365.000   116.000   34.020   127.767
441.000   820.000   386.000   99.000   34.083   127.775
442.000   858.000   364.000   115.000   34.145   127.783
443.000   858.000   381.000   114.000   34.207   127.790
444.000   873.000   368.000   110.000   34.270   127.798
445.000   824.000   426.000   107.000   34.332   127.806
446.000   900.000   373.000   110.000   34.394   127.814
447.000   892.000   377.000   122.000   34.456   127.822
448.000   918.000   378.000   107.000   34.519   127.830
449.000   895.000   375.000   134.000   34.581   127.838
450.000   850.000   377.000   118.000   34.643   127.846
451.000   877.000   426.000   112.000   34.706   127.854
452.000   852.000   388.000   102.000   34.768   127.861
453.000   857.000   354.000   113.000   34.830   127.869
454.000   919.000   344.000   123.000   34.893   127.877
455.000   831.000   379.000   114.000   34.955   127.886
456.000   869.000   400.000   113.000   35.017   127.894
457.000   876.000   395.000   115.000   35.079   127.902
458.000   907.000   382.000   130.000   35.142   127.910
459.000   816.000   397.000   93.000   35.204   127.918
460.000   819.000   363.000   106.000   35.266   127.926
461.000   900.000   320.000   112.000   35.328   127.934
462.000   864.000   380.000   112.000   35.391   127.942
463.000   855.000   337.000   122.000   35.453   127.950
464.000   868.000   368.000   115.000   35.515   127.959
465.000   885.000   410.000   117.000   35.577   127.967
466.000   820.000   353.000   104.000   35.640   127.975
467.000   906.000   408.000   117.000   35.702   127.983
468.000   910.000   392.000   117.000   35.764   127.992
469.000   858.000   431.000   110.000   35.827   128.000
470.000   883.000   374.000   104.000   35.889   128.008
471.000   862.000   424.000   113.000   35.951   128.017
472.000   848.000   402.000   116.000   36.013   128.025
473.000   839.000   416.000   119.000   36.076   128.033
474.000   846.000   384.000   122.000   36.138   128.042
475.000   885.000   370.000   117.000   36.200   128.050
476.000   844.000   395.000   111.000   36.262   128.059
477.000   853.000   407.000   123.000   36.324   128.067
478.000   887.000   371.000   112.000   36.387   128.075
479.000   851.000   371.000   124.000   36.449   128.084
480.000   860.000   395.000   145.000   36.511   128.092
481.000   843.000   368.000   116.000   36.573   128.101
482.000   849.000   384.000   121.000   36.636   128.110
483.000   819.000   422.000   118.000   36.698   128.118
484.000   912.000   378.000   108.000   36.760   128.127
485.000   863.000   385.000   115.000   36.822   128.135
486.000   814.000   403.000   113.000   36.884   128.144
487.000   815.000   381.000   108.000   36.947   128.153
488.000   837.000   413.000   123.000   37.009   128.161
489.000   822.000   373.000   115.000   37.071   128.170
490.000   890.000   443.000   110.000   37.133   128.179
491.000   886.000   360.000   127.000   37.196   128.187
492.000   895.000   397.000   120.000   37.258   128.196
493.000   894.000   396.000   112.000   37.320   128.205
494.000   856.000   415.000   105.000   37.382   128.214
495.000   832.000   388.000   115.000   37.444   128.223
496.000   898.000   386.000   97.000   37.507   128.231
497.000   861.000   412.000   130.000   37.569   128.240
498.000   821.000   402.000   127.000   37.631   128.249
499.000   765.000   400.000   151.000   37.693   128.258
500.000   835.000   402.000   121.000   37.755   128.267
501.000   827.000   420.000   101.000   37.817   128.276
502.000   897.000   386.000   117.000   37.880   128.285
503.000   836.000   400.000   102.000   37.942   128.294
504.000   871.000   418.000   126.000   38.004   128.303
505.000   792.000   385.000   127.000   38.066   128.312
506.000   876.000   404.000   118.000   38.128   128.321
507.000   889.000   403.000   124.000   38.190   128.330
508.000   869.000   386.000   123.000   38.253   128.339
509.000   824.000   338.000   122.000   38.315   128.348
510.000   849.000   388.000   125.000   38.377   128.358
511.000   834.000   375.000   131.000   38.439   128.367
512.000   840.000   385.000   115.000   38.501   128.376
513.000   890.000   428.000   148.000   38.563   128.385
514.000   879.000   402.000   125.000   38.626   128.394
515.000   876.000   395.000   120.000   38.688   128.404
516.000   865.000   391.000   112.000   38.750   128.413
517.000   869.000   378.000   118.000   38.812   128.422
518.000   898.000   421.000   109.000   38.874   128.432
519.000   867.000   368.000   111.000   38.936   128.441
520.000   815.000   398.000   117.000   38.998   128.450
521.000   829.000   386.000   136.000   39.061   128.460
522.000   817.000   419.000   119.000   39.123   128.469
523.000   855.000   424.000   120.000   39.185   128.479
524.000   879.000   398.000   121.000   39.247   128.488
525.000   833.000   419.000   127.000   39.309   128.498
526.000   889.000   403.000   131.000   39.371   128.507
527.000   912.000   409.000   104.000   39.433   128.517
528.000   803.000   378.000   124.000   39.495   128.526
529.000   859.000   417.000   114.000   39.558   128.536
530.000   906.000   378.000   136.000   39.620   128.546
531.000   919.000   381.000   124.000   39.682   128.555
532.000   885.000   383.000   130.000   39.744   128.565
533.000   883.000   400.000   111.000   39.806   128.575
534.000   900.000   407.000   112.000   39.868   128.584
535.000   878.000   446.000   109.000   39.930   128.594
536.000   847.000   413.000   127.000   39.992   128.604
537.000   841.000   447.000   128.000   40.054   128.614
538.000   880.000   397.000   131.000   40.117   128.624
539.000   895.000   433.000   129.000   40.179   128.633
540.000   868.000   388.000   126.000   40.241   128.643
541.000   908.000   422.000   129.000   40.303   128.653
542.000   898.000   402.000   126.000   40.365   128.663
543.000   847.000   436.000   114.000   40.427   128.673
544.000   869.000   403.000   100.000   40.489   128.683
545.000   903.000   380.000   118.000   40.551   128.693
546.000   886.000   399.000   127.000   40.613   128.703
547.000   836.000   407.000   128.000   40.675   128.713
548.000   890.000   450.000   119.000   40.737   128.723
549.000   859.000   393.000   134.000   40.799   128.733
550.000   894.000   417.000   111.000   40.861   128.743
551.000   908.000   401.000   127.000   40.924   128.754
552.000   885.000   439.000   124.000   40.986   128.764
553.000   877.000   402.000   147.000   41.048   128.774
554.000   851.000   420.000   123.000   41.110   128.784
555.000   837.000   412.000   124.000   41.172   128.795
556.000   907.000   422.000   116.000   41.234   128.805
557.000   866.000   419.000   117.000   41.296   128.815
558.000   854.000   440.000   108.000   41.358   128.826
559.000   857.000   468.000   131.000   41.420   128.836
560.000   835.000   408.000   131.000   41.482   128.846
561.000   848.000   411.000   121.000   41.544   128.857
562.000   845.000   448.000   132.000   41.606   128.867
563.000   894.000   374.000   129.000   41.668   128.878
564.000   857.000   435.000   117.000   41.730   128.888
565.000   893.000   388.000   131.000   41.792   128.899
566.000   889.000   424.000   120.000   41.854   128.909
567.000   911.000   424.000   119.000   41.916   128.920
568.000   846.000   418.000   116.000   41.978   128.931
569.000   846.000   384.000   105.000   42.040   128.941
570.000   837.000   428.000   111.000   42.102   128.952
571.000   865.000   432.000   134.000   42.164   128.963
572.000   861.000   419.000   119.000   42.226   128.974
573.000   886.000   434.000   116.000   42.288   128.984
574.000   820.000   405.000   120.000   42.350   128.995
575.000   919.000   408.000   134.000   42.412   129.006
576.000   897.000   404.000   118.000   42.474   129.017
577.000   870.000   394.000   123.000   42.536   129.028
578.000   862.000   429.000   109.000   42.598   129.039
579.000   888.000   417.000   105.000   42.660   129.050
580.000   859.000   440.000   133.000   42.722   129.061
581.000   847.000   396.000   120.000   42.784   129.072
582.000   869.000   389.000   139.000   42.846   129.083
583.000   913.000   402.000   133.000   42.908   129.094
584.000   899.000   392.000   124.000   42.970   129.105
585.000   943.000   420.000   110.000   43.032   129.116
586.000   919.000   435.000   132.000   43.094   129.127
587.000   861.000   466.000   144.000   43.156   129.138
588.000   910.000   435.000   151.000   43.218   129.150
589.000   870.000   404.000   129.000   43.280   129.161
590.000   879.000   411.000   133.000   43.342   129.172
591.000   926.000   434.000   118.000   43.404   129.183
592.000   915.000   456.000   129.000   43.466   129.195
593.000   812.000   445.000   126.000   43.528   129.206
594.000   820.000   436.000   128.000   43.590   129.218
595.000   908.000   444.000   131.000   43.651   129.229
596.000   888.000   398.000   142.000   43.713   129.241
597.000   837.000   388.000   128.000   43.775   129.252
598.000   885.000   479.000   143.000   43.837   129.264
599.000   880.000   472.000   122.000   43.899   129.275
600.000   904.000   411.000   127.000   43.961   129.287
601.000   891.000   424.000   137.000   44.023   129.299
602.000   908.000   482.000   128.000   44.085   129.310
603.000   875.000   417.000   124.000   44.147   129.322
604.000   920.000   425.000   143.000   44.209   129.334
605.000   856.000   421.000   93.000   44.271   129.345
606.000   915.000   405.000   106.000   44.333   129.357
607.000   872.000   474.000   129.000   44.394   129.369
608.000   872.000   442.000   122.000   44.456   129.381
609.000   835.000   402.000   116.000   44.518   129.393
610.000   851.000   406.000   118.000   44.580   129.405
611.000   888.000   447.000   132.000   44.642   129.417
612.000   861.000   427.000   144.000   44.704   129.429
613.000   900.000   431.000   135.000   44.766   129.441
614.000   896.000   390.000   143.000   44.828   129.453
615.000   877.000   413.000   127.000   44.890   129.465
616.000   866.000   459.000   131.000   44.951   129.477
617.000   798.000   459.000   122.000   45.013   129.489
618.000   844.000   427.000   149.000   45.075   129.502
619.000   880.000   441.000   148.000   45.137   129.514
620.000   913.000   440.000   141.000   45.199   129.526
621.000   901.000   404.000   136.000   45.261   129.539
622.000   812.000   438.000   139.000   45.323   129.551
623.000   835.000   444.000   129.000   45.384   129.563
624.000   917.000   421.000   135.000   45.446   129.576
625.000   928.000   471.000   140.000   45.508   129.588
626.000   895.000   437.000   134.000   45.570   129.601
627.000   877.000   431.000   111.000   45.632   129.613
628.000   898.000   422.000   131.000   45.694   129.626
629.000   865.000   465.000   107.000   45.755   129.639
630.000   898.000   444.000   139.000   45.817   129.651
631.000   863.000   434.000   114.000   45.879   129.664
632.000   932.000   429.000   134.000   45.941   129.677
633.000   876.000   476.000   132.000   46.003   129.689
634.000   889.000   447.000   139.000   46.065   129.702
635.000   891.000   415.000   133.000   46.126   129.715
636.000   931.000   432.000   119.000   46.188   129.728
637.000   845.000   441.000   151.000   46.250   129.741
638.000   890.000   467.000   129.000   46.312   129.754
639.000   901.000   450.000   107.000   46.374   129.767
640.000   872.000   461.000   124.000   46.435   129.780
641.000   872.000   437.000   136.000   46.497   129.793
642.000   917.000   428.000   133.000   46.559   129.806
643.000   891.000   440.000   143.000   46.621   129.819
644.000   879.000   443.000   137.000   46.682   129.833
645.000   862.000   442.000   144.000   46.744   129.846
646.000   971.000   430.000   130.000   46.806   129.859
647.000   925.000   408.000   127.000   46.868   129.872
648.000   843.000   451.000   136.000   46.930   129.886
649.000   861.000   459.000   138.000   46.991   129.899
650.000   868.000   430.000   139.000   47.053   129.913
651.000   931.000   451.000   127.000   47.115   129.926
652.000   907.000   442.000   139.000   47.177   129.940
653.000   919.000   434.000   150.000   47.238   129.953
654.000   867.000   457.000   128.000   47.300   129.967
655.000   916.000   437.000   136.000   47.362   129.980
656.000   919.000   457.000   128.000   47.423   129.994
657.000   872.000   420.000   140.000   47.485   130.008
658.000   884.000   465.000   136.000   47.547   130.022
659.000   920.000   432.000   150.000   47.609   130.035
660.000   878.000   485.000   134.000   47.670   130.049
661.000   878.000   427.000   137.000   47.732   130.063
662.000   915.000   481.000   132.000   47.794   130.077
663.000   871.000   444.000   145.000   47.856   130.091
664.000   953.000   451.000   142.000   47.917   130.105
665.000   883.000   447.000   124.000   47.979   130.119
666.000   920.000   482.000   133.000   48.041   130.133
667.000   918.000   468.000   132.000   48.102   130.147
668.000   911.000   448.000   145.000   48.164   130.162
669.000   923.000   462.000   125.000   48.226   130.176
670.000   870.000   486.000   134.000   48.287   130.190
671.000   879.000   465.000   134.000   48.349   130.204
672.000   866.000   452.000   143.000   48.411   130.219
673.000   971.000   458.000   149.000   48.472   130.233
674.000   868.000   453.000   132.000   48.534   130.248
675.000   962.000   450.000   145.000   48.596   130.262
676.000   980.000   466.000   121.000   48.657   130.277
677.000   910.000   427.000   143.000   48.719   130.291
678.000   901.000   455.000   120.000   48.781   130.306
679.000   927.000   435.000   137.000   48.842   130.321
680.000   952.000   459.000   121.000   48.904   130.335
681.000   900.000   431.000   151.000   48.966   130.350
682.000   875.000   448.000   126.000   49.027   130.365
683.000   905.000   435.000   125.000   49.089   130.380
684.000   913.000   464.000   146.000   49.150   130.395
685.000   857.000   468.000   148.000   49.212   130.410
686.000   867.000   447.000   145.000   49.274   130.425
687.000   891.000   441.000   135.000   49.335   130.440
688.000   933.000   434.000   114.000   49.397   130.455
689.000   898.000   447.000   150.000   49.459   130.470
690.000   908.000   481.000   148.000   49.520   130.485
691.000   914.000   476.000   127.000   49.582   130.501
692.000   886.000   491.000   134.000   49.643   130.516
693.000   946.000   421.000   149.000   49.705   130.531
694.000   872.000   475.000   143.000   49.767   130.547
695.000   895.000   463.000   150.000   49.828   130.562
696.000   898.000   437.000   149.000   49.890   130.578
697.000   932.000   480.000   150.000   49.951   130.593
698.000   914.000   478.000   128.000   50.013   130.609
699.000   903.000   481.000   131.000   50.074   130.625
700.000   906.000   482.000   129.000   50.136   130.640
701.000   942.000   461.000   147.000   50.197   130.656
702.000   944.000   466.000   145.000   50.259   130.672
703.000   900.000   455.000   107.000   50.321   130.688
704.000   850.000   482.000   134.000   50.382   130.704
705.000   933.000   458.000   144.000   50.444   130.720
706.000   909.000   452.000   162.000   50.505   130.736
707.000   894.000   477.000   140.000   50.567   130.752
708.000   930.000   457.000   125.000   50.628   130.768
709.000   899.000   455.000   144.000   50.690   130.784
710.000   862.000   473.000   143.000   50.751   130.800
711.000   920.000   452.000   133.000   50.813   130.817
712.000   939.000   449.000   159.000   50.874   130.833
713.000   945.000   499.000   158.000   50.936   130.849
714.000   929.000   481.000   146.000   50.997   130.866
715.000   984.000   483.000   142.000   51.059   130.882
716.000   898.000   479.000   135.000   51.120   130.899
717.000   977.000   494.000   147.000   51.182   130.915
718.000   952.000   464.000   140.000   51.243   130.932
719.000   909.000   488.000   137.000   51.305   130.949
720.000   948.000   478.000   149.000   51.366   130.966
721.000   891.000   491.000   151.000   51.428   130.982
722.000   965.000   470.000   147.000   51.489   130.999
723.000   909.000   514.000   144.000   51.551   131.016
724.000   1008.000   481.000   142.000   51.612   131.033
725.000   914.000   448.000   162.000   51.673   131.050
726.000   987.000   488.000   151.000   51.735   131.067
727.000   910.000   503.000   156.000   51.796   131.085
728.000   964.000   504.000   133.000   51.858   131.102
729.000   946.000   485.000   153.000   51.919   131.119
730.000   902.000   485.000   149.000   51.981   131.136
731.000   892.000   486.000   144.000   52.042   131.154
732.000   921.000   487.000   149.000   52.103   131.171
733.000   975.000   478.000   141.000   52.165   131.189
734.000   986.000   493.000   125.000   52.226   131.206
735.000   990.000   511.000   158.000   52.288   131.224
736.000   951.000   477.000   131.000   52.349   131.242
737.000   989.000   489.000   157.000   52.410   131.260
738.000   882.000   485.000   156.000   52.472   131.277
739.000   973.000   495.000   172.000   52.533   131.295
740.000   976.000   506.000   140.000   52.595   131.313
741.000   902.000   486.000   157.000   52.656   131.331
742.000   892.000   506.000   130.000   52.717   131.349
743.000   955.000   473.000   134.000   52.779   131.368
744.000   931.000   462.000   153.000   52.840   131.386
745.000   924.000   475.000   148.000   52.901   131.404
746.000   914.000   471.000   157.000   52.963   131.422
747.000   912.000   497.000   169.000   53.024   131.441
748.000   948.000   522.000   162.000   53.085   131.459
749.000   952.000   471.000   159.000   53.147   131.478
750.000   967.000   500.000   151.000   53.208   131.496
751.000   963.000   522.000   166.000   53.269   131.515
752.000   992.000   487.000   163.000   53.331   131.534
753.000   972.000   528.000   141.000   53.392   131.552
754.000   950.000   490.000   166.000   53.453   131.571
755.000   912.000   502.000   133.000   53.515   131.590
756.000   954.000   517.000   146.000   53.576   131.609
757.000   910.000   520.000   167.000   53.637   131.628
758.000   935.000   491.000   181.000   53.698   131.647
759.000   937.000   514.000   159.000   53.760   131.666
760.000   961.000   526.000   149.000   53.821   131.686
761.000   947.000   531.000   152.000   53.882   131.705
762.000   1022.000   485.000   149.000   53.944   131.724
763.000   915.000   540.000   150.000   54.005   131.744
764.000   973.000   470.000   127.000   54.066   131.763
765.000   960.000   534.000   166.000   54.127   131.783
766.000   1015.000   506.000   155.000   54.189   131.803
767.000   958.000   525.000   161.000   54.250   131.822
768.000   944.000   546.000   150.000   54.311   131.842
769.000   963.000   487.000   168.000   54.372   131.862
770.000   940.000   510.000   159.000   54.433   131.882
771.000   963.000   507.000   131.000   54.495   131.902
772.000   997.000   506.000   142.000   54.556   131.922
773.000   951.000   537.000   144.000   54.617   131.942
774.000   958.000   512.000   168.000   54.678   131.963
775.000   1001.000   520.000   152.000   54.739   131.983
776.000   976.000   499.000   162.000   54.801   132.003
777.000   1000.000   505.000   158.000   54.862   132.024
778.000   1008.000   527.000   127.000   54.923   132.044
779.000   943.000   530.000   163.000   54.984   132.065
780.000   994.000   522.000   145.000   55.045   132.086
781.000   957.000   535.000   188.000   55.106   132.106
782.000   978.000   576.000   155.000   55.168   132.127
783.000   1020.000   516.000   155.000   55.229   132.148
784.000   1018.000   529.000   164.000   55.290   132.169
785.000   989.000   530.000   156.000   55.351   132.190
786.000   1103.000   498.000   155.000   55.412   132.211
787.000   1084.000   528.000   197.000   55.473   132.232
788.000   1124.000   550.000   169.000   55.534   132.254
789.000   1054.000   546.000   138.000   55.595   132.275
790.000   1136.000   546.000   150.000   55.656   132.297
791.000   1153.000   494.000   153.000   55.718   132.318
792.000   1135.000   577.000   161.000   55.779   132.340
793.000   1174.000   532.000   162.000   55.840   132.361
794.000   1236.000   548.000   171.000   55.901   132.383
795.000   1153.000   533.000   171.000   55.962   132.405
796.000   1221.000   532.000   146.000   56.023   132.427
797.000   1190.000   545.000   169.000   56.084   132.449
798.000   1269.000   532.000   145.000   56.145   132.471
799.000   1221.000   496.000   136.000   56.206   132.493
800.000   1274.000   550.000   157.000   56.267   132.516
801.000   1248.000   547.000   173.000   56.328   132.538
802.000   1263.000   569.000   153.000   56.389   132.560
803.000   1259.000   562.000   162.000   56.450   132.583
804.000   1294.000   535.000   167.000   56.511   132.606
805.000   1309.000   549.000   161.000   56.572   132.628
806.000   1365.000   499.000   179.000   56.633   132.651
807.000   1334.000   576.000   178.000   56.694   132.674
808.000   1365.000   545.000   157.000   56.755   132.697
809.000   1388.000   537.000   185.000   56.816   132.720
810.000   1337.000   540.000   169.000   56.877   132.743
811.000   1383.000   576.000   173.000   56.938   132.766
812.000   1379.000   535.000   154.000   56.999   132.790
813.000   1329.000   562.000   152.000   57.060   132.813
814.000   1423.000   580.000   134.000   57.121   132.837
815.000   1331.000   563.000   149.000   57.182   132.860
816.000   1415.000   542.000   162.000   57.243   132.884
817.000   1300.000   590.000   137.000   57.304   132.908
818.000   1376.000   541.000   148.000   57.365   132.932
819.000   1367.000   530.000   171.000   57.425   132.955
820.000   1409.000   546.000   162.000   57.486   132.980
821.000   1370.000   565.000   172.000   57.547   133.004
822.000   1406.000   507.000   159.000   57.608   133.028
823.000   1438.000   548.000   162.000   57.669   133.052
824.000   1370.000   543.000   160.000   57.730   133.077
825.000   1436.000   524.000   172.000   57.791   133.101
826.000   1344.000   543.000   157.000   57.852   133.126
827.000   1416.000   573.000   159.000   57.912   133.151
828.000   1382.000   509.000   187.000   57.973   133.175
829.000   1349.000   518.000   170.000   58.034   133.200
830.000   1324.000   562.000   151.000   58.095   133.225
831.000   1344.000   510.000   144.000   58.156   133.250
832.000   1392.000   548.000   178.000   58.217   133.276
833.000   1342.000   577.000   146.000   58.277   133.301
834.000   1393.000   529.000   167.000   58.338   133.326
835.000   1366.000   567.000   162.000   58.399   133.352
836.000   1310.000   537.000   179.000   58.460   133.378
837.000   1336.000   548.000   158.000   58.520   133.403
838.000   1330.000   548.000   148.000   58.581   133.429
839.000   1277.000   535.000   165.000   58.642   133.455
840.000   1312.000   565.000   173.000   58.703   133.481
841.000   1316.000   522.000   156.000   58.763   133.507
842.000   1268.000   540.000   171.000   58.824   133.533
843.000   1310.000   566.000   185.000   58.885   133.560
844.000   1279.000   584.000   160.000   58.946   133.586
845.000   1265.000   559.000   176.000   59.006   133.613
846.000   1242.000   551.000   181.000   59.067   133.639
847.000   1263.000   590.000   179.000   59.128   133.666
848.000   1278.000   550.000   166.000   59.188   133.693
849.000   1245.000   505.000   155.000   59.249   133.720
850.000   1183.000   548.000   160.000   59.310   133.747
851.000   1269.000   581.000   171.000   59.370   133.775
852.000   1249.000   527.000   192.000   59.431   133.802
853.000   1266.000   575.000   140.000   59.492   133.829
854.000   1198.000   564.000   173.000   59.552   133.857
855.000   1208.000   571.000   161.000   59.613   133.885
856.000   1183.000   558.000   148.000   59.674   133.912
857.000   1176.000   587.000   160.000   59.734   133.940
858.000   1178.000   557.000   184.000   59.795   133.968
859.000   1186.000   574.000   191.000   59.855   133.996
860.000   1176.000   534.000   161.000   59.916   134.025
861.000   1150.000   593.000   194.000   59.976   134.053
862.000   1116.000   538.000   162.000   60.037   134.082
863.000   1234.000   599.000   170.000   60.098   134.110
864.000   1159.000   601.000   177.000   60.158   134.139
865.000   1182.000   564.000   183.000   60.219   134.168
866.000   1149.000   551.000   183.000   60.279   134.197
867.000   1179.000   527.000   192.000   60.340   134.226
868.000   1191.000   586.000   172.000   60.400   134.255
869.000   1167.000   552.000   152.000   60.461   134.284
870.000   1090.000   606.000   178.000   60.521   134.314
871.000   1143.000   582.000   165.000   60.582   134.343
872.000   1146.000   577.000   167.000   60.642   134.373
873.000   1134.000   552.000   186.000   60.703   134.403
874.000   1068.000   566.000   187.000   60.763   134.433
875.000   1143.000   586.000   169.000   60.824   134.463
876.000   1110.000   531.000   190.000   60.884   134.493
877.000   1168.000   556.000   190.000   60.944   134.524
878.000   1120.000   589.000   187.000   61.005   134.554
879.000   1126.000   594.000   178.000   61.065   134.585
880.000   1095.000   587.000   166.000   61.126   134.616
881.000   1114.000   566.000   191.000   61.186   134.647
882.000   1148.000   549.000   167.000   61.246   134.678
883.000   1098.000   607.000   197.000   61.307   134.709
884.000   1114.000   549.000   170.000   61.367   134.740
885.000   1084.000   610.000   176.000   61.427   134.771
886.000   1090.000   595.000   163.000   61.488   134.803
887.000   1082.000   577.000   211.000   61.548   134.835
888.000   1083.000   611.000   206.000   61.608   134.867
889.000   1088.000   530.000   185.000   61.669   134.899
890.000   1090.000   599.000   169.000   61.729   134.931
891.000   1119.000   552.000   156.000   61.789   134.963
892.000   1231.000   600.000   199.000   61.850   134.995
893.000   1076.000   586.000   159.000   61.910   135.028
894.000   1122.000   586.000   181.000   61.970   135.061
895.000   1091.000   596.000   176.000   62.030   135.094
896.000   1070.000   546.000   166.000   62.090   135.127
897.000   1091.000   577.000   183.000   62.151   135.160
898.000   1100.000   560.000   169.000   62.211   135.193
899.000   1123.000   577.000   170.000   62.271   135.226
900.000   1108.000   578.000   176.000   62.331   135.260
901.000   1078.000   611.000   181.000   62.391   135.294
902.000   1146.000   575.000   179.000   62.452   135.328
903.000   1151.000   584.000   189.000   62.512   135.362
904.000   1129.000   615.000   183.000   62.572   135.396
905.000   1127.000   584.000   182.000   62.632   135.430
906.000   1101.000   616.000   157.000   62.692   135.465
907.000   1192.000   537.000   164.000   62.752   135.500
908.000   1127.000   569.000   169.000   62.812   135.534
909.000   1149.000   588.000   227.000   62.872   135.569
910.000   1118.000   597.000   189.000   62.933   135.605
911.000   1109.000   620.000   172.000   62.993   135.640
912.000   1071.000   636.000   170.000   63.053   135.675
913.000   1184.000   553.000   179.000   63.113   135.711
914.000   1136.000   585.000   198.000   63.173   135.747
915.000   1125.000   591.000   187.000   63.233   135.783
916.000   1146.000   572.000   168.000   63.293   135.819
917.000   1190.000   629.000   207.000   63.353   135.855
918.000   1207.000   634.000   190.000   63.413   135.892
919.000   1122.000   588.000   214.000   63.473   135.928
920.000   1177.000   613.000   224.000   63.533   135.965
921.000   1202.000   637.000   216.000   63.593   136.002
922.000   1209.000   685.000   208.000   63.652   136.039
923.000   1184.000   643.000   210.000   63.712   136.077
924.000   1254.000   656.000   207.000   63.772   136.114
925.000   1236.000   683.000   268.000   63.832   136.152
926.000   1270.000   716.000   225.000   63.892   136.190
927.000   1231.000   766.000   260.000   63.952   136.228
928.000   1302.000   762.000   275.000   64.012   136.266
929.000   1352.000   790.000   281.000   64.072   136.304
930.000   1338.000   843.000   318.000   64.131   136.343
931.000   1396.000   877.000   306.000   64.191   136.382
932.000   1417.000   951.000   333.000   64.251   136.421
933.000   1392.000   933.000   326.000   64.311   136.460
934.000   1369.000   964.000   381.000   64.371   136.499
935.000   1513.000   1085.000   415.000   64.430   136.539
936.000   1547.000   1093.000   450.000   64.490   136.578
937.000   1491.000   1126.000   474.000   64.550   136.618
938.000   1589.000   1231.000   471.000   64.609   136.658
939.000   1673.000   1265.000   503.000   64.669   136.699
940.000   1662.000   1383.000   574.000   64.729   136.739
941.000   1838.000   1411.000   659.000   64.789   136.780
942.000   1895.000   1580.000   660.000   64.848   136.821
943.000   1926.000   1719.000   712.000   64.908   136.862
944.000   2042.000   1806.000   808.000   64.967   136.903
945.000   2124.000   1928.000   860.000   65.027   136.945
946.000   2338.000   2240.000   943.000   65.087   136.986
947.000   2466.000   2430.000   1087.000   65.146   137.028
948.000   2596.000   2639.000   1190.000   65.206   137.070
949.000   2637.000   2743.000   1224.000   65.265   137.113
950.000   2794.000   2839.000   1300.000   65.325   137.155
951.000   2791.000   2828.000   1219.000   65.384   137.198
952.000   2960.000   2989.000   1316.000   65.444   137.241
953.000   3036.000   2992.000   1366.000   65.503   137.284
954.000   3123.000   3155.000   1345.000   65.563   137.327
955.000   3236.000   3314.000   1459.000   65.622   137.371
956.000   3239.000   3396.000   1458.000   65.682   137.415
957.000   3580.000   3487.000   1472.000   65.741   137.459
958.000   3658.000   3614.000   1548.000   65.801   137.503
959.000   3845.000   3634.000   1605.000   65.860   137.547
960.000   3927.000   3670.000   1548.000   65.919   137.592
961.000   3901.000   3790.000   1493.000   65.979   137.637
962.000   4269.000   3569.000   1560.000   66.038   137.682
963.000   4227.000   3608.000   1463.000   66.097   137.728
964.000   4259.000   3643.000   1474.000   66.157   137.773
965.000   4364.000   3716.000   1477.000   66.216   137.819
966.000   4406.000   3693.000   1426.000   66.275   137.865
967.000   4644.000   3642.000   1462.000   66.335   137.911
968.000   4834.000   3656.000   1386.000   66.394   137.958
969.000   4902.000   3617.000   1425.000   66.453   138.005
970.000   5139.000   3640.000   1331.000   66.512   138.052
971.000   5513.000   3464.000   1401.000   66.572   138.099
972.000   5611.000   3417.000   1328.000   66.631   138.147
973.000   5876.000   3458.000   1373.000   66.690   138.194
974.000   6362.000   3500.000   1176.000   66.749   138.242
975.000   6504.000   3472.000   1222.000   66.808   138.291
976.000   6807.000   3362.000   1215.000   66.867   138.339
977.000   7022.000   3405.000   1204.000   66.926   138.388
978.000   7327.000   3407.000   1179.000   66.985   138.437
979.000   7407.000   3497.000   1195.000   67.044   138.486
980.000   7745.000   3638.000   1168.000   67.103   138.536
981.000   7721.000   3731.000   1161.000   67.162   138.586
982.000   7612.000   3743.000   1244.000   67.221   138.636
983.000   7895.000   3776.000   1225.000   67.280   138.686
984.000   8112.000   3844.000   1273.000   67.339   138.737
985.000   8389.000   4133.000   1223.000   67.398   138.788
986.000   8751.000   4055.000   1239.000   67.457   138.839
987.000   8864.000   4213.000   1275.000   67.516   138.890
988.000   9261.000   4380.000   1298.000   67.575   138.942
989.000   9458.000   4390.000   1307.000   67.634   138.994
990.000   9919.000   4646.000   1329.000   67.693   139.046
991.000   10111.000   4651.000   1392.000   67.752   139.099
992.000   10966.000   4855.000   1333.000   67.810   139.152
993.000   11359.000   4833.000   1381.000   67.869   139.205
994.000   11690.000   5019.000   1401.000   67.928   139.258
995.000   12399.000   5180.000   1391.000   67.987   139.312
996.000   11844.000   5215.000   1407.000   68.045   139.366
997.000   12399.000   5734.000   1538.000   68.104   139.420
998.000   12897.000   6023.000   1610.000   68.163   139.475
999.000   13823.000   6314.000   1715.000   68.221   139.530
1000.000   14411.000   6620.000   1740.000   68.280   139.585
1001.000   14154.000   6493.000   1738.000   68.339   139.640
1002.000   14628.000   6824.000   1719.000   68.397   139.696
1003.000   16223.000   6684.000   1769.000   68.456   139.752
1004.000   16131.000   6960.000   1662.000   68.514   139.809
1005.000   17114.000   7429.000   1803.000   68.573   139.866
1006.000   18061.000   7655.000   1979.000   68.631   139.923
1007.000   17860.000   8037.000   2016.000   68.690   139.980
1008.000   18477.000   8323.000   2000.000   68.748   140.038
1009.000   17986.000   8451.000   2047.000   68.807   140.096
1010.000   17234.000   8359.000   2021.000   68.865   140.154
1011.000   17971.000   8453.000   1992.000   68.923   140.213
1012.000   18511.000   8382.000   1868.000   68.982   140.272
1013.000   19349.000   8347.000   1977.000   69.040   140.331
1014.000   20000.000   8461.000   1858.000   69.098   140.391
1015.000   18453.000   8375.000   1945.000   69.157   140.451
1016.000   19015.000   8299.000   1813.000   69.215   140.511
1017.000   18314.000   8154.000   1746.000   69.273   140.572
1018.000   18693.000   8084.000   1783.000   69.331   140.633
1019.000   17918.000   7933.000   1684.000   69.389   140.694
1020.000   17724.000   7946.000   1653.000   69.448   140.756
1021.000   17699.000   8165.000   1725.000   69.506   140.818
1022.000   18202.000   7829.000   1682.000   69.564   140.881
1023.000   18032.000   7915.000   1564.000   69.622   140.944
1024.000   18415.000   7740.000   1593.000   69.680   141.007
1025.000   18469.000   7705.000   1527.000   69.738   141.071
1026.000   19080.000   7573.000   1400.000   69.796   141.135
1027.000   19244.000   7440.000   1413.000   69.854   141.199
1028.000   20238.000   7440.000   1295.000   69.912   141.264
1029.000   20927.000   7407.000   1267.000   69.970   141.329
1030.000   20604.000   7044.000   1237.000   70.028   141.394
1031.000   19097.000   6934.000   1146.000   70.086   141.460
1032.000   19875.000   6918.000   1128.000   70.143   141.526
1033.000   20070.000   6803.000   1153.000   70.201   141.593
1034.000   20450.000   6665.000   1082.000   70.259   141.660
1035.000   20237.000   6649.000   961.000   70.317   141.728
1036.000   19542.000   6281.000   902.000   70.374   141.795
1037.000   19027.000   6063.000   792.000   70.432   141.864
1038.000   18816.000   5978.000   751.000   70.490   141.932
1039.000   19094.000   5834.000   762.000   70.547   142.001
1040.000   19891.000   5813.000   731.000   70.605   142.071
1041.000   21228.000   5764.000   688.000   70.663   142.141
1042.000   21662.000   6050.000   669.000   70.720   142.211
1043.000   20362.000   5550.000   629.000   70.778   142.282
1044.000   19248.000   5205.000   621.000   70.835   142.353
1045.000   19703.000   5148.000   529.000   70.892   142.425
1046.000   20312.000   4975.000   504.000   70.950   142.497
1047.000   20473.000   5121.000   559.000   71.007   142.570
1048.000   22265.000   5182.000   484.000   71.065   142.642
1049.000   20674.000   4813.000   450.000   71.122   142.716
1050.000   19209.000   4557.000   442.000   71.179   142.790
1051.000   19444.000   4275.000   430.000   71.236   142.864
1052.000   18361.000   4011.000   413.000   71.294   142.939
1053.000   18635.000   4230.000   364.000   71.351   143.014
1054.000   21434.000   4253.000   387.000   71.408   143.090
1055.000   20983.000   4012.000   359.000   71.465   143.166
1056.000   22721.000   4397.000   371.000   71.522   143.243
1057.000   18870.000   4002.000   362.000   71.579   143.320
1058.000   18924.000   3772.000   335.000   71.636   143.398
1059.000   19194.000   3924.000   307.000   71.693   143.476
1060.000   18552.000   3604.000   292.000   71.750   143.555
1061.000   16178.000   3041.000   284.000   71.807   143.634
1062.000   16547.000   3056.000   296.000   71.864   143.713
1063.000   16645.000   2810.000   260.000   71.921   143.794
1064.000   13186.000   2585.000   237.000   71.977   143.874
1065.000   13128.000   2600.000   257.000   72.034   143.955
1066.000   13051.000   2505.000   247.000   72.091   144.037
1067.000   13154.000   2366.000   203.000   72.148   144.119
1068.000   12783.000   2349.000   196.000   72.204   144.202
1069.000   12490.000   2243.000   228.000   72.261   144.285
1070.000   12004.000   2041.000   192.000   72.317   144.369
1071.000   10978.000   1912.000   197.000   72.374   144.454
1072.000   10594.000   1790.000   158.000   72.430   144.539
1073.000   9970.000   1652.000   182.000   72.487   144.624
1074.000   9836.000   1541.000   191.000   72.543   144.710
1075.000   9117.000   1474.000   177.000   72.599   144.797
1076.000   8681.000   1310.000   163.000   72.656   144.884
1077.000   11166.000   1406.000   198.000   72.712   144.972
1078.000   17390.000   1677.000   145.000   72.768   145.060
1079.000   9918.000   1246.000   172.000   72.824   145.149
1080.000   7778.000   1178.000   177.000   72.881   145.239
1081.000   7809.000   1195.000   164.000   72.937   145.329
1082.000   8373.000   1117.000   182.000   72.993   145.420
1083.000   6372.000   1016.000   170.000   73.049   145.511
1084.000   5813.000   898.000   187.000   73.105   145.603
1085.000   5785.000   901.000   173.000   73.161   145.695
1086.000   5984.000   956.000   170.000   73.216   145.789
1087.000   5347.000   869.000   166.000   73.272   145.882
1088.000   5016.000   888.000   173.000   73.328   145.977
1089.000   4753.000   849.000   188.000   73.384   146.072
1090.000   4508.000   793.000   169.000   73.439   146.168
1091.000   4949.000   859.000   165.000   73.495   146.264
1092.000   5860.000   814.000   177.000   73.551   146.361
1093.000   4086.000   818.000   165.000   73.606   146.459
1094.000   3768.000   741.000   165.000   73.662   146.557
1095.000   3541.000   812.000   186.000   73.717   146.657
1096.000   3626.000   793.000   174.000   73.772   146.756
1097.000   3757.000   792.000   179.000   73.828   146.857
1098.000   3599.000   866.000   177.000   73.883   146.958
1099.000   3277.000   761.000   191.000   73.938   147.060
1100.000   2825.000   687.000   198.000   73.993   147.162
1101.000   2648.000   721.000   171.000   74.049   147.266
1102.000   2586.000   673.000   157.000   74.104   147.370
1103.000   2526.000   707.000   179.000   74.159   147.475
1104.000   2601.000   693.000   167.000   74.214   147.580
1105.000   2403.000   681.000   186.000   74.268   147.686
1106.000   2537.000   699.000   159.000   74.323   147.793
1107.000   2367.000   671.000   194.000   74.378   147.901
1108.000   2312.000   688.000   198.000   74.433   148.010
1109.000   2333.000   652.000   166.000   74.487   148.119
1110.000   2163.000   612.000   184.000   74.542   148.229
1111.000   2208.000   644.000   178.000   74.597   148.340
1112.000   2193.000   616.000   170.000   74.651   148.451
1113.000   2108.000   658.000   169.000   74.706   148.564
1114.000   2152.000   649.000   185.000   74.760   148.677
1115.000   2055.000   661.000   158.000   74.814   148.791
1116.000   2174.000   661.000   174.000   74.868   148.906
1117.000   1966.000   621.000   178.000   74.923   149.022
1118.000   1936.000   628.000   157.000   74.977   149.139
1119.000   1853.000   657.000   163.000   75.031   149.256
1120.000   1783.000   645.000   169.000   75.085   149.374
1121.000   1893.000   663.000   200.000   75.139   149.493
1122.000   1821.000   708.000   180.000   75.193   149.614
1123.000   1895.000   637.000   187.000   75.246   149.734
1124.000   1851.000   629.000   172.000   75.300   149.856
1125.000   1972.000   638.000   155.000   75.354   149.979
1126.000   2238.000   645.000   168.000   75.407   150.103
1127.000   2435.000   622.000   174.000   75.461   150.227
1128.000   2377.000   681.000   188.000   75.514   150.353
1129.000   2005.000   646.000   172.000   75.568   150.479
1130.000   1746.000   656.000   178.000   75.621   150.607
1131.000   1724.000   633.000   189.000   75.674   150.735
1132.000   1629.000   640.000   182.000   75.727   150.864
1133.000   1578.000   594.000   163.000   75.780   150.994
1134.000   1609.000   602.000   187.000   75.833   151.126
1135.000   1694.000   615.000   198.000   75.886   151.258
1136.000   1583.000   626.000   195.000   75.939   151.391
1137.000   1583.000   626.000   195.000   75.992   151.526
1138.000   1449.000   659.000   175.000   76.044   151.661
1139.000   1517.000   606.000   165.000   76.097   151.797
1140.000   1472.000   619.000   191.000   76.150   151.935
1141.000   1505.000   635.000   168.000   76.202   152.073
1142.000   1544.000   652.000   165.000   76.254   152.212
1143.000   1494.000   621.000   162.000   76.307   152.353
1144.000   1484.000   620.000   168.000   76.359   152.495
1145.000   1467.000   667.000   182.000   76.411   152.637
1146.000   1430.000   607.000   168.000   76.463   152.781
1147.000   1409.000   603.000   189.000   76.515   152.926
1148.000   1432.000   660.000   186.000   76.567   153.072
1149.000   1406.000   628.000   167.000   76.618   153.220
1150.000   1532.000   581.000   190.000   76.670   153.368
1151.000   1504.000   606.000   184.000   76.722   153.518
1152.000   1588.000   605.000   194.000   76.773   153.668
1153.000   1503.000   625.000   153.000   76.824   153.820
1154.000   1409.000   567.000   172.000   76.876   153.973
1155.000   1343.000   631.000   181.000   76.927   154.128
1156.000   1370.000   663.000   206.000   76.978   154.283
1157.000   1403.000   578.000   176.000   77.029   154.440
1158.000   1410.000   643.000   177.000   77.080   154.598
1159.000   1362.000   621.000   179.000   77.131   154.757
1160.000   1376.000   636.000   209.000   77.181   154.918
1161.000   1402.000   574.000   178.000   77.232   155.080
1162.000   1298.000   612.000   162.000   77.282   155.243
1163.000   1357.000   597.000   200.000   77.333   155.407
1164.000   1362.000   598.000   185.000   77.383   155.573
1165.000   1413.000   599.000   169.000   77.433   155.740
1166.000   1341.000   590.000   155.000   77.483   155.909
1167.000   1358.000   592.000   188.000   77.533   156.079
1168.000   1318.000   585.000   165.000   77.583   156.250
1169.000   1351.000   599.000   210.000   77.632   156.422
1170.000   1337.000   605.000   180.000   77.682   156.596
1171.000   1327.000   631.000   191.000   77.731   156.772
1172.000   1357.000   608.000   175.000   77.781   156.949
1173.000   1390.000   629.000   196.000   77.830   157.127
1174.000   1407.000   591.000   203.000   77.879   157.307
1175.000   1350.000   583.000   178.000   77.928   157.488
1176.000   1314.000   596.000   170.000   77.977   157.670
1177.000   1301.000   598.000   180.000   78.026   157.855
1178.000   1333.000   587.000   186.000   78.074   158.040
1179.000   1349.000   525.000   182.000   78.123   158.227
1180.000   1368.000   649.000   153.000   78.171   158.416
1181.000   1435.000   593.000   172.000   78.219   158.607
1182.000   1438.000   622.000   175.000   78.267   158.798
1183.000   1450.000   659.000   156.000   78.315   158.992
1184.000   1484.000   590.000   176.000   78.363   159.187
1185.000   1491.000   633.000   182.000   78.411   159.384
1186.000   1495.000   588.000   168.000   78.458   159.582
1187.000   1490.000   629.000   191.000   78.506   159.782
1188.000   1419.000   577.000   198.000   78.553   159.984
1189.000   1399.000   600.000   171.000   78.600   160.187
1190.000   1443.000   637.000   164.000   78.647   160.392
1191.000   1488.000   592.000   169.000   78.694   160.599
1192.000   1417.000   607.000   154.000   78.741   160.807
1193.000   1508.000   650.000   186.000   78.787   161.017
1194.000   1472.000   680.000   169.000   78.833   161.229
1195.000   1587.000   610.000   173.000   78.880   161.443
1196.000   1436.000   627.000   158.000   78.926   161.659
1197.000   1375.000   609.000   193.000   78.971   161.876
1198.000   1452.000   637.000   148.000   79.017   162.095
1199.000   1478.000   598.000   167.000   79.063   162.316
1200.000   1524.000   634.000   179.000   79.108   162.539
1201.000   1428.000   626.000   209.000   79.153   162.764
1202.000   1513.000   607.000   187.000   79.198   162.990
1203.000   1388.000   596.000   187.000   79.243   163.219
1204.000   1390.000   618.000   178.000   79.288   163.449
1205.000   1385.000   665.000   194.000   79.332   163.681
1206.000   1352.000   647.000   192.000   79.377   163.916
1207.000   1340.000   601.000   173.000   79.421   164.152
1208.000   1309.000   625.000   182.000   79.465   164.390
1209.000   1288.000   618.000   174.000   79.509   164.631
1210.000   1303.000   597.000   163.000   79.552   164.873
1211.000   1337.000   615.000   191.000   79.596   165.117
1212.000   1360.000   600.000   199.000   79.639   165.364
1213.000   1306.000   585.000   184.000   79.682   165.612
1214.000   1221.000   626.000   188.000   79.725   165.863
1215.000   1231.000   624.000   171.000   79.767   166.115
1216.000   1313.000   599.000   185.000   79.810   166.370
1217.000   1297.000   616.000   178.000   79.852   166.627
1218.000   1317.000   566.000   175.000   79.894   166.886
1219.000   1299.000   610.000   157.000   79.936   167.147
1220.000   1222.000   612.000   159.000   79.977   167.411
1221.000   1306.000   632.000   191.000   80.019   167.676
1222.000   1301.000   625.000   175.000   80.060   167.944
1223.000   1324.000   614.000   179.000   80.101   168.214
1224.000   1317.000   620.000   172.000   80.141   168.486
1225.000   1261.000   615.000   159.000   80.182   168.761
1226.000   1252.000   595.000   175.000   80.222   169.038
1227.000   1210.000   643.000   163.000   80.262   169.317
1228.000   1307.000   595.000   177.000   80.302   169.598
1229.000   1337.000   615.000   185.000   80.341   169.882
1230.000   1256.000   601.000   176.000   80.381   170.168
1231.000   1234.000   623.000   164.000   80.420   170.456
1232.000   1205.000   633.000   171.000   80.458   170.747
1233.000   1236.000   637.000   165.000   80.497   171.040
1234.000   1292.000   585.000   197.000   80.535   171.336
1235.000   1247.000   598.000   156.000   80.573   171.634
1236.000   1262.000   628.000   184.000   80.611   171.934
1237.000   1227.000   580.000   170.000   80.649   172.237
1238.000   1214.000   636.000   172.000   80.686   172.542
1239.000   1219.000   620.000   174.000   80.723   172.850
1240.000   1256.000   629.000   172.000   80.760   173.160
1241.000   1254.000   598.000   171.000   80.796   173.473
1242.000   1257.000   585.000   172.000   80.832   173.788
1243.000   1255.000   623.000   171.000   80.868   174.105
1244.000   1242.000   560.000   152.000   80.904   174.425
1245.000   1216.000   611.000   152.000   80.939   174.748
1246.000   1263.000   580.000   179.000   80.974   175.073
1247.000   1212.000   605.000   168.000   81.009   175.401
1248.000   1198.000   591.000   162.000   81.043   175.731
1249.000   1182.000   616.000   166.000   81.077   176.064
1250.000   1198.000   615.000   172.000   81.111   176.399
1251.000   1190.000   598.000   149.000   81.144   176.737
1252.000   1224.000   561.000   178.000   81.178   177.077
1253.000   1213.000   576.000   177.000   81.210   177.420
1254.000   1137.000   651.000   175.000   81.243   177.766
1255.000   1226.000   596.000   188.000   81.275   178.114
1256.000   1288.000   580.000   175.000   81.307   178.465
1257.000   1279.000   580.000   193.000   81.339   178.818
1258.000   1262.000   560.000   184.000   81.370   179.174
1259.000   1199.000   647.000   157.000   81.401   179.532
1260.000   1246.000   605.000   182.000   81.431   179.893
1261.000   1182.000   584.000   175.000   81.461   -179.743
1262.000   1202.000   601.000   181.000   81.491   -179.377
1263.000   1183.000   647.000   185.000   81.521   -179.008
1264.000   1167.000   609.000   175.000   81.550   -178.637
1265.000   1205.000   623.000   202.000   81.579   -178.263
1266.000   1174.000   630.000   178.000   81.607   -177.886
1267.000   1208.000   626.000   181.000   81.635   -177.507
1268.000   1211.000   669.000   193.000   81.663   -177.126
1269.000   1138.000   583.000   178.000   81.690   -176.742
1270.000   1209.000   597.000   171.000   81.717   -176.355
1271.000   1264.000   608.000   176.000   81.744   -175.966
1272.000   1138.000   616.000   170.000   81.770   -175.575
1273.000   1211.000   587.000   188.000   81.795   -175.181
1274.000   1261.000   608.000   177.000   81.821   -174.784
1275.000   1253.000   603.000   174.000   81.846   -174.385
1276.000   1286.000   606.000   168.000   81.870   -173.984
1277.000   1181.000   571.000   158.000   81.894   -173.580
1278.000   1193.000   597.000   175.000   81.918   -173.174
1279.000   1277.000   625.000   172.000   81.942   -172.765
1280.000   1194.000   582.000   172.000   81.965   -172.354
1281.000   1155.000   593.000   185.000   81.987   -171.941
1282.000   1132.000   595.000   182.000   82.009   -171.525
1283.000   1179.000   584.000   192.000   82.031   -171.107
1284.000   1200.000   590.000   173.000   82.052   -170.687
1285.000   1152.000   598.000   159.000   82.073   -170.265
1286.000   1260.000   598.000   204.000   82.093   -169.840
1287.000   1180.000   617.000   203.000   82.113   -169.413
1288.000   1151.000   616.000   162.000   82.133   -168.984
1289.000   1193.000   561.000   196.000   82.152   -168.553
1290.000   1200.000   647.000   175.000   82.170   -168.120
1291.000   1218.000   642.000   143.000   82.188   -167.685
1292.000   1190.000   631.000   163.000   82.206   -167.248
1293.000   1184.000   589.000   163.000   82.223   -166.809
1294.000   1256.000   582.000   185.000   82.240   -166.368
1295.000   1157.000   594.000   164.000   82.256   -165.925
1296.000   1144.000   631.000   187.000   82.272   -165.480
1297.000   1135.000   616.000   186.000   82.287   -165.033
1298.000   1162.000   619.000   174.000   82.302   -164.585
1299.000   1128.000   617.000   187.000   82.317   -164.135
1300.000   1188.000   560.000   182.000   82.331   -163.683
1301.000   1120.000   602.000   168.000   82.344   -163.230
1302.000   1118.000   577.000   171.000   82.357   -162.775
1303.000   1169.000   590.000   184.000   82.369   -162.318
1304.000   1214.000   609.000   144.000   82.381   -161.860
1305.000   1074.000   594.000   200.000   82.393   -161.401
1306.000   1104.000   592.000   170.000   82.404   -160.940
1307.000   1119.000   572.000   153.000   82.414   -160.479
1308.000   1086.000   643.000   156.000   82.424   -160.015
1309.000   1115.000   596.000   150.000   82.434   -159.551
1310.000   1213.000   599.000   185.000   82.443   -159.085
1311.000   1118.000   616.000   173.000   82.451   -158.619
1312.000   1149.000   598.000   181.000   82.459   -158.151
1313.000   1148.000   636.000   180.000   82.467   -157.682
1314.000   1126.000   601.000   147.000   82.474   -157.213
1315.000   1129.000   620.000   180.000   82.480   -156.742
1316.000   1097.000   581.000   168.000   82.486   -156.271
1317.000   1114.000   601.000   161.000   82.492   -155.799
1318.000   1090.000   611.000   181.000   82.497   -155.327
1319.000   1125.000   581.000   173.000   82.501   -154.854
1320.000   1163.000   627.000   188.000   82.505   -154.380
1321.000   1144.000   613.000   200.000   82.508   -153.906
1322.000   1076.000   549.000   193.000   82.511   -153.431
1323.000   1151.000   580.000   161.000   82.514   -152.957
1324.000   1205.000   632.000   160.000   82.515   -152.482
1325.000   1199.000   622.000   184.000   82.517   -152.006
1326.000   1105.000   601.000   193.000   82.518   -151.531
