1 33504U 09003A   09060.73213204 -.00000261  00000-0 -20316-4 0   307
2 33504  82.4813 329.7807 0018110  84.7473 275.5805 15.05232113  4541
1 33504U 09003A   09061.13099271 -.00000235  00000-0 -18485-4 0   314
2 33504  82.4811 329.3920 0018169  83.6496 276.6809 15.05232051  4602
1 33504U 09003A   09062.12814359 -.00000216  00000-0 -17150-4 0   313
2 33504  82.4813 328.4210 0018194  80.3353 279.9938 15.05231668  4758
1 33504U 09003A   09062.72643409 -.00000202  00000-0 -16225-4 0   323
2 33504  82.4813 327.8382 0018196  78.3203 282.0072 15.05231473  4842
1 33504U 09003A   09063.72358378 -.00000098  00000-0 -89197-5 0   324
2 33504  82.4814 326.8670 0018286  75.3879 284.9379 15.05231914  4995
1 33504U 09003A   09064.58777954  .00000028  00000-0 -86918-7 0   360
2 33504  82.4812 326.0251 0018275  72.2861 288.0379 15.05232773  5120
1 33504U 09003A   09065.11959264 -.00000001  00000-0 -21259-5 0   330
2 33504  82.4813 325.5072 0018306  70.6677 289.6513 15.05232539  5204
1 33504U 09003A   09065.71788101  .00000125  00000-0  66867-5 0   368
2 33504  82.4813 324.9245 0018171  68.6348 291.6811 15.05233511  5295
1 33504U 09003A   09066.71503039  .00000123  00000-0  65112-5 0   342
2 33504  82.4814 323.9535 0018197  65.3167 294.9952 15.05233684  5448
1 33504U 09003A   09067.77865571  .00000264  00000-0  16381-4 0   351
2 33504  82.4784 322.9150 0018460  61.5861 298.7227 15.05235136  5607
1 33504U 09003A   09068.64284965  .00000316  00000-0  20012-4 0   422
2 33504  82.4785 322.0730 0018427  58.8076 301.4957 15.05236055  5730
1 33504U 09003A   09069.17465968  .00000453  00000-0  29586-4 0   365
2 33504  82.4788 321.5551 0018370  57.4384 302.8613 15.05237624  5818
1 33504U 09003A   09069.63999429  .00000495  00000-0  32547-4 0   389
2 33504  82.4789 321.1018 0018343  55.8728 304.4263 15.05238440  5880
1 33504U 09003A   09070.63713848  .00000541  00000-0  35728-4 0   375
2 33504  82.4790 320.1305 0018375  52.4935 307.7970 15.05239900  6039
1 33504U 09003A   09071.63427767  .00000760  00000-0  51016-4 0   469
2 33504  82.4797 319.1599 0018356  48.7396 311.5441 15.05243395  6182
1 33504U 09003A   09072.16608611  .00000765  00000-0  51375-4 0   381
2 33504  82.4796 318.6417 0018351  46.9853 313.2916 15.05244220  6260
1 33504U 09003A   09072.76436933  .00000818  00000-0  55051-4 0   477
2 33504  82.4795 318.0585 0018273  44.6950 315.5745 15.05245618  6352
1 33504U 09003A   09073.22970143  .00000817  00000-0  55021-4 0   392
2 33504  82.4796 317.6053 0018249  43.3325 316.9332 15.05246355  6427
1 33504U 09003A   09073.76150895  .00000827  00000-0  55672-4 0   499
2 33504  82.4796 317.0871 0018179  41.6444 318.6163 15.05247284  6506
1 33504U 09003A   09074.75864738  .00000829  00000-0  55827-4 0   402
2 33504  82.4796 316.1154 0018080  38.8599 321.3916 15.05248919  6659
1 33504U 09003A   09075.75578579  .00000756  00000-0  50738-4 0   593
2 33504  82.4795 315.1440 0017969  36.2227 324.0212 15.05249965  6808
1 33504U 09003A   09076.15464072  .00000725  00000-0  48565-4 0   412
2 33504  82.4796 314.7555 0017880  35.1613 325.0783 15.05250317  6863
1 33504U 09003A   09076.75292370  .00000649  00000-0  43304-4 0   486
2 33504  82.4796 314.1727 0017830  33.5266 326.7084 15.05250578  6950
1 33504U 09003A   09077.68358585  .00000504  00000-0  33142-4 0   423
2 33504  82.4794 313.2659 0017732  30.7972 329.4276 15.05250552  7097
1 33504U 09003A   09078.74720138  .00000258  00000-0  15969-4 0   432
2 33504  82.4794 312.2298 0017574  27.8983 332.3180 15.05249535  7252
1 33504U 09003A   09079.67786426  .00000098  00000-0  47647-5 0   618
2 33504  82.4792 311.3229 0017445  25.2807 334.9233 15.05248645  7391
1 33504U 09003A   09080.14319659  .00000036  00000-0  49607-6 0   444
2 33504  82.4777 310.8691 0016927  24.2281 335.9762 15.05247733  7463
1 33504U 09003A   09080.67500363  .00000036  00000-0  49607-6 0   468
2 33504  82.4776 310.3508 0016877  22.8378 337.3578 15.05247643  7549
1 33504U 09003A   09081.60566688  .00000036  00000-0  49607-6 0   453
2 33504  82.4774 309.4438 0016903  19.5950 340.5900 15.05247542  7685
1 33504U 09003A   09082.66928377  .00000036  00000-0  49607-6 0   468
2 33504  82.4774 308.4075 0016798  16.7406 343.4361 15.05247066  7840
1 33504U 09003A   09083.59994720  .00000036  00000-0  49607-6 0   512
2 33504  82.4772 307.5004 0016779  13.2842 346.8773 15.05246680  7985
1 33504U 09003A   09084.06527983  .00000036  00000-0  49607-6 0   473
2 33504  82.4772 307.0470 0016537  12.1725 347.9861 15.05246412  8059
1 33504U 09003A   09085.59423055  .00000036  00000-0  49607-6 0   488
2 33504  82.4770 305.5569 0016427   7.5096 352.6349 15.05245496  8286
1 33504U 09003A   09085.72718311  .00000036  00000-0  49607-6 0   519
2 33504  82.4770 305.4273 0016384   7.1380 353.0076 15.05245473  8301
1 33504U 09003A   09086.65784878  .00000036  00000-0  49607-6 0   490
2 33504  82.4767 304.5201 0016375   4.1921 355.9433 15.05245001  8446
1 33504U 09003A   09087.85441976  .00000036  00000-0  49607-6 0   504
2 33504  82.4762 303.3544 0016180   0.4628 359.6611 15.05244307  8622
1 33504U 09003A   09088.05384794  .00000036  00000-0  49607-6 0   523
2 33504  82.4760 303.1600 0016098 359.6532   0.4680 15.05244226  8652
1 33504U 09003A   09089.11746672  .00000036  00000-0  49607-6 0   517
2 33504  82.4753 302.1229 0016284 355.8322   4.2756 15.05243653  8819
1 33504U 09003A   09089.64927646  .00000036  00000-0  49607-6 0   562
2 33504  82.4754 301.6047 0016306 354.4296   5.6740 15.05243408  8896
1 33504U 09003A   09090.57994281  .00000036  00000-0  49607-6 0   521
2 33504  82.4749 300.6974 0016330 351.2214   8.8717 15.05243067  9037
1 33504U 09003A   09090.64641906  .00000036  00000-0  49607-6 0   533
2 33504  82.4749 300.6326 0016323 351.0101   9.0829 15.05243061  9045
