Time range: [ 23:46:42.000  23:56:01.000 ]
Time range duration: 9.0 min, 19.0 sec
Longitude range: [ 187.0  210.0 ]
85602.000   1077.000   612.000   210.000   -82.518   43.827
85603.000   1043.000   668.000   221.000   -82.518   44.300
85604.000   1064.000   632.000   218.000   -82.517   44.772
85605.000   1046.000   623.000   233.000   -82.516   45.245
85606.000   1049.000   617.000   212.000   -82.514   45.717
85607.000   1073.000   612.000   238.000   -82.511   46.189
85608.000   1014.000   641.000   216.000   -82.508   46.660
85609.000   1054.000   633.000   213.000   -82.505   47.131
85610.000   1061.000   627.000   231.000   -82.501   47.602
85611.000   1005.000   608.000   232.000   -82.497   48.072
85612.000   1055.000   598.000   220.000   -82.492   48.542
85613.000   1085.000   630.000   223.000   -82.486   49.010
85614.000   1052.000   562.000   206.000   -82.480   49.479
85615.000   1024.000   616.000   220.000   -82.474   49.946
85616.000   1034.000   613.000   210.000   -82.467   50.413
85617.000   1003.000   612.000   195.000   -82.459   50.878
85618.000   1063.000   635.000   196.000   -82.452   51.343
85619.000   1050.000   602.000   205.000   -82.443   51.807
85620.000   1012.000   601.000   197.000   -82.434   52.269
85621.000   979.000   578.000   211.000   -82.425   52.731
85622.000   1006.000   608.000   238.000   -82.415   53.191
85623.000   1051.000   643.000   235.000   -82.404   53.650
85624.000   1078.000   601.000   202.000   -82.393   54.108
85625.000   1040.000   657.000   213.000   -82.382   54.565
85626.000   1038.000   625.000   192.000   -82.370   55.020
85627.000   1081.000   617.000   225.000   -82.358   55.473
85628.000   1051.000   604.000   225.000   -82.345   55.926
85629.000   1080.000   615.000   206.000   -82.331   56.376
85630.000   1020.000   631.000   232.000   -82.318   56.825
85631.000   1008.000   639.000   215.000   -82.303   57.272
85632.000   1053.000   584.000   210.000   -82.289   57.718
85633.000   964.000   581.000   220.000   -82.273   58.162
85634.000   1029.000   665.000   215.000   -82.258   58.604
85635.000   1015.000   675.000   225.000   -82.242   59.044
85636.000   1045.000   601.000   228.000   -82.225   59.483
85637.000   1082.000   654.000   221.000   -82.208   59.920
85638.000   999.000   625.000   184.000   -82.190   60.354
85639.000   1034.000   643.000   206.000   -82.172   60.787
85640.000   978.000   599.000   236.000   -82.154   61.217
85641.000   1071.000   618.000   209.000   -82.135   61.646
85642.000   1008.000   627.000   222.000   -82.116   62.073
85643.000   1108.000   619.000   213.000   -82.096   62.497
85644.000   1029.000   633.000   205.000   -82.076   62.919
85645.000   1024.000   598.000   227.000   -82.055   63.339
85646.000   1096.000   593.000   169.000   -82.034   63.757
85647.000   998.000   604.000   220.000   -82.013   64.173
85648.000   1000.000   649.000   240.000   -81.991   64.586
85649.000   1046.000   623.000   238.000   -81.969   64.997
85650.000   1039.000   595.000   232.000   -81.946   65.406
85651.000   997.000   599.000   227.000   -81.923   65.813
85652.000   1041.000   632.000   223.000   -81.899   66.217
85653.000   977.000   604.000   222.000   -81.875   66.619
85654.000   1069.000   623.000   197.000   -81.851   67.018
85655.000   1073.000   617.000   205.000   -81.826   67.415
85656.000   1014.000   637.000   202.000   -81.801   67.810
85657.000   1038.000   658.000   215.000   -81.776   68.202
85658.000   991.000   615.000   208.000   -81.750   68.591
85659.000   1007.000   638.000   237.000   -81.723   68.979
85660.000   1060.000   646.000   204.000   -81.697   69.363
85661.000   1032.000   601.000   206.000   -81.670   69.746
85662.000   1028.000   582.000   208.000   -81.642   70.125
85663.000   951.000   589.000   199.000   -81.614   70.503
85664.000   1092.000   624.000   205.000   -81.586   70.877
85665.000   1042.000   598.000   214.000   -81.558   71.249
85666.000   1083.000   606.000   238.000   -81.529   71.619
85667.000   1047.000   592.000   228.000   -81.500   71.986
85668.000   983.000   622.000   210.000   -81.470   72.351
85669.000   1053.000   575.000   210.000   -81.440   72.713
85670.000   1078.000   645.000   241.000   -81.410   73.072
85671.000   985.000   611.000   221.000   -81.379   73.429
85672.000   1039.000   619.000   190.000   -81.349   73.784
85673.000   1059.000   604.000   207.000   -81.317   74.136
85674.000   1074.000   618.000   240.000   -81.286   74.485
85675.000   1015.000   587.000   224.000   -81.254   74.832
85676.000   1121.000   585.000   204.000   -81.222   75.176
85677.000   1086.000   640.000   243.000   -81.189   75.518
85678.000   983.000   602.000   198.000   -81.156   75.857
85679.000   1063.000   620.000   207.000   -81.123   76.194
85680.000   1054.000   645.000   198.000   -81.089   76.528
85681.000   1027.000   625.000   193.000   -81.056   76.859
85682.000   1037.000   629.000   227.000   -81.022   77.188
85683.000   1048.000   584.000   241.000   -80.987   77.515
85684.000   1019.000   607.000   204.000   -80.953   77.839
85685.000   1032.000   629.000   258.000   -80.918   78.161
85686.000   1052.000   626.000   206.000   -80.882   78.480
85687.000   1085.000   604.000   237.000   -80.847   78.796
85688.000   1008.000   599.000   224.000   -80.811   79.110
85689.000   1036.000   597.000   221.000   -80.775   79.422
85690.000   1045.000   658.000   221.000   -80.739   79.731
85691.000   1055.000   649.000   192.000   -80.702   80.038
85692.000   974.000   576.000   219.000   -80.665   80.343
85693.000   1063.000   621.000   210.000   -80.628   80.645
85694.000   990.000   625.000   224.000   -80.590   80.944
85695.000   1012.000   646.000   230.000   -80.553   81.241
85696.000   1027.000   597.000   197.000   -80.515   81.536
85697.000   1073.000   604.000   210.000   -80.477   81.828
85698.000   1018.000   615.000   200.000   -80.438   82.119
85699.000   993.000   578.000   199.000   -80.400   82.406
85700.000   1127.000   602.000   177.000   -80.361   82.692
85701.000   1085.000   619.000   199.000   -80.321   82.975
85702.000   1012.000   604.000   221.000   -80.282   83.256
85703.000   1090.000   565.000   196.000   -80.242   83.534
85704.000   1049.000   611.000   201.000   -80.203   83.810
85705.000   1104.000   593.000   210.000   -80.162   84.084
85706.000   950.000   595.000   209.000   -80.122   84.356
85707.000   1033.000   677.000   192.000   -80.082   84.625
85708.000   1013.000   641.000   218.000   -80.041   84.893
85709.000   1058.000   618.000   232.000   -80.000   85.158
85710.000   1074.000   604.000   201.000   -79.959   85.421
85711.000   1017.000   635.000   215.000   -79.917   85.682
85712.000   1070.000   630.000   216.000   -79.876   85.940
85713.000   1054.000   657.000   224.000   -79.834   86.197
85714.000   1055.000   580.000   228.000   -79.792   86.451
85715.000   1060.000   616.000   201.000   -79.749   86.703
85716.000   1005.000   596.000   197.000   -79.707   86.953
85717.000   1008.000   632.000   221.000   -79.664   87.202
85718.000   1051.000   597.000   218.000   -79.622   87.448
85719.000   1068.000   599.000   189.000   -79.579   87.692
85720.000   1002.000   624.000   194.000   -79.535   87.934
85721.000   987.000   628.000   194.000   -79.492   88.174
85722.000   962.000   589.000   227.000   -79.448   88.412
85723.000   1059.000   622.000   212.000   -79.405   88.648
85724.000   1045.000   625.000   212.000   -79.361   88.882
85725.000   1086.000   656.000   220.000   -79.316   89.114
85726.000   1058.000   611.000   239.000   -79.272   89.344
85727.000   1008.000   631.000   222.000   -79.228   89.572
85728.000   1060.000   642.000   221.000   -79.183   89.799
85729.000   997.000   584.000   216.000   -79.138   90.023
85730.000   1086.000   597.000   217.000   -79.093   90.246
85731.000   1022.000   621.000   209.000   -79.048   90.467
85732.000   1039.000   648.000   214.000   -79.003   90.686
85733.000   1054.000   576.000   238.000   -78.957   90.903
85734.000   1049.000   615.000   201.000   -78.912   91.118
85735.000   1007.000   599.000   211.000   -78.866   91.332
85736.000   1112.000   610.000   197.000   -78.820   91.544
85737.000   993.000   624.000   215.000   -78.774   91.754
85738.000   1057.000   612.000   200.000   -78.728   91.962
85739.000   1088.000   631.000   271.000   -78.681   92.169
85740.000   1022.000   584.000   215.000   -78.635   92.374
85741.000   1050.000   624.000   234.000   -78.588   92.577
85742.000   1077.000   621.000   204.000   -78.541   92.779
85743.000   1057.000   620.000   197.000   -78.494   92.979
85744.000   1048.000   645.000   200.000   -78.447   93.177
85745.000   1050.000   613.000   214.000   -78.400   93.374
85746.000   1053.000   634.000   205.000   -78.352   93.569
85747.000   1092.000   581.000   217.000   -78.305   93.762
85748.000   1100.000   605.000   209.000   -78.257   93.954
85749.000   1070.000   636.000   210.000   -78.209   94.145
85750.000   1055.000   619.000   220.000   -78.161   94.333
85751.000   1081.000   586.000   223.000   -78.113   94.521
85752.000   1037.000   598.000   226.000   -78.065   94.706
85753.000   1064.000   606.000   188.000   -78.017   94.891
85754.000   1082.000   584.000   195.000   -77.968   95.073
85755.000   1062.000   582.000   218.000   -77.920   95.255
85756.000   1062.000   602.000   219.000   -77.871   95.434
85757.000   1117.000   633.000   229.000   -77.822   95.613
85758.000   1122.000   634.000   202.000   -77.773   95.790
85759.000   1026.000   628.000   186.000   -77.724   95.965
85760.000   1057.000   573.000   217.000   -77.675   96.139
85761.000   1057.000   587.000   228.000   -77.626   96.312
85762.000   1120.000   645.000   188.000   -77.576   96.483
85763.000   1130.000   612.000   200.000   -77.527   96.653
85764.000   1047.000   631.000   194.000   -77.477   96.822
85765.000   1059.000   605.000   234.000   -77.427   96.989
85766.000   1116.000   586.000   189.000   -77.377   97.155
85767.000   1098.000   645.000   190.000   -77.327   97.320
85768.000   1055.000   660.000   186.000   -77.277   97.483
85769.000   1117.000   637.000   209.000   -77.227   97.645
85770.000   1097.000   609.000   214.000   -77.177   97.806
85771.000   1061.000   602.000   245.000   -77.127   97.965
85772.000   1120.000   619.000   185.000   -77.076   98.123
85773.000   1128.000   595.000   188.000   -77.026   98.280
85774.000   1160.000   571.000   199.000   -76.975   98.436
85775.000   1127.000   619.000   193.000   -76.924   98.590
85776.000   1094.000   588.000   202.000   -76.873   98.744
85777.000   1089.000   615.000   202.000   -76.822   98.896
85778.000   1108.000   559.000   207.000   -76.771   99.047
85779.000   1085.000   587.000   194.000   -76.720   99.196
85780.000   1074.000   595.000   201.000   -76.669   99.345
85781.000   1160.000   615.000   223.000   -76.617   99.492
85782.000   1097.000   619.000   224.000   -76.566   99.639
85783.000   1161.000   631.000   228.000   -76.515   99.784
85784.000   1170.000   609.000   222.000   -76.463   99.928
85785.000   1113.000   583.000   231.000   -76.411   100.071
85786.000   1061.000   585.000   187.000   -76.359   100.213
85787.000   1070.000   617.000   193.000   -76.308   100.354
85788.000   1112.000   619.000   212.000   -76.256   100.493
85789.000   1105.000   668.000   210.000   -76.204   100.632
85790.000   1123.000   618.000   197.000   -76.152   100.770
85791.000   1114.000   607.000   201.000   -76.099   100.906
85792.000   1132.000   628.000   175.000   -76.047   101.042
85793.000   1101.000   562.000   197.000   -75.995   101.176
85794.000   1177.000   647.000   186.000   -75.942   101.310
85795.000   1131.000   636.000   195.000   -75.890   101.442
85796.000   1112.000   647.000   206.000   -75.837   101.574
85797.000   1097.000   617.000   193.000   -75.785   101.704
85798.000   1147.000   580.000   216.000   -75.732   101.834
85799.000   1155.000   612.000   204.000   -75.679   101.962
85800.000   1110.000   608.000   225.000   -75.626   102.090
85801.000   1193.000   604.000   219.000   -75.573   102.217
85802.000   1116.000   649.000   212.000   -75.520   102.342
85803.000   1207.000   573.000   223.000   -75.467   102.467
85804.000   1154.000   576.000   220.000   -75.414   102.591
85805.000   1208.000   601.000   218.000   -75.361   102.714
85806.000   1188.000   585.000   210.000   -75.307   102.836
85807.000   1150.000   633.000   207.000   -75.254   102.957
85808.000   1169.000   591.000   206.000   -75.200   103.078
85809.000   1169.000   588.000   189.000   -75.147   103.197
85810.000   1224.000   596.000   202.000   -75.093   103.316
85811.000   1156.000   638.000   205.000   -75.040   103.433
85812.000   1220.000   650.000   211.000   -74.986   103.550
85813.000   1158.000   618.000   209.000   -74.932   103.666
85814.000   1185.000   635.000   202.000   -74.878   103.781
85815.000   1140.000   579.000   257.000   -74.825   103.896
85816.000   1215.000   579.000   210.000   -74.771   104.009
85817.000   1180.000   647.000   195.000   -74.717   104.122
85818.000   1199.000   536.000   209.000   -74.662   104.234
85819.000   1201.000   604.000   204.000   -74.608   104.345
85820.000   1192.000   604.000   191.000   -74.554   104.455
85821.000   1183.000   635.000   219.000   -74.500   104.565
85822.000   1162.000   595.000   192.000   -74.446   104.674
85823.000   1186.000   595.000   204.000   -74.391   104.782
85824.000   1255.000   598.000   200.000   -74.337   104.889
85825.000   1213.000   612.000   210.000   -74.282   104.995
85826.000   1198.000   642.000   185.000   -74.228   105.101
85827.000   1190.000   570.000   198.000   -74.173   105.206
85828.000   1229.000   630.000   190.000   -74.118   105.310
85829.000   1279.000   649.000   194.000   -74.064   105.414
85830.000   1177.000   615.000   199.000   -74.009   105.517
85831.000   1258.000   606.000   191.000   -73.954   105.619
85832.000   1181.000   591.000   207.000   -73.899   105.720
85833.000   1207.000   587.000   212.000   -73.844   105.821
85834.000   1174.000   623.000   194.000   -73.789   105.921
85835.000   1202.000   623.000   211.000   -73.734   106.021
85836.000   1230.000   603.000   220.000   -73.679   106.119
85837.000   1220.000   590.000   186.000   -73.624   106.217
85838.000   1226.000   653.000   184.000   -73.569   106.315
85839.000   1262.000   580.000   212.000   -73.514   106.411
85840.000   1243.000   618.000   190.000   -73.458   106.507
85841.000   1228.000   629.000   212.000   -73.403   106.603
85842.000   1179.000   606.000   161.000   -73.348   106.697
85843.000   1243.000   585.000   182.000   -73.292   106.791
85844.000   1223.000   605.000   181.000   -73.237   106.885
85845.000   1284.000   619.000   193.000   -73.181   106.978
85846.000   1229.000   612.000   186.000   -73.126   107.070
85847.000   1293.000   612.000   211.000   -73.070   107.162
85848.000   1254.000   595.000   162.000   -73.015   107.253
85849.000   1235.000   616.000   209.000   -72.959   107.343
85850.000   1217.000   549.000   218.000   -72.903   107.433
85851.000   1269.000   638.000   221.000   -72.847   107.522
85852.000   1192.000   558.000   184.000   -72.791   107.611
85853.000   1259.000   565.000   231.000   -72.736   107.699
85854.000   1154.000   617.000   222.000   -72.680   107.786
85855.000   1275.000   588.000   192.000   -72.624   107.873
85856.000   1221.000   581.000   191.000   -72.568   107.959
85857.000   1271.000   605.000   203.000   -72.512   108.045
85858.000   1209.000   656.000   204.000   -72.456   108.130
85859.000   1278.000   597.000   206.000   -72.400   108.215
85860.000   1265.000   602.000   198.000   -72.343   108.299
85861.000   1273.000   597.000   209.000   -72.287   108.383
85862.000   1251.000   639.000   193.000   -72.231   108.466
85863.000   1325.000   560.000   219.000   -72.175   108.548
85864.000   1276.000   593.000   220.000   -72.118   108.630
85865.000   1262.000   590.000   189.000   -72.062   108.712
85866.000   1276.000   572.000   191.000   -72.006   108.793
85867.000   1294.000   580.000   201.000   -71.949   108.873
85868.000   1304.000   571.000   218.000   -71.893   108.953
85869.000   1289.000   600.000   197.000   -71.836   109.032
85870.000   1334.000   573.000   209.000   -71.780   109.111
85871.000   1248.000   654.000   185.000   -71.723   109.190
85872.000   1304.000   640.000   217.000   -71.667   109.268
85873.000   1228.000   605.000   207.000   -71.610   109.345
85874.000   1322.000   562.000   184.000   -71.553   109.422
85875.000   1227.000   624.000   207.000   -71.496   109.499
85876.000   1262.000   640.000   192.000   -71.440   109.575
85877.000   1296.000   591.000   195.000   -71.383   109.650
85878.000   1223.000   573.000   210.000   -71.326   109.725
85879.000   1268.000   591.000   203.000   -71.269   109.800
85880.000   1279.000   628.000   187.000   -71.212   109.874
85881.000   1318.000   610.000   219.000   -71.155   109.948
85882.000   1329.000   598.000   189.000   -71.099   110.021
85883.000   1313.000   609.000   215.000   -71.042   110.094
85884.000   1239.000   611.000   199.000   -70.985   110.166
85885.000   1356.000   629.000   187.000   -70.927   110.238
85886.000   1331.000   563.000   196.000   -70.870   110.309
85887.000   1336.000   590.000   230.000   -70.813   110.380
85888.000   1298.000   579.000   211.000   -70.756   110.451
85889.000   1334.000   627.000   218.000   -70.699   110.521
85890.000   1317.000   588.000   208.000   -70.642   110.591
85891.000   1273.000   609.000   190.000   -70.585   110.660
85892.000   1327.000   598.000   191.000   -70.527   110.729
85893.000   1339.000   558.000   179.000   -70.470   110.798
85894.000   1323.000   613.000   184.000   -70.413   110.866
85895.000   1338.000   604.000   201.000   -70.355   110.933
85896.000   1340.000   612.000   200.000   -70.298   111.001
85897.000   1333.000   600.000   189.000   -70.241   111.068
85898.000   1282.000   628.000   200.000   -70.183   111.134
85899.000   1341.000   633.000   194.000   -70.126   111.200
85900.000   1357.000   575.000   212.000   -70.068   111.266
85901.000   1291.000   599.000   197.000   -70.011   111.331
85902.000   1285.000   570.000   202.000   -69.953   111.396
85903.000   1348.000   599.000   182.000   -69.895   111.461
85904.000   1306.000   609.000   197.000   -69.838   111.525
85905.000   1228.000   596.000   199.000   -69.780   111.589
85906.000   1383.000   608.000   220.000   -69.723   111.652
85907.000   1340.000   660.000   199.000   -69.665   111.716
85908.000   1269.000   570.000   193.000   -69.607   111.778
85909.000   1293.000   611.000   214.000   -69.549   111.841
85910.000   1263.000   602.000   202.000   -69.492   111.903
85911.000   1339.000   604.000   209.000   -69.434   111.964
85912.000   1316.000   630.000   208.000   -69.376   112.026
85913.000   1350.000   630.000   230.000   -69.318   112.087
85914.000   1296.000   615.000   211.000   -69.260   112.147
85915.000   1372.000   582.000   189.000   -69.202   112.207
85916.000   1308.000   588.000   189.000   -69.145   112.267
85917.000   1361.000   645.000   180.000   -69.087   112.327
85918.000   1327.000   620.000   199.000   -69.029   112.386
85919.000   1393.000   594.000   190.000   -68.971   112.445
85920.000   1294.000   591.000   226.000   -68.913   112.504
85921.000   1367.000   636.000   201.000   -68.855   112.562
85922.000   1319.000   565.000   221.000   -68.797   112.620
85923.000   1386.000   634.000   194.000   -68.738   112.677
85924.000   1315.000   632.000   218.000   -68.680   112.735
85925.000   1379.000   576.000   171.000   -68.622   112.792
85926.000   1397.000   587.000   167.000   -68.564   112.848
85927.000   1384.000   622.000   198.000   -68.506   112.905
85928.000   1356.000   580.000   218.000   -68.448   112.961
85929.000   1366.000   617.000   194.000   -68.389   113.017
85930.000   1358.000   589.000   196.000   -68.331   113.072
85931.000   1302.000   596.000   211.000   -68.273   113.127
85932.000   1385.000   621.000   198.000   -68.215   113.182
85933.000   1360.000   585.000   177.000   -68.156   113.236
85934.000   1359.000   628.000   224.000   -68.098   113.291
85935.000   1368.000   621.000   205.000   -68.040   113.345
85936.000   1364.000   555.000   207.000   -67.981   113.398
85937.000   1374.000   616.000   192.000   -67.923   113.451
85938.000   1312.000   588.000   192.000   -67.864   113.505
85939.000   1351.000   584.000   182.000   -67.806   113.557
85940.000   1384.000   578.000   188.000   -67.748   113.610
85941.000   1397.000   594.000   192.000   -67.689   113.662
85942.000   1347.000   642.000   238.000   -67.631   113.714
85943.000   1347.000   639.000   203.000   -67.572   113.766
85944.000   1372.000   609.000   198.000   -67.514   113.817
85945.000   1395.000   621.000   221.000   -67.455   113.868
85946.000   1364.000   579.000   175.000   -67.396   113.919
85947.000   1373.000   546.000   198.000   -67.338   113.969
85948.000   1410.000   601.000   194.000   -67.279   114.020
85949.000   1415.000   629.000   218.000   -67.221   114.070
85950.000   1385.000   584.000   196.000   -67.162   114.120
85951.000   1376.000   611.000   190.000   -67.103   114.169
85952.000   1360.000   591.000   191.000   -67.045   114.218
85953.000   1403.000   534.000   205.000   -66.986   114.267
85954.000   1449.000   626.000   177.000   -66.927   114.316
85955.000   1303.000   621.000   183.000   -66.868   114.364
85956.000   1402.000   621.000   221.000   -66.810   114.413
85957.000   1410.000   569.000   231.000   -66.751   114.461
85958.000   1392.000   645.000   219.000   -66.692   114.508
85959.000   1426.000   615.000   199.000   -66.633   114.556
85960.000   1387.000   587.000   208.000   -66.574   114.603
85961.000   1385.000   610.000   214.000   -66.516   114.650
85962.000   1409.000   651.000   195.000   -66.457   114.697
85963.000   1376.000   618.000   205.000   -66.398   114.743
85964.000   1424.000   599.000   204.000   -66.339   114.790
85965.000   1458.000   552.000   198.000   -66.280   114.836
85966.000   1457.000   618.000   196.000   -66.221   114.882
85967.000   1388.000   650.000   179.000   -66.162   114.927
85968.000   1452.000   607.000   212.000   -66.103   114.972
85969.000   1387.000   577.000   199.000   -66.044   115.018
85970.000   1467.000   586.000   189.000   -65.985   115.063
85971.000   1439.000   586.000   226.000   -65.926   115.107
85972.000   1521.000   601.000   179.000   -65.867   115.152
85973.000   1468.000   569.000   191.000   -65.808   115.196
85974.000   1483.000   597.000   189.000   -65.749   115.240
85975.000   1489.000   593.000   172.000   -65.690   115.284
85976.000   1488.000   610.000   189.000   -65.631   115.327
85977.000   1494.000   634.000   202.000   -65.572   115.371
85978.000   1477.000   592.000   184.000   -65.513   115.414
85979.000   1541.000   598.000   204.000   -65.453   115.457
85980.000   1507.000   590.000   238.000   -65.394   115.499
85981.000   1548.000   547.000   193.000   -65.335   115.542
85982.000   1419.000   589.000   194.000   -65.276   115.584
85983.000   1497.000   609.000   206.000   -65.217   115.626
85984.000   1529.000   622.000   198.000   -65.157   115.668
85985.000   1518.000   602.000   222.000   -65.098   115.710
85986.000   1536.000   564.000   166.000   -65.039   115.751
85987.000   1486.000   560.000   205.000   -64.980   115.792
85988.000   1486.000   558.000   199.000   -64.920   115.833
85989.000   1501.000   626.000   212.000   -64.861   115.874
85990.000   1551.000   589.000   202.000   -64.802   115.915
85991.000   1541.000   620.000   202.000   -64.742   115.955
85992.000   1485.000   621.000   216.000   -64.683   115.996
85993.000   1458.000   605.000   218.000   -64.624   116.036
85994.000   1609.000   655.000   195.000   -64.564   116.076
85995.000   1517.000   625.000   212.000   -64.505   116.115
85996.000   1535.000   572.000   200.000   -64.446   116.155
85997.000   1582.000   584.000   214.000   -64.386   116.194
85998.000   1522.000   630.000   199.000   -64.327   116.233
85999.000   1535.000   597.000   191.000   -64.267   116.272
86000.000   1528.000   595.000   181.000   -64.208   116.311
86001.000   1500.000   616.000   173.000   -64.148   116.350
86002.000   1593.000   617.000   210.000   -64.089   116.388
86003.000   1538.000   570.000   196.000   -64.029   116.426
86004.000   1594.000   602.000   181.000   -63.970   116.464
86005.000   1530.000   574.000   193.000   -63.910   116.502
86006.000   1529.000   596.000   213.000   -63.851   116.540
86007.000   1552.000   614.000   201.000   -63.791   116.577
86008.000   1508.000   583.000   202.000   -63.732   116.615
86009.000   1500.000   586.000   190.000   -63.672   116.652
86010.000   1515.000   589.000   206.000   -63.613   116.689
86011.000   1465.000   598.000   211.000   -63.553   116.726
86012.000   1527.000   616.000   201.000   -63.493   116.762
86013.000   1492.000   646.000   210.000   -63.434   116.799
86014.000   1525.000   598.000   211.000   -63.374   116.835
86015.000   1459.000   591.000   191.000   -63.314   116.871
86016.000   1538.000   619.000   211.000   -63.255   116.907
86017.000   1540.000   603.000   202.000   -63.195   116.943
86018.000   1510.000   576.000   197.000   -63.135   116.979
86019.000   1508.000   619.000   208.000   -63.076   117.014
86020.000   1526.000   562.000   185.000   -63.016   117.049
86021.000   1512.000   607.000   202.000   -62.956   117.085
86022.000   1535.000   583.000   182.000   -62.897   117.120
86023.000   1529.000   584.000   206.000   -62.837   117.154
86024.000   1519.000   602.000   226.000   -62.777   117.189
86025.000   1615.000   623.000   192.000   -62.717   117.224
86026.000   1503.000   572.000   196.000   -62.658   117.258
86027.000   1660.000   553.000   197.000   -62.598   117.292
86028.000   1549.000   562.000   203.000   -62.538   117.326
86029.000   1497.000   571.000   219.000   -62.478   117.360
86030.000   1527.000   615.000   182.000   -62.418   117.394
86031.000   1487.000   617.000   164.000   -62.359   117.427
86032.000   1528.000   611.000   181.000   -62.299   117.461
86033.000   1561.000   638.000   204.000   -62.239   117.494
86034.000   1586.000   628.000   193.000   -62.179   117.527
86035.000   1563.000   598.000   199.000   -62.119   117.560
86036.000   1540.000   631.000   186.000   -62.059   117.593
86037.000   1595.000   616.000   195.000   -61.999   117.626
86038.000   1486.000   610.000   192.000   -61.939   117.659
86039.000   1525.000   603.000   192.000   -61.879   117.691
86040.000   1478.000   639.000   201.000   -61.820   117.723
86041.000   1599.000   567.000   196.000   -61.760   117.755
86042.000   1541.000   575.000   189.000   -61.700   117.787
86043.000   1613.000   611.000   221.000   -61.640   117.819
86044.000   1592.000   605.000   220.000   -61.580   117.851
86045.000   1516.000   611.000   199.000   -61.520   117.883
86046.000   1481.000   606.000   195.000   -61.460   117.914
86047.000   1511.000   573.000   207.000   -61.400   117.945
86048.000   1543.000   617.000   206.000   -61.340   117.977
86049.000   1448.000   564.000   191.000   -61.280   118.008
86050.000   1528.000   615.000   168.000   -61.220   118.038
86051.000   1477.000   605.000   209.000   -61.160   118.069
86052.000   1473.000   568.000   201.000   -61.100   118.100
86053.000   1506.000   622.000   194.000   -61.039   118.130
86054.000   1467.000   609.000   205.000   -60.979   118.161
86055.000   1525.000   571.000   177.000   -60.919   118.191
86056.000   1478.000   613.000   188.000   -60.859   118.221
86057.000   1463.000   596.000   184.000   -60.799   118.251
86058.000   1524.000   551.000   212.000   -60.739   118.281
86059.000   1447.000   619.000   189.000   -60.679   118.311
86060.000   1638.000   601.000   214.000   -60.619   118.340
86061.000   1519.000   630.000   213.000   -60.559   118.370
86062.000   1524.000   593.000   181.000   -60.498   118.399
86063.000   1578.000   605.000   230.000   -60.438   118.429
86064.000   1471.000   593.000   198.000   -60.378   118.458
86065.000   1547.000   600.000   225.000   -60.318   118.487
86066.000   1564.000   602.000   159.000   -60.258   118.515
86067.000   1508.000   663.000   192.000   -60.198   118.544
86068.000   1493.000   578.000   197.000   -60.137   118.573
86069.000   1481.000   615.000   173.000   -60.077   118.601
86070.000   1479.000   606.000   161.000   -60.017   118.630
86071.000   1511.000   608.000   177.000   -59.957   118.658
86072.000   1513.000   603.000   208.000   -59.896   118.686
86073.000   1463.000   587.000   177.000   -59.836   118.714
86074.000   1410.000   582.000   205.000   -59.776   118.742
86075.000   1475.000   589.000   197.000   -59.716   118.770
86076.000   1466.000   638.000   210.000   -59.655   118.798
86077.000   1499.000   586.000   210.000   -59.595   118.825
86078.000   1636.000   604.000   214.000   -59.535   118.853
86079.000   1518.000   598.000   229.000   -59.474   118.880
86080.000   1555.000   587.000   185.000   -59.414   118.907
86081.000   1512.000   581.000   198.000   -59.354   118.935
86082.000   1533.000   602.000   195.000   -59.294   118.962
86083.000   1692.000   600.000   193.000   -59.233   118.988
86084.000   1618.000   636.000   196.000   -59.173   119.015
86085.000   1649.000   626.000   199.000   -59.112   119.042
86086.000   1487.000   541.000   169.000   -59.052   119.069
86087.000   1515.000   600.000   178.000   -58.992   119.095
86088.000   1599.000   628.000   192.000   -58.931   119.121
86089.000   1639.000   628.000   202.000   -58.871   119.148
86090.000   1533.000   605.000   211.000   -58.811   119.174
86091.000   1543.000   603.000   211.000   -58.750   119.200
86092.000   1554.000   605.000   221.000   -58.690   119.226
86093.000   1734.000   585.000   192.000   -58.629   119.252
86094.000   1810.000   563.000   182.000   -58.569   119.277
86095.000   1591.000   529.000   184.000   -58.508   119.303
86096.000   1570.000   604.000   192.000   -58.448   119.329
86097.000   1656.000   574.000   199.000   -58.388   119.354
86098.000   1565.000   624.000   183.000   -58.327   119.379
86099.000   1799.000   581.000   212.000   -58.267   119.405
86100.000   1642.000   600.000   200.000   -58.206   119.430
86101.000   1610.000   560.000   194.000   -58.146   119.455
86102.000   1630.000   561.000   182.000   -58.085   119.480
86103.000   1538.000   580.000   212.000   -58.025   119.505
86104.000   1588.000   603.000   184.000   -57.964   119.529
86105.000   1594.000   572.000   243.000   -57.904   119.554
86106.000   1585.000   601.000   204.000   -57.843   119.579
86107.000   1643.000   622.000   206.000   -57.783   119.603
86108.000   1641.000   606.000   218.000   -57.722   119.627
86109.000   1662.000   546.000   185.000   -57.662   119.652
86110.000   1669.000   609.000   173.000   -57.601   119.676
86111.000   1680.000   599.000   166.000   -57.540   119.700
86112.000   1771.000   578.000   219.000   -57.480   119.724
86113.000   1761.000   570.000   187.000   -57.419   119.748
86114.000   1716.000   603.000   209.000   -57.359   119.772
86115.000   1759.000   567.000   207.000   -57.298   119.795
86116.000   2130.000   597.000   196.000   -57.238   119.819
86117.000   2753.000   559.000   200.000   -57.177   119.842
86118.000   2248.000   599.000   178.000   -57.116   119.866
86119.000   2248.000   588.000   171.000   -57.056   119.889
86120.000   2394.000   592.000   187.000   -56.995   119.912
86121.000   2182.000   586.000   166.000   -56.934   119.936
86122.000   2075.000   635.000   172.000   -56.874   119.959
86123.000   2223.000   638.000   185.000   -56.813   119.982
86124.000   2078.000   580.000   198.000   -56.753   120.005
86125.000   2339.000   574.000   176.000   -56.692   120.027
86126.000   3239.000   581.000   165.000   -56.631   120.050
86127.000   2821.000   556.000   184.000   -56.571   120.073
86128.000   2629.000   579.000   185.000   -56.510   120.095
86129.000   2441.000   587.000   183.000   -56.449   120.118
86130.000   2242.000   589.000   197.000   -56.389   120.140
86131.000   1959.000   622.000   197.000   -56.328   120.162
86132.000   1988.000   602.000   207.000   -56.267   120.185
86133.000   2094.000   578.000   206.000   -56.206   120.207
86134.000   2196.000   617.000   167.000   -56.146   120.229
86135.000   2188.000   628.000   182.000   -56.085   120.251
86136.000   2087.000   560.000   181.000   -56.024   120.273
86137.000   2383.000   578.000   189.000   -55.963   120.295
86138.000   2203.000   586.000   185.000   -55.903   120.316
86139.000   2225.000   573.000   185.000   -55.842   120.338
86140.000   2076.000   584.000   196.000   -55.781   120.360
86141.000   2047.000   554.000   154.000   -55.720   120.381
86142.000   1956.000   604.000   190.000   -55.660   120.402
86143.000   1933.000   581.000   214.000   -55.599   120.424
86144.000   2008.000   589.000   181.000   -55.538   120.445
86145.000   2319.000   592.000   192.000   -55.477   120.466
86146.000   2747.000   592.000   202.000   -55.417   120.487
86147.000   2720.000   592.000   213.000   -55.356   120.508
86148.000   2627.000   592.000   185.000   -55.295   120.529
86149.000   3055.000   551.000   182.000   -55.234   120.550
86150.000   2895.000   626.000   200.000   -55.173   120.571
86151.000   3225.000   637.000   159.000   -55.112   120.592
86152.000   3784.000   597.000   192.000   -55.052   120.612
86153.000   3725.000   573.000   177.000   -54.991   120.633
86154.000   3360.000   545.000   177.000   -54.930   120.653
86155.000   3821.000   524.000   178.000   -54.869   120.674
86156.000   4304.000   570.000   175.000   -54.808   120.694
86157.000   4133.000   625.000   176.000   -54.747   120.714
86158.000   3986.000   619.000   171.000   -54.687   120.734
86159.000   4192.000   605.000   185.000   -54.626   120.755
86160.000   4168.000   616.000   181.000   -54.565   120.775
86161.000   4157.000   625.000   187.000   -54.504   120.795
