Time range: [ 00:00:00.000  00:01:32.000 ]
Time range duration: 1.0 min, 32.0 sec
Longitude range: [ 168.0  179.0 ]
00.000   1070.000   666.000   179.000   80.530   166.681
01.000   1039.000   644.000   185.000   80.568   166.978
02.000   1046.000   603.000   180.000   80.606   167.278
03.000   1048.000   658.000   187.000   80.643   167.581
04.000   1125.000   626.000   173.000   80.681   167.885
05.000   1053.000   627.000   150.000   80.717   168.192
06.000   1032.000   621.000   180.000   80.754   168.502
07.000   1016.000   692.000   167.000   80.791   168.814
08.000   1067.000   625.000   178.000   80.827   169.128
09.000   1079.000   639.000   178.000   80.863   169.446
10.000   1108.000   624.000   151.000   80.898   169.765
11.000   1039.000   630.000   164.000   80.933   170.087
12.000   1133.000   631.000   182.000   80.968   170.412
13.000   1082.000   593.000   179.000   81.003   170.739
14.000   1088.000   660.000   168.000   81.038   171.068
15.000   1007.000   640.000   170.000   81.072   171.400
16.000   1033.000   617.000   163.000   81.105   171.735
17.000   1077.000   622.000   178.000   81.139   172.072
18.000   1059.000   582.000   160.000   81.172   172.412
19.000   1063.000   612.000   178.000   81.205   172.754
20.000   1083.000   659.000   172.000   81.237   173.099
21.000   1069.000   629.000   166.000   81.270   173.447
22.000   1104.000   663.000   182.000   81.302   173.797
23.000   1088.000   672.000   172.000   81.333   174.149
24.000   1082.000   665.000   181.000   81.364   174.504
25.000   1030.000   623.000   153.000   81.395   174.862
26.000   1069.000   618.000   157.000   81.426   175.223
27.000   1072.000   619.000   165.000   81.456   175.585
28.000   1077.000   614.000   152.000   81.486   175.951
29.000   1023.000   626.000   175.000   81.515   176.319
30.000   1103.000   648.000   191.000   81.544   176.690
31.000   1069.000   633.000   180.000   81.573   177.063
32.000   1097.000   638.000   181.000   81.602   177.438
33.000   1088.000   654.000   179.000   81.630   177.817
34.000   1055.000   605.000   177.000   81.657   178.197
35.000   1121.000   614.000   155.000   81.685   178.581
36.000   999.000   674.000   186.000   81.712   178.966
37.000   1078.000   599.000   169.000   81.738   179.355
38.000   1113.000   615.000   155.000   81.764   179.746
39.000   1012.000   667.000   160.000   81.790   -179.861
40.000   1037.000   668.000   173.000   81.816   -179.465
41.000   1080.000   653.000   181.000   81.841   -179.067
42.000   1051.000   631.000   173.000   81.865   -178.667
43.000   1145.000   586.000   158.000   81.889   -178.263
44.000   1081.000   646.000   186.000   81.913   -177.858
45.000   1065.000   610.000   174.000   81.937   -177.450
46.000   1030.000   622.000   193.000   81.960   -177.040
47.000   1092.000   607.000   189.000   81.982   -176.627
48.000   1094.000   629.000   163.000   82.004   -176.213
49.000   1108.000   625.000   157.000   82.026   -175.795
50.000   1112.000   643.000   166.000   82.047   -175.376
51.000   1071.000   656.000   190.000   82.068   -174.954
52.000   1033.000   637.000   154.000   82.088   -174.531
53.000   1088.000   622.000   160.000   82.108   -174.105
54.000   1081.000   626.000   182.000   82.128   -173.677
55.000   1046.000   617.000   189.000   82.147   -173.246
56.000   1051.000   661.000   168.000   82.166   -172.814
57.000   1062.000   653.000   168.000   82.184   -172.380
58.000   1032.000   581.000   180.000   82.201   -171.943
59.000   1020.000   615.000   165.000   82.219   -171.505
60.000   1058.000   611.000   169.000   82.236   -171.065
61.000   1060.000   622.000   169.000   82.252   -170.623
62.000   1067.000   613.000   192.000   82.268   -170.179
63.000   1041.000   620.000   170.000   82.283   -169.733
64.000   1078.000   655.000   184.000   82.298   -169.285
65.000   1102.000   625.000   162.000   82.313   -168.836
66.000   1070.000   641.000   150.000   82.327   -168.385
67.000   1063.000   599.000   175.000   82.340   -167.932
68.000   1033.000   591.000   157.000   82.353   -167.478
69.000   1051.000   655.000   161.000   82.366   -167.023
70.000   1021.000   623.000   191.000   82.378   -166.565
71.000   1030.000   599.000   175.000   82.389   -166.107
72.000   1114.000   634.000   180.000   82.400   -165.647
73.000   1111.000   626.000   184.000   82.411   -165.186
74.000   1048.000   614.000   181.000   82.421   -164.723
75.000   1016.000   682.000   168.000   82.430   -164.260
76.000   1029.000   639.000   176.000   82.440   -163.795
77.000   1081.000   685.000   181.000   82.448   -163.329
78.000   1053.000   695.000   192.000   82.456   -162.862
79.000   1026.000   639.000   196.000   82.464   -162.394
80.000   1063.000   562.000   162.000   82.471   -161.925
81.000   1047.000   588.000   147.000   82.477   -161.455
82.000   1035.000   670.000   181.000   82.483   -160.985
83.000   1063.000   640.000   187.000   82.489   -160.514
84.000   1027.000   604.000   170.000   82.494   -160.042
85.000   1062.000   650.000   173.000   82.498   -159.569
86.000   1019.000   592.000   168.000   82.502   -159.097
87.000   1041.000   655.000   174.000   82.506   -158.623
88.000   1015.000   586.000   167.000   82.509   -158.149
89.000   1001.000   617.000   182.000   82.511   -157.675
90.000   973.000   685.000   167.000   82.513   -157.200
91.000   986.000   620.000   163.000   82.515   -156.726
92.000   1027.000   617.000   168.000   82.516   -156.251
