Time range: [ 19:08:00.000  20:04:00.000 ]
Time range duration: 56.0 min, 0.0 sec
Longitude range: [ 96.0  162.0 ]
68880.000   1158.000   568.000   162.000   76.769   15.330
68881.000   1105.000   597.000   172.000   76.717   15.481
68882.000   1094.000   568.000   145.000   76.665   15.631
68883.000   1187.000   573.000   154.000   76.614   15.779
68884.000   1103.000   613.000   160.000   76.562   15.926
68885.000   1112.000   594.000   166.000   76.510   16.073
68886.000   1124.000   651.000   155.000   76.458   16.218
68887.000   1124.000   576.000   156.000   76.406   16.362
68888.000   1128.000   639.000   152.000   76.354   16.504
68889.000   1094.000   610.000   149.000   76.301   16.646
68890.000   1088.000   588.000   173.000   76.249   16.787
68891.000   1137.000   554.000   159.000   76.197   16.926
68892.000   1123.000   634.000   153.000   76.144   17.065
68893.000   1111.000   570.000   158.000   76.091   17.202
68894.000   1102.000   541.000   144.000   76.039   17.339
68895.000   1096.000   590.000   122.000   75.986   17.474
68896.000   1074.000   606.000   143.000   75.933   17.608
68897.000   1106.000   601.000   144.000   75.880   17.742
68898.000   1106.000   582.000   155.000   75.827   17.874
68899.000   1118.000   608.000   150.000   75.774   18.005
68900.000   1127.000   597.000   156.000   75.721   18.136
68901.000   1103.000   591.000   142.000   75.668   18.265
68902.000   1160.000   591.000   138.000   75.614   18.394
68903.000   1055.000   634.000   137.000   75.561   18.521
68904.000   1104.000   582.000   152.000   75.508   18.647
68905.000   1148.000   599.000   156.000   75.454   18.773
68906.000   1109.000   576.000   154.000   75.401   18.898
68907.000   1071.000   571.000   149.000   75.347   19.021
68908.000   1069.000   595.000   153.000   75.293   19.144
68909.000   1039.000   582.000   128.000   75.239   19.266
68910.000   1145.000   584.000   126.000   75.185   19.387
68911.000   1093.000   549.000   148.000   75.132   19.507
68912.000   1134.000   612.000   174.000   75.078   19.626
68913.000   1183.000   586.000   151.000   75.023   19.745
68914.000   1100.000   583.000   151.000   74.969   19.862
68915.000   1051.000   594.000   161.000   74.915   19.979
68916.000   1113.000   615.000   138.000   74.861   20.094
68917.000   1026.000   580.000   148.000   74.807   20.209
68918.000   1076.000   583.000   149.000   74.752   20.323
68919.000   1129.000   594.000   160.000   74.698   20.437
68920.000   1115.000   582.000   153.000   74.643   20.549
68921.000   1074.000   559.000   150.000   74.589   20.661
68922.000   1125.000   557.000   149.000   74.534   20.772
68923.000   1107.000   607.000   171.000   74.479   20.882
68924.000   1103.000   596.000   141.000   74.425   20.991
68925.000   1116.000   627.000   159.000   74.370   21.100
68926.000   1103.000   589.000   151.000   74.315   21.207
68927.000   1072.000   592.000   155.000   74.260   21.314
68928.000   1139.000   574.000   152.000   74.205   21.421
68929.000   1146.000   599.000   180.000   74.150   21.526
68930.000   1096.000   592.000   148.000   74.095   21.631
68931.000   1191.000   598.000   160.000   74.040   21.735
68932.000   1085.000   611.000   143.000   73.985   21.838
68933.000   1180.000   614.000   156.000   73.929   21.941
68934.000   1128.000   561.000   144.000   73.874   22.043
68935.000   1191.000   609.000   154.000   73.819   22.144
68936.000   1150.000   609.000   144.000   73.763   22.244
68937.000   1174.000   558.000   139.000   73.708   22.344
68938.000   1163.000   593.000   147.000   73.652   22.443
68939.000   1231.000   623.000   148.000   73.597   22.542
68940.000   1278.000   616.000   148.000   73.541   22.639
68941.000   1429.000   604.000   179.000   73.485   22.736
68942.000   1426.000   600.000   152.000   73.430   22.833
68943.000   1399.000   636.000   161.000   73.374   22.929
68944.000   1967.000   607.000   145.000   73.318   23.024
68945.000   1629.000   594.000   158.000   73.262   23.118
68946.000   2869.000   678.000   140.000   73.207   23.212
68947.000   2515.000   681.000   144.000   73.151   23.305
68948.000   4049.000   743.000   148.000   73.095   23.398
68949.000   2399.000   611.000   148.000   73.039   23.490
68950.000   2755.000   716.000   144.000   72.982   23.581
68951.000   2904.000   694.000   153.000   72.926   23.672
68952.000   2046.000   678.000   161.000   72.870   23.762
68953.000   2091.000   661.000   144.000   72.814   23.851
68954.000   2166.000   697.000   131.000   72.758   23.940
68955.000   2246.000   672.000   175.000   72.701   24.029
68956.000   2668.000   710.000   153.000   72.645   24.116
68957.000   3207.000   762.000   148.000   72.589   24.203
68958.000   3358.000   805.000   165.000   72.532   24.290
68959.000   7219.000   1107.000   141.000   72.476   24.376
68960.000   3722.000   743.000   152.000   72.419   24.462
68961.000   3710.000   846.000   166.000   72.363   24.547
68962.000   4209.000   897.000   161.000   72.306   24.631
68963.000   4015.000   948.000   167.000   72.250   24.715
68964.000   4818.000   1032.000   170.000   72.193   24.798
68965.000   4361.000   932.000   147.000   72.136   24.881
68966.000   4215.000   957.000   163.000   72.080   24.963
68967.000   4654.000   1054.000   188.000   72.023   25.045
68968.000   4212.000   915.000   168.000   71.966   25.126
68969.000   4256.000   941.000   185.000   71.909   25.206
68970.000   4223.000   945.000   143.000   71.852   25.287
68971.000   4340.000   935.000   177.000   71.795   25.366
68972.000   4526.000   888.000   148.000   71.738   25.445
68973.000   4699.000   932.000   192.000   71.681   25.524
68974.000   4713.000   976.000   147.000   71.624   25.602
68975.000   5302.000   1033.000   177.000   71.567   25.680
68976.000   5322.000   996.000   153.000   71.510   25.757
68977.000   5517.000   971.000   172.000   71.453   25.833
68978.000   5515.000   1038.000   175.000   71.396   25.910
68979.000   5118.000   1059.000   161.000   71.339   25.985
68980.000   4844.000   1085.000   148.000   71.281   26.061
68981.000   5411.000   1049.000   187.000   71.224   26.135
68982.000   5913.000   1097.000   156.000   71.167   26.210
68983.000   5971.000   1122.000   164.000   71.109   26.284
68984.000   6231.000   1173.000   165.000   71.052   26.357
68985.000   6848.000   1175.000   163.000   70.995   26.430
68986.000   7841.000   1296.000   179.000   70.937   26.502
68987.000   8021.000   1399.000   182.000   70.880   26.574
68988.000   8435.000   1433.000   154.000   70.822   26.646
68989.000   8175.000   1489.000   181.000   70.765   26.717
68990.000   7998.000   1494.000   163.000   70.707   26.788
68991.000   7911.000   1401.000   149.000   70.650   26.858
68992.000   7906.000   1411.000   173.000   70.592   26.928
68993.000   7255.000   1370.000   159.000   70.534   26.998
68994.000   7249.000   1461.000   176.000   70.477   27.067
68995.000   7372.000   1397.000   166.000   70.419   27.135
68996.000   7271.000   1357.000   147.000   70.361   27.204
68997.000   6972.000   1339.000   154.000   70.303   27.271
68998.000   6806.000   1412.000   165.000   70.246   27.339
68999.000   7070.000   1456.000   151.000   70.188   27.406
69000.000   7032.000   1487.000   164.000   70.130   27.472
69001.000   6801.000   1428.000   156.000   70.072   27.539
69002.000   6840.000   1474.000   163.000   70.014   27.604
69003.000   6900.000   1504.000   163.000   69.956   27.670
69004.000   6736.000   1479.000   153.000   69.898   27.735
69005.000   6765.000   1435.000   185.000   69.840   27.800
69006.000   8988.000   1742.000   164.000   69.782   27.864
69007.000   8902.000   1945.000   161.000   69.724   27.928
69008.000   7036.000   1503.000   191.000   69.666   27.991
69009.000   6396.000   1376.000   163.000   69.608   28.055
69010.000   6066.000   1459.000   154.000   69.550   28.117
69011.000   6280.000   1445.000   152.000   69.492   28.180
69012.000   6513.000   1502.000   162.000   69.434   28.242
69013.000   6181.000   1535.000   185.000   69.375   28.304
69014.000   6742.000   1668.000   177.000   69.317   28.365
69015.000   6618.000   1657.000   163.000   69.259   28.426
69016.000   6472.000   1588.000   173.000   69.201   28.487
69017.000   6726.000   1641.000   189.000   69.142   28.547
69018.000   6692.000   1671.000   161.000   69.084   28.607
69019.000   6722.000   1630.000   184.000   69.026   28.667
69020.000   7679.000   1740.000   165.000   68.967   28.726
69021.000   8135.000   1860.000   194.000   68.909   28.785
69022.000   6918.000   1698.000   178.000   68.850   28.844
69023.000   6483.000   1545.000   184.000   68.792   28.902
69024.000   5729.000   1494.000   190.000   68.733   28.960
69025.000   5809.000   1450.000   195.000   68.675   29.018
69026.000   5850.000   1525.000   209.000   68.616   29.075
69027.000   5142.000   1366.000   190.000   68.558   29.132
69028.000   5017.000   1414.000   189.000   68.499   29.189
69029.000   5355.000   1624.000   185.000   68.441   29.245
69030.000   6120.000   1669.000   193.000   68.382   29.301
69031.000   6192.000   1694.000   210.000   68.324   29.357
69032.000   6582.000   1808.000   221.000   68.265   29.412
69033.000   6790.000   1612.000   200.000   68.206   29.467
69034.000   7352.000   2040.000   187.000   68.148   29.522
69035.000   7909.000   1972.000   249.000   68.089   29.577
69036.000   7555.000   2101.000   217.000   68.030   29.631
69037.000   7563.000   2147.000   224.000   67.971   29.685
69038.000   7740.000   2262.000   234.000   67.913   29.739
69039.000   7685.000   2205.000   267.000   67.854   29.792
69040.000   6492.000   1848.000   203.000   67.795   29.845
69041.000   5870.000   1742.000   194.000   67.736   29.898
69042.000   5298.000   1509.000   196.000   67.677   29.950
69043.000   4868.000   1408.000   221.000   67.618   30.003
69044.000   5147.000   1477.000   190.000   67.559   30.054
69045.000   4772.000   1379.000   180.000   67.501   30.106
69046.000   3952.000   1183.000   179.000   67.442   30.158
69047.000   3572.000   1110.000   181.000   67.383   30.209
69048.000   3871.000   1142.000   209.000   67.324   30.259
69049.000   3624.000   1085.000   178.000   67.265   30.310
69050.000   3417.000   1059.000   216.000   67.206   30.360
69051.000   3560.000   1002.000   167.000   67.147   30.410
69052.000   3705.000   1161.000   187.000   67.088   30.460
69053.000   4216.000   1241.000   193.000   67.029   30.510
69054.000   4565.000   1266.000   206.000   66.969   30.559
69055.000   4096.000   1204.000   187.000   66.910   30.608
69056.000   3770.000   1214.000   192.000   66.851   30.657
69057.000   3465.000   1100.000   202.000   66.792   30.705
69058.000   3232.000   1111.000   204.000   66.733   30.753
69059.000   3118.000   1045.000   152.000   66.674   30.801
69060.000   3014.000   1034.000   177.000   66.615   30.849
69061.000   2620.000   937.000   199.000   66.555   30.897
69062.000   2877.000   940.000   168.000   66.496   30.944
69063.000   2784.000   926.000   160.000   66.437   30.991
69064.000   3062.000   913.000   186.000   66.378   31.037
69065.000   3020.000   923.000   162.000   66.318   31.084
69066.000   3159.000   999.000   204.000   66.259   31.130
69067.000   3071.000   934.000   196.000   66.200   31.176
69068.000   2942.000   985.000   190.000   66.140   31.222
69069.000   2845.000   939.000   189.000   66.081   31.268
69070.000   2476.000   975.000   175.000   66.022   31.313
69071.000   2371.000   897.000   179.000   65.962   31.358
69072.000   2309.000   848.000   203.000   65.903   31.403
69073.000   2266.000   819.000   197.000   65.844   31.448
69074.000   2104.000   824.000   201.000   65.784   31.492
69075.000   2196.000   853.000   249.000   65.725   31.536
69076.000   2212.000   936.000   228.000   65.665   31.580
69077.000   2128.000   1027.000   245.000   65.606   31.624
69078.000   2148.000   954.000   244.000   65.546   31.667
69079.000   2206.000   996.000   252.000   65.487   31.711
69080.000   2175.000   982.000   255.000   65.427   31.754
69081.000   2236.000   951.000   269.000   65.368   31.797
69082.000   2138.000   1003.000   267.000   65.308   31.839
69083.000   2035.000   1008.000   254.000   65.249   31.882
69084.000   1895.000   936.000   236.000   65.189   31.924
69085.000   1815.000   920.000   239.000   65.129   31.966
69086.000   1607.000   916.000   252.000   65.070   32.008
69087.000   1487.000   925.000   282.000   65.010   32.050
69088.000   1510.000   922.000   245.000   64.951   32.091
69089.000   1435.000   906.000   269.000   64.891   32.132
69090.000   1488.000   874.000   237.000   64.831   32.173
69091.000   1355.000   881.000   234.000   64.772   32.214
69092.000   1386.000   845.000   241.000   64.712   32.255
69093.000   1384.000   812.000   243.000   64.652   32.295
69094.000   1429.000   766.000   242.000   64.592   32.336
69095.000   1396.000   864.000   219.000   64.533   32.376
69096.000   1402.000   824.000   226.000   64.473   32.415
69097.000   1312.000   807.000   204.000   64.413   32.455
69098.000   1375.000   854.000   242.000   64.353   32.495
69099.000   1377.000   873.000   235.000   64.294   32.534
69100.000   1308.000   849.000   243.000   64.234   32.573
69101.000   1427.000   821.000   232.000   64.174   32.612
69102.000   1264.000   868.000   233.000   64.114   32.651
69103.000   1302.000   808.000   240.000   64.054   32.689
69104.000   1266.000   790.000   247.000   63.995   32.727
69105.000   1255.000   740.000   230.000   63.935   32.766
69106.000   1292.000   767.000   198.000   63.875   32.804
69107.000   1243.000   749.000   205.000   63.815   32.841
69108.000   1199.000   731.000   204.000   63.755   32.879
69109.000   1140.000   786.000   198.000   63.695   32.917
69110.000   1163.000   686.000   209.000   63.635   32.954
69111.000   1139.000   692.000   214.000   63.575   32.991
69112.000   1173.000   716.000   192.000   63.515   33.028
69113.000   1115.000   695.000   204.000   63.455   33.065
69114.000   1117.000   724.000   210.000   63.395   33.101
69115.000   1123.000   665.000   165.000   63.335   33.138
69116.000   1117.000   681.000   198.000   63.275   33.174
69117.000   1151.000   660.000   181.000   63.215   33.210
69118.000   1061.000   651.000   176.000   63.155   33.246
69119.000   1039.000   661.000   159.000   63.095   33.282
69120.000   1032.000   651.000   183.000   63.035   33.317
69121.000   1053.000   623.000   172.000   62.975   33.353
69122.000   1004.000   645.000   197.000   62.915   33.388
69123.000   1050.000   633.000   192.000   62.855   33.423
69124.000   1019.000   604.000   160.000   62.795   33.458
69125.000   1056.000   607.000   153.000   62.735   33.493
69126.000   1069.000   610.000   179.000   62.675   33.527
69127.000   1010.000   635.000   177.000   62.615   33.562
69128.000   1055.000   649.000   171.000   62.554   33.596
69129.000   1038.000   660.000   173.000   62.494   33.630
69130.000   1033.000   666.000   171.000   62.434   33.664
69131.000   1061.000   620.000   167.000   62.374   33.698
69132.000   968.000   648.000   158.000   62.314   33.732
69133.000   951.000   628.000   163.000   62.254   33.765
69134.000   1019.000   640.000   201.000   62.193   33.799
69135.000   967.000   595.000   172.000   62.133   33.832
69136.000   1024.000   600.000   178.000   62.073   33.865
69137.000   974.000   657.000   172.000   62.013   33.898
69138.000   1015.000   608.000   159.000   61.953   33.931
69139.000   1024.000   573.000   162.000   61.892   33.964
69140.000   997.000   620.000   180.000   61.832   33.996
69141.000   1072.000   589.000   167.000   61.772   34.028
69142.000   1023.000   619.000   165.000   61.711   34.061
69143.000   972.000   638.000   153.000   61.651   34.093
69144.000   965.000   620.000   162.000   61.591   34.125
69145.000   956.000   591.000   165.000   61.531   34.157
69146.000   928.000   611.000   152.000   61.470   34.188
69147.000   1004.000   667.000   172.000   61.410   34.220
69148.000   975.000   595.000   149.000   61.350   34.251
69149.000   1035.000   593.000   179.000   61.289   34.282
69150.000   974.000   577.000   161.000   61.229   34.314
69151.000   948.000   631.000   159.000   61.168   34.345
69152.000   1027.000   621.000   175.000   61.108   34.375
69153.000   948.000   597.000   188.000   61.048   34.406
69154.000   1035.000   616.000   160.000   60.987   34.437
69155.000   986.000   644.000   169.000   60.927   34.467
69156.000   987.000   601.000   176.000   60.866   34.497
69157.000   998.000   590.000   164.000   60.806   34.528
69158.000   996.000   618.000   175.000   60.746   34.558
69159.000   1044.000   652.000   152.000   60.685   34.588
69160.000   892.000   605.000   178.000   60.625   34.617
69161.000   1019.000   606.000   181.000   60.564   34.647
69162.000   994.000   613.000   167.000   60.504   34.677
69163.000   949.000   605.000   159.000   60.443   34.706
69164.000   980.000   587.000   146.000   60.383   34.735
69165.000   990.000   620.000   177.000   60.322   34.765
69166.000   971.000   622.000   142.000   60.262   34.794
69167.000   988.000   625.000   181.000   60.201   34.823
69168.000   982.000   604.000   162.000   60.141   34.851
69169.000   973.000   613.000   163.000   60.080   34.880
69170.000   1034.000   563.000   149.000   60.020   34.909
69171.000   945.000   577.000   151.000   59.959   34.937
69172.000   937.000   623.000   159.000   59.899   34.965
69173.000   938.000   671.000   154.000   59.838   34.994
69174.000   973.000   593.000   146.000   59.777   35.022
69175.000   951.000   611.000   172.000   59.717   35.050
69176.000   1021.000   588.000   165.000   59.656   35.078
69177.000   949.000   589.000   173.000   59.596   35.105
69178.000   917.000   621.000   188.000   59.535   35.133
69179.000   957.000   554.000   169.000   59.474   35.160
69180.000   939.000   687.000   141.000   59.414   35.188
69181.000   985.000   599.000   141.000   59.353   35.215
69182.000   924.000   603.000   156.000   59.293   35.242
69183.000   918.000   578.000   149.000   59.232   35.269
69184.000   912.000   613.000   166.000   59.171   35.296
69185.000   945.000   603.000   156.000   59.111   35.323
69186.000   979.000   595.000   140.000   59.050   35.350
69187.000   951.000   585.000   162.000   58.989   35.377
69188.000   960.000   595.000   161.000   58.929   35.403
69189.000   886.000   586.000   146.000   58.868   35.429
69190.000   919.000   626.000   136.000   58.807   35.456
69191.000   968.000   579.000   162.000   58.746   35.482
69192.000   918.000   584.000   142.000   58.686   35.508
69193.000   966.000   593.000   161.000   58.625   35.534
69194.000   1009.000   571.000   154.000   58.564   35.560
69195.000   944.000   555.000   130.000   58.503   35.586
69196.000   948.000   614.000   166.000   58.443   35.611
69197.000   1006.000   576.000   165.000   58.382   35.637
69198.000   952.000   619.000   147.000   58.321   35.662
69199.000   932.000   559.000   166.000   58.260   35.688
69200.000   944.000   635.000   135.000   58.200   35.713
69201.000   938.000   592.000   154.000   58.139   35.738
69202.000   968.000   585.000   145.000   58.078   35.763
69203.000   919.000   599.000   158.000   58.017   35.788
69204.000   985.000   583.000   153.000   57.956   35.813
69205.000   978.000   561.000   149.000   57.896   35.838
69206.000   964.000   582.000   148.000   57.835   35.863
69207.000   948.000   582.000   126.000   57.774   35.887
69208.000   976.000   604.000   125.000   57.713   35.912
69209.000   955.000   551.000   150.000   57.652   35.936
69210.000   938.000   572.000   140.000   57.591   35.960
69211.000   952.000   602.000   147.000   57.531   35.985
69212.000   907.000   524.000   160.000   57.470   36.009
69213.000   900.000   581.000   152.000   57.409   36.033
69214.000   963.000   559.000   160.000   57.348   36.057
69215.000   976.000   580.000   139.000   57.287   36.080
69216.000   973.000   586.000   141.000   57.226   36.104
69217.000   977.000   588.000   152.000   57.165   36.128
69218.000   913.000   589.000   154.000   57.104   36.151
69219.000   930.000   545.000   172.000   57.044   36.175
69220.000   947.000   624.000   153.000   56.983   36.198
69221.000   925.000   577.000   144.000   56.922   36.221
69222.000   931.000   544.000   163.000   56.861   36.245
69223.000   947.000   561.000   156.000   56.800   36.268
69224.000   884.000   595.000   161.000   56.739   36.291
69225.000   972.000   557.000   138.000   56.678   36.314
69226.000   936.000   553.000   149.000   56.617   36.336
69227.000   920.000   596.000   155.000   56.556   36.359
69228.000   892.000   603.000   159.000   56.495   36.382
69229.000   973.000   600.000   132.000   56.434   36.404
69230.000   947.000   534.000   138.000   56.373   36.427
69231.000   867.000   550.000   146.000   56.312   36.449
69232.000   941.000   572.000   144.000   56.251   36.472
69233.000   915.000   578.000   147.000   56.190   36.494
69234.000   910.000   557.000   153.000   56.129   36.516
69235.000   887.000   606.000   145.000   56.068   36.538
69236.000   948.000   579.000   156.000   56.007   36.560
69237.000   929.000   559.000   162.000   55.946   36.582
69238.000   946.000   616.000   145.000   55.885   36.604
69239.000   910.000   556.000   148.000   55.824   36.626
69240.000   911.000   531.000   125.000   55.763   36.647
69241.000   938.000   555.000   136.000   55.702   36.669
69242.000   958.000   565.000   137.000   55.641   36.690
69243.000   920.000   579.000   142.000   55.580   36.712
69244.000   960.000   562.000   146.000   55.519   36.733
69245.000   904.000   611.000   133.000   55.458   36.754
69246.000   996.000   508.000   149.000   55.397   36.776
69247.000   897.000   563.000   143.000   55.336   36.797
69248.000   906.000   511.000   149.000   55.274   36.818
69249.000   893.000   621.000   136.000   55.213   36.839
69250.000   910.000   540.000   121.000   55.152   36.859
69251.000   916.000   553.000   151.000   55.091   36.880
69252.000   873.000   543.000   134.000   55.030   36.901
69253.000   873.000   549.000   154.000   54.969   36.922
69254.000   953.000   557.000   159.000   54.908   36.942
69255.000   926.000   550.000   130.000   54.847   36.963
69256.000   919.000   530.000   147.000   54.786   36.983
69257.000   869.000   490.000   136.000   54.724   37.003
69258.000   895.000   569.000   134.000   54.663   37.024
69259.000   886.000   549.000   151.000   54.602   37.044
69260.000   953.000   569.000   157.000   54.541   37.064
69261.000   867.000   558.000   147.000   54.480   37.084
69262.000   885.000   563.000   150.000   54.419   37.104
69263.000   815.000   525.000   114.000   54.357   37.124
69264.000   909.000   531.000   130.000   54.296   37.144
69265.000   857.000   513.000   129.000   54.235   37.164
69266.000   897.000   524.000   136.000   54.174   37.183
69267.000   883.000   538.000   135.000   54.113   37.203
69268.000   889.000   507.000   149.000   54.052   37.222
69269.000   927.000   565.000   153.000   53.990   37.242
69270.000   890.000   584.000   132.000   53.929   37.261
69271.000   902.000   592.000   145.000   53.868   37.281
69272.000   903.000   565.000   126.000   53.807   37.300
69273.000   862.000   583.000   129.000   53.746   37.319
69274.000   887.000   546.000   160.000   53.684   37.338
69275.000   872.000   565.000   120.000   53.623   37.357
69276.000   894.000   531.000   126.000   53.562   37.376
69277.000   882.000   533.000   140.000   53.501   37.395
69278.000   917.000   530.000   132.000   53.439   37.414
69279.000   881.000   538.000   154.000   53.378   37.433
69280.000   853.000   508.000   150.000   53.317   37.452
69281.000   896.000   527.000   143.000   53.256   37.470
69282.000   905.000   523.000   127.000   53.194   37.489
69283.000   830.000   527.000   146.000   53.133   37.508
69284.000   836.000   502.000   124.000   53.072   37.526
69285.000   846.000   521.000   118.000   53.010   37.545
69286.000   845.000   550.000   136.000   52.949   37.563
69287.000   878.000   560.000   132.000   52.888   37.581
69288.000   835.000   534.000   124.000   52.827   37.599
69289.000   874.000   538.000   124.000   52.765   37.618
69290.000   877.000   494.000   133.000   52.704   37.636
69291.000   847.000   511.000   151.000   52.643   37.654
69292.000   834.000   550.000   159.000   52.581   37.672
69293.000   821.000   549.000   128.000   52.520   37.690
69294.000   898.000   478.000   132.000   52.459   37.707
69295.000   803.000   505.000   155.000   52.397   37.725
69296.000   901.000   510.000   150.000   52.336   37.743
69297.000   838.000   552.000   127.000   52.275   37.761
69298.000   887.000   557.000   125.000   52.213   37.778
69299.000   856.000   522.000   147.000   52.152   37.796
69300.000   871.000   547.000   162.000   52.091   37.813
69301.000   835.000   455.000   147.000   52.029   37.831
69302.000   839.000   479.000   154.000   51.968   37.848
69303.000   798.000   553.000   128.000   51.907   37.865
69304.000   913.000   553.000   137.000   51.845   37.883
69305.000   794.000   537.000   139.000   51.784   37.900
69306.000   834.000   519.000   140.000   51.723   37.917
69307.000   882.000   515.000   105.000   51.661   37.934
69308.000   865.000   521.000   140.000   51.600   37.951
69309.000   852.000   503.000   163.000   51.538   37.968
69310.000   841.000   516.000   136.000   51.477   37.985
69311.000   832.000   482.000   120.000   51.416   38.002
69312.000   810.000   505.000   122.000   51.354   38.019
69313.000   821.000   515.000   127.000   51.293   38.035
69314.000   818.000   519.000   126.000   51.231   38.052
69315.000   874.000   495.000   112.000   51.170   38.069
69316.000   808.000   525.000   128.000   51.109   38.085
69317.000   851.000   505.000   121.000   51.047   38.102
69318.000   865.000   510.000   137.000   50.986   38.118
69319.000   874.000   528.000   129.000   50.924   38.135
69320.000   792.000   469.000   140.000   50.863   38.151
69321.000   847.000   495.000   119.000   50.801   38.167
69322.000   811.000   463.000   115.000   50.740   38.184
69323.000   842.000   547.000   118.000   50.679   38.200
69324.000   816.000   525.000   141.000   50.617   38.216
69325.000   821.000   523.000   136.000   50.556   38.232
69326.000   846.000   483.000   116.000   50.494   38.248
69327.000   807.000   479.000   115.000   50.433   38.264
69328.000   844.000   503.000   116.000   50.371   38.280
69329.000   886.000   518.000   125.000   50.310   38.296
69330.000   746.000   520.000   114.000   50.248   38.312
69331.000   857.000   496.000   130.000   50.187   38.327
69332.000   809.000   523.000   128.000   50.125   38.343
69333.000   804.000   512.000   126.000   50.064   38.359
69334.000   805.000   485.000   128.000   50.002   38.374
69335.000   754.000   470.000   125.000   49.941   38.390
69336.000   816.000   480.000   128.000   49.879   38.406
69337.000   793.000   476.000   120.000   49.818   38.421
69338.000   800.000   490.000   133.000   49.756   38.436
69339.000   812.000   484.000   102.000   49.695   38.452
69340.000   811.000   508.000   131.000   49.633   38.467
69341.000   783.000   454.000   120.000   49.572   38.482
69342.000   824.000   500.000   127.000   49.510   38.498
69343.000   801.000   477.000   132.000   49.449   38.513
69344.000   772.000   525.000   124.000   49.387   38.528
69345.000   805.000   488.000   100.000   49.326   38.543
69346.000   771.000   522.000   120.000   49.264   38.558
69347.000   827.000   452.000   96.000   49.203   38.573
69348.000   806.000   471.000   106.000   49.141   38.588
69349.000   783.000   490.000   111.000   49.080   38.603
69350.000   807.000   457.000   117.000   49.018   38.618
69351.000   801.000   491.000   131.000   48.956   38.633
69352.000   851.000   485.000   118.000   48.895   38.647
69353.000   784.000   484.000   109.000   48.833   38.662
69354.000   844.000   474.000   120.000   48.772   38.677
69355.000   820.000   485.000   102.000   48.710   38.691
69356.000   732.000   443.000   106.000   48.649   38.706
69357.000   802.000   469.000   139.000   48.587   38.720
69358.000   819.000   485.000   129.000   48.525   38.735
69359.000   769.000   478.000   117.000   48.464   38.749
72240.000   1974.000   476.000   96.000   -48.445   -153.315
