Time range: [ 00:27:51.000  01:15:39.000 ]
Time range duration: 47.0 min, 48.0 sec
Longitude range: [ -139.142  52.666 ]
1671.000   1794.000   -82.519   52.666
1672.000   1767.000   -82.519   53.138
1673.000   1764.000   -82.519   53.610
1674.000   1772.000   -82.518   54.082
1675.000   1732.000   -82.517   54.553
1676.000   1732.000   -82.515   55.025
1677.000   1710.000   -82.512   55.496
1678.000   1734.000   -82.509   55.967
1679.000   1800.000   -82.506   56.437
1680.000   1771.000   -82.502   56.907
1681.000   1704.000   -82.497   57.376
1682.000   1761.000   -82.493   57.845
1683.000   1711.000   -82.487   58.313
1684.000   1780.000   -82.481   58.781
1685.000   1680.000   -82.475   59.247
1686.000   1744.000   -82.468   59.713
1687.000   1770.000   -82.460   60.178
1688.000   1752.000   -82.452   60.642
1689.000   1746.000   -82.444   61.105
1690.000   1712.000   -82.435   61.567
1691.000   1699.000   -82.425   62.028
1692.000   1768.000   -82.415   62.487
1693.000   1696.000   -82.405   62.946
1694.000   1766.000   -82.394   63.403
1695.000   1752.000   -82.382   63.858
1696.000   1746.000   -82.370   64.313
1697.000   1780.000   -82.358   64.765
1698.000   1752.000   -82.345   65.217
1699.000   1708.000   -82.332   65.666
1700.000   1701.000   -82.318   66.115
1701.000   1744.000   -82.304   66.561
1702.000   1640.000   -82.289   67.006
1703.000   1736.000   -82.274   67.449
1704.000   1693.000   -82.258   67.891
1705.000   1705.000   -82.242   68.330
1706.000   1751.000   -82.225   68.768
1707.000   1775.000   -82.208   69.204
1708.000   1844.000   -82.190   69.637
1709.000   1735.000   -82.172   70.069
1710.000   1763.000   -82.154   70.499
1711.000   1694.000   -82.135   70.927
1712.000   1792.000   -82.116   71.353
1713.000   1824.000   -82.096   71.776
1714.000   1731.000   -82.076   72.198
1715.000   1752.000   -82.055   72.617
1716.000   1759.000   -82.034   73.034
1717.000   1752.000   -82.013   73.449
1718.000   1738.000   -81.991   73.862
1719.000   1754.000   -81.969   74.272
1720.000   1728.000   -81.946   74.680
1721.000   1878.000   -81.923   75.086
1722.000   1797.000   -81.899   75.489
1723.000   1701.000   -81.876   75.891
1724.000   1748.000   -81.851   76.289
1725.000   1801.000   -81.826   76.685
1726.000   1793.000   -81.801   77.079
1727.000   1788.000   -81.776   77.471
1728.000   1776.000   -81.750   77.860
1729.000   1814.000   -81.724   78.246
1730.000   1795.000   -81.697   78.630
1731.000   1761.000   -81.670   79.012
1732.000   1763.000   -81.643   79.391
1733.000   1840.000   -81.615   79.768
1734.000   1839.000   -81.587   80.142
1735.000   1865.000   -81.558   80.513
1736.000   1781.000   -81.530   80.882
1737.000   1784.000   -81.500   81.249
1738.000   1794.000   -81.471   81.613
1739.000   1819.000   -81.441   81.974
1740.000   1780.000   -81.411   82.333
1741.000   1824.000   -81.380   82.690
1742.000   1762.000   -81.349   83.043
1743.000   1824.000   -81.318   83.395
1744.000   1856.000   -81.287   83.743
1745.000   1839.000   -81.255   84.090
1746.000   1837.000   -81.223   84.433
1747.000   1805.000   -81.190   84.774
1748.000   1875.000   -81.157   85.113
1749.000   1904.000   -81.124   85.449
1750.000   1810.000   -81.091   85.783
1751.000   1846.000   -81.057   86.114
1752.000   1881.000   -81.023   86.442
1753.000   1826.000   -80.989   86.768
1754.000   1817.000   -80.954   87.092
1755.000   1891.000   -80.919   87.413
1756.000   1831.000   -80.884   87.732
1757.000   1933.000   -80.849   88.048
1758.000   1839.000   -80.813   88.361
1759.000   1824.000   -80.777   88.673
1760.000   1859.000   -80.740   88.981
1761.000   1800.000   -80.704   89.288
1762.000   1827.000   -80.667   89.592
1763.000   1859.000   -80.630   89.893
1764.000   1792.000   -80.593   90.192
1765.000   1844.000   -80.555   90.489
1766.000   1916.000   -80.517   90.783
1767.000   1884.000   -80.479   91.075
1768.000   1885.000   -80.441   91.365
1769.000   1811.000   -80.402   91.652
1770.000   1900.000   -80.363   91.937
1771.000   1841.000   -80.324   92.220
1772.000   1797.000   -80.285   92.501
1773.000   1892.000   -80.245   92.779
1774.000   1849.000   -80.205   93.055
1775.000   1814.000   -80.165   93.328
1776.000   1903.000   -80.125   93.600
1777.000   1871.000   -80.085   93.869
1778.000   1918.000   -80.044   94.136
1779.000   1918.000   -80.003   94.400
1780.000   1826.000   -79.962   94.663
1781.000   1870.000   -79.921   94.923
1782.000   1904.000   -79.879   95.182
1783.000   1873.000   -79.837   95.438
1784.000   1834.000   -79.795   95.692
1785.000   1902.000   -79.753   95.944
1786.000   1974.000   -79.711   96.194
1787.000   1873.000   -79.668   96.442
1788.000   1940.000   -79.625   96.687
1789.000   1975.000   -79.583   96.931
1790.000   1854.000   -79.539   97.173
1791.000   1909.000   -79.496   97.413
1792.000   1905.000   -79.453   97.650
1793.000   1885.000   -79.409   97.886
1794.000   1918.000   -79.365   98.120
1795.000   1942.000   -79.321   98.352
1796.000   1910.000   -79.277   98.582
1797.000   1877.000   -79.232   98.810
1798.000   1928.000   -79.188   99.036
1799.000   1929.000   -79.143   99.260
1800.000   1896.000   -79.098   99.483
1801.000   1943.000   -79.053   99.703
1802.000   1913.000   -79.008   99.922
1803.000   1947.000   -78.962   100.139
1804.000   1898.000   -78.917   100.354
1805.000   1955.000   -78.871   100.568
1806.000   1918.000   -78.825   100.779
1807.000   1907.000   -78.779   100.989
1808.000   1840.000   -78.733   101.197
1809.000   1864.000   -78.687   101.404
1810.000   1913.000   -78.640   101.609
1811.000   1918.000   -78.594   101.812
1812.000   1931.000   -78.547   102.013
1813.000   1945.000   -78.500   102.213
1814.000   1983.000   -78.453   102.411
1815.000   1886.000   -78.406   102.608
1816.000   1931.000   -78.359   102.803
1817.000   1953.000   -78.311   102.996
1818.000   1967.000   -78.264   103.188
1819.000   1959.000   -78.216   103.378
1820.000   1957.000   -78.168   103.566
1821.000   1991.000   -78.120   103.754
1822.000   1925.000   -78.072   103.939
1823.000   2050.000   -78.024   104.123
1824.000   1922.000   -77.975   104.306
1825.000   1991.000   -77.927   104.487
1826.000   1916.000   -77.878   104.667
1827.000   2006.000   -77.829   104.845
1828.000   1914.000   -77.781   105.022
1829.000   1901.000   -77.732   105.197
1830.000   1960.000   -77.683   105.371
1831.000   2017.000   -77.633   105.543
1832.000   1943.000   -77.584   105.715
1833.000   2003.000   -77.535   105.884
1834.000   2003.000   -77.485   106.053
1835.000   2029.000   -77.435   106.220
1836.000   1996.000   -77.386   106.386
1837.000   1932.000   -77.336   106.550
1838.000   1987.000   -77.286   106.714
1839.000   1945.000   -77.236   106.875
1840.000   1973.000   -77.186   107.036
1841.000   1992.000   -77.135   107.195
1842.000   1991.000   -77.085   107.354
1843.000   1943.000   -77.035   107.510
1844.000   1986.000   -76.984   107.666
1845.000   2007.000   -76.933   107.820
1846.000   2015.000   -76.883   107.974
1847.000   1936.000   -76.832   108.126
1848.000   2019.000   -76.781   108.277
1849.000   2024.000   -76.730   108.426
1850.000   1998.000   -76.679   108.575
1851.000   2052.000   -76.627   108.722
1852.000   2070.000   -76.576   108.868
1853.000   2035.000   -76.525   109.013
1854.000   2029.000   -76.473   109.157
1855.000   2073.000   -76.422   109.300
1856.000   1993.000   -76.370   109.442
1857.000   2026.000   -76.318   109.583
1858.000   2017.000   -76.266   109.722
1859.000   2030.000   -76.214   109.861
1860.000   2005.000   -76.162   109.999
1861.000   1975.000   -76.110   110.135
1862.000   2121.000   -76.058   110.271
1863.000   2042.000   -76.006   110.405
1864.000   2034.000   -75.953   110.538
1865.000   2124.000   -75.901   110.671
1866.000   2070.000   -75.849   110.802
1867.000   1994.000   -75.796   110.933
1868.000   2025.000   -75.743   111.062
1869.000   2117.000   -75.691   111.191
1870.000   2072.000   -75.638   111.318
1871.000   2031.000   -75.585   111.445
1872.000   2023.000   -75.532   111.571
1873.000   1963.000   -75.479   111.696
1874.000   2084.000   -75.426   111.819
1875.000   2066.000   -75.373   111.942
1876.000   2020.000   -75.320   112.064
1877.000   2058.000   -75.266   112.186
1878.000   2064.000   -75.213   112.306
1879.000   2070.000   -75.160   112.425
1880.000   2061.000   -75.106   112.544
1881.000   1967.000   -75.053   112.661
1882.000   2051.000   -74.999   112.778
1883.000   1974.000   -74.945   112.894
1884.000   2040.000   -74.892   113.009
1885.000   2146.000   -74.838   113.124
1886.000   2105.000   -74.784   113.237
1887.000   1968.000   -74.730   113.350
1888.000   2098.000   -74.676   113.462
1889.000   2008.000   -74.622   113.573
1890.000   1989.000   -74.568   113.683
1891.000   2030.000   -74.514   113.793
1892.000   2029.000   -74.460   113.901
1893.000   2150.000   -74.405   114.009
1894.000   2014.000   -74.351   114.117
1895.000   2041.000   -74.297   114.223
1896.000   1997.000   -74.242   114.329
1897.000   2018.000   -74.188   114.434
1898.000   1987.000   -74.133   114.538
1899.000   2093.000   -74.079   114.642
1900.000   2009.000   -74.024   114.745
1901.000   2082.000   -73.969   114.847
1902.000   2002.000   -73.914   114.948
1903.000   2124.000   -73.860   115.049
1904.000   2007.000   -73.805   115.149
1905.000   2008.000   -73.750   115.248
1906.000   2016.000   -73.695   115.347
1907.000   2091.000   -73.640   115.445
1908.000   2065.000   -73.585   115.542
1909.000   2069.000   -73.530   115.639
1910.000   1994.000   -73.475   115.735
1911.000   2072.000   -73.419   115.830
1912.000   2039.000   -73.364   115.925
1913.000   2140.000   -73.309   116.019
1914.000   2092.000   -73.253   116.113
1915.000   2069.000   -73.198   116.205
1916.000   2127.000   -73.143   116.298
1917.000   2039.000   -73.087   116.389
1918.000   2036.000   -73.031   116.480
1919.000   2078.000   -72.976   116.571
1920.000   2030.000   -72.920   116.660
1921.000   2032.000   -72.865   116.750
1922.000   2037.000   -72.809   116.838
1923.000   1994.000   -72.753   116.926
1924.000   2020.000   -72.697   117.014
1925.000   2051.000   -72.642   117.101
1926.000   1971.000   -72.586   117.187
1927.000   2162.000   -72.530   117.273
1928.000   2043.000   -72.474   117.358
1929.000   2124.000   -72.418   117.443
1930.000   2155.000   -72.362   117.527
1931.000   2079.000   -72.306   117.610
1932.000   2144.000   -72.249   117.693
1933.000   2017.000   -72.193   117.776
1934.000   2051.000   -72.137   117.858
1935.000   2127.000   -72.081   117.939
1936.000   2108.000   -72.025   118.020
1937.000   2137.000   -71.968   118.101
1938.000   2134.000   -71.912   118.181
1939.000   2074.000   -71.856   118.260
1940.000   2101.000   -71.799   118.339
1941.000   2055.000   -71.743   118.417
1942.000   2083.000   -71.686   118.495
1943.000   2093.000   -71.630   118.573
1944.000   2102.000   -71.573   118.650
1945.000   2033.000   -71.516   118.726
1946.000   2040.000   -71.460   118.802
1947.000   2088.000   -71.403   118.878
1948.000   2091.000   -71.346   118.953
1949.000   2049.000   -71.290   119.028
1950.000   2089.000   -71.233   119.102
1951.000   2155.000   -71.176   119.175
1952.000   2083.000   -71.119   119.249
1953.000   2154.000   -71.062   119.321
1954.000   2136.000   -71.005   119.394
1955.000   2003.000   -70.949   119.466
1956.000   2134.000   -70.892   119.537
1957.000   2053.000   -70.835   119.608
1958.000   2144.000   -70.778   119.679
1959.000   2070.000   -70.721   119.749
1960.000   2154.000   -70.663   119.819
1961.000   2142.000   -70.606   119.888
1962.000   2102.000   -70.549   119.957
1963.000   2160.000   -70.492   120.026
1964.000   2017.000   -70.435   120.094
1965.000   2040.000   -70.378   120.161
1966.000   2143.000   -70.320   120.229
1967.000   2113.000   -70.263   120.296
1968.000   2092.000   -70.206   120.362
1969.000   2010.000   -70.148   120.428
1970.000   2136.000   -70.091   120.494
1971.000   2072.000   -70.033   120.559
1972.000   2142.000   -69.976   120.624
1973.000   2023.000   -69.919   120.689
1974.000   2022.000   -69.861   120.753
1975.000   2076.000   -69.804   120.817
1976.000   2156.000   -69.746   120.881
1977.000   2157.000   -69.688   120.944
1978.000   2114.000   -69.631   121.006
1979.000   2064.000   -69.573   121.069
1980.000   2145.000   -69.516   121.131
1981.000   2062.000   -69.458   121.192
1982.000   2102.000   -69.400   121.254
1983.000   2043.000   -69.342   121.315
1984.000   2106.000   -69.285   121.375
1985.000   2066.000   -69.227   121.436
1986.000   2086.000   -69.169   121.496
1987.000   2003.000   -69.111   121.555
1988.000   2068.000   -69.053   121.615
1989.000   2083.000   -68.996   121.673
1990.000   2142.000   -68.938   121.732
1991.000   2049.000   -68.880   121.790
1992.000   2098.000   -68.822   121.848
1993.000   2151.000   -68.764   121.906
1994.000   2131.000   -68.706   121.963
1995.000   2129.000   -68.648   122.020
1996.000   2078.000   -68.590   122.077
1997.000   1992.000   -68.532   122.133
1998.000   2156.000   -68.474   122.189
1999.000   2107.000   -68.415   122.245
2000.000   2149.000   -68.357   122.300
2001.000   2125.000   -68.299   122.356
2002.000   2134.000   -68.241   122.410
2003.000   2083.000   -68.183   122.465
2004.000   2131.000   -68.125   122.519
2005.000   2059.000   -68.066   122.573
2006.000   2103.000   -68.008   122.627
2007.000   2014.000   -67.950   122.680
2008.000   2102.000   -67.892   122.733
2009.000   2108.000   -67.833   122.786
2010.000   2114.000   -67.775   122.839
2011.000   2076.000   -67.717   122.891
2012.000   2098.000   -67.658   122.943
2013.000   2168.000   -67.600   122.994
2014.000   2099.000   -67.541   123.046
2015.000   2074.000   -67.483   123.097
2016.000   2088.000   -67.424   123.148
2017.000   2143.000   -67.366   123.198
2018.000   2050.000   -67.307   123.249
2019.000   2100.000   -67.249   123.299
2020.000   2120.000   -67.190   123.348
2021.000   2155.000   -67.132   123.398
2022.000   2114.000   -67.073   123.447
2023.000   2131.000   -67.015   123.496
2024.000   2141.000   -66.956   123.545
2025.000   2099.000   -66.897   123.594
2026.000   2070.000   -66.839   123.642
2027.000   2041.000   -66.780   123.690
2028.000   2150.000   -66.721   123.738
2029.000   2168.000   -66.663   123.785
2030.000   2048.000   -66.604   123.832
2031.000   2092.000   -66.545   123.879
2032.000   2214.000   -66.486   123.926
2033.000   2125.000   -66.428   123.973
2034.000   2146.000   -66.369   124.019
2035.000   2116.000   -66.310   124.065
2036.000   2125.000   -66.251   124.111
2037.000   2053.000   -66.192   124.156
2038.000   2113.000   -66.134   124.202
2039.000   2142.000   -66.075   124.247
2040.000   2049.000   -66.016   124.292
2041.000   2064.000   -65.957   124.337
2042.000   2056.000   -65.898   124.381
2043.000   2058.000   -65.839   124.425
2044.000   2150.000   -65.780   124.469
2045.000   2103.000   -65.721   124.513
2046.000   2136.000   -65.662   124.557
2047.000   2122.000   -65.603   124.600
2048.000   2084.000   -65.544   124.643
2049.000   2070.000   -65.485   124.686
2050.000   2115.000   -65.426   124.729
2051.000   2127.000   -65.367   124.771
2052.000   2033.000   -65.308   124.814
2053.000   2045.000   -65.249   124.856
2054.000   2089.000   -65.190   124.898
2055.000   2134.000   -65.131   124.939
2056.000   2165.000   -65.071   124.981
2057.000   2128.000   -65.012   125.022
2058.000   2038.000   -64.953   125.063
2059.000   2144.000   -64.894   125.104
2060.000   2259.000   -64.835   125.145
2061.000   2178.000   -64.775   125.185
2062.000   2124.000   -64.716   125.226
2063.000   2090.000   -64.657   125.266
2064.000   2117.000   -64.598   125.306
2065.000   2070.000   -64.539   125.345
2066.000   2135.000   -64.479   125.385
2067.000   2170.000   -64.420   125.424
2068.000   2068.000   -64.361   125.463
2069.000   2127.000   -64.301   125.502
2070.000   2213.000   -64.242   125.541
2071.000   2056.000   -64.183   125.580
2072.000   2121.000   -64.123   125.618
2073.000   2079.000   -64.064   125.656
2074.000   2146.000   -64.004   125.694
2075.000   2169.000   -63.945   125.732
2076.000   2205.000   -63.886   125.770
2077.000   2150.000   -63.826   125.807
2078.000   2155.000   -63.767   125.845
2079.000   2251.000   -63.707   125.882
2080.000   2195.000   -63.648   125.919
2081.000   2131.000   -63.588   125.956
2082.000   2156.000   -63.529   125.992
2083.000   2143.000   -63.469   126.029
2084.000   2174.000   -63.410   126.065
2085.000   2130.000   -63.350   126.101
2086.000   2252.000   -63.291   126.137
2087.000   2168.000   -63.231   126.173
2088.000   2186.000   -63.172   126.209
2089.000   2167.000   -63.112   126.244
2090.000   2210.000   -63.052   126.280
2091.000   2367.000   -62.993   126.315
2092.000   2430.000   -62.933   126.350
2093.000   2334.000   -62.874   126.385
2094.000   2206.000   -62.814   126.419
2095.000   2276.000   -62.754   126.454
2096.000   2250.000   -62.695   126.488
2097.000   2292.000   -62.635   126.523
2098.000   2390.000   -62.575   126.557
2099.000   2219.000   -62.516   126.591
2100.000   2189.000   -62.456   126.624
2101.000   2184.000   -62.396   126.658
2102.000   2237.000   -62.336   126.691
2103.000   2305.000   -62.277   126.725
2104.000   2091.000   -62.217   126.758
2105.000   2244.000   -62.157   126.791
2106.000   2382.000   -62.097   126.824
2107.000   2438.000   -62.038   126.857
2108.000   2252.000   -61.978   126.889
2109.000   2325.000   -61.918   126.922
2110.000   2268.000   -61.858   126.954
2111.000   2371.000   -61.798   126.986
2112.000   2566.000   -61.739   127.018
2113.000   2398.000   -61.679   127.050
2114.000   2195.000   -61.619   127.082
2115.000   2176.000   -61.559   127.113
2116.000   2201.000   -61.499   127.145
2117.000   2154.000   -61.439   127.176
2118.000   2169.000   -61.379   127.207
2119.000   2204.000   -61.319   127.238
2120.000   2131.000   -61.259   127.269
2121.000   2195.000   -61.200   127.300
2122.000   2236.000   -61.140   127.331
2123.000   2327.000   -61.080   127.361
2124.000   2266.000   -61.020   127.392
2125.000   2142.000   -60.960   127.422
2126.000   2071.000   -60.900   127.452
2127.000   2133.000   -60.840   127.482
2128.000   2076.000   -60.780   127.512
2129.000   2047.000   -60.720   127.542
2130.000   2140.000   -60.660   127.571
2131.000   2198.000   -60.600   127.601
2132.000   2439.000   -60.540   127.630
2133.000   2340.000   -60.480   127.660
2134.000   2193.000   -60.420   127.689
2135.000   2286.000   -60.360   127.718
2136.000   2180.000   -60.299   127.747
2137.000   2133.000   -60.239   127.775
2138.000   2821.000   -60.179   127.804
2139.000   2867.000   -60.119   127.833
2140.000   2739.000   -60.059   127.861
2141.000   2744.000   -59.999   127.889
2142.000   2737.000   -59.939   127.918
2143.000   2562.000   -59.879   127.946
2144.000   3082.000   -59.819   127.974
2145.000   3007.000   -59.758   128.001
2146.000   2911.000   -59.698   128.029
2147.000   2965.000   -59.638   128.057
2148.000   2757.000   -59.578   128.084
2149.000   2821.000   -59.518   128.112
2150.000   2721.000   -59.457   128.139
2151.000   2725.000   -59.397   128.166
2152.000   2695.000   -59.337   128.193
2153.000   2933.000   -59.277   128.220
2154.000   2673.000   -59.217   128.247
2155.000   2652.000   -59.156   128.273
2156.000   2478.000   -59.096   128.300
2157.000   2474.000   -59.036   128.327
2158.000   2602.000   -58.976   128.353
2159.000   2507.000   -58.915   128.379
2160.000   2473.000   -58.855   128.405
2161.000   2585.000   -58.795   128.432
2162.000   2612.000   -58.734   128.457
2163.000   2628.000   -58.674   128.483
2164.000   2695.000   -58.614   128.509
2165.000   2808.000   -58.554   128.535
2166.000   3252.000   -58.493   128.560
2167.000   3108.000   -58.433   128.586
2168.000   2784.000   -58.373   128.611
2169.000   2925.000   -58.312   128.636
2170.000   2649.000   -58.252   128.662
2171.000   2542.000   -58.191   128.687
2172.000   3277.000   -58.131   128.712
2173.000   3708.000   -58.071   128.736
2174.000   3261.000   -58.010   128.761
2175.000   4093.000   -57.950   128.786
2176.000   4281.000   -57.889   128.810
2177.000   4274.000   -57.829   128.835
2178.000   5321.000   -57.769   128.859
2179.000   5621.000   -57.708   128.884
2180.000   4823.000   -57.648   128.908
2181.000   3672.000   -57.587   128.932
2182.000   4754.000   -57.527   128.956
2183.000   3982.000   -57.466   128.980
2184.000   5592.000   -57.406   129.004
2185.000   4479.000   -57.345   129.027
2186.000   4499.000   -57.285   129.051
2187.000   3886.000   -57.225   129.074
2188.000   2871.000   -57.164   129.098
2189.000   2939.000   -57.104   129.121
2190.000   2975.000   -57.043   129.145
2191.000   3400.000   -56.982   129.168
2192.000   3679.000   -56.922   129.191
2193.000   3236.000   -56.861   129.214
2194.000   2657.000   -56.801   129.237
2195.000   2753.000   -56.740   129.260
2196.000   2621.000   -56.680   129.282
2197.000   2542.000   -56.619   129.305
2198.000   2492.000   -56.559   129.328
2199.000   2397.000   -56.498   129.350
2200.000   2379.000   -56.438   129.372
2201.000   2410.000   -56.377   129.395
2202.000   2463.000   -56.316   129.417
2203.000   2483.000   -56.256   129.439
2204.000   2675.000   -56.195   129.461
2205.000   2473.000   -56.135   129.483
2206.000   2429.000   -56.074   129.505
2207.000   2682.000   -56.013   129.527
2208.000   2730.000   -55.953   129.549
2209.000   2812.000   -55.892   129.570
2210.000   2865.000   -55.831   129.592
2211.000   2961.000   -55.771   129.613
2212.000   2846.000   -55.710   129.635
2213.000   3131.000   -55.649   129.656
2214.000   3047.000   -55.589   129.677
2215.000   3331.000   -55.528   129.699
2216.000   3255.000   -55.467   129.720
2217.000   3221.000   -55.407   129.741
2218.000   3302.000   -55.346   129.762
2219.000   3102.000   -55.285   129.783
2220.000   2925.000   -55.225   129.803
2221.000   2929.000   -55.164   129.824
2222.000   3304.000   -55.103   129.845
2223.000   3128.000   -55.042   129.865
2224.000   3023.000   -54.982   129.886
2225.000   3021.000   -54.921   129.906
2226.000   3100.000   -54.860   129.927
2227.000   3000.000   -54.800   129.947
2228.000   3106.000   -54.739   129.967
2229.000   3142.000   -54.678   129.987
2230.000   3128.000   -54.617   130.007
2231.000   3302.000   -54.556   130.027
2232.000   3412.000   -54.496   130.047
2233.000   3548.000   -54.435   130.067
2234.000   3413.000   -54.374   130.087
2235.000   3303.000   -54.313   130.107
2236.000   3230.000   -54.252   130.126
2237.000   3471.000   -54.192   130.146
2238.000   3654.000   -54.131   130.165
2239.000   3802.000   -54.070   130.185
2240.000   4050.000   -54.009   130.204
2241.000   5132.000   -53.948   130.223
2242.000   6606.000   -53.888   130.243
2243.000   6697.000   -53.827   130.262
2244.000   5042.000   -53.766   130.281
2245.000   6433.000   -53.705   130.300
2246.000   6825.000   -53.644   130.319
2247.000   6313.000   -53.583   130.338
2248.000   6053.000   -53.522   130.357
2249.000   7527.000   -53.462   130.375
2250.000   7837.000   -53.401   130.394
2251.000   7314.000   -53.340   130.413
2252.000   8357.000   -53.279   130.431
2253.000   7602.000   -53.218   130.450
2254.000   8986.000   -53.157   130.468
2255.000   8746.000   -53.096   130.486
2256.000   8129.000   -53.035   130.505
2257.000   8814.000   -52.974   130.523
2258.000   8723.000   -52.913   130.541
2259.000   8554.000   -52.852   130.559
2260.000   8325.000   -52.792   130.577
2261.000   8871.000   -52.731   130.595
2262.000   9158.000   -52.670   130.613
2263.000   11463.000   -52.609   130.631
2264.000   11163.000   -52.548   130.649
2265.000   10861.000   -52.487   130.667
2266.000   11268.000   -52.426   130.684
2267.000   11676.000   -52.365   130.702
2268.000   10703.000   -52.304   130.720
2269.000   11913.000   -52.243   130.737
2270.000   12313.000   -52.182   130.755
2271.000   10428.000   -52.121   130.772
2272.000   9624.000   -52.060   130.789
2273.000   8553.000   -51.999   130.807
2274.000   8242.000   -51.938   130.824
2275.000   8682.000   -51.877   130.841
2276.000   9031.000   -51.816   130.858
2277.000   9662.000   -51.755   130.875
2278.000   10151.000   -51.694   130.892
2279.000   10353.000   -51.633   130.909
2280.000   10041.000   -51.572   130.926
2281.000   9555.000   -51.511   130.943
2282.000   9495.000   -51.450   130.960
2283.000   9609.000   -51.389   130.976
2284.000   10097.000   -51.328   130.993
2285.000   9622.000   -51.267   131.010
2286.000   9011.000   -51.205   131.026
2287.000   7023.000   -51.144   131.043
2288.000   7147.000   -51.083   131.059
2289.000   6867.000   -51.022   131.075
2290.000   7024.000   -50.961   131.092
2291.000   6716.000   -50.900   131.108
2292.000   6936.000   -50.839   131.124
2293.000   7017.000   -50.778   131.140
2294.000   6953.000   -50.717   131.156
2295.000   6437.000   -50.656   131.173
2296.000   6059.000   -50.595   131.189
2297.000   5414.000   -50.533   131.204
2298.000   5319.000   -50.472   131.220
2299.000   4852.000   -50.411   131.236
2300.000   4472.000   -50.350   131.252
2301.000   4373.000   -50.289   131.268
2302.000   4302.000   -50.228   131.284
2303.000   3794.000   -50.167   131.299
2304.000   3604.000   -50.105   131.315
2305.000   3669.000   -50.044   131.330
2306.000   3884.000   -49.983   131.346
2307.000   3586.000   -49.922   131.361
2308.000   3585.000   -49.861   131.377
2309.000   3842.000   -49.800   131.392
2310.000   3681.000   -49.738   131.407
2311.000   3546.000   -49.677   131.423
2312.000   3168.000   -49.616   131.438
2313.000   2611.000   -49.555   131.453
2314.000   2641.000   -49.494   131.468
2315.000   2502.000   -49.433   131.483
2316.000   2705.000   -49.371   131.498
2317.000   2809.000   -49.310   131.513
2318.000   2777.000   -49.249   131.528
2319.000   2586.000   -49.188   131.543
2320.000   2447.000   -49.126   131.558
2321.000   2413.000   -49.065   131.572
2322.000   2397.000   -49.004   131.587
2323.000   2448.000   -48.943   131.602
2324.000   2363.000   -48.882   131.617
2325.000   2442.000   -48.820   131.631
2326.000   2409.000   -48.759   131.646
2327.000   2339.000   -48.698   131.660
2328.000   2462.000   -48.637   131.675
2329.000   2310.000   -48.575   131.689
2330.000   2196.000   -48.514   131.703
2331.000   2316.000   -48.453   131.718
2332.000   2481.000   -48.391   131.732
2333.000   2563.000   -48.330   131.746
2334.000   2508.000   -48.269   131.760
2335.000   2411.000   -48.208   131.775
2336.000   2432.000   -48.146   131.789
2337.000   2539.000   -48.085   131.803
2338.000   2364.000   -48.024   131.817
2339.000   2336.000   -47.962   131.831
2340.000   2246.000   -47.901   131.845
2341.000   2366.000   -47.840   131.859
2342.000   2285.000   -47.779   131.872
2343.000   2341.000   -47.717   131.886
2344.000   2315.000   -47.656   131.900
2345.000   2186.000   -47.595   131.914
2346.000   2098.000   -47.533   131.927
2347.000   2080.000   -47.472   131.941
2348.000   1984.000   -47.411   131.955
2349.000   2091.000   -47.349   131.968
2350.000   1984.000   -47.288   131.982
2351.000   1985.000   -47.227   131.995
2352.000   1912.000   -47.165   132.009
2353.000   1895.000   -47.104   132.022
2354.000   1946.000   -47.043   132.035
2355.000   1903.000   -46.981   132.049
2356.000   1976.000   -46.920   132.062
2357.000   1940.000   -46.858   132.075
2358.000   1928.000   -46.797   132.088
2359.000   1977.000   -46.736   132.102
2360.000   1942.000   -46.674   132.115
2361.000   1926.000   -46.613   132.128
2362.000   2080.000   -46.552   132.141
2363.000   2073.000   -46.490   132.154
2364.000   1994.000   -46.429   132.167
2365.000   2108.000   -46.367   132.180
2366.000   2110.000   -46.306   132.193
2367.000   2136.000   -46.245   132.205
2368.000   2121.000   -46.183   132.218
2369.000   2148.000   -46.122   132.231
2370.000   2130.000   -46.060   132.244
2371.000   2115.000   -45.999   132.257
2372.000   2096.000   -45.937   132.269
2373.000   2097.000   -45.876   132.282
2374.000   2113.000   -45.815   132.294
2375.000   2053.000   -45.753   132.307
2376.000   2046.000   -45.692   132.319
2377.000   2063.000   -45.630   132.332
2378.000   2038.000   -45.569   132.344
2379.000   2029.000   -45.507   132.357
2380.000   2015.000   -45.446   132.369
2381.000   2016.000   -45.384   132.381
2382.000   2011.000   -45.323   132.394
2383.000   1903.000   -45.261   132.406
2384.000   1854.000   -45.200   132.418
2385.000   1912.000   -45.139   132.430
2386.000   1946.000   -45.077   132.443
2387.000   1985.000   -45.016   132.455
2388.000   1816.000   -44.954   132.467
2389.000   1930.000   -44.893   132.479
2390.000   1873.000   -44.831   132.491
2391.000   1880.000   -44.770   132.503
2392.000   1857.000   -44.708   132.515
2393.000   1811.000   -44.647   132.527
2394.000   1824.000   -44.585   132.539
2395.000   1829.000   -44.524   132.551
2396.000   1848.000   -44.462   132.562
2397.000   1864.000   -44.401   132.574
2398.000   1834.000   -44.339   132.586
2399.000   1826.000   -44.278   132.598
2400.000   1782.000   -44.216   132.609
2401.000   1768.000   -44.155   132.621
2402.000   1775.000   -44.093   132.633
2403.000   1759.000   -44.031   132.644
2404.000   1828.000   -43.970   132.656
2405.000   1763.000   -43.908   132.667
2406.000   1753.000   -43.847   132.679
2407.000   1822.000   -43.785   132.690
2408.000   1844.000   -43.724   132.702
2409.000   1807.000   -43.662   132.713
2410.000   1751.000   -43.601   132.724
2411.000   1868.000   -43.539   132.736
2412.000   1815.000   -43.477   132.747
2413.000   1814.000   -43.416   132.758
2414.000   1794.000   -43.354   132.769
2415.000   1819.000   -43.293   132.781
2416.000   1836.000   -43.231   132.792
2417.000   1810.000   -43.170   132.803
2418.000   1818.000   -43.108   132.814
2419.000   1818.000   -43.046   132.825
2420.000   1871.000   -42.985   132.836
2421.000   1842.000   -42.923   132.847
2422.000   1927.000   -42.862   132.858
2423.000   1900.000   -42.800   132.869
2424.000   1941.000   -42.738   132.880
2425.000   1906.000   -42.677   132.891
2426.000   1910.000   -42.615   132.902
2427.000   1997.000   -42.554   132.913
2428.000   2001.000   -42.492   132.924
2429.000   2033.000   -42.430   132.934
2430.000   1906.000   -42.369   132.945
2431.000   1998.000   -42.307   132.956
2432.000   2025.000   -42.246   132.967
2433.000   1977.000   -42.184   132.977
2434.000   2025.000   -42.122   132.988
2435.000   2065.000   -42.061   132.998
2436.000   2091.000   -41.999   133.009
2437.000   2126.000   -41.937   133.020
2438.000   2101.000   -41.876   133.030
2439.000   2139.000   -41.814   133.041
2440.000   2159.000   -41.752   133.051
2441.000   2114.000   -41.691   133.062
2442.000   2099.000   -41.629   133.072
2443.000   2173.000   -41.567   133.082
2444.000   2312.000   -41.506   133.093
2445.000   2232.000   -41.444   133.103
2446.000   2225.000   -41.382   133.113
2447.000   2306.000   -41.321   133.124
2448.000   2238.000   -41.259   133.134
2449.000   2176.000   -41.197   133.144
2450.000   2321.000   -41.136   133.154
2451.000   2317.000   -41.074   133.164
2452.000   2341.000   -41.012   133.175
2453.000   2430.000   -40.951   133.185
2454.000   2465.000   -40.889   133.195
2455.000   2452.000   -40.827   133.205
2456.000   2460.000   -40.765   133.215
2457.000   2440.000   -40.704   133.225
2458.000   2535.000   -40.642   133.235
2459.000   2574.000   -40.580   133.245
2460.000   2644.000   -40.519   133.255
2461.000   2634.000   -40.457   133.265
2462.000   2608.000   -40.395   133.275
2463.000   2915.000   -40.334   133.284
2464.000   2825.000   -40.272   133.294
2465.000   2965.000   -40.210   133.304
2466.000   2916.000   -40.148   133.314
2467.000   2967.000   -40.087   133.324
2468.000   3123.000   -40.025   133.333
2469.000   3173.000   -39.963   133.343
2470.000   3245.000   -39.901   133.353
2471.000   3336.000   -39.840   133.362
2472.000   3425.000   -39.778   133.372
2473.000   3590.000   -39.716   133.382
2474.000   3431.000   -39.654   133.391
2475.000   3547.000   -39.593   133.401
2476.000   3546.000   -39.531   133.410
2477.000   3551.000   -39.469   133.420
2478.000   3655.000   -39.407   133.429
2479.000   3669.000   -39.346   133.439
2480.000   3823.000   -39.284   133.448
2481.000   3721.000   -39.222   133.458
2482.000   3851.000   -39.160   133.467
2483.000   3818.000   -39.098   133.476
2484.000   4190.000   -39.037   133.486
2485.000   4032.000   -38.975   133.495
2486.000   4179.000   -38.913   133.504
2487.000   4004.000   -38.851   133.514
2488.000   4237.000   -38.790   133.523
2489.000   4298.000   -38.728   133.532
2490.000   4450.000   -38.666   133.541
2491.000   4659.000   -38.604   133.551
2492.000   4716.000   -38.542   133.560
2493.000   4871.000   -38.481   133.569
2494.000   4901.000   -38.419   133.578
2495.000   5163.000   -38.357   133.587
2496.000   4952.000   -38.295   133.596
2497.000   5136.000   -38.233   133.605
2498.000   5255.000   -38.171   133.614
2499.000   5340.000   -38.110   133.623
2500.000   5571.000   -38.048   133.632
2501.000   5703.000   -37.986   133.641
2502.000   5854.000   -37.924   133.650
2503.000   5846.000   -37.862   133.659
2504.000   5771.000   -37.800   133.668
2505.000   6086.000   -37.739   133.677
2506.000   6076.000   -37.677   133.686
2507.000   5996.000   -37.615   133.694
2508.000   6160.000   -37.553   133.703
2509.000   6162.000   -37.491   133.712
2510.000   6150.000   -37.429   133.721
2511.000   6172.000   -37.368   133.730
2512.000   6180.000   -37.306   133.738
2513.000   6265.000   -37.244   133.747
2514.000   6203.000   -37.182   133.756
2515.000   6141.000   -37.120   133.764
2516.000   6330.000   -37.058   133.773
2517.000   6394.000   -36.996   133.782
2518.000   6377.000   -36.935   133.790
2519.000   6372.000   -36.873   133.799
2520.000   6395.000   -36.811   133.807
2521.000   6349.000   -36.749   133.816
2522.000   6368.000   -36.687   133.824
2523.000   6373.000   -36.625   133.833
2524.000   6218.000   -36.563   133.841
2525.000   6214.000   -36.501   133.850
2526.000   6401.000   -36.439   133.858
2527.000   6355.000   -36.378   133.867
2528.000   6231.000   -36.316   133.875
2529.000   6118.000   -36.254   133.883
2530.000   6068.000   -36.192   133.892
2531.000   5841.000   -36.130   133.900
2532.000   5856.000   -36.068   133.908
2533.000   5849.000   -36.006   133.917
2534.000   5816.000   -35.944   133.925
2535.000   5627.000   -35.882   133.933
2536.000   5561.000   -35.820   133.942
2537.000   5483.000   -35.758   133.950
2538.000   5438.000   -35.697   133.958
2539.000   5368.000   -35.635   133.966
2540.000   5035.000   -35.573   133.974
2541.000   5081.000   -35.511   133.982
2542.000   5072.000   -35.449   133.991
2543.000   5094.000   -35.387   133.999
2544.000   4660.000   -35.325   134.007
2545.000   4677.000   -35.263   134.015
2546.000   4413.000   -35.201   134.023
2547.000   4176.000   -35.139   134.031
2548.000   3996.000   -35.077   134.039
2549.000   3785.000   -35.015   134.047
2550.000   3704.000   -34.953   134.055
2551.000   3425.000   -34.891   134.063
2552.000   3406.000   -34.829   134.071
2553.000   3250.000   -34.767   134.079
2554.000   3094.000   -34.705   134.087
2555.000   2975.000   -34.644   134.095
2556.000   2802.000   -34.582   134.102
2557.000   2675.000   -34.520   134.110
2558.000   2586.000   -34.458   134.118
2559.000   2612.000   -34.396   134.126
2560.000   2463.000   -34.334   134.134
2561.000   2336.000   -34.272   134.142
2562.000   2276.000   -34.210   134.149
2563.000   2243.000   -34.148   134.157
2564.000   2154.000   -34.086   134.165
2565.000   2035.000   -34.024   134.173
2566.000   1987.000   -33.962   134.180
2567.000   1927.000   -33.900   134.188
2568.000   1813.000   -33.838   134.196
2569.000   1854.000   -33.776   134.203
2570.000   1818.000   -33.714   134.211
2571.000   1829.000   -33.652   134.218
2572.000   1731.000   -33.590   134.226
2573.000   1642.000   -33.528   134.234
2574.000   1645.000   -33.466   134.241
2575.000   1672.000   -33.404   134.249
2576.000   1672.000   -33.342   134.256
2577.000   1656.000   -33.280   134.264
2578.000   1577.000   -33.218   134.271
2579.000   1650.000   -33.156   134.279
2580.000   1633.000   -33.094   134.286
2581.000   1643.000   -33.032   134.294
2582.000   1616.000   -32.970   134.301
2583.000   1577.000   -32.908   134.309
2584.000   1520.000   -32.846   134.316
2585.000   1611.000   -32.784   134.323
2586.000   1526.000   -32.722   134.331
2587.000   1487.000   -32.659   134.338
2588.000   1533.000   -32.597   134.345
2589.000   1509.000   -32.535   134.353
2590.000   1462.000   -32.473   134.360
2591.000   1557.000   -32.411   134.367
2592.000   1520.000   -32.349   134.375
2593.000   1516.000   -32.287   134.382
2594.000   1482.000   -32.225   134.389
2595.000   1496.000   -32.163   134.396
2596.000   1532.000   -32.101   134.403
2597.000   1492.000   -32.039   134.411
2598.000   1488.000   -31.977   134.418
2599.000   1517.000   -31.915   134.425
2600.000   1536.000   -31.853   134.432
2601.000   1499.000   -31.791   134.439
2602.000   1493.000   -31.729   134.446
2603.000   1559.000   -31.667   134.454
2604.000   1518.000   -31.605   134.461
2605.000   1505.000   -31.542   134.468
2606.000   1523.000   -31.480   134.475
2607.000   1506.000   -31.418   134.482
2608.000   1478.000   -31.356   134.489
2609.000   1484.000   -31.294   134.496
2610.000   1456.000   -31.232   134.503
2611.000   1480.000   -31.170   134.510
2612.000   1468.000   -31.108   134.517
2613.000   1536.000   -31.046   134.524
2614.000   1492.000   -30.984   134.531
2615.000   1512.000   -30.922   134.538
2616.000   1465.000   -30.860   134.545
2617.000   1502.000   -30.797   134.551
2618.000   1459.000   -30.735   134.558
2619.000   1497.000   -30.673   134.565
2620.000   1478.000   -30.611   134.572
2621.000   1458.000   -30.549   134.579
2622.000   1448.000   -30.487   134.586
2623.000   1470.000   -30.425   134.593
2624.000   1533.000   -30.363   134.599
2625.000   1433.000   -30.301   134.606
2626.000   1526.000   -30.238   134.613
2627.000   1464.000   -30.176   134.620
2628.000   1475.000   -30.114   134.627
2629.000   1482.000   -30.052   134.633
2630.000   1435.000   -29.990   134.640
2631.000   1495.000   -29.928   134.647
2632.000   1573.000   -29.866   134.653
2633.000   1492.000   -29.804   134.660
2634.000   1526.000   -29.741   134.667
2635.000   1471.000   -29.679   134.673
2636.000   1411.000   -29.617   134.680
2637.000   1516.000   -29.555   134.687
2638.000   1464.000   -29.493   134.693
2639.000   1472.000   -29.431   134.700
2640.000   1445.000   -29.369   134.706
2641.000   1464.000   -29.306   134.713
2642.000   1556.000   -29.244   134.720
2643.000   1452.000   -29.182   134.726
2644.000   1453.000   -29.120   134.733
2645.000   1501.000   -29.058   134.739
2646.000   1482.000   -28.996   134.746
2647.000   1483.000   -28.933   134.752
2648.000   1421.000   -28.871   134.759
2649.000   1403.000   -28.809   134.765
2650.000   1451.000   -28.747   134.772
2651.000   1508.000   -28.685   134.778
2652.000   1469.000   -28.623   134.785
2653.000   1444.000   -28.560   134.791
2654.000   1455.000   -28.498   134.797
2655.000   1453.000   -28.436   134.804
2656.000   1433.000   -28.374   134.810
2657.000   1524.000   -28.312   134.817
2658.000   1424.000   -28.250   134.823
2659.000   1493.000   -28.187   134.829
2660.000   1389.000   -28.125   134.836
2661.000   1454.000   -28.063   134.842
2662.000   1400.000   -28.001   134.848
2663.000   1500.000   -27.939   134.855
2664.000   1506.000   -27.876   134.861
2665.000   1423.000   -27.814   134.867
2666.000   1445.000   -27.752   134.873
2667.000   1411.000   -27.690   134.880
2668.000   1458.000   -27.628   134.886
2669.000   1396.000   -27.565   134.892
2670.000   1476.000   -27.503   134.898
2671.000   1436.000   -27.441   134.905
2672.000   1504.000   -27.379   134.911
2673.000   1467.000   -27.317   134.917
2674.000   1493.000   -27.254   134.923
2675.000   1412.000   -27.192   134.929
2676.000   1370.000   -27.130   134.935
2677.000   1387.000   -27.068   134.942
2678.000   1419.000   -27.006   134.948
2679.000   1431.000   -26.943   134.954
2680.000   1379.000   -26.881   134.960
2681.000   1462.000   -26.819   134.966
2682.000   1419.000   -26.757   134.972
2683.000   1345.000   -26.694   134.978
2684.000   1396.000   -26.632   134.984
2685.000   1414.000   -26.570   134.990
2686.000   1470.000   -26.508   134.996
2687.000   1425.000   -26.445   135.002
2688.000   1412.000   -26.383   135.008
2689.000   1480.000   -26.321   135.014
2690.000   1498.000   -26.259   135.020
2691.000   1467.000   -26.197   135.026
2692.000   1361.000   -26.134   135.032
2693.000   1476.000   -26.072   135.038
2694.000   1466.000   -26.010   135.044
2695.000   1451.000   -25.948   135.050
2696.000   1401.000   -25.885   135.056
2697.000   1421.000   -25.823   135.062
2698.000   1448.000   -25.761   135.068
2699.000   1439.000   -25.699   135.074
2700.000   1469.000   -25.636   135.080
2701.000   1459.000   -25.574   135.086
2702.000   1456.000   -25.512   135.092
2703.000   1387.000   -25.449   135.097
2704.000   1406.000   -25.387   135.103
2705.000   1421.000   -25.325   135.109
2706.000   1444.000   -25.263   135.115
2707.000   1429.000   -25.200   135.121
2708.000   1418.000   -25.138   135.127
2709.000   1331.000   -25.076   135.132
2710.000   1430.000   -25.014   135.138
2711.000   1429.000   -24.951   135.144
2712.000   1416.000   -24.889   135.150
2713.000   1424.000   -24.827   135.156
2714.000   1424.000   -24.764   135.161
2715.000   1449.000   -24.702   135.167
2716.000   1372.000   -24.640   135.173
2717.000   1375.000   -24.578   135.179
2718.000   1414.000   -24.515   135.184
2719.000   1442.000   -24.453   135.190
2720.000   1357.000   -24.391   135.196
2721.000   1362.000   -24.328   135.201
2722.000   1422.000   -24.266   135.207
2723.000   1459.000   -24.204   135.213
2724.000   1473.000   -24.142   135.218
2725.000   1432.000   -24.079   135.224
2726.000   1403.000   -24.017   135.230
2727.000   1393.000   -23.955   135.235
2728.000   1397.000   -23.892   135.241
2729.000   1423.000   -23.830   135.246
2730.000   1394.000   -23.768   135.252
2731.000   1418.000   -23.705   135.258
2732.000   1455.000   -23.643   135.263
2733.000   1418.000   -23.581   135.269
2734.000   1456.000   -23.518   135.274
2735.000   1421.000   -23.456   135.280
2736.000   1357.000   -23.394   135.285
2737.000   1417.000   -23.332   135.291
2738.000   1345.000   -23.269   135.297
2739.000   1410.000   -23.207   135.302
2740.000   1426.000   -23.145   135.308
2741.000   1401.000   -23.082   135.313
2742.000   1423.000   -23.020   135.319
2743.000   1414.000   -22.958   135.324
2744.000   1392.000   -22.895   135.329
2745.000   1416.000   -22.833   135.335
2746.000   1410.000   -22.771   135.340
2747.000   1378.000   -22.708   135.346
2748.000   1423.000   -22.646   135.351
2749.000   1359.000   -22.584   135.357
2750.000   1386.000   -22.521   135.362
2751.000   1454.000   -22.459   135.368
2752.000   1347.000   -22.397   135.373
2753.000   1398.000   -22.334   135.378
2754.000   1377.000   -22.272   135.384
2755.000   1389.000   -22.209   135.389
2756.000   1421.000   -22.147   135.395
2757.000   1394.000   -22.085   135.400
2758.000   1369.000   -22.022   135.405
2759.000   1321.000   -21.960   135.411
2760.000   1377.000   -21.898   135.416
2761.000   1371.000   -21.835   135.421
2762.000   1438.000   -21.773   135.427
2763.000   1380.000   -21.711   135.432
2764.000   1409.000   -21.648   135.437
2765.000   1459.000   -21.586   135.442
2766.000   1328.000   -21.524   135.448
2767.000   1420.000   -21.461   135.453
2768.000   1450.000   -21.399   135.458
2769.000   1379.000   -21.336   135.464
2770.000   1460.000   -21.274   135.469
2771.000   1335.000   -21.212   135.474
2772.000   1340.000   -21.149   135.479
2773.000   1318.000   -21.087   135.485
2774.000   1427.000   -21.025   135.490
2775.000   1452.000   -20.962   135.495
2776.000   1341.000   -20.900   135.500
2777.000   1424.000   -20.837   135.505
2778.000   1401.000   -20.775   135.511
2779.000   1319.000   -20.713   135.516
2780.000   1340.000   -20.650   135.521
2781.000   1505.000   -20.588   135.526
2782.000   1360.000   -20.526   135.531
2783.000   1367.000   -20.463   135.537
2784.000   1379.000   -20.401   135.542
2785.000   1403.000   -20.338   135.547
2786.000   1374.000   -20.276   135.552
2787.000   1430.000   -20.214   135.557
2788.000   1364.000   -20.151   135.562
2789.000   1343.000   -20.089   135.567
2790.000   1335.000   -20.026   135.572
2791.000   1402.000   -19.964   135.578
2792.000   1378.000   -19.902   135.583
2793.000   1294.000   -19.839   135.588
2794.000   1437.000   -19.777   135.593
2795.000   1407.000   -19.714   135.598
2796.000   1497.000   -19.652   135.603
2797.000   1384.000   -19.589   135.608
2798.000   1373.000   -19.527   135.613
2799.000   1310.000   -19.465   135.618
2800.000   1379.000   -19.402   135.623
2801.000   1421.000   -19.340   135.628
2802.000   1392.000   -19.277   135.633
2803.000   1419.000   -19.215   135.638
2804.000   1326.000   -19.153   135.643
2805.000   1371.000   -19.090   135.648
2806.000   1308.000   -19.028   135.653
2807.000   1370.000   -18.965   135.658
2808.000   1319.000   -18.903   135.663
2809.000   1281.000   -18.840   135.668
2810.000   1282.000   -18.778   135.673
2811.000   1350.000   -18.716   135.678
2812.000   1315.000   -18.653   135.683
2813.000   1293.000   -18.591   135.688
2814.000   1406.000   -18.528   135.693
2815.000   1353.000   -18.466   135.698
2816.000   1316.000   -18.403   135.703
2817.000   1412.000   -18.341   135.708
2818.000   1451.000   -18.279   135.713
2819.000   1357.000   -18.216   135.717
2820.000   1347.000   -18.154   135.722
2821.000   1314.000   -18.091   135.727
2822.000   1352.000   -18.029   135.732
2823.000   1352.000   -17.966   135.737
2824.000   1381.000   -17.904   135.742
2825.000   1383.000   -17.841   135.747
2826.000   1368.000   -17.779   135.752
2827.000   1353.000   -17.717   135.757
2828.000   1433.000   -17.654   135.761
2829.000   1319.000   -17.592   135.766
2830.000   1319.000   -17.529   135.771
2831.000   1364.000   -17.467   135.776
2832.000   1301.000   -17.404   135.781
2833.000   1365.000   -17.342   135.786
2834.000   1325.000   -17.279   135.790
2835.000   1335.000   -17.217   135.795
2836.000   1342.000   -17.154   135.800
2837.000   1378.000   -17.092   135.805
2838.000   1327.000   -17.030   135.810
2839.000   1369.000   -16.967   135.814
2840.000   1310.000   -16.905   135.819
2841.000   1288.000   -16.842   135.824
2842.000   1424.000   -16.780   135.829
2843.000   1432.000   -16.717   135.833
2844.000   1381.000   -16.655   135.838
2845.000   1402.000   -16.592   135.843
2846.000   1368.000   -16.530   135.848
2847.000   1391.000   -16.467   135.852
2848.000   1341.000   -16.405   135.857
2849.000   1363.000   -16.342   135.862
2850.000   1323.000   -16.280   135.867
2851.000   1323.000   -16.217   135.871
2852.000   1392.000   -16.155   135.876
2853.000   1341.000   -16.092   135.881
2854.000   1305.000   -16.030   135.885
2855.000   1318.000   -15.967   135.890
2856.000   1366.000   -15.905   135.895
2857.000   1299.000   -15.842   135.900
2858.000   1304.000   -15.780   135.904
2859.000   1340.000   -15.717   135.909
2860.000   1437.000   -15.655   135.914
2861.000   1327.000   -15.592   135.918
2862.000   1404.000   -15.530   135.923
2863.000   1343.000   -15.467   135.928
2864.000   1343.000   -15.405   135.932
2865.000   1393.000   -15.342   135.937
2866.000   1320.000   -15.280   135.941
2867.000   1390.000   -15.217   135.946
2868.000   1300.000   -15.155   135.951
2869.000   1278.000   -15.092   135.955
2870.000   1318.000   -15.030   135.960
2871.000   1335.000   -14.967   135.965
2872.000   1333.000   -14.905   135.969
2873.000   1386.000   -14.842   135.974
2874.000   1348.000   -14.780   135.978
2875.000   1317.000   -14.717   135.983
2876.000   1359.000   -14.655   135.988
2877.000   1341.000   -14.592   135.992
2878.000   1368.000   -14.530   135.997
2879.000   1385.000   -14.467   136.001
2880.000   1346.000   -14.405   136.006
2881.000   1370.000   -14.342   136.010
2882.000   1375.000   -14.280   136.015
2883.000   1393.000   -14.217   136.020
2884.000   1342.000   -14.155   136.024
2885.000   1364.000   -14.092   136.029
2886.000   1363.000   -14.030   136.033
2887.000   1334.000   -13.967   136.038
2888.000   1307.000   -13.905   136.042
2889.000   1339.000   -13.842   136.047
2890.000   1311.000   -13.780   136.051
2891.000   1360.000   -13.717   136.056
2892.000   1363.000   -13.655   136.060
2893.000   1331.000   -13.592   136.065
2894.000   1320.000   -13.530   136.069
2895.000   1326.000   -13.467   136.074
2896.000   1396.000   -13.404   136.078
2897.000   1425.000   -13.342   136.083
2898.000   1362.000   -13.279   136.087
2899.000   1310.000   -13.217   136.092
2900.000   1286.000   -13.154   136.096
2901.000   1377.000   -13.092   136.101
2902.000   1293.000   -13.029   136.105
2903.000   1289.000   -12.967   136.110
2904.000   1345.000   -12.904   136.114
2905.000   1319.000   -12.842   136.119
2906.000   1377.000   -12.779   136.123
2907.000   1293.000   -12.717   136.127
2908.000   1313.000   -12.654   136.132
2909.000   1304.000   -12.591   136.136
2910.000   1398.000   -12.529   136.141
2911.000   1305.000   -12.466   136.145
2912.000   1328.000   -12.404   136.150
2913.000   1422.000   -12.341   136.154
2914.000   1392.000   -12.279   136.158
2915.000   1336.000   -12.216   136.163
2916.000   1325.000   -12.154   136.167
2917.000   1357.000   -12.091   136.172
2918.000   1350.000   -12.029   136.176
2919.000   1345.000   -11.966   136.181
2920.000   1323.000   -11.903   136.185
2921.000   1381.000   -11.841   136.189
2922.000   1347.000   -11.778   136.194
2923.000   1345.000   -11.716   136.198
2924.000   1287.000   -11.653   136.202
2925.000   1319.000   -11.591   136.207
2926.000   1368.000   -11.528   136.211
2927.000   1303.000   -11.465   136.216
2928.000   1320.000   -11.403   136.220
2929.000   1324.000   -11.340   136.224
2930.000   1302.000   -11.278   136.229
2931.000   1279.000   -11.215   136.233
2932.000   1320.000   -11.153   136.237
2933.000   1357.000   -11.090   136.242
2934.000   1300.000   -11.028   136.246
2935.000   1314.000   -10.965   136.250
2936.000   1360.000   -10.902   136.255
2937.000   1371.000   -10.840   136.259
2938.000   1378.000   -10.777   136.263
2939.000   1343.000   -10.715   136.268
2940.000   1368.000   -10.652   136.272
2941.000   1295.000   -10.589   136.276
2942.000   1268.000   -10.527   136.281
2943.000   1333.000   -10.464   136.285
2944.000   1288.000   -10.402   136.289
2945.000   1394.000   -10.339   136.294
2946.000   1328.000   -10.277   136.298
2947.000   1355.000   -10.214   136.302
2948.000   1317.000   -10.151   136.306
2949.000   1267.000   -10.089   136.311
2950.000   1302.000   -10.026   136.315
2951.000   1303.000   -9.964   136.319
2952.000   1301.000   -9.901   136.324
2953.000   1366.000   -9.839   136.328
2954.000   1316.000   -9.776   136.332
2955.000   1383.000   -9.713   136.336
2956.000   1376.000   -9.651   136.341
2957.000   1390.000   -9.588   136.345
2958.000   1302.000   -9.526   136.349
2959.000   1337.000   -9.463   136.354
2960.000   1305.000   -9.400   136.358
2961.000   1361.000   -9.338   136.362
2962.000   1355.000   -9.275   136.366
2963.000   1339.000   -9.213   136.371
2964.000   1297.000   -9.150   136.375
2965.000   1318.000   -9.087   136.379
2966.000   1337.000   -9.025   136.383
2967.000   1333.000   -8.962   136.388
2968.000   1307.000   -8.900   136.392
2969.000   1357.000   -8.837   136.396
2970.000   1321.000   -8.774   136.400
2971.000   1312.000   -8.712   136.404
2972.000   1348.000   -8.649   136.409
2973.000   1318.000   -8.587   136.413
2974.000   1308.000   -8.524   136.417
2975.000   1267.000   -8.461   136.421
2976.000   1338.000   -8.399   136.426
2977.000   1337.000   -8.336   136.430
2978.000   1395.000   -8.274   136.434
2979.000   1258.000   -8.211   136.438
2980.000   1319.000   -8.148   136.442
2981.000   1269.000   -8.086   136.447
2982.000   1351.000   -8.023   136.451
2983.000   1314.000   -7.960   136.455
2984.000   1341.000   -7.898   136.459
2985.000   1351.000   -7.835   136.463
2986.000   1364.000   -7.773   136.468
2987.000   1407.000   -7.710   136.472
2988.000   1356.000   -7.647   136.476
2989.000   1310.000   -7.585   136.480
2990.000   1364.000   -7.522   136.484
2991.000   1360.000   -7.460   136.488
2992.000   1276.000   -7.397   136.493
2993.000   1301.000   -7.334   136.497
2994.000   1290.000   -7.272   136.501
2995.000   1306.000   -7.209   136.505
2996.000   1325.000   -7.146   136.509
2997.000   1252.000   -7.084   136.513
2998.000   1359.000   -7.021   136.518
2999.000   1343.000   -6.959   136.522
3000.000   1321.000   -6.896   136.526
3001.000   1273.000   -6.833   136.530
3002.000   1325.000   -6.771   136.534
3003.000   1270.000   -6.708   136.538
3004.000   1302.000   -6.645   136.542
3005.000   1348.000   -6.583   136.547
3006.000   1379.000   -6.520   136.551
3007.000   1399.000   -6.458   136.555
3008.000   1291.000   -6.395   136.559
3009.000   1325.000   -6.332   136.563
3010.000   1330.000   -6.270   136.567
3011.000   1366.000   -6.207   136.571
3012.000   1388.000   -6.144   136.576
3013.000   1298.000   -6.082   136.580
3014.000   1327.000   -6.019   136.584
3015.000   1376.000   -5.957   136.588
3016.000   1375.000   -5.894   136.592
3017.000   1325.000   -5.831   136.596
3018.000   1328.000   -5.769   136.600
3019.000   1299.000   -5.706   136.604
3020.000   1317.000   -5.643   136.609
3021.000   1289.000   -5.581   136.613
3022.000   1317.000   -5.518   136.617
3023.000   1330.000   -5.455   136.621
3024.000   1291.000   -5.393   136.625
3025.000   1331.000   -5.330   136.629
3026.000   1367.000   -5.267   136.633
3027.000   1328.000   -5.205   136.637
3028.000   1348.000   -5.142   136.641
3029.000   1336.000   -5.080   136.646
3030.000   1306.000   -5.017   136.650
3031.000   1361.000   -4.954   136.654
3032.000   1317.000   -4.892   136.658
3033.000   1290.000   -4.829   136.662
3034.000   1277.000   -4.766   136.666
3035.000   1322.000   -4.704   136.670
3036.000   1276.000   -4.641   136.674
3037.000   1322.000   -4.578   136.678
3038.000   1290.000   -4.516   136.682
3039.000   1329.000   -4.453   136.687
3040.000   1285.000   -4.390   136.691
3041.000   1329.000   -4.328   136.695
3042.000   1270.000   -4.265   136.699
3043.000   1342.000   -4.202   136.703
3044.000   1325.000   -4.140   136.707
3045.000   1318.000   -4.077   136.711
3046.000   1385.000   -4.014   136.715
3047.000   1335.000   -3.952   136.719
3048.000   1368.000   -3.889   136.723
3049.000   1319.000   -3.827   136.727
3050.000   1288.000   -3.764   136.731
3051.000   1278.000   -3.701   136.735
3052.000   1318.000   -3.639   136.740
3053.000   1345.000   -3.576   136.744
3054.000   1316.000   -3.513   136.748
3055.000   1355.000   -3.451   136.752
3056.000   1285.000   -3.388   136.756
3057.000   1307.000   -3.325   136.760
3058.000   1261.000   -3.263   136.764
3059.000   1334.000   -3.200   136.768
3060.000   1300.000   -3.137   136.772
3061.000   1311.000   -3.075   136.776
3062.000   1382.000   -3.012   136.780
3063.000   1340.000   -2.949   136.784
3064.000   1290.000   -2.887   136.788
3065.000   1325.000   -2.824   136.792
3066.000   1349.000   -2.761   136.796
3067.000   1326.000   -2.699   136.800
3068.000   1308.000   -2.636   136.805
3069.000   1299.000   -2.573   136.809
3070.000   1334.000   -2.511   136.813
3071.000   1290.000   -2.448   136.817
3072.000   1305.000   -2.385   136.821
3073.000   1344.000   -2.323   136.825
3074.000   1336.000   -2.260   136.829
3075.000   1301.000   -2.197   136.833
3076.000   1326.000   -2.135   136.837
3077.000   1356.000   -2.072   136.841
3078.000   1317.000   -2.009   136.845
3079.000   1300.000   -1.947   136.849
3080.000   1328.000   -1.884   136.853
3081.000   1308.000   -1.821   136.857
3082.000   1299.000   -1.759   136.861
3083.000   1403.000   -1.696   136.865
3084.000   1328.000   -1.633   136.869
3085.000   1272.000   -1.571   136.873
3086.000   1262.000   -1.508   136.877
3087.000   1322.000   -1.445   136.882
3088.000   1323.000   -1.383   136.886
3089.000   1285.000   -1.320   136.890
3090.000   1299.000   -1.257   136.894
3091.000   1312.000   -1.195   136.898
3092.000   1357.000   -1.132   136.902
3093.000   1303.000   -1.069   136.906
3094.000   1342.000   -1.006   136.910
3095.000   1271.000   -0.944   136.914
3096.000   1378.000   -0.881   136.918
3097.000   1375.000   -0.818   136.922
3098.000   1266.000   -0.756   136.926
3099.000   1343.000   -0.693   136.930
3100.000   1294.000   -0.630   136.934
3101.000   1265.000   -0.568   136.938
3102.000   1311.000   -0.505   136.942
3103.000   1273.000   -0.442   136.946
3104.000   1387.000   -0.380   136.950
3105.000   1242.000   -0.317   136.954
3106.000   1303.000   -0.254   136.958
3107.000   1261.000   -0.192   136.962
3108.000   1208.000   -0.129   136.966
3109.000   1315.000   -0.066   136.970
3110.000   1344.000   -0.004   136.974
3111.000   1317.000   00.059   136.979
3112.000   1319.000   00.122   136.983
3113.000   1287.000   00.184   136.987
3114.000   1305.000   00.247   136.991
3115.000   1291.000   00.310   136.995
3116.000   1284.000   00.373   136.999
3117.000   1284.000   00.435   137.003
3118.000   1307.000   00.498   137.007
3119.000   1331.000   00.561   137.011
3120.000   1363.000   00.623   137.015
3121.000   1256.000   00.686   137.019
3122.000   1329.000   00.749   137.023
3123.000   1408.000   00.811   137.027
3124.000   1337.000   00.874   137.031
3125.000   1274.000   00.937   137.035
3126.000   1341.000   00.999   137.039
3127.000   1288.000   01.062   137.043
3128.000   1360.000   01.125   137.047
3129.000   1356.000   01.187   137.051
3130.000   1315.000   01.250   137.055
3131.000   1240.000   01.313   137.059
3132.000   1303.000   01.376   137.063
3133.000   1323.000   01.438   137.067
3134.000   1370.000   01.501   137.072
3135.000   1344.000   01.564   137.076
3136.000   1392.000   01.626   137.080
3137.000   1360.000   01.689   137.084
3138.000   1294.000   01.752   137.088
3139.000   1289.000   01.814   137.092
3140.000   1315.000   01.877   137.096
3141.000   1326.000   01.940   137.100
3142.000   1288.000   02.002   137.104
3143.000   1291.000   02.065   137.108
3144.000   1374.000   02.128   137.112
3145.000   1367.000   02.191   137.116
3146.000   1315.000   02.253   137.120
3147.000   1357.000   02.316   137.124
3148.000   1336.000   02.379   137.128
3149.000   1336.000   02.441   137.132
3150.000   1285.000   02.504   137.136
3151.000   1340.000   02.567   137.140
3152.000   1343.000   02.629   137.144
3153.000   1407.000   02.692   137.149
3154.000   1340.000   02.755   137.153
3155.000   1274.000   02.817   137.157
3156.000   1302.000   02.880   137.161
3157.000   1281.000   02.943   137.165
3158.000   1240.000   03.006   137.169
3159.000   1229.000   03.068   137.173
3160.000   1312.000   03.131   137.177
3161.000   1333.000   03.194   137.181
3162.000   1289.000   03.256   137.185
3163.000   1292.000   03.319   137.189
3164.000   1289.000   03.382   137.193
3165.000   1318.000   03.444   137.197
3166.000   1342.000   03.507   137.201
3167.000   1276.000   03.570   137.205
3168.000   1321.000   03.633   137.210
3169.000   1312.000   03.695   137.214
3170.000   1285.000   03.758   137.218
3171.000   1279.000   03.821   137.222
3172.000   1306.000   03.883   137.226
3173.000   1388.000   03.946   137.230
3174.000   1328.000   04.009   137.234
3175.000   1308.000   04.071   137.238
3176.000   1330.000   04.134   137.242
3177.000   1352.000   04.197   137.246
3178.000   1347.000   04.260   137.250
3179.000   1292.000   04.322   137.254
3180.000   1351.000   04.385   137.259
3181.000   1300.000   04.448   137.263
3182.000   1337.000   04.510   137.267
3183.000   1304.000   04.573   137.271
3184.000   1303.000   04.636   137.275
3185.000   1337.000   04.698   137.279
3186.000   1273.000   04.761   137.283
3187.000   1382.000   04.824   137.287
3188.000   1314.000   04.887   137.291
3189.000   1362.000   04.949   137.295
3190.000   1360.000   05.012   137.300
3191.000   1302.000   05.075   137.304
3192.000   1277.000   05.137   137.308
3193.000   1345.000   05.200   137.312
3194.000   1294.000   05.263   137.316
3195.000   1277.000   05.325   137.320
3196.000   1320.000   05.388   137.324
3197.000   1309.000   05.451   137.328
3198.000   1377.000   05.514   137.332
3199.000   1340.000   05.576   137.337
3200.000   1339.000   05.639   137.341
3201.000   1309.000   05.702   137.345
3202.000   1309.000   05.764   137.349
3203.000   1277.000   05.827   137.353
3204.000   1368.000   05.890   137.357
3205.000   1319.000   05.952   137.361
3206.000   1276.000   06.015   137.366
3207.000   1270.000   06.078   137.370
3208.000   1373.000   06.141   137.374
3209.000   1355.000   06.203   137.378
3210.000   1306.000   06.266   137.382
3211.000   1300.000   06.329   137.386
3212.000   1297.000   06.391   137.390
3213.000   1318.000   06.454   137.395
3214.000   1339.000   06.517   137.399
3215.000   1234.000   06.579   137.403
3216.000   1285.000   06.642   137.407
3217.000   1390.000   06.705   137.411
3218.000   1259.000   06.768   137.415
3219.000   1307.000   06.830   137.419
3220.000   1325.000   06.893   137.424
3221.000   1383.000   06.956   137.428
3222.000   1315.000   07.018   137.432
3223.000   1283.000   07.081   137.436
3224.000   1315.000   07.144   137.440
3225.000   1300.000   07.206   137.444
3226.000   1306.000   07.269   137.449
3227.000   1281.000   07.332   137.453
3228.000   1284.000   07.395   137.457
3229.000   1260.000   07.457   137.461
3230.000   1286.000   07.520   137.465
3231.000   1225.000   07.583   137.470
3232.000   1291.000   07.645   137.474
3233.000   1229.000   07.708   137.478
3234.000   1296.000   07.771   137.482
3235.000   1257.000   07.833   137.486
3236.000   1266.000   07.896   137.491
3237.000   1299.000   07.959   137.495
3238.000   1298.000   08.022   137.499
3239.000   1326.000   08.084   137.503
3240.000   1358.000   08.147   137.507
3241.000   1349.000   08.210   137.512
3242.000   1343.000   08.272   137.516
3243.000   1299.000   08.335   137.520
3244.000   1295.000   08.398   137.524
3245.000   1302.000   08.460   137.528
3246.000   1247.000   08.523   137.533
3247.000   1282.000   08.586   137.537
3248.000   1329.000   08.649   137.541
3249.000   1375.000   08.711   137.545
3250.000   1331.000   08.774   137.550
3251.000   1347.000   08.837   137.554
3252.000   1370.000   08.899   137.558
3253.000   1288.000   08.962   137.562
3254.000   1266.000   09.025   137.567
3255.000   1275.000   09.087   137.571
3256.000   1376.000   09.150   137.575
3257.000   1317.000   09.213   137.579
3258.000   1304.000   09.276   137.584
3259.000   1378.000   09.338   137.588
3260.000   1304.000   09.401   137.592
3261.000   1338.000   09.464   137.596
3262.000   1268.000   09.526   137.601
3263.000   1301.000   09.589   137.605
3264.000   1296.000   09.652   137.609
3265.000   1293.000   09.714   137.614
3266.000   1293.000   09.777   137.618
3267.000   1294.000   09.840   137.622
3268.000   1315.000   09.903   137.626
3269.000   1370.000   09.965   137.631
3270.000   1304.000   10.028   137.635
3271.000   1324.000   10.091   137.639
3272.000   1282.000   10.153   137.644
3273.000   1295.000   10.216   137.648
3274.000   1266.000   10.279   137.652
3275.000   1318.000   10.341   137.657
3276.000   1334.000   10.404   137.661
3277.000   1364.000   10.467   137.665
3278.000   1335.000   10.529   137.670
3279.000   1288.000   10.592   137.674
3280.000   1303.000   10.655   137.678
3281.000   1280.000   10.718   137.683
3282.000   1264.000   10.780   137.687
3283.000   1315.000   10.843   137.691
3284.000   1308.000   10.906   137.696
3285.000   1323.000   10.968   137.700
3286.000   1262.000   11.031   137.704
3287.000   1253.000   11.094   137.709
3288.000   1268.000   11.156   137.713
3289.000   1301.000   11.219   137.717
3290.000   1319.000   11.282   137.722
3291.000   1337.000   11.344   137.726
3292.000   1290.000   11.407   137.731
3293.000   1346.000   11.470   137.735
3294.000   1269.000   11.533   137.739
3295.000   1283.000   11.595   137.744
3296.000   1306.000   11.658   137.748
3297.000   1327.000   11.721   137.752
3298.000   1186.000   11.783   137.757
3299.000   1321.000   11.846   137.761
3300.000   1247.000   11.909   137.766
3301.000   1271.000   11.971   137.770
3302.000   1305.000   12.034   137.775
3303.000   1352.000   12.097   137.779
3304.000   1282.000   12.159   137.783
3305.000   1337.000   12.222   137.788
3306.000   1322.000   12.285   137.792
3307.000   1358.000   12.347   137.797
3308.000   1293.000   12.410   137.801
3309.000   1311.000   12.473   137.806
3310.000   1311.000   12.536   137.810
3311.000   1295.000   12.598   137.814
3312.000   1321.000   12.661   137.819
3313.000   1284.000   12.724   137.823
3314.000   1291.000   12.786   137.828
3315.000   1249.000   12.849   137.832
3316.000   1304.000   12.912   137.837
3317.000   1275.000   12.974   137.841
3318.000   1248.000   13.037   137.846
3319.000   1279.000   13.100   137.850
3320.000   1287.000   13.162   137.855
3321.000   1239.000   13.225   137.859
3322.000   1228.000   13.288   137.864
3323.000   1271.000   13.350   137.868
3324.000   1255.000   13.413   137.873
3325.000   1292.000   13.476   137.877
3326.000   1292.000   13.538   137.882
3327.000   1261.000   13.601   137.886
3328.000   1278.000   13.664   137.891
3329.000   1334.000   13.726   137.895
3330.000   1323.000   13.789   137.900
3331.000   1298.000   13.852   137.904
3332.000   1394.000   13.914   137.909
3333.000   1220.000   13.977   137.914
3334.000   1282.000   14.040   137.918
3335.000   1307.000   14.102   137.923
3336.000   1287.000   14.165   137.927
3337.000   1290.000   14.228   137.932
3338.000   1350.000   14.291   137.936
3339.000   1324.000   14.353   137.941
3340.000   1214.000   14.416   137.946
3341.000   1307.000   14.479   137.950
3342.000   1229.000   14.541   137.955
3343.000   1304.000   14.604   137.959
3344.000   1377.000   14.667   137.964
3345.000   1354.000   14.729   137.969
3346.000   1337.000   14.792   137.973
3347.000   1282.000   14.855   137.978
3348.000   1307.000   14.917   137.982
3349.000   1304.000   14.980   137.987
3350.000   1173.000   15.043   137.992
3351.000   1312.000   15.105   137.996
3352.000   1276.000   15.168   138.001
3353.000   1248.000   15.231   138.006
3354.000   1305.000   15.293   138.010
3355.000   1331.000   15.356   138.015
3356.000   1280.000   15.419   138.020
3357.000   1286.000   15.481   138.024
3358.000   1276.000   15.544   138.029
3359.000   1325.000   15.607   138.034
3360.000   1256.000   15.669   138.038
3361.000   1302.000   15.732   138.043
3362.000   1348.000   15.795   138.048
3363.000   1277.000   15.857   138.052
3364.000   1315.000   15.920   138.057
3365.000   1281.000   15.983   138.062
3366.000   1311.000   16.045   138.067
3367.000   1301.000   16.108   138.071
3368.000   1284.000   16.170   138.076
3369.000   1274.000   16.233   138.081
3370.000   1276.000   16.296   138.086
3371.000   1287.000   16.358   138.090
3372.000   1282.000   16.421   138.095
3373.000   1345.000   16.484   138.100
3374.000   1348.000   16.546   138.105
3375.000   1279.000   16.609   138.109
3376.000   1310.000   16.672   138.114
3377.000   1296.000   16.734   138.119
3378.000   1325.000   16.797   138.124
3379.000   1314.000   16.860   138.129
3380.000   1322.000   16.922   138.133
3381.000   1352.000   16.985   138.138
3382.000   1272.000   17.048   138.143
3383.000   1329.000   17.110   138.148
3384.000   1366.000   17.173   138.153
3385.000   1344.000   17.236   138.157
3386.000   1335.000   17.298   138.162
3387.000   1319.000   17.361   138.167
3388.000   1296.000   17.424   138.172
3389.000   1270.000   17.486   138.177
3390.000   1288.000   17.549   138.182
3391.000   1296.000   17.611   138.187
3392.000   1259.000   17.674   138.191
3393.000   1355.000   17.737   138.196
3394.000   1349.000   17.799   138.201
3395.000   1304.000   17.862   138.206
3396.000   1257.000   17.925   138.211
3397.000   1298.000   17.987   138.216
3398.000   1258.000   18.050   138.221
3399.000   1372.000   18.113   138.226
3400.000   1337.000   18.175   138.231
3401.000   1298.000   18.238   138.236
3402.000   1370.000   18.301   138.241
3403.000   1351.000   18.363   138.245
3404.000   1268.000   18.426   138.250
3405.000   1289.000   18.488   138.255
3406.000   1325.000   18.551   138.260
3407.000   1295.000   18.614   138.265
3408.000   1333.000   18.676   138.270
3409.000   1221.000   18.739   138.275
3410.000   1315.000   18.802   138.280
3411.000   1359.000   18.864   138.285
3412.000   1323.000   18.927   138.290
3413.000   1331.000   18.990   138.295
3414.000   1365.000   19.052   138.300
3415.000   1260.000   19.115   138.305
3416.000   1266.000   19.177   138.310
3417.000   1208.000   19.240   138.315
3418.000   1328.000   19.303   138.320
3419.000   1300.000   19.365   138.326
3420.000   1377.000   19.428   138.331
3421.000   1322.000   19.491   138.336
3422.000   1287.000   19.553   138.341
3423.000   1343.000   19.616   138.346
3424.000   1301.000   19.678   138.351
3425.000   1350.000   19.741   138.356
3426.000   1312.000   19.804   138.361
3427.000   1327.000   19.866   138.366
3428.000   1347.000   19.929   138.371
3429.000   1336.000   19.991   138.376
3430.000   1248.000   20.054   138.382
3431.000   1327.000   20.117   138.387
3432.000   1245.000   20.179   138.392
3433.000   1288.000   20.242   138.397
3434.000   1297.000   20.305   138.402
3435.000   1304.000   20.367   138.407
3436.000   1359.000   20.430   138.413
3437.000   1371.000   20.492   138.418
3438.000   1335.000   20.555   138.423
3439.000   1318.000   20.618   138.428
3440.000   1272.000   20.680   138.433
3441.000   1345.000   20.743   138.439
3442.000   1281.000   20.805   138.444
3443.000   1319.000   20.868   138.449
3444.000   1375.000   20.931   138.454
3445.000   1279.000   20.993   138.460
3446.000   1298.000   21.056   138.465
3447.000   1325.000   21.118   138.470
3448.000   1270.000   21.181   138.475
3449.000   1381.000   21.244   138.481
3450.000   1312.000   21.306   138.486
3451.000   1306.000   21.369   138.491
3452.000   1292.000   21.431   138.497
3453.000   1277.000   21.494   138.502
3454.000   1293.000   21.557   138.507
3455.000   1293.000   21.619   138.512
3456.000   1309.000   21.682   138.518
3457.000   1347.000   21.744   138.523
3458.000   1310.000   21.807   138.529
3459.000   1325.000   21.870   138.534
3460.000   1266.000   21.932   138.539
3461.000   1254.000   21.995   138.545
3462.000   1338.000   22.057   138.550
3463.000   1286.000   22.120   138.555
3464.000   1347.000   22.183   138.561
3465.000   1358.000   22.245   138.566
3466.000   1286.000   22.308   138.572
3467.000   1309.000   22.370   138.577
3468.000   1249.000   22.433   138.583
3469.000   1300.000   22.496   138.588
3470.000   1293.000   22.558   138.593
3471.000   1344.000   22.621   138.599
3472.000   1335.000   22.683   138.604
3473.000   1357.000   22.746   138.610
3474.000   1271.000   22.808   138.615
3475.000   1235.000   22.871   138.621
3476.000   1280.000   22.934   138.626
3477.000   1312.000   22.996   138.632
3478.000   1354.000   23.059   138.637
3479.000   1333.000   23.121   138.643
3480.000   1389.000   23.184   138.648
3481.000   1333.000   23.246   138.654
3482.000   1332.000   23.309   138.660
3483.000   1311.000   23.372   138.665
3484.000   1322.000   23.434   138.671
3485.000   1308.000   23.497   138.676
3486.000   1288.000   23.559   138.682
3487.000   1355.000   23.622   138.688
3488.000   1272.000   23.684   138.693
3489.000   1274.000   23.747   138.699
3490.000   1345.000   23.810   138.704
3491.000   1273.000   23.872   138.710
3492.000   1331.000   23.935   138.716
3493.000   1270.000   23.997   138.721
3494.000   1358.000   24.060   138.727
3495.000   1371.000   24.122   138.733
3496.000   1264.000   24.185   138.738
3497.000   1297.000   24.247   138.744
3498.000   1314.000   24.310   138.750
3499.000   1336.000   24.373   138.756
3500.000   1254.000   24.435   138.761
3501.000   1329.000   24.498   138.767
3502.000   1272.000   24.560   138.773
3503.000   1301.000   24.623   138.779
3504.000   1340.000   24.685   138.784
3505.000   1337.000   24.748   138.790
3506.000   1404.000   24.810   138.796
3507.000   1268.000   24.873   138.802
3508.000   1307.000   24.936   138.807
3509.000   1375.000   24.998   138.813
3510.000   1323.000   25.061   138.819
3511.000   1292.000   25.123   138.825
3512.000   1285.000   25.186   138.831
3513.000   1319.000   25.248   138.837
3514.000   1273.000   25.311   138.843
3515.000   1331.000   25.373   138.848
3516.000   1304.000   25.436   138.854
3517.000   1307.000   25.498   138.860
3518.000   1313.000   25.561   138.866
3519.000   1333.000   25.623   138.872
3520.000   1292.000   25.686   138.878
3521.000   1259.000   25.748   138.884
3522.000   1258.000   25.811   138.890
3523.000   1262.000   25.874   138.896
3524.000   1332.000   25.936   138.902
3525.000   1246.000   25.999   138.908
3526.000   1367.000   26.061   138.914
3527.000   1283.000   26.124   138.920
3528.000   1277.000   26.186   138.926
3529.000   1321.000   26.249   138.932
3530.000   1270.000   26.311   138.938
3531.000   1326.000   26.374   138.944
3532.000   1305.000   26.436   138.950
3533.000   1288.000   26.499   138.956
3534.000   1343.000   26.561   138.962
3535.000   1315.000   26.624   138.968
3536.000   1382.000   26.686   138.974
3537.000   1258.000   26.749   138.981
3538.000   1377.000   26.811   138.987
3539.000   1314.000   26.874   138.993
3540.000   18214.000   26.936   138.999
3541.000   22740.000   26.999   139.005
3542.000   3814.000   27.061   139.011
3543.000   23743.000   27.124   139.018
3544.000   1299.000   27.186   139.024
3545.000   1224.000   27.249   139.030
3546.000   1314.000   27.311   139.036
3547.000   1286.000   27.374   139.042
3548.000   1303.000   27.436   139.049
3549.000   1260.000   27.499   139.055
3550.000   1301.000   27.561   139.061
3551.000   1255.000   27.624   139.067
3552.000   1298.000   27.686   139.074
3553.000   1268.000   27.749   139.080
3554.000   1261.000   27.811   139.086
3555.000   1231.000   27.874   139.093
3556.000   1268.000   27.936   139.099
3557.000   1267.000   27.999   139.105
3558.000   1332.000   28.061   139.112
3559.000   1309.000   28.124   139.118
3560.000   1276.000   28.186   139.125
3561.000   1214.000   28.249   139.131
3562.000   1195.000   28.311   139.137
3563.000   1270.000   28.374   139.144
3564.000   1297.000   28.436   139.150
3565.000   1269.000   28.499   139.157
3566.000   1320.000   28.561   139.163
3567.000   1268.000   28.624   139.170
3568.000   1271.000   28.686   139.176
3569.000   1221.000   28.748   139.183
3570.000   1319.000   28.811   139.189
3571.000   1295.000   28.873   139.196
3572.000   1291.000   28.936   139.202
3573.000   1294.000   28.998   139.209
3574.000   1381.000   29.061   139.215
3575.000   1257.000   29.123   139.222
3576.000   1287.000   29.186   139.228
3577.000   1373.000   29.248   139.235
3578.000   1269.000   29.311   139.242
3579.000   1302.000   29.373   139.248
3580.000   1273.000   29.436   139.255
3581.000   1254.000   29.498   139.262
3582.000   1260.000   29.560   139.268
3583.000   1308.000   29.623   139.275
3584.000   1263.000   29.685   139.282
3585.000   1318.000   29.748   139.288
3586.000   1331.000   29.810   139.295
3587.000   1304.000   29.873   139.302
3588.000   1298.000   29.935   139.309
3589.000   1243.000   29.998   139.315
3590.000   1310.000   30.060   139.322
3591.000   1358.000   30.122   139.329
3592.000   1275.000   30.185   139.336
3593.000   1248.000   30.247   139.343
3594.000   1291.000   30.310   139.349
3595.000   1331.000   30.372   139.356
3596.000   1288.000   30.435   139.363
3597.000   1291.000   30.497   139.370
3598.000   1285.000   30.560   139.377
3599.000   1304.000   30.622   139.384
4080.000   2119.000   60.336   146.240
4081.000   2030.000   60.397   146.269
4082.000   2055.000   60.457   146.298
4083.000   2019.000   60.518   146.328
4084.000   2092.000   60.578   146.357
4085.000   2082.000   60.639   146.387
4086.000   2007.000   60.699   146.417
4087.000   2012.000   60.760   146.447
4088.000   2003.000   60.820   146.477
4089.000   1972.000   60.881   146.508
4090.000   1968.000   60.941   146.538
4091.000   1945.000   61.002   146.568
4092.000   1994.000   61.062   146.599
4093.000   1986.000   61.123   146.630
4094.000   1919.000   61.183   146.661
4095.000   1913.000   61.244   146.692
4096.000   1933.000   61.304   146.723
4097.000   1951.000   61.365   146.755
4098.000   1862.000   61.425   146.786
4099.000   1836.000   61.486   146.818
4100.000   1834.000   61.546   146.849
4101.000   1873.000   61.606   146.881
4102.000   1973.000   61.667   146.913
4103.000   1886.000   61.727   146.945
4104.000   1865.000   61.788   146.978
4105.000   1819.000   61.848   147.010
4106.000   1888.000   61.908   147.043
4107.000   1853.000   61.969   147.076
4108.000   1881.000   62.029   147.108
4109.000   1847.000   62.089   147.142
4110.000   1823.000   62.150   147.175
4111.000   1784.000   62.210   147.208
4112.000   1877.000   62.270   147.242
4113.000   1790.000   62.330   147.275
4114.000   1835.000   62.391   147.309
4115.000   1868.000   62.451   147.343
4116.000   1868.000   62.511   147.377
4117.000   1872.000   62.571   147.411
4118.000   1868.000   62.632   147.446
4119.000   1827.000   62.692   147.480
4120.000   1893.000   62.752   147.515
4121.000   1891.000   62.812   147.550
4122.000   1926.000   62.872   147.585
4123.000   1896.000   62.933   147.620
4124.000   1967.000   62.993   147.655
4125.000   1963.000   63.053   147.691
4126.000   2071.000   63.113   147.727
4127.000   2048.000   63.173   147.763
4128.000   2047.000   63.233   147.799
4129.000   2030.000   63.293   147.835
4130.000   2135.000   63.353   147.871
4131.000   2078.000   63.414   147.908
4132.000   2160.000   63.474   147.944
4133.000   2166.000   63.534   147.981
4134.000   2179.000   63.594   148.018
4135.000   2264.000   63.654   148.056
4136.000   2309.000   63.714   148.093
4137.000   2327.000   63.774   148.130
4138.000   2419.000   63.834   148.168
4139.000   2461.000   63.894   148.206
4140.000   2470.000   63.954   148.244
4141.000   2580.000   64.014   148.283
4142.000   2650.000   64.073   148.321
4143.000   2507.000   64.133   148.360
4144.000   2579.000   64.193   148.398
4145.000   2687.000   64.253   148.437
4146.000   2669.000   64.313   148.477
4147.000   2740.000   64.373   148.516
4148.000   2674.000   64.433   148.556
4149.000   2812.000   64.493   148.595
4150.000   2744.000   64.552   148.635
4151.000   2814.000   64.612   148.676
4152.000   2903.000   64.672   148.716
4153.000   2838.000   64.732   148.757
4154.000   2798.000   64.792   148.797
4155.000   2828.000   64.851   148.838
4156.000   2832.000   64.911   148.879
4157.000   2844.000   64.971   148.921
4158.000   2763.000   65.030   148.962
4159.000   2872.000   65.090   149.004
4160.000   2896.000   65.150   149.046
4161.000   2955.000   65.210   149.088
4162.000   2990.000   65.269   149.131
4163.000   3079.000   65.329   149.173
4164.000   2890.000   65.388   149.216
4165.000   2900.000   65.448   149.259
4166.000   2821.000   65.508   149.302
4167.000   2900.000   65.567   149.346
4168.000   2927.000   65.627   149.389
4169.000   2861.000   65.686   149.433
4170.000   2795.000   65.746   149.477
4171.000   2834.000   65.805   149.522
4172.000   2863.000   65.865   149.566
4173.000   3003.000   65.924   149.611
4174.000   3081.000   65.984   149.656
4175.000   3014.000   66.043   149.701
4176.000   3361.000   66.103   149.747
4177.000   3405.000   66.162   149.792
4178.000   3504.000   66.221   149.838
4179.000   3733.000   66.281   149.885
4180.000   3826.000   66.340   149.931
4181.000   3812.000   66.399   149.978
4182.000   3671.000   66.459   150.025
4183.000   4093.000   66.518   150.072
4184.000   4029.000   66.577   150.119
4185.000   4133.000   66.637   150.167
4186.000   4382.000   66.696   150.215
4187.000   4454.000   66.755   150.263
4188.000   4515.000   66.814   150.311
4189.000   4611.000   66.874   150.360
4190.000   4711.000   66.933   150.409
4191.000   4713.000   66.992   150.458
4192.000   4672.000   67.051   150.507
4193.000   4844.000   67.110   150.557
4194.000   5028.000   67.169   150.607
4195.000   5385.000   67.228   150.657
4196.000   5516.000   67.288   150.707
4197.000   5264.000   67.347   150.758
4198.000   5433.000   67.406   150.809
4199.000   5766.000   67.465   150.860
4200.000   6444.000   67.524   150.912
4201.000   7053.000   67.583   150.964
4202.000   7512.000   67.642   151.016
4203.000   7669.000   67.700   151.068
4204.000   8028.000   67.759   151.121
4205.000   8172.000   67.818   151.174
4206.000   8329.000   67.877   151.227
4207.000   8473.000   67.936   151.281
4208.000   8048.000   67.995   151.335
4209.000   8457.000   68.054   151.389
4210.000   8820.000   68.112   151.443
4211.000   9130.000   68.171   151.498
4212.000   9184.000   68.230   151.553
4213.000   9829.000   68.289   151.608
4214.000   10714.000   68.347   151.664
4215.000   10489.000   68.406   151.720
4216.000   10550.000   68.465   151.776
4217.000   10680.000   68.523   151.833
4218.000   11507.000   68.582   151.889
4219.000   12158.000   68.641   151.947
4220.000   11841.000   68.699   152.004
4221.000   11774.000   68.758   152.062
4222.000   11757.000   68.816   152.120
4223.000   11336.000   68.875   152.179
4224.000   12301.000   68.933   152.238
4225.000   12887.000   68.992   152.297
4226.000   13187.000   69.050   152.356
4227.000   13528.000   69.108   152.416
4228.000   14602.000   69.167   152.476
4229.000   15699.000   69.225   152.537
4230.000   16235.000   69.283   152.598
4231.000   17083.000   69.342   152.659
4232.000   18103.000   69.400   152.720
4233.000   18342.000   69.458   152.782
4234.000   18161.000   69.517   152.845
4235.000   18749.000   69.575   152.907
4236.000   18757.000   69.633   152.970
4237.000   19159.000   69.691   153.034
4238.000   18567.000   69.749   153.098
4239.000   17861.000   69.807   153.162
4240.000   17681.000   69.865   153.226
4241.000   17435.000   69.923   153.291
4242.000   17906.000   69.981   153.356
4243.000   19057.000   70.039   153.422
4244.000   19408.000   70.097   153.488
4245.000   18746.000   70.155   153.555
4246.000   18456.000   70.213   153.621
4247.000   17312.000   70.271   153.689
4248.000   18206.000   70.329   153.756
4249.000   20854.000   70.387   153.824
4250.000   20939.000   70.444   153.893
4251.000   19828.000   70.502   153.962
4252.000   18040.000   70.560   154.031
4253.000   18691.000   70.618   154.101
4254.000   17195.000   70.675   154.171
4255.000   17139.000   70.733   154.241
4256.000   18187.000   70.790   154.312
4257.000   21647.000   70.848   154.384
4258.000   18137.000   70.906   154.456
4259.000   17239.000   70.963   154.528
4260.000   19030.000   71.021   154.601
4261.000   22738.000   71.078   154.674
4262.000   20640.000   71.135   154.748
4263.000   17720.000   71.193   154.822
4264.000   15847.000   71.250   154.896
4265.000   14913.000   71.307   154.971
4266.000   14363.000   71.365   155.047
4267.000   13654.000   71.422   155.123
4268.000   13627.000   71.479   155.199
4269.000   15740.000   71.536   155.276
4270.000   14119.000   71.593   155.354
4271.000   13768.000   71.651   155.432
4272.000   16406.000   71.708   155.510
4273.000   16546.000   71.765   155.589
4274.000   13055.000   71.822   155.668
4275.000   11953.000   71.879   155.748
4276.000   10561.000   71.935   155.829
4277.000   9619.000   71.992   155.910
4278.000   11901.000   72.049   155.991
4279.000   10445.000   72.106   156.073
4280.000   7886.000   72.163   156.156
4281.000   7937.000   72.220   156.239
4282.000   9400.000   72.276   156.322
4283.000   8143.000   72.333   156.406
4284.000   7711.000   72.389   156.491
4285.000   7028.000   72.446   156.576
4286.000   6479.000   72.503   156.662
4287.000   6121.000   72.559   156.749
4288.000   6088.000   72.615   156.835
4289.000   10285.000   72.672   156.923
4290.000   6164.000   72.728   157.011
4291.000   5395.000   72.785   157.100
4292.000   5407.000   72.841   157.189
4293.000   5639.000   72.897   157.279
4294.000   11021.000   72.953   157.369
4295.000   10969.000   73.009   157.460
4296.000   11238.000   73.065   157.552
4297.000   8937.000   73.121   157.644
4298.000   10224.000   73.177   157.737
4299.000   6794.000   73.233   157.831
4300.000   5386.000   73.289   157.925
4301.000   5415.000   73.345   158.020
4302.000   5990.000   73.401   158.115
4303.000   5907.000   73.457   158.211
4304.000   5317.000   73.513   158.308
4305.000   5189.000   73.568   158.406
4306.000   5372.000   73.624   158.504
4307.000   7308.000   73.679   158.603
4308.000   6871.000   73.735   158.702
4309.000   8433.000   73.790   158.802
4310.000   8676.000   73.846   158.903
4311.000   7852.000   73.901   159.005
4312.000   6525.000   73.956   159.107
4313.000   7503.000   74.012   159.210
4314.000   8962.000   74.067   159.314
4315.000   8604.000   74.122   159.418
4316.000   9285.000   74.177   159.523
4317.000   7814.000   74.232   159.629
4318.000   8656.000   74.287   159.736
4319.000   6846.000   74.342   159.843
4320.000   6714.000   74.397   159.951
4321.000   6270.000   74.452   160.060
4322.000   5675.000   74.507   160.170
4323.000   5003.000   74.561   160.281
4324.000   4951.000   74.616   160.392
4325.000   5166.000   74.670   160.504
4326.000   5679.000   74.725   160.617
4327.000   9086.000   74.779   160.731
4328.000   8142.000   74.834   160.845
4329.000   13983.000   74.888   160.961
4330.000   16575.000   74.942   161.077
4331.000   12606.000   74.997   161.194
4332.000   10326.000   75.051   161.312
4333.000   8737.000   75.105   161.431
4334.000   8259.000   75.159   161.551
4335.000   9461.000   75.213   161.671
4336.000   9514.000   75.267   161.793
4337.000   8769.000   75.320   161.915
4338.000   5254.000   75.374   162.038
4339.000   4821.000   75.428   162.163
4340.000   4252.000   75.481   162.288
4341.000   4299.000   75.535   162.414
4342.000   4779.000   75.588   162.541
4343.000   4534.000   75.642   162.669
4344.000   4131.000   75.695   162.798
4345.000   3815.000   75.748   162.928
4346.000   3602.000   75.801   163.059
4347.000   3651.000   75.854   163.191
4348.000   3585.000   75.907   163.323
4349.000   5365.000   75.960   163.457
4350.000   3875.000   76.013   163.592
4351.000   3256.000   76.066   163.728
4352.000   2735.000   76.118   163.865
4353.000   2724.000   76.171   164.003
4354.000   2694.000   76.224   164.142
4355.000   2870.000   76.276   164.282
4356.000   3208.000   76.328   164.424
4357.000   3594.000   76.381   164.566
4358.000   3157.000   76.433   164.710
4359.000   3085.000   76.485   164.854
4360.000   3129.000   76.537   165.000
4361.000   3193.000   76.589   165.147
4362.000   3615.000   76.640   165.295
4363.000   3796.000   76.692   165.444
4364.000   3059.000   76.744   165.594
4365.000   3217.000   76.795   165.746
4366.000   3572.000   76.847   165.898
4367.000   4019.000   76.898   166.052
4368.000   3616.000   76.949   166.207
4369.000   3241.000   77.000   166.364
4370.000   3245.000   77.051   166.521
4371.000   3664.000   77.102   166.680
4372.000   4326.000   77.153   166.840
4373.000   3712.000   77.204   167.002
4374.000   3853.000   77.255   167.165
4375.000   3607.000   77.305   167.329
4376.000   4730.000   77.356   167.494
4377.000   4066.000   77.406   167.661
4378.000   2877.000   77.456   167.829
4379.000   2817.000   77.506   167.998
4380.000   2782.000   77.556   168.169
4381.000   2755.000   77.606   168.341
4382.000   2842.000   77.656   168.514
4383.000   3788.000   77.705   168.689
4384.000   3503.000   77.755   168.866
4385.000   3451.000   77.804   169.044
4386.000   3405.000   77.854   169.223
4387.000   3055.000   77.903   169.404
4388.000   3021.000   77.952   169.586
4389.000   2845.000   78.001   169.770
4390.000   2686.000   78.049   169.955
4391.000   2719.000   78.098   170.142
4392.000   2870.000   78.147   170.330
4393.000   3031.000   78.195   170.520
4394.000   3193.000   78.243   170.711
4395.000   3359.000   78.291   170.904
4396.000   3423.000   78.339   171.099
4397.000   3121.000   78.387   171.295
4398.000   2706.000   78.435   171.493
4399.000   2616.000   78.482   171.692
4400.000   2602.000   78.530   171.894
4401.000   2335.000   78.577   172.096
4402.000   2301.000   78.624   172.301
4403.000   2526.000   78.671   172.507
4404.000   2544.000   78.718   172.715
4405.000   2710.000   78.765   172.925
4406.000   2498.000   78.811   173.136
4407.000   2342.000   78.858   173.350
4408.000   2223.000   78.904   173.565
4409.000   2230.000   78.950   173.782
4410.000   2340.000   78.996   174.000
4411.000   2279.000   79.041   174.221
4412.000   2216.000   79.087   174.443
4413.000   2248.000   79.132   174.667
4414.000   2124.000   79.178   174.893
4415.000   2268.000   79.223   175.121
4416.000   2285.000   79.268   175.351
4417.000   2314.000   79.312   175.583
4418.000   2245.000   79.357   175.817
4419.000   2230.000   79.401   176.053
4420.000   2313.000   79.445   176.291
4421.000   2259.000   79.489   176.531
4422.000   2277.000   79.533   176.772
4423.000   2216.000   79.577   177.016
4424.000   2327.000   79.620   177.262
4425.000   2338.000   79.663   177.510
4426.000   2241.000   79.706   177.760
4427.000   2240.000   79.749   178.012
4428.000   2246.000   79.792   178.267
4429.000   2281.000   79.834   178.523
4430.000   2206.000   79.876   178.782
4431.000   2290.000   79.918   179.043
4432.000   2364.000   79.960   179.305
4433.000   2315.000   80.001   179.571
4434.000   2220.000   80.043   179.838
4435.000   2342.000   80.084   -179.892
4436.000   2213.000   80.125   -179.621
4437.000   2279.000   80.165   -179.346
4438.000   2271.000   80.206   -179.070
4439.000   2333.000   80.246   -178.791
4440.000   2346.000   80.286   -178.510
4441.000   2236.000   80.326   -178.227
4442.000   2239.000   80.365   -177.941
4443.000   2322.000   80.404   -177.653
4444.000   2324.000   80.443   -177.363
4445.000   2330.000   80.482   -177.070
4446.000   2409.000   80.521   -176.775
4447.000   2315.000   80.559   -176.478
4448.000   2283.000   80.597   -176.178
4449.000   2293.000   80.634   -175.875
4450.000   2316.000   80.672   -175.570
4451.000   2308.000   80.709   -175.263
4452.000   2223.000   80.746   -174.953
4453.000   2313.000   80.783   -174.641
4454.000   2328.000   80.819   -174.326
4455.000   2372.000   80.855   -174.009
4456.000   2304.000   80.891   -173.689
4457.000   2402.000   80.926   -173.367
4458.000   2362.000   80.961   -173.042
4459.000   2266.000   80.996   -172.715
4460.000   2191.000   81.031   -172.385
4461.000   2233.000   81.065   -172.052
4462.000   2272.000   81.099   -171.717
4463.000   2219.000   81.133   -171.380
4464.000   2185.000   81.166   -171.039
4465.000   2199.000   81.199   -170.697
4466.000   2190.000   81.232   -170.351
4467.000   2198.000   81.264   -170.003
4468.000   2236.000   81.297   -169.653
4469.000   2180.000   81.328   -169.300
4470.000   2227.000   81.360   -168.944
4471.000   2202.000   81.391   -168.586
4472.000   2300.000   81.422   -168.225
4473.000   2128.000   81.452   -167.862
4474.000   2250.000   81.482   -167.496
4475.000   2123.000   81.512   -167.127
4476.000   2258.000   81.541   -166.756
4477.000   2147.000   81.570   -166.382
4478.000   2228.000   81.599   -166.006
4479.000   2256.000   81.627   -165.627
4480.000   2177.000   81.655   -165.245
4481.000   2191.000   81.682   -164.861
4482.000   2162.000   81.709   -164.475
4483.000   2222.000   81.736   -164.086
4484.000   2221.000   81.762   -163.694
4485.000   2113.000   81.788   -163.300
4486.000   2192.000   81.814   -162.903
4487.000   2141.000   81.839   -162.504
4488.000   2122.000   81.864   -162.103
4489.000   2245.000   81.888   -161.699
4490.000   2176.000   81.912   -161.292
4491.000   2141.000   81.936   -160.884
4492.000   2180.000   81.959   -160.473
4493.000   2155.000   81.981   -160.059
4494.000   2144.000   82.004   -159.643
4495.000   2166.000   82.026   -159.225
4496.000   2121.000   82.047   -158.805
4497.000   2071.000   82.068   -158.382
4498.000   2199.000   82.088   -157.957
4499.000   2084.000   82.109   -157.530
4500.000   2139.000   82.128   -157.101
4501.000   2114.000   82.147   -156.669
4502.000   2105.000   82.166   -156.236
4503.000   2238.000   82.185   -155.800
4504.000   2223.000   82.202   -155.363
4505.000   2184.000   82.220   -154.923
4506.000   2059.000   82.237   -154.482
4507.000   2182.000   82.253   -154.038
4508.000   2096.000   82.269   -153.593
4509.000   2166.000   82.285   -153.146
4510.000   2063.000   82.300   -152.697
4511.000   2225.000   82.314   -152.246
4512.000   2171.000   82.328   -151.794
4513.000   2148.000   82.342   -151.340
4514.000   2092.000   82.355   -150.884
4515.000   2073.000   82.368   -150.427
4516.000   2082.000   82.380   -149.969
4517.000   2123.000   82.392   -149.509
4518.000   2089.000   82.403   -149.047
4519.000   2106.000   82.413   -148.585
4520.000   2103.000   82.424   -148.121
4521.000   2118.000   82.433   -147.655
4522.000   2066.000   82.442   -147.189
4523.000   2057.000   82.451   -146.722
4524.000   2072.000   82.459   -146.253
4525.000   1976.000   82.467   -145.784
4526.000   2131.000   82.474   -145.313
4527.000   2058.000   82.481   -144.842
4528.000   2191.000   82.487   -144.370
4529.000   2105.000   82.492   -143.897
4530.000   2008.000   82.497   -143.423
4531.000   2093.000   82.502   -142.949
4532.000   2100.000   82.506   -142.475
4533.000   2074.000   82.509   -141.999
4534.000   2145.000   82.512   -141.524
4535.000   2065.000   82.515   -141.048
4536.000   2125.000   82.517   -140.572
4537.000   2110.000   82.518   -140.095
4538.000   2028.000   82.519   -139.619
4539.000   2129.000   82.520   -139.142
