Time range: [ 09:14:16.000  10:02:12.000 ]
Time range duration: 47.0 min, 56.0 sec
Longitude range: [ -91.706  100.402 ]
33256.000   3522.000   82.520   100.402
33257.000   3429.000   82.520   100.879
33258.000   3439.000   82.520   101.356
33259.000   3524.000   82.519   101.832
33260.000   3423.000   82.517   102.309
33261.000   3540.000   82.515   102.785
33262.000   3494.000   82.513   103.261
33263.000   3388.000   82.510   103.736
33264.000   3493.000   82.506   104.211
33265.000   3508.000   82.502   104.686
33266.000   3515.000   82.497   105.160
33267.000   3518.000   82.492   105.633
33268.000   3565.000   82.487   106.106
33269.000   3494.000   82.480   106.578
33270.000   3508.000   82.474   107.049
33271.000   3480.000   82.466   107.519
33272.000   3583.000   82.459   107.989
33273.000   3637.000   82.451   108.457
33274.000   3563.000   82.442   108.924
33275.000   3612.000   82.433   109.390
33276.000   3458.000   82.423   109.855
33277.000   3476.000   82.413   110.319
33278.000   3576.000   82.402   110.782
33279.000   3567.000   82.391   111.243
33280.000   3574.000   82.379   111.703
33281.000   3647.000   82.367   112.161
33282.000   3629.000   82.354   112.618
33283.000   3553.000   82.341   113.073
33284.000   3472.000   82.327   113.527
33285.000   3542.000   82.313   113.979
33286.000   3644.000   82.298   114.429
33287.000   3564.000   82.283   114.878
33288.000   3668.000   82.268   115.325
33289.000   3582.000   82.252   115.770
33290.000   3657.000   82.235   116.213
33291.000   3662.000   82.218   116.654
33292.000   3575.000   82.201   117.093
33293.000   3665.000   82.183   117.530
33294.000   3654.000   82.164   117.965
33295.000   3699.000   82.146   118.399
33296.000   3692.000   82.126   118.830
33297.000   3690.000   82.107   119.258
33298.000   3552.000   82.086   119.685
33299.000   3726.000   82.066   120.110
33300.000   3646.000   82.045   120.532
33301.000   3692.000   82.023   120.952
33302.000   3714.000   82.001   121.370
33303.000   3730.000   81.979   121.785
33304.000   3740.000   81.956   122.198
33305.000   3797.000   81.933   122.609
33306.000   3796.000   81.910   123.017
33307.000   3805.000   81.886   123.423
33308.000   3874.000   81.861   123.827
33309.000   3763.000   81.836   124.228
33310.000   3761.000   81.811   124.626
33311.000   3840.000   81.785   125.023
33312.000   3679.000   81.759   125.416
33313.000   3811.000   81.733   125.807
33314.000   3856.000   81.706   126.196
33315.000   3730.000   81.679   126.582
33316.000   3714.000   81.652   126.966
33317.000   3768.000   81.624   127.347
33318.000   3852.000   81.595   127.725
33319.000   3848.000   81.567   128.101
33320.000   3802.000   81.538   128.474
33321.000   3807.000   81.508   128.845
33322.000   3891.000   81.479   129.213
33323.000   3859.000   81.449   129.579
33324.000   3923.000   81.418   129.942
33325.000   3816.000   81.387   130.302
33326.000   3890.000   81.356   130.660
33327.000   3935.000   81.325   131.015
33328.000   3959.000   81.293   131.368
33329.000   3984.000   81.261   131.718
33330.000   3961.000   81.229   132.065
33331.000   3920.000   81.196   132.410
33332.000   3980.000   81.163   132.752
33333.000   3926.000   81.129   133.092
33334.000   3852.000   81.096   133.429
33335.000   3962.000   81.062   133.764
33336.000   4015.000   81.027   134.096
33337.000   3957.000   80.993   134.425
33338.000   3930.000   80.958   134.752
33339.000   4011.000   80.923   135.077
33340.000   4039.000   80.887   135.399
33341.000   4048.000   80.851   135.718
33342.000   4018.000   80.815   136.035
33343.000   4090.000   80.779   136.349
33344.000   4097.000   80.742   136.661
33345.000   3993.000   80.705   136.970
33346.000   4101.000   80.668   137.277
33347.000   4144.000   80.631   137.581
33348.000   4084.000   80.593   137.883
33349.000   4159.000   80.555   138.183
33350.000   4077.000   80.517   138.480
33351.000   4109.000   80.478   138.775
33352.000   4049.000   80.439   139.067
33353.000   4162.000   80.400   139.357
33354.000   4050.000   80.361   139.645
33355.000   4148.000   80.322   139.930
33356.000   4148.000   80.282   140.213
33357.000   4160.000   80.242   140.493
33358.000   4146.000   80.202   140.772
33359.000   4115.000   80.161   141.048
33840.000   8285.000   52.810   178.273
33841.000   8287.000   52.749   178.291
33842.000   8279.000   52.687   178.309
33843.000   7902.000   52.626   178.327
33844.000   7785.000   52.565   178.345
33845.000   7471.000   52.504   178.363
33846.000   7427.000   52.442   178.381
33847.000   7063.000   52.381   178.399
33848.000   7034.000   52.320   178.416
33849.000   6979.000   52.258   178.434
33850.000   7102.000   52.197   178.452
33851.000   7188.000   52.136   178.469
33852.000   7657.000   52.075   178.487
33853.000   7955.000   52.013   178.504
33854.000   8175.000   51.952   178.521
33855.000   8279.000   51.891   178.539
33856.000   8743.000   51.829   178.556
33857.000   8313.000   51.768   178.573
33858.000   7658.000   51.707   178.590
33859.000   7223.000   51.645   178.607
33860.000   6776.000   51.584   178.624
33861.000   6647.000   51.523   178.641
33862.000   6149.000   51.461   178.658
33863.000   6451.000   51.400   178.675
33864.000   6486.000   51.339   178.691
33865.000   6833.000   51.277   178.708
33866.000   6471.000   51.216   178.725
33867.000   6767.000   51.154   178.741
33868.000   6756.000   51.093   178.758
33869.000   5350.000   51.032   178.774
33870.000   4516.000   50.970   178.791
33871.000   4306.000   50.909   178.807
33872.000   3820.000   50.848   178.824
33873.000   3352.000   50.786   178.840
33874.000   3181.000   50.725   178.856
33875.000   3100.000   50.663   178.872
33876.000   2807.000   50.602   178.888
33877.000   2763.000   50.541   178.904
33878.000   2630.000   50.479   178.920
33879.000   2547.000   50.418   178.936
33880.000   2343.000   50.356   178.952
33881.000   2372.000   50.295   178.968
33882.000   2157.000   50.233   178.984
33883.000   2148.000   50.172   179.000
33884.000   2050.000   50.111   179.015
33885.000   1994.000   50.049   179.031
33886.000   1904.000   49.988   179.047
33887.000   1811.000   49.926   179.062
33888.000   1880.000   49.865   179.078
33889.000   1834.000   49.803   179.093
33890.000   1790.000   49.742   179.108
33891.000   1727.000   49.680   179.124
33892.000   1768.000   49.619   179.139
33893.000   1733.000   49.557   179.154
33894.000   1724.000   49.496   179.170
33895.000   1591.000   49.434   179.185
33896.000   1641.000   49.373   179.200
33897.000   1635.000   49.311   179.215
33898.000   1640.000   49.250   179.230
33899.000   1605.000   49.188   179.245
33900.000   1578.000   49.127   179.260
33901.000   1587.000   49.065   179.275
33902.000   1541.000   49.004   179.289
33903.000   1540.000   48.942   179.304
33904.000   1543.000   48.881   179.319
33905.000   1511.000   48.819   179.334
33906.000   1499.000   48.758   179.348
33907.000   1567.000   48.696   179.363
33908.000   1606.000   48.635   179.377
33909.000   1531.000   48.573   179.392
33910.000   1492.000   48.512   179.406
33911.000   1522.000   48.450   179.421
33912.000   1521.000   48.389   179.435
33913.000   1524.000   48.327   179.449
33914.000   1461.000   48.266   179.464
33915.000   1486.000   48.204   179.478
33916.000   1530.000   48.143   179.492
33917.000   1415.000   48.081   179.506
33918.000   1452.000   48.019   179.520
33919.000   1433.000   47.958   179.534
33920.000   1442.000   47.896   179.548
33921.000   1466.000   47.835   179.562
33922.000   1525.000   47.773   179.576
33923.000   1487.000   47.712   179.590
33924.000   1430.000   47.650   179.604
33925.000   1569.000   47.588   179.618
33926.000   1542.000   47.527   179.631
33927.000   1495.000   47.465   179.645
33928.000   1544.000   47.404   179.659
33929.000   1520.000   47.342   179.672
33930.000   1532.000   47.280   179.686
33931.000   1586.000   47.219   179.700
33932.000   1489.000   47.157   179.713
33933.000   1454.000   47.096   179.727
33934.000   1442.000   47.034   179.740
33935.000   1516.000   46.972   179.753
33936.000   1469.000   46.911   179.767
33937.000   1462.000   46.849   179.780
33938.000   1509.000   46.787   179.793
33939.000   1453.000   46.726   179.806
33940.000   1452.000   46.664   179.820
33941.000   1469.000   46.603   179.833
33942.000   1409.000   46.541   179.846
33943.000   1399.000   46.479   179.859
33944.000   1502.000   46.418   179.872
33945.000   1365.000   46.356   179.885
33946.000   1470.000   46.294   179.898
33947.000   1404.000   46.233   179.911
33948.000   1349.000   46.171   179.924
33949.000   1395.000   46.109   179.937
33950.000   1424.000   46.048   179.949
33951.000   1377.000   45.986   179.962
33952.000   1396.000   45.924   179.975
33953.000   1356.000   45.863   179.987
33954.000   1453.000   45.801   -180.000
33955.000   1403.000   45.739   -179.987
33956.000   1421.000   45.678   -179.975
33957.000   1357.000   45.616   -179.962
33958.000   1422.000   45.554   -179.950
33959.000   1360.000   45.493   -179.937
33960.000   1424.000   45.431   -179.925
33961.000   1399.000   45.369   -179.912
33962.000   1396.000   45.307   -179.900
33963.000   1382.000   45.246   -179.888
33964.000   1329.000   45.184   -179.875
33965.000   1380.000   45.122   -179.863
33966.000   1395.000   45.061   -179.851
33967.000   1367.000   44.999   -179.839
33968.000   1460.000   44.937   -179.827
33969.000   1365.000   44.875   -179.815
33970.000   1347.000   44.814   -179.802
33971.000   1408.000   44.752   -179.790
33972.000   1352.000   44.690   -179.778
33973.000   1332.000   44.629   -179.766
33974.000   1355.000   44.567   -179.755
33975.000   1272.000   44.505   -179.743
33976.000   1314.000   44.443   -179.731
33977.000   1356.000   44.382   -179.719
33978.000   1338.000   44.320   -179.707
33979.000   1320.000   44.258   -179.695
33980.000   1317.000   44.196   -179.684
33981.000   1340.000   44.135   -179.672
33982.000   1343.000   44.073   -179.660
33983.000   1328.000   44.011   -179.649
33984.000   1331.000   43.949   -179.637
33985.000   1371.000   43.888   -179.626
33986.000   1271.000   43.826   -179.614
33987.000   1275.000   43.764   -179.602
33988.000   1352.000   43.702   -179.591
33989.000   1273.000   43.640   -179.580
33990.000   1338.000   43.579   -179.568
33991.000   1278.000   43.517   -179.557
33992.000   1265.000   43.455   -179.545
33993.000   1344.000   43.393   -179.534
33994.000   1260.000   43.332   -179.523
33995.000   1301.000   43.270   -179.512
33996.000   1330.000   43.208   -179.500
33997.000   1341.000   43.146   -179.489
33998.000   1320.000   43.084   -179.478
33999.000   1283.000   43.023   -179.467
34000.000   1325.000   42.961   -179.456
34001.000   1239.000   42.899   -179.445
34002.000   1285.000   42.837   -179.434
34003.000   1316.000   42.775   -179.423
34004.000   1268.000   42.714   -179.412
34005.000   1252.000   42.652   -179.401
34006.000   1232.000   42.590   -179.390
34007.000   1281.000   42.528   -179.379
34008.000   1261.000   42.466   -179.368
34009.000   1232.000   42.404   -179.357
34010.000   1296.000   42.343   -179.347
34011.000   1316.000   42.281   -179.336
34012.000   1266.000   42.219   -179.325
34013.000   1246.000   42.157   -179.314
34014.000   1310.000   42.095   -179.304
34015.000   1332.000   42.033   -179.293
34016.000   1247.000   41.972   -179.282
34017.000   1241.000   41.910   -179.272
34018.000   1296.000   41.848   -179.261
34019.000   1260.000   41.786   -179.251
34020.000   1280.000   41.724   -179.240
34021.000   1326.000   41.662   -179.230
34022.000   1253.000   41.601   -179.219
34023.000   1282.000   41.539   -179.209
34024.000   1306.000   41.477   -179.199
34025.000   1210.000   41.415   -179.188
34026.000   1252.000   41.353   -179.178
34027.000   1188.000   41.291   -179.168
34028.000   1207.000   41.229   -179.157
34029.000   1233.000   41.167   -179.147
34030.000   1330.000   41.106   -179.137
34031.000   1261.000   41.044   -179.127
34032.000   1250.000   40.982   -179.116
34033.000   1272.000   40.920   -179.106
34034.000   1183.000   40.858   -179.096
34035.000   1213.000   40.796   -179.086
34036.000   1230.000   40.734   -179.076
34037.000   1258.000   40.672   -179.066
34038.000   1245.000   40.610   -179.056
34039.000   1217.000   40.549   -179.046
34040.000   1176.000   40.487   -179.036
34041.000   1215.000   40.425   -179.026
34042.000   1220.000   40.363   -179.016
34043.000   1304.000   40.301   -179.006
34044.000   1261.000   40.239   -178.996
34045.000   1206.000   40.177   -178.987
34046.000   1293.000   40.115   -178.977
34047.000   1261.000   40.053   -178.967
34048.000   1305.000   39.991   -178.957
34049.000   1195.000   39.930   -178.947
34050.000   1180.000   39.868   -178.938
34051.000   1343.000   39.806   -178.928
34052.000   1250.000   39.744   -178.918
34053.000   1310.000   39.682   -178.909
34054.000   1275.000   39.620   -178.899
34055.000   1198.000   39.558   -178.890
34056.000   1203.000   39.496   -178.880
34057.000   1221.000   39.434   -178.871
34058.000   1235.000   39.372   -178.861
34059.000   1182.000   39.310   -178.852
34060.000   1259.000   39.248   -178.842
34061.000   1202.000   39.186   -178.833
34062.000   1275.000   39.124   -178.823
34063.000   1208.000   39.062   -178.814
34064.000   1202.000   39.000   -178.804
34065.000   1239.000   38.939   -178.795
34066.000   1238.000   38.877   -178.786
34067.000   1193.000   38.815   -178.776
34068.000   1239.000   38.753   -178.767
34069.000   1212.000   38.691   -178.758
34070.000   1239.000   38.629   -178.749
34071.000   1250.000   38.567   -178.740
34072.000   1229.000   38.505   -178.730
34073.000   1194.000   38.443   -178.721
34074.000   1190.000   38.381   -178.712
34075.000   1187.000   38.319   -178.703
34076.000   1173.000   38.257   -178.694
34077.000   1264.000   38.195   -178.685
34078.000   1253.000   38.133   -178.676
34079.000   1273.000   38.071   -178.667
34080.000   1204.000   38.009   -178.658
34081.000   1196.000   37.947   -178.649
34082.000   1258.000   37.885   -178.640
34083.000   1189.000   37.823   -178.631
34084.000   1233.000   37.761   -178.622
34085.000   1219.000   37.699   -178.613
34086.000   1165.000   37.637   -178.604
34087.000   1168.000   37.575   -178.595
34088.000   1205.000   37.513   -178.587
34089.000   1184.000   37.451   -178.578
34090.000   1188.000   37.389   -178.569
34091.000   1207.000   37.327   -178.560
34092.000   1288.000   37.265   -178.551
34093.000   1263.000   37.203   -178.543
34094.000   1224.000   37.141   -178.534
34095.000   1183.000   37.079   -178.525
34096.000   1179.000   37.017   -178.517
34097.000   1177.000   36.955   -178.508
34098.000   1177.000   36.893   -178.499
34099.000   1178.000   36.831   -178.491
34100.000   1162.000   36.769   -178.482
34101.000   1169.000   36.707   -178.474
34102.000   1116.000   36.645   -178.465
34103.000   1150.000   36.583   -178.457
34104.000   1216.000   36.521   -178.448
34105.000   1198.000   36.459   -178.440
34106.000   1195.000   36.397   -178.431
34107.000   1166.000   36.335   -178.423
34108.000   1184.000   36.273   -178.414
34109.000   1234.000   36.211   -178.406
34110.000   1233.000   36.149   -178.398
34111.000   1225.000   36.087   -178.389
34112.000   1170.000   36.025   -178.381
34113.000   1216.000   35.963   -178.373
34114.000   1254.000   35.901   -178.364
34115.000   1174.000   35.839   -178.356
34116.000   1224.000   35.776   -178.348
34117.000   1177.000   35.714   -178.340
34118.000   1151.000   35.652   -178.331
34119.000   1131.000   35.590   -178.323
34120.000   1163.000   35.528   -178.315
34121.000   1146.000   35.466   -178.307
34122.000   1107.000   35.404   -178.299
34123.000   1195.000   35.342   -178.291
34124.000   1188.000   35.280   -178.283
34125.000   1195.000   35.218   -178.274
34126.000   1147.000   35.156   -178.266
34127.000   1124.000   35.094   -178.258
34128.000   1111.000   35.032   -178.250
34129.000   1238.000   34.970   -178.242
34130.000   1159.000   34.908   -178.234
34131.000   1174.000   34.846   -178.226
34132.000   1160.000   34.784   -178.218
34133.000   1128.000   34.721   -178.210
34134.000   1198.000   34.659   -178.203
34135.000   1135.000   34.597   -178.195
34136.000   1218.000   34.535   -178.187
34137.000   1199.000   34.473   -178.179
34138.000   1175.000   34.411   -178.171
34139.000   1132.000   34.349   -178.163
34140.000   1155.000   34.287   -178.155
34141.000   1176.000   34.225   -178.148
34142.000   1098.000   34.163   -178.140
34143.000   1141.000   34.101   -178.132
34144.000   1190.000   34.038   -178.124
34145.000   1114.000   33.976   -178.117
34146.000   1188.000   33.914   -178.109
34147.000   1134.000   33.852   -178.101
34148.000   1115.000   33.790   -178.094
34149.000   1163.000   33.728   -178.086
34150.000   1090.000   33.666   -178.078
34151.000   1093.000   33.604   -178.071
34152.000   1069.000   33.542   -178.063
34153.000   1134.000   33.480   -178.056
34154.000   1123.000   33.417   -178.048
34155.000   1102.000   33.355   -178.040
34156.000   1137.000   33.293   -178.033
34157.000   1174.000   33.231   -178.025
34158.000   1195.000   33.169   -178.018
34159.000   1125.000   33.107   -178.010
34160.000   1134.000   33.045   -178.003
34161.000   1158.000   32.983   -177.995
34162.000   1091.000   32.921   -177.988
34163.000   1182.000   32.858   -177.981
34164.000   1123.000   32.796   -177.973
34165.000   1083.000   32.734   -177.966
34166.000   1111.000   32.672   -177.958
34167.000   1105.000   32.610   -177.951
34168.000   1174.000   32.548   -177.944
34169.000   1146.000   32.486   -177.936
34170.000   1158.000   32.424   -177.929
34171.000   1084.000   32.361   -177.922
34172.000   1079.000   32.299   -177.915
34173.000   1118.000   32.237   -177.907
34174.000   1094.000   32.175   -177.900
34175.000   1057.000   32.113   -177.893
34176.000   1176.000   32.051   -177.886
34177.000   1118.000   31.989   -177.878
34178.000   1081.000   31.926   -177.871
34179.000   1136.000   31.864   -177.864
34180.000   1140.000   31.802   -177.857
34181.000   1112.000   31.740   -177.850
34182.000   1111.000   31.678   -177.843
34183.000   1104.000   31.616   -177.836
34184.000   1078.000   31.554   -177.828
34185.000   1106.000   31.491   -177.821
34186.000   1102.000   31.429   -177.814
34187.000   1089.000   31.367   -177.807
34188.000   1107.000   31.305   -177.800
34189.000   1126.000   31.243   -177.793
34190.000   1139.000   31.181   -177.786
34191.000   1087.000   31.118   -177.779
34192.000   1154.000   31.056   -177.772
34193.000   1077.000   30.994   -177.765
34194.000   1036.000   30.932   -177.758
34195.000   1102.000   30.870   -177.751
34196.000   1095.000   30.808   -177.744
34197.000   1040.000   30.745   -177.738
34198.000   1052.000   30.683   -177.731
34199.000   1069.000   30.621   -177.724
34200.000   1098.000   30.559   -177.717
34201.000   1057.000   30.497   -177.710
34202.000   1112.000   30.435   -177.703
34203.000   1080.000   30.372   -177.696
34204.000   1087.000   30.310   -177.690
34205.000   1096.000   30.248   -177.683
34206.000   1014.000   30.186   -177.676
34207.000   1105.000   30.124   -177.669
34208.000   1087.000   30.061   -177.663
34209.000   1072.000   29.999   -177.656
34210.000   1067.000   29.937   -177.649
34211.000   1058.000   29.875   -177.642
34212.000   1080.000   29.813   -177.636
34213.000   1041.000   29.751   -177.629
34214.000   1031.000   29.688   -177.622
34215.000   1085.000   29.626   -177.616
34216.000   1022.000   29.564   -177.609
34217.000   1043.000   29.502   -177.602
34218.000   1058.000   29.440   -177.596
34219.000   1095.000   29.377   -177.589
34220.000   1096.000   29.315   -177.583
34221.000   1067.000   29.253   -177.576
34222.000   1022.000   29.191   -177.570
34223.000   1043.000   29.129   -177.563
34224.000   1064.000   29.066   -177.556
34225.000   995.000   29.004   -177.550
34226.000   1036.000   28.942   -177.543
34227.000   1108.000   28.880   -177.537
34228.000   1097.000   28.817   -177.530
34229.000   1070.000   28.755   -177.524
34230.000   1051.000   28.693   -177.517
34231.000   1079.000   28.631   -177.511
34232.000   1053.000   28.569   -177.505
34233.000   1030.000   28.506   -177.498
34234.000   1020.000   28.444   -177.492
34235.000   1108.000   28.382   -177.485
34236.000   1065.000   28.320   -177.479
34237.000   1028.000   28.258   -177.473
34238.000   1062.000   28.195   -177.466
34239.000   1107.000   28.133   -177.460
34240.000   1068.000   28.071   -177.454
34241.000   1064.000   28.009   -177.447
34242.000   1007.000   27.946   -177.441
34243.000   1044.000   27.884   -177.435
34244.000   1094.000   27.822   -177.428
34245.000   1014.000   27.760   -177.422
34246.000   1008.000   27.698   -177.416
34247.000   1070.000   27.635   -177.410
34248.000   1021.000   27.573   -177.403
34249.000   1034.000   27.511   -177.397
34250.000   1056.000   27.449   -177.391
34251.000   1086.000   27.386   -177.385
34252.000   1054.000   27.324   -177.378
34253.000   1085.000   27.262   -177.372
34254.000   1106.000   27.200   -177.366
34255.000   1053.000   27.137   -177.360
34256.000   1065.000   27.075   -177.354
34257.000   1074.000   27.013   -177.348
34258.000   1080.000   26.951   -177.342
34259.000   1070.000   26.888   -177.335
34260.000   1054.000   26.826   -177.329
34261.000   1070.000   26.764   -177.323
34262.000   1045.000   26.702   -177.317
34263.000   1026.000   26.639   -177.311
34264.000   1033.000   26.577   -177.305
34265.000   1014.000   26.515   -177.299
34266.000   1039.000   26.453   -177.293
34267.000   1030.000   26.390   -177.287
34268.000   1044.000   26.328   -177.281
34269.000   995.000   26.266   -177.275
34270.000   1071.000   26.204   -177.269
34271.000   1030.000   26.141   -177.263
34272.000   1069.000   26.079   -177.257
34273.000   1074.000   26.017   -177.251
34274.000   1018.000   25.955   -177.245
34275.000   1042.000   25.892   -177.239
34276.000   1046.000   25.830   -177.233
34277.000   1053.000   25.768   -177.227
34278.000   995.000   25.706   -177.221
34279.000   1046.000   25.643   -177.216
34280.000   1048.000   25.581   -177.210
34281.000   1064.000   25.519   -177.204
34282.000   999.000   25.457   -177.198
34283.000   1028.000   25.394   -177.192
34284.000   1003.000   25.332   -177.186
34285.000   1025.000   25.270   -177.180
34286.000   1050.000   25.207   -177.175
34287.000   1054.000   25.145   -177.169
34288.000   1079.000   25.083   -177.163
34289.000   1032.000   25.021   -177.157
34290.000   985.000   24.958   -177.151
34291.000   1049.000   24.896   -177.146
34292.000   1014.000   24.834   -177.140
34293.000   1010.000   24.771   -177.134
34294.000   1025.000   24.709   -177.128
34295.000   1046.000   24.647   -177.123
34296.000   1003.000   24.585   -177.117
34297.000   1022.000   24.522   -177.111
34298.000   1016.000   24.460   -177.105
34299.000   1008.000   24.398   -177.100
34300.000   1021.000   24.336   -177.094
34301.000   1056.000   24.273   -177.088
34302.000   1061.000   24.211   -177.083
34303.000   1023.000   24.149   -177.077
34304.000   1066.000   24.086   -177.071
34305.000   1083.000   24.024   -177.066
34306.000   1046.000   23.962   -177.060
34307.000   1005.000   23.899   -177.055
34308.000   1049.000   23.837   -177.049
34309.000   992.000   23.775   -177.043
34310.000   1030.000   23.713   -177.038
34311.000   1003.000   23.650   -177.032
34312.000   1009.000   23.588   -177.027
34313.000   997.000   23.526   -177.021
34314.000   1012.000   23.463   -177.016
34315.000   1051.000   23.401   -177.010
34316.000   1012.000   23.339   -177.004
34317.000   1039.000   23.277   -176.999
34318.000   1047.000   23.214   -176.993
34319.000   1033.000   23.152   -176.988
34320.000   1036.000   23.090   -176.982
34321.000   1003.000   23.027   -176.977
34322.000   997.000   22.965   -176.971
34323.000   1014.000   22.903   -176.966
34324.000   1036.000   22.840   -176.961
34325.000   1002.000   22.778   -176.955
34326.000   990.000   22.716   -176.950
34327.000   999.000   22.653   -176.944
34328.000   1056.000   22.591   -176.939
34329.000   1020.000   22.529   -176.933
34330.000   1033.000   22.467   -176.928
34331.000   1025.000   22.404   -176.923
34332.000   1014.000   22.342   -176.917
34333.000   1023.000   22.280   -176.912
34334.000   1001.000   22.217   -176.906
34335.000   1027.000   22.155   -176.901
34336.000   980.000   22.093   -176.896
34337.000   1036.000   22.030   -176.890
34338.000   978.000   21.968   -176.885
34339.000   1067.000   21.906   -176.880
34340.000   1027.000   21.843   -176.874
34341.000   1022.000   21.781   -176.869
34342.000   1019.000   21.719   -176.864
34343.000   1001.000   21.656   -176.858
34344.000   995.000   21.594   -176.853
34345.000   991.000   21.532   -176.848
34346.000   985.000   21.469   -176.843
34347.000   974.000   21.407   -176.837
34348.000   1020.000   21.345   -176.832
34349.000   1047.000   21.282   -176.827
34350.000   1052.000   21.220   -176.822
34351.000   1008.000   21.158   -176.816
34352.000   986.000   21.096   -176.811
34353.000   1067.000   21.033   -176.806
34354.000   976.000   20.971   -176.801
34355.000   1007.000   20.909   -176.795
34356.000   1000.000   20.846   -176.790
34357.000   1020.000   20.784   -176.785
34358.000   1012.000   20.722   -176.780
34359.000   1005.000   20.659   -176.775
34360.000   1047.000   20.597   -176.770
34361.000   989.000   20.535   -176.764
34362.000   1076.000   20.472   -176.759
34363.000   1027.000   20.410   -176.754
34364.000   1008.000   20.348   -176.749
34365.000   1041.000   20.285   -176.744
34366.000   990.000   20.223   -176.739
34367.000   902.000   20.161   -176.734
34368.000   1030.000   20.098   -176.728
34369.000   1022.000   20.036   -176.723
34370.000   994.000   19.973   -176.718
34371.000   1058.000   19.911   -176.713
34372.000   934.000   19.849   -176.708
34373.000   1060.000   19.786   -176.703
34374.000   1021.000   19.724   -176.698
34375.000   1008.000   19.662   -176.693
34376.000   991.000   19.599   -176.688
34377.000   1020.000   19.537   -176.683
34378.000   961.000   19.475   -176.678
34379.000   996.000   19.412   -176.673
34380.000   987.000   19.350   -176.668
34381.000   950.000   19.288   -176.663
34382.000   1024.000   19.225   -176.658
34383.000   1010.000   19.163   -176.653
34384.000   1018.000   19.101   -176.648
34385.000   1027.000   19.038   -176.643
34386.000   1007.000   18.976   -176.638
34387.000   1037.000   18.914   -176.633
34388.000   1004.000   18.851   -176.628
34389.000   1025.000   18.789   -176.623
34390.000   991.000   18.727   -176.618
34391.000   1010.000   18.664   -176.613
34392.000   1041.000   18.602   -176.608
34393.000   1039.000   18.539   -176.603
34394.000   974.000   18.477   -176.598
34395.000   1020.000   18.415   -176.593
34396.000   1024.000   18.352   -176.588
34397.000   999.000   18.290   -176.583
34398.000   1002.000   18.228   -176.579
34399.000   959.000   18.165   -176.574
34400.000   1021.000   18.103   -176.569
34401.000   1065.000   18.041   -176.564
34402.000   950.000   17.978   -176.559
34403.000   1032.000   17.916   -176.554
34404.000   1018.000   17.854   -176.549
34405.000   958.000   17.791   -176.544
34406.000   1061.000   17.729   -176.540
34407.000   1039.000   17.666   -176.535
34408.000   1029.000   17.604   -176.530
34409.000   1054.000   17.542   -176.525
34410.000   1006.000   17.479   -176.520
34411.000   1017.000   17.417   -176.515
34412.000   996.000   17.355   -176.511
34413.000   1045.000   17.292   -176.506
34414.000   1090.000   17.230   -176.501
34415.000   1025.000   17.168   -176.496
34416.000   1004.000   17.105   -176.492
34417.000   946.000   17.043   -176.487
34418.000   973.000   16.980   -176.482
34419.000   1042.000   16.918   -176.477
34420.000   1046.000   16.856   -176.472
34421.000   1019.000   16.793   -176.468
34422.000   999.000   16.731   -176.463
34423.000   1015.000   16.669   -176.458
34424.000   991.000   16.606   -176.453
34425.000   975.000   16.544   -176.449
34426.000   983.000   16.481   -176.444
34427.000   974.000   16.419   -176.439
34428.000   1029.000   16.357   -176.435
34429.000   1059.000   16.294   -176.430
34430.000   1066.000   16.232   -176.425
34431.000   1002.000   16.170   -176.420
34432.000   1044.000   16.107   -176.416
34433.000   1015.000   16.045   -176.411
34434.000   1021.000   15.982   -176.406
34435.000   991.000   15.920   -176.402
34436.000   990.000   15.858   -176.397
34437.000   989.000   15.795   -176.392
34438.000   979.000   15.733   -176.388
34439.000   1031.000   15.671   -176.383
34440.000   1018.000   15.608   -176.378
34441.000   1000.000   15.546   -176.374
34442.000   1008.000   15.483   -176.369
34443.000   978.000   15.421   -176.364
34444.000   989.000   15.359   -176.360
34445.000   1017.000   15.296   -176.355
34446.000   1068.000   15.234   -176.351
34447.000   993.000   15.172   -176.346
34448.000   1004.000   15.109   -176.341
34449.000   1010.000   15.047   -176.337
34450.000   978.000   14.984   -176.332
34451.000   977.000   14.922   -176.328
34452.000   1040.000   14.860   -176.323
34453.000   982.000   14.797   -176.318
34454.000   964.000   14.735   -176.314
34455.000   961.000   14.672   -176.309
34456.000   1030.000   14.610   -176.305
34457.000   933.000   14.548   -176.300
34458.000   956.000   14.485   -176.296
34459.000   988.000   14.423   -176.291
34460.000   976.000   14.361   -176.287
34461.000   1016.000   14.298   -176.282
34462.000   1018.000   14.236   -176.277
34463.000   1014.000   14.173   -176.273
34464.000   1038.000   14.111   -176.268
34465.000   923.000   14.049   -176.264
34466.000   996.000   13.986   -176.259
34467.000   1028.000   13.924   -176.255
34468.000   996.000   13.861   -176.250
34469.000   1008.000   13.799   -176.246
34470.000   982.000   13.737   -176.241
34471.000   1014.000   13.674   -176.237
34472.000   1025.000   13.612   -176.232
34473.000   1007.000   13.549   -176.228
34474.000   972.000   13.487   -176.223
34475.000   1001.000   13.425   -176.219
34476.000   1009.000   13.362   -176.214
34477.000   1057.000   13.300   -176.210
34478.000   1022.000   13.238   -176.206
34479.000   1053.000   13.175   -176.201
34480.000   1001.000   13.113   -176.197
34481.000   1083.000   13.050   -176.192
34482.000   1049.000   12.988   -176.188
34483.000   1060.000   12.926   -176.183
34484.000   977.000   12.863   -176.179
34485.000   961.000   12.801   -176.174
34486.000   976.000   12.738   -176.170
34487.000   1002.000   12.676   -176.166
34488.000   949.000   12.614   -176.161
34489.000   1000.000   12.551   -176.157
34490.000   1012.000   12.489   -176.152
34491.000   926.000   12.426   -176.148
34492.000   1011.000   12.364   -176.144
34493.000   1035.000   12.302   -176.139
34494.000   982.000   12.239   -176.135
34495.000   972.000   12.177   -176.130
34496.000   1007.000   12.114   -176.126
34497.000   1034.000   12.052   -176.122
34498.000   1003.000   11.990   -176.117
34499.000   954.000   11.927   -176.113
34500.000   1012.000   11.865   -176.108
34501.000   1033.000   11.802   -176.104
34502.000   1075.000   11.740   -176.100
34503.000   963.000   11.678   -176.095
34504.000   1064.000   11.615   -176.091
34505.000   958.000   11.553   -176.087
34506.000   969.000   11.490   -176.082
34507.000   970.000   11.428   -176.078
34508.000   1008.000   11.366   -176.074
34509.000   1045.000   11.303   -176.069
34510.000   994.000   11.241   -176.065
34511.000   1018.000   11.178   -176.061
34512.000   998.000   11.116   -176.056
34513.000   1009.000   11.054   -176.052
34514.000   981.000   10.991   -176.048
34515.000   1024.000   10.929   -176.043
34516.000   1022.000   10.866   -176.039
34517.000   1036.000   10.804   -176.035
34518.000   958.000   10.742   -176.030
34519.000   966.000   10.679   -176.026
34520.000   1039.000   10.617   -176.022
34521.000   1008.000   10.554   -176.018
34522.000   1065.000   10.492   -176.013
34523.000   982.000   10.430   -176.009
34524.000   982.000   10.367   -176.005
34525.000   1045.000   10.305   -176.000
34526.000   989.000   10.242   -175.996
34527.000   1055.000   10.180   -175.992
34528.000   1021.000   10.118   -175.988
34529.000   1001.000   10.055   -175.983
34530.000   1003.000   09.993   -175.979
34531.000   983.000   09.930   -175.975
34532.000   976.000   09.868   -175.971
34533.000   986.000   09.805   -175.966
34534.000   1006.000   09.743   -175.962
34535.000   987.000   09.681   -175.958
34536.000   931.000   09.618   -175.954
34537.000   1027.000   09.556   -175.949
34538.000   1042.000   09.493   -175.945
34539.000   970.000   09.431   -175.941
34540.000   1054.000   09.369   -175.937
34541.000   984.000   09.306   -175.932
34542.000   978.000   09.244   -175.928
34543.000   1018.000   09.181   -175.924
34544.000   966.000   09.119   -175.920
34545.000   1004.000   09.057   -175.916
34546.000   1034.000   08.994   -175.911
34547.000   1062.000   08.932   -175.907
34548.000   954.000   08.869   -175.903
34549.000   948.000   08.807   -175.899
34550.000   1050.000   08.745   -175.894
34551.000   973.000   08.682   -175.890
34552.000   991.000   08.620   -175.886
34553.000   1026.000   08.557   -175.882
34554.000   1066.000   08.495   -175.878
34555.000   1034.000   08.433   -175.874
34556.000   1039.000   08.370   -175.869
34557.000   1048.000   08.308   -175.865
34558.000   985.000   08.245   -175.861
34559.000   963.000   08.183   -175.857
34560.000   1014.000   08.120   -175.853
34561.000   1031.000   08.058   -175.848
34562.000   1031.000   07.996   -175.844
34563.000   1035.000   07.933   -175.840
34564.000   993.000   07.871   -175.836
34565.000   1058.000   07.808   -175.832
34566.000   960.000   07.746   -175.828
34567.000   1011.000   07.684   -175.823
34568.000   950.000   07.621   -175.819
34569.000   991.000   07.559   -175.815
34570.000   980.000   07.496   -175.811
34571.000   966.000   07.434   -175.807
34572.000   969.000   07.372   -175.803
34573.000   1034.000   07.309   -175.799
34574.000   953.000   07.247   -175.794
34575.000   982.000   07.184   -175.790
34576.000   1006.000   07.122   -175.786
34577.000   989.000   07.060   -175.782
34578.000   978.000   06.997   -175.778
34579.000   964.000   06.935   -175.774
34580.000   966.000   06.872   -175.770
34581.000   994.000   06.810   -175.766
34582.000   1018.000   06.748   -175.761
34583.000   995.000   06.685   -175.757
34584.000   974.000   06.623   -175.753
34585.000   985.000   06.560   -175.749
34586.000   971.000   06.498   -175.745
34587.000   941.000   06.435   -175.741
34588.000   972.000   06.373   -175.737
34589.000   998.000   06.311   -175.733
34590.000   997.000   06.248   -175.729
34591.000   968.000   06.186   -175.724
34592.000   965.000   06.123   -175.720
34593.000   981.000   06.061   -175.716
34594.000   1015.000   05.999   -175.712
34595.000   1037.000   05.936   -175.708
34596.000   967.000   05.874   -175.704
34597.000   1012.000   05.811   -175.700
34598.000   964.000   05.749   -175.696
34599.000   975.000   05.687   -175.692
34600.000   965.000   05.624   -175.688
34601.000   1031.000   05.562   -175.684
34602.000   984.000   05.499   -175.679
34603.000   989.000   05.437   -175.675
34604.000   1017.000   05.375   -175.671
34605.000   1006.000   05.312   -175.667
34606.000   979.000   05.250   -175.663
34607.000   1017.000   05.187   -175.659
34608.000   1039.000   05.125   -175.655
34609.000   1000.000   05.062   -175.651
34610.000   973.000   05.000   -175.647
34611.000   1005.000   04.938   -175.643
34612.000   980.000   04.875   -175.639
34613.000   1044.000   04.813   -175.635
34614.000   965.000   04.750   -175.631
34615.000   928.000   04.688   -175.627
34616.000   973.000   04.626   -175.622
34617.000   960.000   04.563   -175.618
34618.000   992.000   04.501   -175.614
34619.000   959.000   04.438   -175.610
34620.000   966.000   04.376   -175.606
34621.000   1003.000   04.314   -175.602
34622.000   949.000   04.251   -175.598
34623.000   1025.000   04.189   -175.594
34624.000   951.000   04.126   -175.590
34625.000   1073.000   04.064   -175.586
34626.000   1037.000   04.002   -175.582
34627.000   1030.000   03.939   -175.578
34628.000   1025.000   03.877   -175.574
34629.000   1042.000   03.814   -175.570
34630.000   981.000   03.752   -175.566
34631.000   940.000   03.690   -175.562
34632.000   1000.000   03.627   -175.558
34633.000   953.000   03.565   -175.554
34634.000   1030.000   03.502   -175.550
34635.000   1015.000   03.440   -175.546
34636.000   986.000   03.378   -175.542
34637.000   1045.000   03.315   -175.538
34638.000   987.000   03.253   -175.533
34639.000   1037.000   03.190   -175.529
34640.000   1067.000   03.128   -175.525
34641.000   988.000   03.066   -175.521
34642.000   963.000   03.003   -175.517
34643.000   1022.000   02.941   -175.513
34644.000   1083.000   02.878   -175.509
34645.000   1004.000   02.816   -175.505
34646.000   1011.000   02.754   -175.501
34647.000   987.000   02.691   -175.497
34648.000   1010.000   02.629   -175.493
34649.000   971.000   02.566   -175.489
34650.000   971.000   02.504   -175.485
34651.000   1019.000   02.442   -175.481
34652.000   1040.000   02.379   -175.477
34653.000   1014.000   02.317   -175.473
34654.000   1046.000   02.254   -175.469
34655.000   998.000   02.192   -175.465
34656.000   1023.000   02.130   -175.461
34657.000   1038.000   02.067   -175.457
34658.000   972.000   02.005   -175.453
34659.000   956.000   01.942   -175.449
34660.000   963.000   01.880   -175.445
34661.000   1027.000   01.818   -175.441
34662.000   972.000   01.755   -175.437
34663.000   959.000   01.693   -175.433
34664.000   968.000   01.630   -175.429
34665.000   980.000   01.568   -175.425
34666.000   995.000   01.506   -175.421
34667.000   925.000   01.443   -175.417
34668.000   1046.000   01.381   -175.413
34669.000   967.000   01.318   -175.409
34670.000   1012.000   01.256   -175.405
34671.000   1060.000   01.194   -175.401
34672.000   1045.000   01.131   -175.397
34673.000   1024.000   01.069   -175.393
34674.000   1034.000   01.006   -175.389
34675.000   1013.000   00.944   -175.385
34676.000   977.000   00.882   -175.381
34677.000   929.000   00.819   -175.377
34678.000   1029.000   00.757   -175.373
34679.000   980.000   00.694   -175.369
34680.000   1015.000   00.632   -175.365
34681.000   979.000   00.570   -175.361
34682.000   1025.000   00.507   -175.357
34683.000   1021.000   00.445   -175.353
34684.000   1031.000   00.382   -175.349
34685.000   1008.000   00.320   -175.345
34686.000   962.000   00.258   -175.341
34687.000   917.000   00.195   -175.337
34688.000   998.000   00.133   -175.333
34689.000   997.000   00.070   -175.329
34690.000   1001.000   00.008   -175.325
34691.000   1038.000   -0.054   -175.321
34692.000   1017.000   -0.117   -175.317
34693.000   904.000   -0.179   -175.313
34694.000   942.000   -0.241   -175.309
34695.000   1016.000   -0.304   -175.305
34696.000   976.000   -0.366   -175.301
34697.000   1012.000   -0.429   -175.297
34698.000   1059.000   -0.491   -175.293
34699.000   998.000   -0.553   -175.289
34700.000   948.000   -0.616   -175.285
34701.000   967.000   -0.678   -175.281
34702.000   1007.000   -0.741   -175.277
34703.000   954.000   -0.803   -175.273
34704.000   979.000   -0.865   -175.269
34705.000   1015.000   -0.928   -175.265
34706.000   986.000   -0.990   -175.261
34707.000   966.000   -1.052   -175.257
34708.000   1000.000   -1.115   -175.253
34709.000   976.000   -1.177   -175.249
34710.000   988.000   -1.240   -175.245
34711.000   969.000   -1.302   -175.241
34712.000   986.000   -1.364   -175.237
34713.000   969.000   -1.427   -175.233
34714.000   983.000   -1.489   -175.229
34715.000   1021.000   -1.552   -175.225
34716.000   996.000   -1.614   -175.221
34717.000   1001.000   -1.676   -175.217
34718.000   1001.000   -1.739   -175.213
34719.000   1043.000   -1.801   -175.209
34720.000   986.000   -1.863   -175.205
34721.000   1024.000   -1.926   -175.201
34722.000   974.000   -1.988   -175.197
34723.000   961.000   -2.051   -175.193
34724.000   1027.000   -2.113   -175.189
34725.000   991.000   -2.175   -175.185
34726.000   955.000   -2.238   -175.181
34727.000   950.000   -2.300   -175.177
34728.000   976.000   -2.362   -175.173
34729.000   1007.000   -2.425   -175.169
34730.000   993.000   -2.487   -175.165
34731.000   982.000   -2.550   -175.161
34732.000   948.000   -2.612   -175.157
34733.000   988.000   -2.674   -175.153
34734.000   990.000   -2.737   -175.149
34735.000   993.000   -2.799   -175.145
34736.000   1009.000   -2.861   -175.141
34737.000   1014.000   -2.924   -175.137
34738.000   1001.000   -2.986   -175.132
34739.000   978.000   -3.049   -175.128
34740.000   1000.000   -3.111   -175.124
34741.000   945.000   -3.173   -175.120
34742.000   1042.000   -3.236   -175.116
34743.000   930.000   -3.298   -175.112
34744.000   972.000   -3.360   -175.108
34745.000   956.000   -3.423   -175.104
34746.000   976.000   -3.485   -175.100
34747.000   1040.000   -3.547   -175.096
34748.000   1012.000   -3.610   -175.092
34749.000   975.000   -3.672   -175.088
34750.000   981.000   -3.735   -175.084
34751.000   957.000   -3.797   -175.080
34752.000   971.000   -3.859   -175.076
34753.000   987.000   -3.922   -175.072
34754.000   1005.000   -3.984   -175.068
34755.000   997.000   -4.046   -175.064
34756.000   1022.000   -4.109   -175.060
34757.000   948.000   -4.171   -175.056
34758.000   966.000   -4.233   -175.052
34759.000   983.000   -4.296   -175.048
34760.000   985.000   -4.358   -175.044
34761.000   1011.000   -4.421   -175.040
34762.000   1021.000   -4.483   -175.036
34763.000   993.000   -4.545   -175.032
34764.000   950.000   -4.608   -175.028
34765.000   999.000   -4.670   -175.024
34766.000   1011.000   -4.732   -175.019
34767.000   972.000   -4.795   -175.015
34768.000   986.000   -4.857   -175.011
34769.000   1050.000   -4.919   -175.007
34770.000   1002.000   -4.982   -175.003
34771.000   994.000   -5.044   -174.999
34772.000   987.000   -5.106   -174.995
34773.000   1055.000   -5.169   -174.991
34774.000   1002.000   -5.231   -174.987
34775.000   1015.000   -5.294   -174.983
34776.000   959.000   -5.356   -174.979
34777.000   996.000   -5.418   -174.975
34778.000   1012.000   -5.481   -174.971
34779.000   1001.000   -5.543   -174.967
34780.000   935.000   -5.605   -174.963
34781.000   1030.000   -5.668   -174.958
34782.000   994.000   -5.730   -174.954
34783.000   947.000   -5.792   -174.950
34784.000   941.000   -5.855   -174.946
34785.000   993.000   -5.917   -174.942
34786.000   1031.000   -5.979   -174.938
34787.000   1000.000   -6.042   -174.934
34788.000   992.000   -6.104   -174.930
34789.000   1002.000   -6.166   -174.926
34790.000   1011.000   -6.229   -174.922
34791.000   1038.000   -6.291   -174.918
34792.000   1002.000   -6.353   -174.914
34793.000   1048.000   -6.416   -174.909
34794.000   934.000   -6.478   -174.905
34795.000   963.000   -6.540   -174.901
34796.000   1030.000   -6.603   -174.897
34797.000   960.000   -6.665   -174.893
34798.000   954.000   -6.727   -174.889
34799.000   1039.000   -6.790   -174.885
34800.000   993.000   -6.852   -174.881
34801.000   1041.000   -6.914   -174.877
34802.000   996.000   -6.977   -174.872
34803.000   981.000   -7.039   -174.868
34804.000   1007.000   -7.101   -174.864
34805.000   1005.000   -7.164   -174.860
34806.000   950.000   -7.226   -174.856
34807.000   969.000   -7.288   -174.852
34808.000   947.000   -7.351   -174.848
34809.000   986.000   -7.413   -174.844
34810.000   919.000   -7.475   -174.839
34811.000   968.000   -7.538   -174.835
34812.000   924.000   -7.600   -174.831
34813.000   942.000   -7.662   -174.827
34814.000   982.000   -7.725   -174.823
34815.000   990.000   -7.787   -174.819
34816.000   985.000   -7.849   -174.815
34817.000   1038.000   -7.912   -174.810
34818.000   1053.000   -7.974   -174.806
34819.000   943.000   -8.036   -174.802
34820.000   1003.000   -8.099   -174.798
34821.000   973.000   -8.161   -174.794
34822.000   977.000   -8.223   -174.790
34823.000   965.000   -8.286   -174.785
34824.000   984.000   -8.348   -174.781
34825.000   949.000   -8.410   -174.777
34826.000   996.000   -8.473   -174.773
34827.000   988.000   -8.535   -174.769
34828.000   984.000   -8.597   -174.765
34829.000   986.000   -8.659   -174.760
34830.000   976.000   -8.722   -174.756
34831.000   994.000   -8.784   -174.752
34832.000   969.000   -8.846   -174.748
34833.000   964.000   -8.909   -174.744
34834.000   1000.000   -8.971   -174.739
34835.000   997.000   -9.033   -174.735
34836.000   994.000   -9.096   -174.731
34837.000   1046.000   -9.158   -174.727
34838.000   1038.000   -9.220   -174.723
34839.000   1028.000   -9.283   -174.718
34840.000   1011.000   -9.345   -174.714
34841.000   967.000   -9.407   -174.710
34842.000   947.000   -9.470   -174.706
34843.000   1009.000   -9.532   -174.702
34844.000   1004.000   -9.594   -174.697
34845.000   1049.000   -9.656   -174.693
34846.000   978.000   -9.719   -174.689
34847.000   964.000   -9.781   -174.685
34848.000   983.000   -9.843   -174.680
34849.000   988.000   -9.906   -174.676
34850.000   980.000   -9.968   -174.672
34851.000   982.000   -10.030   -174.668
34852.000   991.000   -10.093   -174.663
34853.000   990.000   -10.155   -174.659
34854.000   1041.000   -10.217   -174.655
34855.000   1003.000   -10.279   -174.651
34856.000   1030.000   -10.342   -174.646
34857.000   1006.000   -10.404   -174.642
34858.000   944.000   -10.466   -174.638
34859.000   990.000   -10.529   -174.634
34860.000   1062.000   -10.591   -174.629
34861.000   935.000   -10.653   -174.625
34862.000   988.000   -10.715   -174.621
34863.000   973.000   -10.778   -174.616
34864.000   971.000   -10.840   -174.612
34865.000   1020.000   -10.902   -174.608
34866.000   962.000   -10.965   -174.604
34867.000   988.000   -11.027   -174.599
34868.000   1033.000   -11.089   -174.595
34869.000   1031.000   -11.151   -174.591
34870.000   1013.000   -11.214   -174.586
34871.000   1031.000   -11.276   -174.582
34872.000   986.000   -11.338   -174.578
34873.000   1019.000   -11.401   -174.573
34874.000   1036.000   -11.463   -174.569
34875.000   1035.000   -11.525   -174.565
34876.000   969.000   -11.587   -174.560
34877.000   955.000   -11.650   -174.556
34878.000   967.000   -11.712   -174.552
34879.000   1000.000   -11.774   -174.547
34880.000   992.000   -11.836   -174.543
34881.000   1029.000   -11.899   -174.539
34882.000   1043.000   -11.961   -174.534
34883.000   932.000   -12.023   -174.530
34884.000   992.000   -12.086   -174.526
34885.000   923.000   -12.148   -174.521
34886.000   986.000   -12.210   -174.517
34887.000   974.000   -12.272   -174.513
34888.000   997.000   -12.335   -174.508
34889.000   990.000   -12.397   -174.504
34890.000   910.000   -12.459   -174.499
34891.000   969.000   -12.521   -174.495
34892.000   995.000   -12.584   -174.491
34893.000   1013.000   -12.646   -174.486
34894.000   1016.000   -12.708   -174.482
34895.000   986.000   -12.770   -174.477
34896.000   1002.000   -12.833   -174.473
34897.000   1005.000   -12.895   -174.469
34898.000   989.000   -12.957   -174.464
34899.000   959.000   -13.019   -174.460
34900.000   955.000   -13.082   -174.455
34901.000   972.000   -13.144   -174.451
34902.000   1022.000   -13.206   -174.446
34903.000   950.000   -13.268   -174.442
34904.000   1025.000   -13.331   -174.438
34905.000   1006.000   -13.393   -174.433
34906.000   1003.000   -13.455   -174.429
34907.000   1054.000   -13.517   -174.424
34908.000   1020.000   -13.580   -174.420
34909.000   960.000   -13.642   -174.415
34910.000   1021.000   -13.704   -174.411
34911.000   989.000   -13.766   -174.406
34912.000   1010.000   -13.829   -174.402
34913.000   981.000   -13.891   -174.397
34914.000   1025.000   -13.953   -174.393
34915.000   1024.000   -14.015   -174.388
34916.000   1044.000   -14.078   -174.384
34917.000   981.000   -14.140   -174.379
34918.000   967.000   -14.202   -174.375
34919.000   1041.000   -14.264   -174.370
34920.000   1015.000   -14.327   -174.366
34921.000   1004.000   -14.389   -174.361
34922.000   995.000   -14.451   -174.357
34923.000   1058.000   -14.513   -174.352
34924.000   1023.000   -14.576   -174.348
34925.000   1010.000   -14.638   -174.343
34926.000   1050.000   -14.700   -174.339
34927.000   1033.000   -14.762   -174.334
34928.000   952.000   -14.824   -174.330
34929.000   1081.000   -14.887   -174.325
34930.000   1074.000   -14.949   -174.320
34931.000   1122.000   -15.011   -174.316
34932.000   1039.000   -15.073   -174.311
34933.000   1054.000   -15.136   -174.307
34934.000   965.000   -15.198   -174.302
34935.000   976.000   -15.260   -174.298
34936.000   1026.000   -15.322   -174.293
34937.000   993.000   -15.384   -174.288
34938.000   1005.000   -15.447   -174.284
34939.000   1017.000   -15.509   -174.279
34940.000   984.000   -15.571   -174.274
34941.000   999.000   -15.633   -174.270
34942.000   991.000   -15.695   -174.265
34943.000   990.000   -15.758   -174.261
34944.000   1032.000   -15.820   -174.256
34945.000   1030.000   -15.882   -174.251
34946.000   996.000   -15.944   -174.247
34947.000   1024.000   -16.007   -174.242
34948.000   1031.000   -16.069   -174.237
34949.000   987.000   -16.131   -174.233
34950.000   997.000   -16.193   -174.228
34951.000   1006.000   -16.255   -174.223
34952.000   1076.000   -16.318   -174.219
34953.000   992.000   -16.380   -174.214
34954.000   1055.000   -16.442   -174.209
34955.000   999.000   -16.504   -174.205
34956.000   1001.000   -16.566   -174.200
34957.000   1084.000   -16.629   -174.195
34958.000   1037.000   -16.691   -174.190
34959.000   1057.000   -16.753   -174.186
34960.000   1003.000   -16.815   -174.181
34961.000   984.000   -16.877   -174.176
34962.000   985.000   -16.939   -174.172
34963.000   1027.000   -17.002   -174.167
34964.000   1002.000   -17.064   -174.162
34965.000   1002.000   -17.126   -174.157
34966.000   1031.000   -17.188   -174.153
34967.000   993.000   -17.250   -174.148
34968.000   967.000   -17.313   -174.143
34969.000   989.000   -17.375   -174.138
34970.000   1024.000   -17.437   -174.133
34971.000   1036.000   -17.499   -174.129
34972.000   1047.000   -17.561   -174.124
34973.000   1011.000   -17.623   -174.119
34974.000   1023.000   -17.686   -174.114
34975.000   1056.000   -17.748   -174.109
34976.000   1023.000   -17.810   -174.105
34977.000   1061.000   -17.872   -174.100
34978.000   1025.000   -17.934   -174.095
34979.000   1037.000   -17.997   -174.090
34980.000   1042.000   -18.059   -174.085
34981.000   1067.000   -18.121   -174.080
34982.000   1069.000   -18.183   -174.076
34983.000   1109.000   -18.245   -174.071
34984.000   1006.000   -18.307   -174.066
34985.000   1006.000   -18.369   -174.061
34986.000   1066.000   -18.432   -174.056
34987.000   1065.000   -18.494   -174.051
34988.000   1024.000   -18.556   -174.046
34989.000   1020.000   -18.618   -174.041
34990.000   1041.000   -18.680   -174.036
34991.000   993.000   -18.742   -174.032
34992.000   991.000   -18.805   -174.027
34993.000   1025.000   -18.867   -174.022
34994.000   988.000   -18.929   -174.017
34995.000   1042.000   -18.991   -174.012
34996.000   1051.000   -19.053   -174.007
34997.000   1038.000   -19.115   -174.002
34998.000   1036.000   -19.177   -173.997
34999.000   1045.000   -19.240   -173.992
35000.000   1031.000   -19.302   -173.987
35001.000   1051.000   -19.364   -173.982
35002.000   1060.000   -19.426   -173.977
35003.000   975.000   -19.488   -173.972
35004.000   1050.000   -19.550   -173.967
35005.000   1017.000   -19.612   -173.962
35006.000   1027.000   -19.675   -173.957
35007.000   1068.000   -19.737   -173.952
35008.000   1033.000   -19.799   -173.947
35009.000   1061.000   -19.861   -173.942
35010.000   1012.000   -19.923   -173.937
35011.000   1066.000   -19.985   -173.932
35012.000   1059.000   -20.047   -173.927
35013.000   1052.000   -20.110   -173.922
35014.000   1026.000   -20.172   -173.917
35015.000   1107.000   -20.234   -173.912
35016.000   1030.000   -20.296   -173.906
35017.000   1079.000   -20.358   -173.901
35018.000   1022.000   -20.420   -173.896
35019.000   1040.000   -20.482   -173.891
35020.000   1065.000   -20.544   -173.886
35021.000   1104.000   -20.606   -173.881
35022.000   1013.000   -20.669   -173.876
35023.000   1037.000   -20.731   -173.871
35024.000   1042.000   -20.793   -173.865
35025.000   1084.000   -20.855   -173.860
35026.000   1050.000   -20.917   -173.855
35027.000   1029.000   -20.979   -173.850
35028.000   1019.000   -21.041   -173.845
35029.000   1039.000   -21.103   -173.840
35030.000   1059.000   -21.165   -173.834
35031.000   1046.000   -21.228   -173.829
35032.000   1001.000   -21.290   -173.824
35033.000   1063.000   -21.352   -173.819
35034.000   1061.000   -21.414   -173.814
35035.000   1097.000   -21.476   -173.808
35036.000   1018.000   -21.538   -173.803
35037.000   1049.000   -21.600   -173.798
35038.000   1009.000   -21.662   -173.793
35039.000   1048.000   -21.724   -173.787
35040.000   1042.000   -21.786   -173.782
35041.000   1061.000   -21.849   -173.777
35042.000   1048.000   -21.911   -173.771
35043.000   1099.000   -21.973   -173.766
35044.000   1035.000   -22.035   -173.761
35045.000   1027.000   -22.097   -173.756
35046.000   1056.000   -22.159   -173.750
35047.000   1071.000   -22.221   -173.745
35048.000   1097.000   -22.283   -173.740
35049.000   1082.000   -22.345   -173.734
35050.000   1044.000   -22.407   -173.729
35051.000   1120.000   -22.469   -173.723
35052.000   1077.000   -22.531   -173.718
35053.000   1068.000   -22.593   -173.713
35054.000   1041.000   -22.656   -173.707
35055.000   1035.000   -22.718   -173.702
35056.000   1060.000   -22.780   -173.697
35057.000   1082.000   -22.842   -173.691
35058.000   1044.000   -22.904   -173.686
35059.000   1083.000   -22.966   -173.680
35060.000   1061.000   -23.028   -173.675
35061.000   1034.000   -23.090   -173.669
35062.000   1058.000   -23.152   -173.664
35063.000   1075.000   -23.214   -173.658
35064.000   1066.000   -23.276   -173.653
35065.000   1094.000   -23.338   -173.647
35066.000   1087.000   -23.400   -173.642
35067.000   1046.000   -23.462   -173.636
35068.000   1118.000   -23.524   -173.631
35069.000   1029.000   -23.586   -173.625
35070.000   1062.000   -23.649   -173.620
35071.000   1086.000   -23.711   -173.614
35072.000   1040.000   -23.773   -173.609
35073.000   1096.000   -23.835   -173.603
35074.000   1057.000   -23.897   -173.598
35075.000   1063.000   -23.959   -173.592
35076.000   1055.000   -24.021   -173.587
35077.000   1074.000   -24.083   -173.581
35078.000   1064.000   -24.145   -173.575
35079.000   1114.000   -24.207   -173.570
35080.000   1041.000   -24.269   -173.564
35081.000   1042.000   -24.331   -173.558
35082.000   1131.000   -24.393   -173.553
35083.000   1120.000   -24.455   -173.547
35084.000   1058.000   -24.517   -173.541
35085.000   1145.000   -24.579   -173.536
35086.000   1038.000   -24.641   -173.530
35087.000   1076.000   -24.703   -173.524
35088.000   1111.000   -24.765   -173.519
35089.000   1075.000   -24.827   -173.513
35090.000   1043.000   -24.889   -173.507
35091.000   1171.000   -24.951   -173.502
35092.000   1135.000   -25.013   -173.496
35093.000   1084.000   -25.075   -173.490
35094.000   1078.000   -25.137   -173.484
35095.000   1061.000   -25.199   -173.479
35096.000   1074.000   -25.261   -173.473
35097.000   1055.000   -25.323   -173.467
35098.000   1035.000   -25.385   -173.461
35099.000   1168.000   -25.447   -173.455
35100.000   1132.000   -25.509   -173.450
35101.000   1068.000   -25.571   -173.444
35102.000   1054.000   -25.633   -173.438
35103.000   1047.000   -25.695   -173.432
35104.000   1101.000   -25.757   -173.426
35105.000   1080.000   -25.819   -173.420
35106.000   1091.000   -25.881   -173.414
35107.000   1141.000   -25.943   -173.409
35108.000   1153.000   -26.005   -173.403
35109.000   1102.000   -26.067   -173.397
35110.000   1106.000   -26.129   -173.391
35111.000   1082.000   -26.191   -173.385
35112.000   1103.000   -26.253   -173.379
35113.000   1123.000   -26.315   -173.373
35114.000   1078.000   -26.377   -173.367
35115.000   1095.000   -26.439   -173.361
35116.000   1101.000   -26.501   -173.355
35117.000   1100.000   -26.563   -173.349
35118.000   1044.000   -26.625   -173.343
35119.000   1157.000   -26.687   -173.337
35120.000   1102.000   -26.749   -173.331
35121.000   1109.000   -26.811   -173.325
35122.000   1106.000   -26.873   -173.319
35123.000   1124.000   -26.935   -173.313
35124.000   1119.000   -26.997   -173.307
35125.000   1100.000   -27.059   -173.301
35126.000   1109.000   -27.121   -173.295
35127.000   1131.000   -27.183   -173.288
35128.000   1145.000   -27.245   -173.282
35129.000   1106.000   -27.307   -173.276
35130.000   1137.000   -27.369   -173.270
35131.000   1079.000   -27.431   -173.264
35132.000   1111.000   -27.492   -173.258
35133.000   1104.000   -27.554   -173.252
35134.000   1137.000   -27.616   -173.245
35135.000   1141.000   -27.678   -173.239
35136.000   1076.000   -27.740   -173.233
35137.000   1097.000   -27.802   -173.227
35138.000   1083.000   -27.864   -173.221
35139.000   1179.000   -27.926   -173.214
35140.000   1088.000   -27.988   -173.208
35141.000   1186.000   -28.050   -173.202
35142.000   1148.000   -28.112   -173.195
35143.000   1138.000   -28.174   -173.189
35144.000   1157.000   -28.236   -173.183
35145.000   1117.000   -28.298   -173.177
35146.000   1172.000   -28.360   -173.170
35147.000   1115.000   -28.421   -173.164
35148.000   1121.000   -28.483   -173.158
35149.000   1120.000   -28.545   -173.151
35150.000   1135.000   -28.607   -173.145
35151.000   1176.000   -28.669   -173.138
35152.000   1051.000   -28.731   -173.132
35153.000   1079.000   -28.793   -173.126
35154.000   1141.000   -28.855   -173.119
35155.000   1092.000   -28.917   -173.113
35156.000   1172.000   -28.979   -173.106
35157.000   1133.000   -29.041   -173.100
35158.000   1137.000   -29.103   -173.093
35159.000   1148.000   -29.164   -173.087
35160.000   1099.000   -29.226   -173.080
35161.000   1157.000   -29.288   -173.074
35162.000   1154.000   -29.350   -173.067
35163.000   1129.000   -29.412   -173.061
35164.000   1160.000   -29.474   -173.054
35165.000   1065.000   -29.536   -173.048
35166.000   1159.000   -29.598   -173.041
35167.000   1136.000   -29.660   -173.034
35168.000   1174.000   -29.721   -173.028
35169.000   1153.000   -29.783   -173.021
35170.000   1135.000   -29.845   -173.015
35171.000   1152.000   -29.907   -173.008
35172.000   1114.000   -29.969   -173.001
35173.000   1230.000   -30.031   -172.995
35174.000   1189.000   -30.093   -172.988
35175.000   1094.000   -30.155   -172.981
35176.000   1200.000   -30.217   -172.974
35177.000   1224.000   -30.278   -172.968
35178.000   1144.000   -30.340   -172.961
35179.000   1244.000   -30.402   -172.954
35180.000   1134.000   -30.464   -172.947
35181.000   1246.000   -30.526   -172.941
35182.000   1168.000   -30.588   -172.934
35183.000   1141.000   -30.650   -172.927
35184.000   1134.000   -30.711   -172.920
35185.000   1137.000   -30.773   -172.913
35186.000   1209.000   -30.835   -172.907
35187.000   1191.000   -30.897   -172.900
35188.000   1212.000   -30.959   -172.893
35189.000   1178.000   -31.021   -172.886
35190.000   1129.000   -31.083   -172.879
35191.000   1184.000   -31.144   -172.872
35192.000   1149.000   -31.206   -172.865
35193.000   1167.000   -31.268   -172.858
35194.000   1178.000   -31.330   -172.851
35195.000   1199.000   -31.392   -172.844
35196.000   1225.000   -31.454   -172.837
35197.000   1188.000   -31.515   -172.830
35198.000   1231.000   -31.577   -172.823
35199.000   1202.000   -31.639   -172.816
35200.000   1223.000   -31.701   -172.809
35201.000   1189.000   -31.763   -172.802
35202.000   1192.000   -31.825   -172.795
35203.000   1162.000   -31.886   -172.788
35204.000   1189.000   -31.948   -172.781
35205.000   1175.000   -32.010   -172.774
35206.000   1125.000   -32.072   -172.766
35207.000   1164.000   -32.134   -172.759
35208.000   1275.000   -32.195   -172.752
35209.000   1162.000   -32.257   -172.745
35210.000   1177.000   -32.319   -172.738
35211.000   1226.000   -32.381   -172.731
35212.000   1183.000   -32.443   -172.723
35213.000   1212.000   -32.504   -172.716
35214.000   1233.000   -32.566   -172.709
35215.000   1216.000   -32.628   -172.702
35216.000   1184.000   -32.690   -172.694
35217.000   1199.000   -32.752   -172.687
35218.000   1222.000   -32.813   -172.680
35219.000   1213.000   -32.875   -172.672
35220.000   1220.000   -32.937   -172.665
35221.000   1155.000   -32.999   -172.657
35222.000   1231.000   -33.061   -172.650
35223.000   1248.000   -33.122   -172.643
35224.000   1223.000   -33.184   -172.635
35225.000   1232.000   -33.246   -172.628
35226.000   1242.000   -33.308   -172.620
35227.000   1254.000   -33.369   -172.613
35228.000   1193.000   -33.431   -172.605
35229.000   1194.000   -33.493   -172.598
35230.000   1188.000   -33.555   -172.590
35231.000   1231.000   -33.617   -172.583
35232.000   1207.000   -33.678   -172.575
35233.000   1210.000   -33.740   -172.568
35234.000   1262.000   -33.802   -172.560
35235.000   1248.000   -33.864   -172.552
35236.000   1233.000   -33.925   -172.545
35237.000   1198.000   -33.987   -172.537
35238.000   1270.000   -34.049   -172.530
35239.000   1225.000   -34.111   -172.522
35240.000   1282.000   -34.172   -172.514
35241.000   1186.000   -34.234   -172.506
35242.000   1261.000   -34.296   -172.499
35243.000   1250.000   -34.358   -172.491
35244.000   1216.000   -34.419   -172.483
35245.000   1270.000   -34.481   -172.475
35246.000   1206.000   -34.543   -172.468
35247.000   1199.000   -34.604   -172.460
35248.000   1236.000   -34.666   -172.452
35249.000   1272.000   -34.728   -172.444
35250.000   1264.000   -34.790   -172.436
35251.000   1230.000   -34.851   -172.428
35252.000   1232.000   -34.913   -172.421
35253.000   1251.000   -34.975   -172.413
35254.000   1284.000   -35.037   -172.405
35255.000   1196.000   -35.098   -172.397
35256.000   1229.000   -35.160   -172.389
35257.000   1294.000   -35.222   -172.381
35258.000   1215.000   -35.283   -172.373
35259.000   1275.000   -35.345   -172.365
35260.000   1255.000   -35.407   -172.357
35261.000   1276.000   -35.468   -172.349
35262.000   1232.000   -35.530   -172.340
35263.000   1256.000   -35.592   -172.332
35264.000   1239.000   -35.654   -172.324
35265.000   1235.000   -35.715   -172.316
35266.000   1292.000   -35.777   -172.308
35267.000   1218.000   -35.839   -172.300
35268.000   1333.000   -35.900   -172.292
35269.000   1269.000   -35.962   -172.283
35270.000   1209.000   -36.024   -172.275
35271.000   1263.000   -36.085   -172.267
35272.000   1256.000   -36.147   -172.259
35273.000   1265.000   -36.209   -172.250
35274.000   1337.000   -36.270   -172.242
35275.000   1322.000   -36.332   -172.234
35276.000   1291.000   -36.394   -172.225
35277.000   1299.000   -36.455   -172.217
35278.000   1221.000   -36.517   -172.209
35279.000   1283.000   -36.579   -172.200
35280.000   1336.000   -36.640   -172.192
35281.000   1316.000   -36.702   -172.183
35282.000   1281.000   -36.764   -172.175
35283.000   1398.000   -36.825   -172.166
35284.000   1277.000   -36.887   -172.158
35285.000   1235.000   -36.949   -172.149
35286.000   1291.000   -37.010   -172.141
35287.000   1351.000   -37.072   -172.132
35288.000   1257.000   -37.134   -172.123
35289.000   1325.000   -37.195   -172.115
35290.000   1308.000   -37.257   -172.106
35291.000   1382.000   -37.318   -172.098
35292.000   1338.000   -37.380   -172.089
35293.000   1355.000   -37.442   -172.080
35294.000   1270.000   -37.503   -172.071
35295.000   1333.000   -37.565   -172.063
35296.000   1340.000   -37.627   -172.054
35297.000   1380.000   -37.688   -172.045
35298.000   1289.000   -37.750   -172.036
35299.000   1297.000   -37.811   -172.028
35300.000   1357.000   -37.873   -172.019
35301.000   1319.000   -37.935   -172.010
35302.000   1309.000   -37.996   -172.001
35303.000   1306.000   -38.058   -171.992
35304.000   1275.000   -38.119   -171.983
35305.000   1393.000   -38.181   -171.974
35306.000   1372.000   -38.243   -171.965
35307.000   1373.000   -38.304   -171.956
35308.000   1286.000   -38.366   -171.947
35309.000   1282.000   -38.427   -171.938
35310.000   1358.000   -38.489   -171.929
35311.000   1281.000   -38.551   -171.920
35312.000   1361.000   -38.612   -171.911
35313.000   1348.000   -38.674   -171.902
35314.000   1373.000   -38.735   -171.892
35315.000   1329.000   -38.797   -171.883
35316.000   1327.000   -38.858   -171.874
35317.000   1395.000   -38.920   -171.865
35318.000   1312.000   -38.982   -171.856
35319.000   1349.000   -39.043   -171.846
35320.000   1317.000   -39.105   -171.837
35321.000   1352.000   -39.166   -171.828
35322.000   1323.000   -39.228   -171.818
35323.000   1355.000   -39.289   -171.809
35324.000   1374.000   -39.351   -171.800
35325.000   1365.000   -39.412   -171.790
35326.000   1376.000   -39.474   -171.781
35327.000   1420.000   -39.536   -171.771
35328.000   1340.000   -39.597   -171.762
35329.000   1358.000   -39.659   -171.752
35330.000   1401.000   -39.720   -171.743
35331.000   1332.000   -39.782   -171.733
35332.000   1363.000   -39.843   -171.724
35333.000   1333.000   -39.905   -171.714
35334.000   1305.000   -39.966   -171.704
35335.000   1277.000   -40.028   -171.695
35336.000   1404.000   -40.089   -171.685
35337.000   1342.000   -40.151   -171.675
35338.000   1382.000   -40.212   -171.666
35339.000   1312.000   -40.274   -171.656
35340.000   1358.000   -40.335   -171.646
35341.000   1373.000   -40.397   -171.636
35342.000   1423.000   -40.458   -171.626
35343.000   1394.000   -40.520   -171.617
35344.000   1436.000   -40.581   -171.607
35345.000   1356.000   -40.643   -171.597
35346.000   1393.000   -40.704   -171.587
35347.000   1422.000   -40.766   -171.577
35348.000   1366.000   -40.827   -171.567
35349.000   1418.000   -40.889   -171.557
35350.000   1348.000   -40.950   -171.547
35351.000   1422.000   -41.012   -171.537
35352.000   1412.000   -41.073   -171.527
35353.000   1442.000   -41.135   -171.517
35354.000   1449.000   -41.196   -171.506
35355.000   1492.000   -41.258   -171.496
35356.000   1475.000   -41.319   -171.486
35357.000   1451.000   -41.381   -171.476
35358.000   1500.000   -41.442   -171.466
35359.000   1464.000   -41.503   -171.455
35360.000   1527.000   -41.565   -171.445
35361.000   1671.000   -41.626   -171.435
35362.000   1657.000   -41.688   -171.424
35363.000   1692.000   -41.749   -171.414
35364.000   1732.000   -41.811   -171.403
35365.000   1760.000   -41.872   -171.393
35366.000   1809.000   -41.934   -171.383
35367.000   1901.000   -41.995   -171.372
35368.000   2017.000   -42.056   -171.361
35369.000   2139.000   -42.118   -171.351
35370.000   2276.000   -42.179   -171.340
35371.000   2584.000   -42.241   -171.330
35372.000   2709.000   -42.302   -171.319
35373.000   2882.000   -42.364   -171.308
35374.000   2845.000   -42.425   -171.298
35375.000   2824.000   -42.486   -171.287
35376.000   2892.000   -42.548   -171.276
35377.000   2844.000   -42.609   -171.265
35378.000   2751.000   -42.671   -171.255
35379.000   2694.000   -42.732   -171.244
35380.000   2939.000   -42.793   -171.233
35381.000   3212.000   -42.855   -171.222
35382.000   3284.000   -42.916   -171.211
35383.000   3580.000   -42.978   -171.200
35384.000   3902.000   -43.039   -171.189
35385.000   3845.000   -43.100   -171.178
35386.000   3845.000   -43.162   -171.167
35387.000   3900.000   -43.223   -171.156
35388.000   3661.000   -43.284   -171.145
35389.000   3548.000   -43.346   -171.134
35390.000   3387.000   -43.407   -171.122
35391.000   3310.000   -43.469   -171.111
35392.000   3244.000   -43.530   -171.100
35393.000   3219.000   -43.591   -171.089
35394.000   3473.000   -43.653   -171.077
35395.000   3449.000   -43.714   -171.066
35396.000   3508.000   -43.775   -171.055
35397.000   3513.000   -43.837   -171.043
35398.000   3675.000   -43.898   -171.032
35399.000   3724.000   -43.959   -171.020
35400.000   3884.000   -44.021   -171.009
35401.000   3911.000   -44.082   -170.997
35402.000   3898.000   -44.143   -170.986
35403.000   3902.000   -44.205   -170.974
35404.000   3885.000   -44.266   -170.963
35405.000   3888.000   -44.327   -170.951
35406.000   3861.000   -44.389   -170.939
35407.000   3922.000   -44.450   -170.928
35408.000   3927.000   -44.511   -170.916
35409.000   3922.000   -44.573   -170.904
35410.000   3803.000   -44.634   -170.892
35411.000   3805.000   -44.695   -170.880
35412.000   3680.000   -44.756   -170.868
35413.000   3511.000   -44.818   -170.857
35414.000   3618.000   -44.879   -170.845
35415.000   3572.000   -44.940   -170.833
35416.000   3457.000   -45.002   -170.821
35417.000   3452.000   -45.063   -170.808
35418.000   3505.000   -45.124   -170.796
35419.000   3457.000   -45.185   -170.784
35420.000   3445.000   -45.247   -170.772
35421.000   3392.000   -45.308   -170.760
35422.000   3390.000   -45.369   -170.748
35423.000   3314.000   -45.431   -170.735
35424.000   3285.000   -45.492   -170.723
35425.000   3321.000   -45.553   -170.711
35426.000   3223.000   -45.614   -170.698
35427.000   3188.000   -45.676   -170.686
35428.000   3107.000   -45.737   -170.673
35429.000   3030.000   -45.798   -170.661
35430.000   2955.000   -45.859   -170.648
35431.000   3031.000   -45.920   -170.636
35432.000   2867.000   -45.982   -170.623
35433.000   2936.000   -46.043   -170.611
35434.000   2819.000   -46.104   -170.598
35435.000   2877.000   -46.165   -170.585
35436.000   2942.000   -46.227   -170.573
35437.000   2643.000   -46.288   -170.560
35438.000   2782.000   -46.349   -170.547
35439.000   2773.000   -46.410   -170.534
35440.000   2746.000   -46.471   -170.521
35441.000   2791.000   -46.533   -170.508
35442.000   2698.000   -46.594   -170.495
35443.000   2756.000   -46.655   -170.482
35444.000   2650.000   -46.716   -170.469
35445.000   2617.000   -46.777   -170.456
35446.000   2614.000   -46.839   -170.443
35447.000   2726.000   -46.900   -170.430
35448.000   2470.000   -46.961   -170.417
35449.000   2542.000   -47.022   -170.403
35450.000   2477.000   -47.083   -170.390
35451.000   2407.000   -47.144   -170.377
35452.000   2357.000   -47.206   -170.363
35453.000   2472.000   -47.267   -170.350
35454.000   2461.000   -47.328   -170.337
35455.000   2427.000   -47.389   -170.323
35456.000   2303.000   -47.450   -170.310
35457.000   2382.000   -47.511   -170.296
35458.000   2166.000   -47.573   -170.282
35459.000   2257.000   -47.634   -170.269
35460.000   2192.000   -47.695   -170.255
35461.000   2210.000   -47.756   -170.241
35462.000   2187.000   -47.817   -170.228
35463.000   2116.000   -47.878   -170.214
35464.000   2140.000   -47.939   -170.200
35465.000   2103.000   -48.000   -170.186
35466.000   2087.000   -48.062   -170.172
35467.000   2065.000   -48.123   -170.158
35468.000   2087.000   -48.184   -170.144
35469.000   1968.000   -48.245   -170.130
35470.000   2078.000   -48.306   -170.116
35471.000   2078.000   -48.367   -170.102
35472.000   2051.000   -48.428   -170.087
35473.000   2003.000   -48.489   -170.073
35474.000   1972.000   -48.550   -170.059
35475.000   2009.000   -48.611   -170.045
35476.000   1904.000   -48.672   -170.030
35477.000   1930.000   -48.733   -170.016
35478.000   1917.000   -48.795   -170.001
35479.000   1972.000   -48.856   -169.987
35480.000   1828.000   -48.917   -169.972
35481.000   1983.000   -48.978   -169.958
35482.000   1745.000   -49.039   -169.943
35483.000   1882.000   -49.100   -169.928
35484.000   1833.000   -49.161   -169.913
35485.000   1833.000   -49.222   -169.899
35486.000   1732.000   -49.283   -169.884
35487.000   1724.000   -49.344   -169.869
35488.000   1822.000   -49.405   -169.854
35489.000   1799.000   -49.466   -169.839
35490.000   1701.000   -49.527   -169.824
35491.000   1787.000   -49.588   -169.809
35492.000   1795.000   -49.649   -169.794
35493.000   1718.000   -49.710   -169.779
35494.000   1802.000   -49.771   -169.763
35495.000   1770.000   -49.832   -169.748
35496.000   1719.000   -49.893   -169.733
35497.000   1745.000   -49.954   -169.717
35498.000   1729.000   -50.015   -169.702
35499.000   1722.000   -50.076   -169.687
35500.000   1691.000   -50.137   -169.671
35501.000   1685.000   -50.198   -169.655
35502.000   1752.000   -50.259   -169.640
35503.000   1693.000   -50.320   -169.624
35504.000   1716.000   -50.381   -169.608
35505.000   1759.000   -50.442   -169.593
35506.000   1733.000   -50.503   -169.577
35507.000   1693.000   -50.564   -169.561
35508.000   1769.000   -50.625   -169.545
35509.000   1646.000   -50.685   -169.529
35510.000   1635.000   -50.746   -169.513
35511.000   1708.000   -50.807   -169.497
35512.000   1760.000   -50.868   -169.481
35513.000   1798.000   -50.929   -169.465
35514.000   1590.000   -50.990   -169.448
35515.000   1642.000   -51.051   -169.432
35516.000   1684.000   -51.112   -169.416
35517.000   1640.000   -51.173   -169.399
35518.000   1747.000   -51.234   -169.383
35519.000   1689.000   -51.295   -169.366
35520.000   1633.000   -51.355   -169.350
35521.000   1771.000   -51.416   -169.333
35522.000   1758.000   -51.477   -169.317
35523.000   1679.000   -51.538   -169.300
35524.000   1661.000   -51.599   -169.283
35525.000   1688.000   -51.660   -169.266
35526.000   1717.000   -51.721   -169.249
35527.000   1578.000   -51.782   -169.232
35528.000   1586.000   -51.842   -169.215
35529.000   1743.000   -51.903   -169.198
35530.000   1651.000   -51.964   -169.181
35531.000   1749.000   -52.025   -169.164
35532.000   1676.000   -52.086   -169.147
35533.000   1661.000   -52.147   -169.129
35534.000   1655.000   -52.207   -169.112
35535.000   1661.000   -52.268   -169.095
35536.000   1648.000   -52.329   -169.077
35537.000   1700.000   -52.390   -169.060
35538.000   1697.000   -52.451   -169.042
35539.000   1755.000   -52.511   -169.024
35540.000   1648.000   -52.572   -169.007
35541.000   1733.000   -52.633   -168.989
35542.000   1737.000   -52.694   -168.971
35543.000   1722.000   -52.755   -168.953
35544.000   1745.000   -52.815   -168.935
35545.000   1832.000   -52.876   -168.917
35546.000   1767.000   -52.937   -168.899
35547.000   1819.000   -52.998   -168.881
35548.000   1816.000   -53.058   -168.863
35549.000   1735.000   -53.119   -168.845
35550.000   1820.000   -53.180   -168.826
35551.000   1850.000   -53.241   -168.808
35552.000   1846.000   -53.301   -168.789
35553.000   1888.000   -53.362   -168.771
35554.000   1909.000   -53.423   -168.752
35555.000   1983.000   -53.483   -168.734
35556.000   1945.000   -53.544   -168.715
35557.000   1895.000   -53.605   -168.696
35558.000   2054.000   -53.666   -168.677
35559.000   2007.000   -53.726   -168.658
35560.000   1983.000   -53.787   -168.639
35561.000   2017.000   -53.848   -168.620
35562.000   2068.000   -53.908   -168.601
35563.000   2218.000   -53.969   -168.582
35564.000   2160.000   -54.030   -168.563
35565.000   2193.000   -54.090   -168.543
35566.000   2195.000   -54.151   -168.524
35567.000   2289.000   -54.212   -168.505
35568.000   2218.000   -54.272   -168.485
35569.000   2303.000   -54.333   -168.465
35570.000   2369.000   -54.394   -168.446
35571.000   2407.000   -54.454   -168.426
35572.000   2475.000   -54.515   -168.406
35573.000   2585.000   -54.575   -168.386
35574.000   2642.000   -54.636   -168.366
35575.000   2643.000   -54.697   -168.346
35576.000   2630.000   -54.757   -168.326
35577.000   2599.000   -54.818   -168.306
35578.000   2832.000   -54.878   -168.286
35579.000   2875.000   -54.939   -168.266
35580.000   2943.000   -55.000   -168.245
35581.000   3035.000   -55.060   -168.225
35582.000   3056.000   -55.121   -168.204
35583.000   3053.000   -55.181   -168.184
35584.000   3102.000   -55.242   -168.163
35585.000   3224.000   -55.302   -168.142
35586.000   3224.000   -55.363   -168.121
35587.000   3390.000   -55.423   -168.100
35588.000   3401.000   -55.484   -168.079
35589.000   3539.000   -55.545   -168.058
35590.000   3625.000   -55.605   -168.037
35591.000   3707.000   -55.666   -168.016
35592.000   3683.000   -55.726   -167.995
35593.000   3825.000   -55.787   -167.973
35594.000   3960.000   -55.847   -167.952
35595.000   3915.000   -55.908   -167.930
35596.000   4180.000   -55.968   -167.909
35597.000   4057.000   -56.029   -167.887
35598.000   4310.000   -56.089   -167.865
35599.000   4373.000   -56.149   -167.843
35600.000   4349.000   -56.210   -167.821
35601.000   4556.000   -56.270   -167.799
35602.000   4509.000   -56.331   -167.777
35603.000   4507.000   -56.391   -167.755
35604.000   4665.000   -56.452   -167.733
35605.000   4852.000   -56.512   -167.711
35606.000   4909.000   -56.573   -167.688
35607.000   5152.000   -56.633   -167.666
35608.000   5056.000   -56.693   -167.643
35609.000   5171.000   -56.754   -167.620
35610.000   5156.000   -56.814   -167.597
35611.000   5299.000   -56.875   -167.575
35612.000   5459.000   -56.935   -167.552
35613.000   5510.000   -56.995   -167.529
35614.000   5566.000   -57.056   -167.505
35615.000   5682.000   -57.116   -167.482
35616.000   5844.000   -57.176   -167.459
35617.000   5950.000   -57.237   -167.436
35618.000   6155.000   -57.297   -167.412
35619.000   6100.000   -57.357   -167.388
35620.000   6512.000   -57.418   -167.365
35621.000   6556.000   -57.478   -167.341
35622.000   6596.000   -57.538   -167.317
35623.000   6656.000   -57.599   -167.293
35624.000   6954.000   -57.659   -167.269
35625.000   7043.000   -57.719   -167.245
35626.000   7213.000   -57.780   -167.221
35627.000   7392.000   -57.840   -167.196
35628.000   7482.000   -57.900   -167.172
35629.000   7761.000   -57.960   -167.148
35630.000   7987.000   -58.021   -167.123
35631.000   7923.000   -58.081   -167.098
35632.000   8137.000   -58.141   -167.073
35633.000   8384.000   -58.201   -167.049
35634.000   8532.000   -58.262   -167.024
35635.000   8834.000   -58.322   -166.998
35636.000   8923.000   -58.382   -166.973
35637.000   9226.000   -58.442   -166.948
35638.000   9223.000   -58.502   -166.923
35639.000   9451.000   -58.563   -166.897
35640.000   9689.000   -58.623   -166.871
35641.000   9782.000   -58.683   -166.846
35642.000   10089.000   -58.743   -166.820
35643.000   10242.000   -58.803   -166.794
35644.000   10253.000   -58.863   -166.768
35645.000   10558.000   -58.923   -166.742
35646.000   10683.000   -58.984   -166.716
35647.000   10919.000   -59.044   -166.689
35648.000   10896.000   -59.104   -166.663
35649.000   11204.000   -59.164   -166.636
35650.000   11206.000   -59.224   -166.610
35651.000   11477.000   -59.284   -166.583
35652.000   11697.000   -59.344   -166.556
35653.000   11644.000   -59.404   -166.529
35654.000   12044.000   -59.464   -166.502
35655.000   12070.000   -59.524   -166.475
35656.000   12229.000   -59.585   -166.447
35657.000   12552.000   -59.645   -166.420
35658.000   12623.000   -59.705   -166.392
35659.000   12855.000   -59.765   -166.365
35660.000   12996.000   -59.825   -166.337
35661.000   13238.000   -59.885   -166.309
35662.000   13430.000   -59.945   -166.281
35663.000   13734.000   -60.005   -166.253
35664.000   13863.000   -60.065   -166.225
35665.000   14015.000   -60.125   -166.196
35666.000   14104.000   -60.185   -166.168
35667.000   14250.000   -60.245   -166.139
35668.000   14286.000   -60.304   -166.111
35669.000   14576.000   -60.364   -166.082
35670.000   14747.000   -60.424   -166.053
35671.000   14854.000   -60.484   -166.024
35672.000   14952.000   -60.544   -165.995
35673.000   14960.000   -60.604   -165.965
35674.000   15000.000   -60.664   -165.936
35675.000   15384.000   -60.724   -165.906
35676.000   15307.000   -60.784   -165.877
35677.000   15515.000   -60.844   -165.847
35678.000   15372.000   -60.903   -165.817
35679.000   15633.000   -60.963   -165.787
35680.000   15690.000   -61.023   -165.757
35681.000   15970.000   -61.083   -165.726
35682.000   15919.000   -61.143   -165.696
35683.000   16103.000   -61.203   -165.665
35684.000   16375.000   -61.262   -165.635
35685.000   16345.000   -61.322   -165.604
35686.000   16343.000   -61.382   -165.573
35687.000   16773.000   -61.442   -165.542
35688.000   16849.000   -61.502   -165.510
35689.000   16772.000   -61.561   -165.479
35690.000   17106.000   -61.621   -165.447
35691.000   17293.000   -61.681   -165.416
35692.000   17387.000   -61.741   -165.384
35693.000   17751.000   -61.800   -165.352
35694.000   17793.000   -61.860   -165.320
35695.000   17787.000   -61.920   -165.288
35696.000   18031.000   -61.979   -165.255
35697.000   18179.000   -62.039   -165.223
35698.000   18356.000   -62.099   -165.190
35699.000   18633.000   -62.158   -165.157
35700.000   18501.000   -62.218   -165.124
35701.000   18771.000   -62.278   -165.091
35702.000   19072.000   -62.337   -165.058
35703.000   19191.000   -62.397   -165.025
35704.000   19395.000   -62.456   -164.991
35705.000   19445.000   -62.516   -164.957
35706.000   19362.000   -62.576   -164.924
35707.000   19502.000   -62.635   -164.890
35708.000   19582.000   -62.695   -164.855
35709.000   19622.000   -62.754   -164.821
35710.000   19669.000   -62.814   -164.787
35711.000   19960.000   -62.873   -164.752
35712.000   19962.000   -62.933   -164.717
35713.000   20017.000   -62.992   -164.682
35714.000   19672.000   -63.052   -164.647
35715.000   19826.000   -63.111   -164.612
35716.000   19829.000   -63.171   -164.577
35717.000   19450.000   -63.230   -164.541
35718.000   19207.000   -63.290   -164.505
35719.000   18446.000   -63.349   -164.469
35720.000   18279.000   -63.408   -164.433
35721.000   18036.000   -63.468   -164.397
35722.000   18196.000   -63.527   -164.361
35723.000   18439.000   -63.587   -164.324
35724.000   18868.000   -63.646   -164.287
35725.000   18345.000   -63.705   -164.250
35726.000   18360.000   -63.765   -164.213
35727.000   18273.000   -63.824   -164.176
35728.000   17603.000   -63.883   -164.139
35729.000   17369.000   -63.943   -164.101
35730.000   16905.000   -64.002   -164.063
35731.000   16619.000   -64.061   -164.025
35732.000   16590.000   -64.120   -163.987
35733.000   16355.000   -64.180   -163.949
35734.000   16435.000   -64.239   -163.910
35735.000   16787.000   -64.298   -163.872
35736.000   16879.000   -64.357   -163.833
35737.000   16346.000   -64.417   -163.794
35738.000   15948.000   -64.476   -163.754
35739.000   15773.000   -64.535   -163.715
35740.000   15348.000   -64.594   -163.675
35741.000   16523.000   -64.653   -163.636
35742.000   17509.000   -64.712   -163.596
35743.000   16111.000   -64.771   -163.555
35744.000   15855.000   -64.831   -163.515
35745.000   15826.000   -64.890   -163.474
35746.000   15951.000   -64.949   -163.434
35747.000   14942.000   -65.008   -163.393
35748.000   17116.000   -65.067   -163.351
35749.000   19543.000   -65.126   -163.310
35750.000   18538.000   -65.185   -163.268
35751.000   18720.000   -65.244   -163.227
35752.000   19997.000   -65.303   -163.185
35753.000   20072.000   -65.362   -163.142
35754.000   18525.000   -65.421   -163.100
35755.000   17486.000   -65.480   -163.057
35756.000   17781.000   -65.539   -163.015
35757.000   18713.000   -65.598   -162.972
35758.000   17060.000   -65.657   -162.928
35759.000   16269.000   -65.715   -162.885
35760.000   16565.000   -65.774   -162.841
35761.000   15575.000   -65.833   -162.797
35762.000   15778.000   -65.892   -162.753
35763.000   15691.000   -65.951   -162.709
35764.000   13565.000   -66.010   -162.664
35765.000   14523.000   -66.068   -162.619
35766.000   15582.000   -66.127   -162.574
35767.000   14943.000   -66.186   -162.529
35768.000   14673.000   -66.245   -162.484
35769.000   15194.000   -66.303   -162.438
35770.000   16887.000   -66.362   -162.392
35771.000   17062.000   -66.421   -162.346
35772.000   15439.000   -66.479   -162.299
35773.000   15218.000   -66.538   -162.253
35774.000   14126.000   -66.597   -162.206
35775.000   14595.000   -66.655   -162.159
35776.000   17473.000   -66.714   -162.111
35777.000   22766.000   -66.773   -162.064
35778.000   29948.000   -66.831   -162.016
35779.000   33906.000   -66.890   -161.968
35780.000   26844.000   -66.948   -161.919
35781.000   23575.000   -67.007   -161.871
35782.000   24592.000   -67.065   -161.822
35783.000   22772.000   -67.124   -161.773
35784.000   18710.000   -67.182   -161.723
35785.000   17345.000   -67.241   -161.674
35786.000   14250.000   -67.299   -161.624
35787.000   12962.000   -67.357   -161.574
35788.000   12050.000   -67.416   -161.523
35789.000   11900.000   -67.474   -161.472
35790.000   11521.000   -67.533   -161.421
35791.000   10984.000   -67.591   -161.370
35792.000   11043.000   -67.649   -161.319
35793.000   10704.000   -67.708   -161.267
35794.000   10592.000   -67.766   -161.215
35795.000   10100.000   -67.824   -161.162
35796.000   9964.000   -67.882   -161.110
35797.000   9952.000   -67.940   -161.057
35798.000   9510.000   -67.999   -161.004
35799.000   9278.000   -68.057   -160.950
35800.000   9159.000   -68.115   -160.896
35801.000   8775.000   -68.173   -160.842
35802.000   8940.000   -68.231   -160.788
35803.000   8849.000   -68.289   -160.733
35804.000   8386.000   -68.347   -160.678
35805.000   7945.000   -68.405   -160.623
35806.000   7737.000   -68.463   -160.567
35807.000   7737.000   -68.521   -160.511
35808.000   7622.000   -68.579   -160.455
35809.000   7757.000   -68.637   -160.399
35810.000   7649.000   -68.695   -160.342
35811.000   7489.000   -68.753   -160.285
35812.000   7458.000   -68.811   -160.227
35813.000   7302.000   -68.869   -160.169
35814.000   7242.000   -68.927   -160.111
35815.000   6984.000   -68.985   -160.053
35816.000   6915.000   -69.042   -159.994
35817.000   6910.000   -69.100   -159.935
35818.000   6692.000   -69.158   -159.876
35819.000   6523.000   -69.216   -159.816
35820.000   6373.000   -69.273   -159.756
35821.000   6330.000   -69.331   -159.695
35822.000   6050.000   -69.389   -159.634
35823.000   5790.000   -69.446   -159.573
35824.000   5613.000   -69.504   -159.512
35825.000   5503.000   -69.561   -159.450
35826.000   5446.000   -69.619   -159.388
35827.000   5347.000   -69.677   -159.325
35828.000   5310.000   -69.734   -159.262
35829.000   5216.000   -69.792   -159.199
35830.000   5120.000   -69.849   -159.135
35831.000   5177.000   -69.906   -159.071
35832.000   5064.000   -69.964   -159.007
35833.000   4953.000   -70.021   -158.942
35834.000   5027.000   -70.078   -158.877
35835.000   5231.000   -70.136   -158.811
35836.000   5113.000   -70.193   -158.745
35837.000   4962.000   -70.250   -158.679
35838.000   4869.000   -70.308   -158.612
35839.000   4641.000   -70.365   -158.545
35840.000   4675.000   -70.422   -158.478
35841.000   4695.000   -70.479   -158.410
35842.000   4731.000   -70.536   -158.341
35843.000   4697.000   -70.593   -158.273
35844.000   4386.000   -70.650   -158.203
35845.000   4497.000   -70.707   -158.134
35846.000   4378.000   -70.764   -158.064
35847.000   4441.000   -70.821   -157.993
35848.000   4345.000   -70.878   -157.923
35849.000   4433.000   -70.935   -157.851
35850.000   4496.000   -70.992   -157.780
35851.000   4492.000   -71.049   -157.708
35852.000   4376.000   -71.106   -157.635
35853.000   4437.000   -71.162   -157.562
35854.000   4277.000   -71.219   -157.488
35855.000   4222.000   -71.276   -157.415
35856.000   4257.000   -71.332   -157.340
35857.000   4188.000   -71.389   -157.265
35858.000   4218.000   -71.446   -157.190
35859.000   4020.000   -71.502   -157.114
35860.000   3871.000   -71.559   -157.038
35861.000   3828.000   -71.615   -156.961
35862.000   4026.000   -71.672   -156.884
35863.000   3844.000   -71.728   -156.806
35864.000   3873.000   -71.785   -156.728
35865.000   3726.000   -71.841   -156.649
35866.000   3676.000   -71.897   -156.570
35867.000   3803.000   -71.954   -156.491
35868.000   3979.000   -72.010   -156.410
35869.000   4087.000   -72.066   -156.330
35870.000   4128.000   -72.122   -156.249
35871.000   4060.000   -72.178   -156.167
35872.000   4183.000   -72.235   -156.085
35873.000   4094.000   -72.291   -156.002
35874.000   3963.000   -72.347   -155.918
35875.000   4073.000   -72.403   -155.835
35876.000   4093.000   -72.459   -155.750
35877.000   4307.000   -72.514   -155.665
35878.000   4259.000   -72.570   -155.580
35879.000   4348.000   -72.626   -155.494
35880.000   4348.000   -72.682   -155.407
35881.000   4276.000   -72.738   -155.320
35882.000   4461.000   -72.793   -155.232
35883.000   4522.000   -72.849   -155.144
35884.000   4322.000   -72.905   -155.055
35885.000   4148.000   -72.960   -154.965
35886.000   4038.000   -73.016   -154.875
35887.000   4136.000   -73.071   -154.784
35888.000   4080.000   -73.127   -154.693
35889.000   3739.000   -73.182   -154.601
35890.000   3547.000   -73.237   -154.509
35891.000   3341.000   -73.293   -154.416
35892.000   3245.000   -73.348   -154.322
35893.000   3083.000   -73.403   -154.227
35894.000   3128.000   -73.458   -154.132
35895.000   3083.000   -73.514   -154.037
35896.000   2981.000   -73.569   -153.940
35897.000   2996.000   -73.624   -153.843
35898.000   2962.000   -73.679   -153.745
35899.000   3025.000   -73.734   -153.647
35900.000   2932.000   -73.788   -153.548
35901.000   2903.000   -73.843   -153.448
35902.000   2973.000   -73.898   -153.348
35903.000   2908.000   -73.953   -153.247
35904.000   3005.000   -74.007   -153.145
35905.000   2939.000   -74.062   -153.043
35906.000   2847.000   -74.117   -152.939
35907.000   2917.000   -74.171   -152.836
35908.000   2823.000   -74.226   -152.731
35909.000   2867.000   -74.280   -152.625
35910.000   2822.000   -74.334   -152.519
35911.000   2825.000   -74.389   -152.412
35912.000   2715.000   -74.443   -152.305
35913.000   2852.000   -74.497   -152.196
35914.000   2757.000   -74.551   -152.087
35915.000   2756.000   -74.605   -151.977
35916.000   2819.000   -74.659   -151.867
35917.000   2743.000   -74.713   -151.755
35918.000   2730.000   -74.767   -151.643
35919.000   2728.000   -74.821   -151.530
35920.000   2789.000   -74.875   -151.416
35921.000   2720.000   -74.928   -151.301
35922.000   2751.000   -74.982   -151.185
35923.000   2665.000   -75.035   -151.069
35924.000   2610.000   -75.089   -150.952
35925.000   2536.000   -75.142   -150.834
35926.000   2674.000   -75.196   -150.715
35927.000   2696.000   -75.249   -150.595
35928.000   2645.000   -75.302   -150.474
35929.000   2628.000   -75.356   -150.352
35930.000   2549.000   -75.409   -150.230
35931.000   2544.000   -75.462   -150.106
35932.000   2509.000   -75.515   -149.982
35933.000   2529.000   -75.568   -149.857
35934.000   2611.000   -75.620   -149.731
35935.000   2526.000   -75.673   -149.604
35936.000   2534.000   -75.726   -149.475
35937.000   2601.000   -75.778   -149.346
35938.000   2550.000   -75.831   -149.216
35939.000   2399.000   -75.883   -149.085
35940.000   2506.000   -75.936   -148.953
35941.000   2391.000   -75.988   -148.821
35942.000   2215.000   -76.040   -148.687
35943.000   2325.000   -76.093   -148.552
35944.000   2317.000   -76.145   -148.416
35945.000   2366.000   -76.197   -148.278
35946.000   2384.000   -76.248   -148.140
35947.000   2410.000   -76.300   -148.001
35948.000   2390.000   -76.352   -147.861
35949.000   2316.000   -76.404   -147.720
35950.000   2299.000   -76.455   -147.577
35951.000   2184.000   -76.507   -147.434
35952.000   2388.000   -76.558   -147.289
35953.000   2344.000   -76.609   -147.144
35954.000   2227.000   -76.661   -146.997
35955.000   2228.000   -76.712   -146.849
35956.000   2220.000   -76.763   -146.700
35957.000   2247.000   -76.814   -146.549
35958.000   2373.000   -76.865   -146.398
35959.000   2233.000   -76.915   -146.245
35960.000   2203.000   -76.966   -146.091
35961.000   2229.000   -77.017   -145.936
35962.000   2271.000   -77.067   -145.780
35963.000   2221.000   -77.118   -145.623
35964.000   2255.000   -77.168   -145.464
35965.000   2336.000   -77.218   -145.304
35966.000   2362.000   -77.268   -145.142
35967.000   2327.000   -77.318   -144.980
35968.000   2356.000   -77.368   -144.816
35969.000   2272.000   -77.418   -144.651
35970.000   2328.000   -77.467   -144.484
35971.000   2278.000   -77.517   -144.316
35972.000   2272.000   -77.566   -144.147
35973.000   2342.000   -77.616   -143.977
35974.000   2247.000   -77.665   -143.805
35975.000   2305.000   -77.714   -143.632
35976.000   2313.000   -77.763   -143.457
35977.000   2310.000   -77.812   -143.281
35978.000   2261.000   -77.860   -143.103
35979.000   2300.000   -77.909   -142.924
35980.000   2383.000   -77.958   -142.744
35981.000   2301.000   -78.006   -142.562
35982.000   2258.000   -78.054   -142.378
35983.000   2221.000   -78.102   -142.194
35984.000   2281.000   -78.150   -142.007
35985.000   2371.000   -78.198   -141.819
35986.000   2413.000   -78.246   -141.630
35987.000   2540.000   -78.293   -141.439
35988.000   2446.000   -78.341   -141.246
35989.000   2446.000   -78.388   -141.052
35990.000   2448.000   -78.436   -140.856
35991.000   2384.000   -78.483   -140.659
35992.000   2465.000   -78.530   -140.460
35993.000   2277.000   -78.576   -140.259
35994.000   2304.000   -78.623   -140.057
35995.000   2357.000   -78.669   -139.853
35996.000   2412.000   -78.716   -139.647
35997.000   2381.000   -78.762   -139.440
35998.000   2317.000   -78.808   -139.231
35999.000   2471.000   -78.854   -139.020
36000.000   2379.000   -78.900   -138.807
36001.000   2374.000   -78.945   -138.593
36002.000   2384.000   -78.991   -138.377
36003.000   2332.000   -79.036   -138.159
36004.000   2340.000   -79.081   -137.939
36005.000   2454.000   -79.126   -137.717
36006.000   2348.000   -79.171   -137.494
36007.000   2414.000   -79.215   -137.269
36008.000   2467.000   -79.260   -137.042
36009.000   2505.000   -79.304   -136.812
36010.000   2428.000   -79.348   -136.581
36011.000   2475.000   -79.392   -136.349
36012.000   2407.000   -79.436   -136.114
36013.000   2531.000   -79.479   -135.877
36014.000   2563.000   -79.523   -135.638
36015.000   2577.000   -79.566   -135.397
36016.000   2588.000   -79.609   -135.154
36017.000   2611.000   -79.652   -134.910
36018.000   2707.000   -79.694   -134.663
36019.000   2655.000   -79.737   -134.414
36020.000   2576.000   -79.779   -134.163
36021.000   2647.000   -79.821   -133.910
36022.000   2631.000   -79.863   -133.655
36023.000   2674.000   -79.904   -133.397
36024.000   2762.000   -79.946   -133.138
36025.000   2745.000   -79.987   -132.876
36026.000   2850.000   -80.028   -132.612
36027.000   2858.000   -80.069   -132.346
36028.000   2859.000   -80.109   -132.078
36029.000   3021.000   -80.150   -131.808
36030.000   2969.000   -80.190   -131.535
36031.000   3190.000   -80.230   -131.261
36032.000   3115.000   -80.269   -130.983
36033.000   3215.000   -80.309   -130.704
36034.000   3201.000   -80.348   -130.422
36035.000   3297.000   -80.387   -130.139
36036.000   3500.000   -80.425   -129.852
36037.000   3554.000   -80.464   -129.564
36038.000   3504.000   -80.502   -129.273
36039.000   3558.000   -80.540   -128.979
36040.000   3523.000   -80.578   -128.684
36041.000   3523.000   -80.615   -128.386
36042.000   3471.000   -80.652   -128.085
36043.000   3483.000   -80.689   -127.783
36044.000   3514.000   -80.726   -127.477
36045.000   3602.000   -80.762   -127.170
36046.000   3718.000   -80.799   -126.859
36047.000   3755.000   -80.834   -126.547
36048.000   3836.000   -80.870   -126.232
36049.000   3962.000   -80.905   -125.914
36050.000   3928.000   -80.940   -125.595
36051.000   3908.000   -80.975   -125.272
36052.000   3786.000   -81.009   -124.947
36053.000   3835.000   -81.044   -124.620
36054.000   3884.000   -81.077   -124.290
36055.000   3815.000   -81.111   -123.957
36056.000   3780.000   -81.144   -123.622
36057.000   3950.000   -81.177   -123.285
36058.000   4004.000   -81.210   -122.945
36059.000   4022.000   -81.242   -122.602
36060.000   4193.000   -81.274   -122.257
36061.000   4041.000   -81.306   -121.910
36062.000   4037.000   -81.337   -121.560
36063.000   4110.000   -81.368   -121.207
36064.000   4247.000   -81.399   -120.852
36065.000   4333.000   -81.429   -120.494
36066.000   4367.000   -81.459   -120.134
36067.000   4391.000   -81.489   -119.771
36068.000   4452.000   -81.518   -119.405
36069.000   4415.000   -81.547   -119.037
36070.000   4275.000   -81.576   -118.667
36071.000   4533.000   -81.604   -118.294
36072.000   4697.000   -81.632   -117.919
36073.000   4767.000   -81.659   -117.541
36074.000   4681.000   -81.686   -117.160
36075.000   4723.000   -81.713   -116.777
36076.000   4842.000   -81.740   -116.392
36077.000   4700.000   -81.766   -116.004
36078.000   4892.000   -81.791   -115.613
36079.000   4760.000   -81.817   -115.221
36080.000   4774.000   -81.841   -114.825
36081.000   4879.000   -81.866   -114.428
36082.000   4738.000   -81.890   -114.028
36083.000   4821.000   -81.914   -113.625
36084.000   4810.000   -81.937   -113.221
36085.000   4865.000   -81.960   -112.814
36086.000   5058.000   -81.982   -112.404
36087.000   5179.000   -82.004   -111.993
36088.000   5388.000   -82.026   -111.579
36089.000   5412.000   -82.047   -111.163
36090.000   5578.000   -82.068   -110.744
36091.000   5624.000   -82.088   -110.324
36092.000   5648.000   -82.108   -109.901
36093.000   5861.000   -82.128   -109.476
36094.000   6096.000   -82.147   -109.049
36095.000   6114.000   -82.165   -108.620
36096.000   6256.000   -82.184   -108.189
36097.000   6504.000   -82.201   -107.756
36098.000   6615.000   -82.219   -107.321
36099.000   6681.000   -82.235   -106.884
36100.000   6692.000   -82.252   -106.446
36101.000   6839.000   -82.268   -106.005
36102.000   7085.000   -82.283   -105.563
36103.000   7151.000   -82.298   -105.118
36104.000   7037.000   -82.313   -104.673
36105.000   7100.000   -82.327   -104.225
36106.000   6976.000   -82.340   -103.776
36107.000   7121.000   -82.353   -103.325
36108.000   7229.000   -82.366   -102.873
36109.000   7173.000   -82.378   -102.419
36110.000   7226.000   -82.390   -101.964
36111.000   7480.000   -82.401   -101.508
36112.000   7557.000   -82.411   -101.050
36113.000   7491.000   -82.422   -100.591
36114.000   7777.000   -82.431   -100.131
36115.000   8142.000   -82.440   -99.669
36116.000   8273.000   -82.449   -99.207
36117.000   8433.000   -82.457   -98.743
36118.000   8589.000   -82.465   -98.279
36119.000   8694.000   -82.472   -97.813
36120.000   8832.000   -82.479   -97.347
36121.000   8802.000   -82.485   -96.880
36122.000   8902.000   -82.491   -96.412
36123.000   8615.000   -82.496   -95.943
36124.000   8619.000   -82.501   -95.474
36125.000   8788.000   -82.505   -95.004
36126.000   8501.000   -82.509   -94.534
36127.000   8679.000   -82.512   -94.063
36128.000   8751.000   -82.515   -93.592
36129.000   9055.000   -82.517   -93.121
36130.000   9461.000   -82.518   -92.649
36131.000   9265.000   -82.519   -92.177
36132.000   9071.000   -82.520   -91.706
