Time range: [ 14:49:23.000  15:40:00.000 ]
Time range duration: 50.0 min, 37.0 sec
Longitude range: [ -163.737  58.886 ]
53363.000   1884.000   -82.520   -163.737
53364.000   1903.000   -82.520   -163.265
53365.000   1943.000   -82.520   -162.794
53366.000   1872.000   -82.518   -162.322
53367.000   2061.000   -82.517   -161.850
53368.000   2128.000   -82.515   -161.379
53369.000   2083.000   -82.512   -160.908
53370.000   2049.000   -82.509   -160.437
53371.000   2081.000   -82.505   -159.967
53372.000   2128.000   -82.501   -159.497
53373.000   2004.000   -82.497   -159.027
53374.000   2113.000   -82.492   -158.559
53375.000   2133.000   -82.486   -158.091
53376.000   2108.000   -82.480   -157.623
53377.000   2154.000   -82.473   -157.157
53378.000   2231.000   -82.466   -156.691
53379.000   2295.000   -82.458   -156.227
53380.000   2419.000   -82.450   -155.763
53381.000   2335.000   -82.441   -155.300
53382.000   2474.000   -82.432   -154.839
53383.000   2552.000   -82.423   -154.378
53384.000   2451.000   -82.412   -153.919
53385.000   2503.000   -82.402   -153.461
53386.000   2617.000   -82.391   -153.004
53387.000   2590.000   -82.379   -152.549
53388.000   2596.000   -82.367   -152.095
53389.000   2650.000   -82.355   -151.642
53390.000   2672.000   -82.342   -151.192
53391.000   2720.000   -82.328   -150.742
53392.000   2832.000   -82.314   -150.294
53393.000   2832.000   -82.300   -149.848
53394.000   2978.000   -82.285   -149.404
53395.000   3028.000   -82.269   -148.961
53396.000   3167.000   -82.253   -148.520
53397.000   3237.000   -82.237   -148.081
53398.000   3417.000   -82.220   -147.644
53399.000   3500.000   -82.203   -147.209
53400.000   3488.000   -82.185   -146.776
53401.000   3860.000   -82.167   -146.344
53402.000   3849.000   -82.149   -145.915
53403.000   3941.000   -82.130   -145.488
53404.000   3990.000   -82.110   -145.063
53405.000   3920.000   -82.090   -144.640
53406.000   3972.000   -82.070   -144.219
53407.000   3838.000   -82.049   -143.800
53408.000   3810.000   -82.028   -143.384
53409.000   3815.000   -82.007   -142.969
53410.000   3832.000   -81.985   -142.557
53411.000   3787.000   -81.962   -142.148
53412.000   3828.000   -81.939   -141.740
53413.000   3869.000   -81.916   -141.335
53414.000   3786.000   -81.892   -140.932
53415.000   3879.000   -81.868   -140.532
53416.000   3854.000   -81.844   -140.134
53417.000   3903.000   -81.819   -139.739
53418.000   3909.000   -81.794   -139.345
53419.000   3833.000   -81.768   -138.955
53420.000   3986.000   -81.742   -138.566
53421.000   4132.000   -81.716   -138.181
53422.000   4081.000   -81.689   -137.797
53423.000   4022.000   -81.662   -137.416
53424.000   3975.000   -81.634   -137.038
53425.000   4182.000   -81.607   -136.662
53426.000   4277.000   -81.578   -136.289
53427.000   4655.000   -81.550   -135.918
53428.000   4694.000   -81.521   -135.550
53429.000   4721.000   -81.491   -135.184
53430.000   4893.000   -81.462   -134.821
53431.000   5068.000   -81.432   -134.460
53432.000   4983.000   -81.402   -134.102
53433.000   5031.000   -81.371   -133.747
53434.000   5299.000   -81.340   -133.393
53435.000   5479.000   -81.309   -133.043
53436.000   5572.000   -81.277   -132.695
53437.000   5700.000   -81.245   -132.349
53438.000   5957.000   -81.213   -132.007
53439.000   6293.000   -81.180   -131.666
53440.000   6474.000   -81.147   -131.328
53441.000   6583.000   -81.114   -130.993
53442.000   6765.000   -81.080   -130.660
53443.000   6780.000   -81.047   -130.330
53444.000   7010.000   -81.012   -130.002
53445.000   6801.000   -80.978   -129.677
53446.000   7239.000   -80.943   -129.354
53447.000   7258.000   -80.908   -129.034
53448.000   7565.000   -80.873   -128.716
53449.000   7745.000   -80.837   -128.401
53450.000   8205.000   -80.802   -128.088
53451.000   8606.000   -80.765   -127.777
53452.000   8898.000   -80.729   -127.469
53453.000   9097.000   -80.692   -127.164
53454.000   8928.000   -80.655   -126.860
53455.000   8966.000   -80.618   -126.560
53456.000   9085.000   -80.581   -126.261
53457.000   9068.000   -80.543   -125.965
53458.000   9185.000   -80.505   -125.672
53459.000   9321.000   -80.467   -125.380
53460.000   9441.000   -80.428   -125.091
53461.000   9372.000   -80.390   -124.805
53462.000   9282.000   -80.351   -124.520
53463.000   9384.000   -80.312   -124.238
53464.000   9562.000   -80.272   -123.959
53465.000   9609.000   -80.233   -123.681
53466.000   9414.000   -80.193   -123.406
53467.000   9630.000   -80.153   -123.133
53468.000   9685.000   -80.112   -122.863
53469.000   9826.000   -80.072   -122.594
53470.000   10059.000   -80.031   -122.328
53471.000   9831.000   -79.990   -122.064
53472.000   9918.000   -79.949   -121.802
53473.000   9727.000   -79.907   -121.542
53474.000   10075.000   -79.866   -121.284
53475.000   10435.000   -79.824   -121.029
53476.000   10211.000   -79.782   -120.776
53477.000   10603.000   -79.740   -120.524
53478.000   10372.000   -79.697   -120.275
53479.000   10579.000   -79.655   -120.028
53480.000   10643.000   -79.612   -119.783
53481.000   10916.000   -79.569   -119.540
53482.000   10993.000   -79.526   -119.299
53483.000   11033.000   -79.482   -119.060
53484.000   11104.000   -79.439   -118.822
53485.000   11091.000   -79.395   -118.587
53486.000   11125.000   -79.351   -118.354
53487.000   11541.000   -79.307   -118.123
53488.000   11678.000   -79.263   -117.893
53489.000   11858.000   -79.218   -117.666
53490.000   11835.000   -79.173   -117.440
53491.000   12248.000   -79.129   -117.217
53492.000   12580.000   -79.084   -116.995
53493.000   12487.000   -79.039   -116.775
53494.000   13141.000   -78.993   -116.557
53495.000   13059.000   -78.948   -116.340
53496.000   13299.000   -78.902   -116.126
53497.000   13489.000   -78.856   -115.913
53498.000   13922.000   -78.811   -115.702
53499.000   14078.000   -78.764   -115.492
53500.000   14272.000   -78.718   -115.285
53501.000   14374.000   -78.672   -115.079
53502.000   14744.000   -78.625   -114.874
53503.000   15138.000   -78.579   -114.672
53504.000   15567.000   -78.532   -114.471
53505.000   15823.000   -78.485   -114.272
53506.000   16215.000   -78.438   -114.074
53507.000   16788.000   -78.391   -113.878
53508.000   17211.000   -78.343   -113.684
53509.000   17575.000   -78.296   -113.491
53510.000   17973.000   -78.248   -113.300
53511.000   18233.000   -78.200   -113.110
53512.000   18727.000   -78.152   -112.922
53513.000   19566.000   -78.104   -112.735
53514.000   20279.000   -78.056   -112.550
53515.000   20383.000   -78.008   -112.367
53516.000   20479.000   -77.960   -112.184
53517.000   20601.000   -77.911   -112.004
53518.000   20874.000   -77.862   -111.825
53519.000   21025.000   -77.814   -111.647
53520.000   11318.000   -77.765   -111.470
53521.000   11549.000   -77.716   -111.296
53522.000   11876.000   -77.667   -111.122
53523.000   12236.000   -77.617   -110.950
53524.000   12367.000   -77.568   -110.779
53525.000   12665.000   -77.518   -110.610
53526.000   12789.000   -77.469   -110.442
53527.000   13218.000   -77.419   -110.275
53528.000   13367.000   -77.369   -110.110
53529.000   13853.000   -77.320   -109.946
53530.000   14165.000   -77.269   -109.783
53531.000   14297.000   -77.219   -109.621
53532.000   14261.000   -77.169   -109.461
53533.000   14754.000   -77.119   -109.302
53534.000   15227.000   -77.068   -109.145
53535.000   15382.000   -77.018   -108.988
53536.000   15776.000   -76.967   -108.833
53537.000   15913.000   -76.917   -108.679
53538.000   16130.000   -76.866   -108.526
53539.000   16370.000   -76.815   -108.374
53540.000   16843.000   -76.764   -108.224
53541.000   16861.000   -76.713   -108.075
53542.000   17134.000   -76.662   -107.926
53543.000   17259.000   -76.610   -107.779
53544.000   17704.000   -76.559   -107.634
53545.000   17945.000   -76.508   -107.489
53546.000   18091.000   -76.456   -107.345
53547.000   18300.000   -76.404   -107.203
53548.000   18825.000   -76.353   -107.061
53549.000   19026.000   -76.301   -106.921
53550.000   18799.000   -76.249   -106.782
53551.000   19216.000   -76.197   -106.643
53552.000   19364.000   -76.145   -106.506
53553.000   19208.000   -76.093   -106.370
53554.000   19466.000   -76.041   -106.235
53555.000   19751.000   -75.988   -106.101
53556.000   20153.000   -75.936   -105.968
53557.000   20170.000   -75.884   -105.836
53558.000   20562.000   -75.831   -105.704
53559.000   20602.000   -75.779   -105.574
53560.000   20537.000   -75.726   -105.445
53561.000   20580.000   -75.673   -105.317
53562.000   20854.000   -75.620   -105.190
53563.000   20913.000   -75.567   -105.063
53564.000   21160.000   -75.514   -104.938
53565.000   21199.000   -75.461   -104.813
53566.000   21133.000   -75.408   -104.690
53567.000   21369.000   -75.355   -104.567
53568.000   21422.000   -75.302   -104.445
53569.000   21533.000   -75.249   -104.325
53570.000   21372.000   -75.195   -104.205
53571.000   21474.000   -75.142   -104.086
53572.000   21672.000   -75.088   -103.967
53573.000   21833.000   -75.035   -103.850
53574.000   21722.000   -74.981   -103.733
53575.000   21450.000   -74.927   -103.618
53576.000   21478.000   -74.874   -103.503
53577.000   21141.000   -74.820   -103.389
53578.000   21204.000   -74.766   -103.275
53579.000   21064.000   -74.712   -103.163
53580.000   21311.000   -74.658   -103.051
53581.000   21106.000   -74.604   -102.941
53582.000   21041.000   -74.550   -102.831
53583.000   20768.000   -74.496   -102.721
53584.000   20599.000   -74.441   -102.613
53585.000   20567.000   -74.387   -102.505
53586.000   20480.000   -74.333   -102.398
53587.000   20254.000   -74.278   -102.292
53588.000   20219.000   -74.224   -102.186
53589.000   19924.000   -74.169   -102.082
53590.000   19721.000   -74.115   -101.977
53591.000   19824.000   -74.060   -101.874
53592.000   19461.000   -74.005   -101.772
53593.000   19206.000   -73.951   -101.670
53594.000   18903.000   -73.896   -101.568
53595.000   18751.000   -73.841   -101.468
53596.000   18447.000   -73.786   -101.368
53597.000   18298.000   -73.731   -101.269
53598.000   18309.000   -73.676   -101.171
53599.000   17848.000   -73.621   -101.073
53600.000   17797.000   -73.566   -100.976
53601.000   17364.000   -73.511   -100.879
53602.000   17080.000   -73.456   -100.783
53603.000   17071.000   -73.401   -100.688
53604.000   16715.000   -73.345   -100.594
53605.000   16325.000   -73.290   -100.500
53606.000   15853.000   -73.235   -100.407
53607.000   15729.000   -73.179   -100.314
53608.000   15467.000   -73.124   -100.222
53609.000   15118.000   -73.068   -100.131
53610.000   14646.000   -73.013   -100.040
53611.000   14299.000   -72.957   -99.950
53612.000   14069.000   -72.901   -99.860
53613.000   13986.000   -72.846   -99.771
53614.000   13419.000   -72.790   -99.683
53615.000   13353.000   -72.734   -99.595
53616.000   12952.000   -72.678   -99.507
53617.000   12620.000   -72.622   -99.421
53618.000   12105.000   -72.566   -99.335
53619.000   12010.000   -72.511   -99.249
53620.000   11602.000   -72.455   -99.164
53621.000   11250.000   -72.399   -99.079
53622.000   11019.000   -72.342   -98.996
53623.000   10784.000   -72.286   -98.912
53624.000   10371.000   -72.230   -98.829
53625.000   10354.000   -72.174   -98.747
53626.000   9844.000   -72.118   -98.665
53627.000   9705.000   -72.062   -98.584
53628.000   9444.000   -72.005   -98.503
53629.000   9210.000   -71.949   -98.423
53630.000   9290.000   -71.893   -98.343
53631.000   9015.000   -71.836   -98.264
53632.000   8742.000   -71.780   -98.185
53633.000   8588.000   -71.723   -98.107
53634.000   8479.000   -71.667   -98.029
53635.000   8272.000   -71.610   -97.952
53636.000   7884.000   -71.554   -97.875
53637.000   7705.000   -71.497   -97.799
53638.000   7736.000   -71.440   -97.723
53639.000   7304.000   -71.384   -97.647
53640.000   7404.000   -71.327   -97.573
53641.000   7296.000   -71.270   -97.498
53642.000   6944.000   -71.213   -97.424
53643.000   6761.000   -71.156   -97.351
53644.000   6606.000   -71.100   -97.277
53645.000   6566.000   -71.043   -97.205
53646.000   6416.000   -70.986   -97.133
53647.000   6217.000   -70.929   -97.061
53648.000   5965.000   -70.872   -96.989
53649.000   5796.000   -70.815   -96.919
53650.000   5691.000   -70.758   -96.848
53651.000   5642.000   -70.701   -96.778
53652.000   5446.000   -70.644   -96.708
53653.000   5267.000   -70.586   -96.639
53654.000   5066.000   -70.529   -96.570
53655.000   4908.000   -70.472   -96.502
53656.000   4863.000   -70.415   -96.434
53657.000   4608.000   -70.358   -96.366
53658.000   4540.000   -70.300   -96.299
53659.000   4443.000   -70.243   -96.233
53660.000   4155.000   -70.186   -96.166
53661.000   4171.000   -70.128   -96.100
53662.000   3989.000   -70.071   -96.035
53663.000   3871.000   -70.013   -95.969
53664.000   3768.000   -69.956   -95.904
53665.000   3467.000   -69.898   -95.840
53666.000   3569.000   -69.841   -95.776
53667.000   3478.000   -69.783   -95.712
53668.000   3286.000   -69.726   -95.649
53669.000   3087.000   -69.668   -95.586
53670.000   3010.000   -69.611   -95.523
53671.000   3063.000   -69.553   -95.461
53672.000   2878.000   -69.495   -95.399
53673.000   2848.000   -69.438   -95.337
53674.000   2657.000   -69.380   -95.276
53675.000   2596.000   -69.322   -95.215
53676.000   2543.000   -69.264   -95.155
53677.000   2460.000   -69.207   -95.095
53678.000   2444.000   -69.149   -95.035
53679.000   2264.000   -69.091   -94.975
53680.000   2259.000   -69.033   -94.916
53681.000   2326.000   -68.975   -94.857
53682.000   2189.000   -68.917   -94.799
53683.000   2133.000   -68.859   -94.741
53684.000   2074.000   -68.801   -94.683
53685.000   2001.000   -68.743   -94.625
53686.000   2000.000   -68.685   -94.568
53687.000   1919.000   -68.627   -94.511
53688.000   1918.000   -68.569   -94.455
53689.000   1937.000   -68.511   -94.399
53690.000   1919.000   -68.453   -94.343
53691.000   1870.000   -68.395   -94.287
53692.000   1867.000   -68.337   -94.232
53693.000   1832.000   -68.279   -94.177
53694.000   1820.000   -68.220   -94.122
53695.000   1780.000   -68.162   -94.067
53696.000   1791.000   -68.104   -94.013
53697.000   1857.000   -68.046   -93.959
53698.000   1759.000   -67.987   -93.906
53699.000   1687.000   -67.929   -93.853
53700.000   1688.000   -67.871   -93.800
53701.000   1719.000   -67.813   -93.747
53702.000   1645.000   -67.754   -93.695
53703.000   1676.000   -67.696   -93.642
53704.000   1696.000   -67.637   -93.591
53705.000   1704.000   -67.579   -93.539
53706.000   1760.000   -67.521   -93.488
53707.000   1713.000   -67.462   -93.437
53708.000   1720.000   -67.404   -93.386
53709.000   1651.000   -67.345   -93.335
53710.000   1640.000   -67.287   -93.285
53711.000   1666.000   -67.228   -93.235
53712.000   1696.000   -67.169   -93.186
53713.000   1650.000   -67.111   -93.136
53714.000   1604.000   -67.052   -93.087
53715.000   1705.000   -66.994   -93.038
53716.000   1604.000   -66.935   -92.989
53717.000   1669.000   -66.876   -92.941
53718.000   1678.000   -66.818   -92.893
53719.000   1633.000   -66.759   -92.845
53720.000   1556.000   -66.700   -92.797
53721.000   1674.000   -66.642   -92.750
53722.000   1671.000   -66.583   -92.703
53723.000   1615.000   -66.524   -92.656
53724.000   1663.000   -66.465   -92.609
53725.000   1673.000   -66.407   -92.563
53726.000   1629.000   -66.348   -92.516
53727.000   1643.000   -66.289   -92.470
53728.000   1567.000   -66.230   -92.425
53729.000   1645.000   -66.171   -92.379
53730.000   1742.000   -66.112   -92.334
53731.000   1675.000   -66.054   -92.289
53732.000   1720.000   -65.995   -92.244
53733.000   1601.000   -65.936   -92.199
53734.000   1662.000   -65.877   -92.155
53735.000   1696.000   -65.818   -92.111
53736.000   1696.000   -65.759   -92.067
53737.000   1730.000   -65.700   -92.023
53738.000   1669.000   -65.641   -91.980
53739.000   1705.000   -65.582   -91.936
53740.000   1682.000   -65.523   -91.893
53741.000   1720.000   -65.464   -91.850
53742.000   1706.000   -65.405   -91.808
53743.000   1641.000   -65.346   -91.765
53744.000   1737.000   -65.287   -91.723
53745.000   1788.000   -65.227   -91.681
53746.000   1784.000   -65.168   -91.639
53747.000   1785.000   -65.109   -91.598
53748.000   1782.000   -65.050   -91.556
53749.000   1783.000   -64.991   -91.515
53750.000   1826.000   -64.932   -91.474
53751.000   1809.000   -64.872   -91.433
53752.000   1726.000   -64.813   -91.392
53753.000   1776.000   -64.754   -91.352
53754.000   1859.000   -64.695   -91.312
53755.000   1827.000   -64.636   -91.272
53756.000   1837.000   -64.576   -91.232
53757.000   1904.000   -64.517   -91.192
53758.000   1740.000   -64.458   -91.153
53759.000   1948.000   -64.398   -91.114
53760.000   1908.000   -64.339   -91.074
53761.000   1890.000   -64.280   -91.036
53762.000   1888.000   -64.220   -90.997
53763.000   1983.000   -64.161   -90.958
53764.000   1841.000   -64.102   -90.920
53765.000   1933.000   -64.042   -90.882
53766.000   2010.000   -63.983   -90.844
53767.000   1978.000   -63.923   -90.806
53768.000   2032.000   -63.864   -90.768
53769.000   2078.000   -63.804   -90.731
53770.000   2145.000   -63.745   -90.694
53771.000   2172.000   -63.686   -90.656
53772.000   2190.000   -63.626   -90.620
53773.000   2196.000   -63.567   -90.583
53774.000   2202.000   -63.507   -90.546
53775.000   2241.000   -63.448   -90.510
53776.000   2285.000   -63.388   -90.473
53777.000   2291.000   -63.328   -90.437
53778.000   2461.000   -63.269   -90.401
53779.000   2395.000   -63.209   -90.366
53780.000   2478.000   -63.150   -90.330
53781.000   2547.000   -63.090   -90.295
53782.000   2547.000   -63.031   -90.259
53783.000   2573.000   -62.971   -90.224
53784.000   2550.000   -62.911   -90.189
53785.000   2576.000   -62.852   -90.154
53786.000   2692.000   -62.792   -90.120
53787.000   2777.000   -62.732   -90.085
53788.000   2709.000   -62.673   -90.051
53789.000   2830.000   -62.613   -90.017
53790.000   2774.000   -62.553   -89.983
53791.000   3026.000   -62.494   -89.949
53792.000   2964.000   -62.434   -89.915
53793.000   3045.000   -62.374   -89.882
53794.000   3072.000   -62.314   -89.848
53795.000   3148.000   -62.255   -89.815
53796.000   3134.000   -62.195   -89.782
53797.000   3222.000   -62.135   -89.749
53798.000   3271.000   -62.075   -89.716
53799.000   3283.000   -62.016   -89.683
53800.000   3295.000   -61.956   -89.651
53801.000   3351.000   -61.896   -89.618
53802.000   3310.000   -61.836   -89.586
53803.000   3387.000   -61.776   -89.554
53804.000   3417.000   -61.716   -89.522
53805.000   3509.000   -61.657   -89.490
53806.000   3287.000   -61.597   -89.459
53807.000   3464.000   -61.537   -89.427
53808.000   3388.000   -61.477   -89.396
53809.000   3373.000   -61.417   -89.364
53810.000   3367.000   -61.357   -89.333
53811.000   3263.000   -61.297   -89.302
53812.000   3268.000   -61.237   -89.271
53813.000   3276.000   -61.177   -89.241
53814.000   3132.000   -61.117   -89.210
53815.000   3043.000   -61.057   -89.179
53816.000   2952.000   -60.997   -89.149
53817.000   2862.000   -60.937   -89.119
53818.000   2838.000   -60.877   -89.089
53819.000   2776.000   -60.817   -89.059
53820.000   2797.000   -60.757   -89.029
53821.000   2663.000   -60.697   -88.999
53822.000   2579.000   -60.637   -88.970
53823.000   2518.000   -60.577   -88.940
53824.000   2546.000   -60.517   -88.911
53825.000   2423.000   -60.457   -88.882
53826.000   2397.000   -60.397   -88.853
53827.000   2367.000   -60.337   -88.824
53828.000   2371.000   -60.277   -88.795
53829.000   2284.000   -60.217   -88.766
53830.000   2372.000   -60.157   -88.737
53831.000   2264.000   -60.097   -88.709
53832.000   2148.000   -60.037   -88.680
53833.000   2190.000   -59.976   -88.652
53834.000   2121.000   -59.916   -88.624
53835.000   2106.000   -59.856   -88.596
53836.000   2101.000   -59.796   -88.568
53837.000   2115.000   -59.736   -88.540
53838.000   2106.000   -59.676   -88.513
53839.000   2008.000   -59.615   -88.485
53840.000   2054.000   -59.555   -88.458
53841.000   1937.000   -59.495   -88.430
53842.000   2025.000   -59.435   -88.403
53843.000   1960.000   -59.375   -88.376
53844.000   2044.000   -59.314   -88.349
53845.000   1940.000   -59.254   -88.322
53846.000   1968.000   -59.194   -88.295
53847.000   2072.000   -59.134   -88.269
53848.000   2043.000   -59.073   -88.242
53849.000   2089.000   -59.013   -88.216
53850.000   2053.000   -58.953   -88.189
53851.000   2001.000   -58.893   -88.163
53852.000   2023.000   -58.832   -88.137
53853.000   2015.000   -58.772   -88.111
53854.000   2009.000   -58.712   -88.085
53855.000   2007.000   -58.651   -88.059
53856.000   2063.000   -58.591   -88.033
53857.000   2093.000   -58.531   -88.008
53858.000   2064.000   -58.470   -87.982
53859.000   2185.000   -58.410   -87.957
53860.000   2258.000   -58.350   -87.932
53861.000   2151.000   -58.289   -87.906
53862.000   2336.000   -58.229   -87.881
53863.000   2333.000   -58.169   -87.856
53864.000   2348.000   -58.108   -87.831
53865.000   2288.000   -58.048   -87.806
53866.000   2347.000   -57.987   -87.782
53867.000   2366.000   -57.927   -87.757
53868.000   2275.000   -57.866   -87.733
53869.000   2361.000   -57.806   -87.708
53870.000   2374.000   -57.746   -87.684
53871.000   2398.000   -57.685   -87.659
53872.000   2424.000   -57.625   -87.635
53873.000   2474.000   -57.564   -87.611
53874.000   2579.000   -57.504   -87.587
53875.000   2555.000   -57.443   -87.563
53876.000   2627.000   -57.383   -87.540
53877.000   2652.000   -57.322   -87.516
53878.000   2833.000   -57.262   -87.492
53879.000   2954.000   -57.201   -87.469
53880.000   2905.000   -57.141   -87.445
53881.000   3168.000   -57.080   -87.422
53882.000   3003.000   -57.020   -87.399
53883.000   3111.000   -56.959   -87.376
53884.000   3179.000   -56.899   -87.353
53885.000   3135.000   -56.838   -87.330
53886.000   3195.000   -56.778   -87.307
53887.000   3046.000   -56.717   -87.284
53888.000   3059.000   -56.657   -87.261
53889.000   3088.000   -56.596   -87.239
53890.000   3069.000   -56.535   -87.216
53891.000   3054.000   -56.475   -87.194
53892.000   3082.000   -56.414   -87.171
53893.000   3087.000   -56.354   -87.149
53894.000   3076.000   -56.293   -87.127
53895.000   3162.000   -56.232   -87.105
53896.000   3044.000   -56.172   -87.083
53897.000   3166.000   -56.111   -87.061
53898.000   3201.000   -56.051   -87.039
53899.000   3119.000   -55.990   -87.017
53900.000   3228.000   -55.929   -86.995
53901.000   3243.000   -55.869   -86.974
53902.000   3249.000   -55.808   -86.952
53903.000   3250.000   -55.747   -86.931
53904.000   3146.000   -55.687   -86.909
53905.000   3309.000   -55.626   -86.888
53906.000   3427.000   -55.565   -86.867
53907.000   3624.000   -55.505   -86.846
53908.000   3717.000   -55.444   -86.824
53909.000   3671.000   -55.383   -86.803
53910.000   3802.000   -55.323   -86.783
53911.000   3861.000   -55.262   -86.762
53912.000   3845.000   -55.201   -86.741
53913.000   3916.000   -55.140   -86.720
53914.000   4001.000   -55.080   -86.700
53915.000   4101.000   -55.019   -86.679
53916.000   4161.000   -54.958   -86.659
53917.000   4281.000   -54.897   -86.638
53918.000   4350.000   -54.837   -86.618
53919.000   4536.000   -54.776   -86.598
53920.000   4622.000   -54.715   -86.577
53921.000   4826.000   -54.654   -86.557
53922.000   4819.000   -54.594   -86.537
53923.000   4788.000   -54.533   -86.517
53924.000   4875.000   -54.472   -86.497
53925.000   4715.000   -54.411   -86.478
53926.000   4860.000   -54.350   -86.458
53927.000   4871.000   -54.290   -86.438
53928.000   5075.000   -54.229   -86.418
53929.000   5281.000   -54.168   -86.399
53930.000   5597.000   -54.107   -86.379
53931.000   5686.000   -54.046   -86.360
53932.000   5799.000   -53.985   -86.341
53933.000   5721.000   -53.925   -86.321
53934.000   5738.000   -53.864   -86.302
53935.000   5779.000   -53.803   -86.283
53936.000   5889.000   -53.742   -86.264
53937.000   5890.000   -53.681   -86.245
53938.000   6131.000   -53.620   -86.226
53939.000   5982.000   -53.559   -86.207
53940.000   5854.000   -53.499   -86.188
53941.000   5923.000   -53.438   -86.170
53942.000   6170.000   -53.377   -86.151
53943.000   6276.000   -53.316   -86.132
53944.000   6245.000   -53.255   -86.114
53945.000   6182.000   -53.194   -86.095
53946.000   6035.000   -53.133   -86.077
53947.000   6258.000   -53.072   -86.059
53948.000   6206.000   -53.011   -86.040
53949.000   6461.000   -52.950   -86.022
53950.000   6543.000   -52.889   -86.004
53951.000   6457.000   -52.829   -85.986
53952.000   6502.000   -52.768   -85.968
53953.000   6365.000   -52.707   -85.950
53954.000   6592.000   -52.646   -85.932
53955.000   6682.000   -52.585   -85.914
53956.000   6623.000   -52.524   -85.896
53957.000   6890.000   -52.463   -85.879
53958.000   6747.000   -52.402   -85.861
53959.000   6988.000   -52.341   -85.843
53960.000   6866.000   -52.280   -85.826
53961.000   7095.000   -52.219   -85.808
53962.000   7067.000   -52.158   -85.791
53963.000   7273.000   -52.097   -85.774
53964.000   7307.000   -52.036   -85.756
53965.000   7361.000   -51.975   -85.739
53966.000   7512.000   -51.914   -85.722
53967.000   7573.000   -51.853   -85.705
53968.000   7633.000   -51.792   -85.688
53969.000   7700.000   -51.731   -85.671
53970.000   7672.000   -51.670   -85.654
53971.000   7845.000   -51.609   -85.637
53972.000   8129.000   -51.548   -85.620
53973.000   7932.000   -51.487   -85.603
53974.000   8344.000   -51.425   -85.586
53975.000   8268.000   -51.364   -85.570
53976.000   8352.000   -51.303   -85.553
53977.000   8474.000   -51.242   -85.536
53978.000   8766.000   -51.181   -85.520
53979.000   8928.000   -51.120   -85.503
53980.000   9014.000   -51.059   -85.487
53981.000   9076.000   -50.998   -85.471
53982.000   9270.000   -50.937   -85.454
53983.000   9592.000   -50.876   -85.438
53984.000   9686.000   -50.815   -85.422
53985.000   9748.000   -50.753   -85.406
53986.000   10074.000   -50.692   -85.390
53987.000   10201.000   -50.631   -85.374
53988.000   10409.000   -50.570   -85.358
53989.000   10543.000   -50.509   -85.342
53990.000   10616.000   -50.448   -85.326
53991.000   10917.000   -50.387   -85.310
53992.000   11065.000   -50.326   -85.294
53993.000   11435.000   -50.264   -85.278
53994.000   11830.000   -50.203   -85.263
53995.000   11993.000   -50.142   -85.247
53996.000   11796.000   -50.081   -85.231
53997.000   11689.000   -50.020   -85.216
53998.000   11535.000   -49.959   -85.200
53999.000   11623.000   -49.897   -85.185
54480.000   10793.000   -20.121   -80.988
54481.000   11013.000   -20.059   -80.983
54482.000   11274.000   -19.997   -80.978
54483.000   11631.000   -19.934   -80.973
54484.000   11720.000   -19.872   -80.968
54485.000   11896.000   -19.809   -80.963
54486.000   12014.000   -19.747   -80.958
54487.000   12384.000   -19.685   -80.953
54488.000   12491.000   -19.622   -80.947
54489.000   12753.000   -19.560   -80.942
54490.000   13085.000   -19.497   -80.937
54491.000   13101.000   -19.435   -80.932
54492.000   13065.000   -19.372   -80.927
54493.000   13471.000   -19.310   -80.922
54494.000   13738.000   -19.248   -80.917
54495.000   13766.000   -19.185   -80.912
54496.000   13987.000   -19.123   -80.907
54497.000   14232.000   -19.060   -80.902
54498.000   14300.000   -18.998   -80.897
54499.000   14348.000   -18.935   -80.892
54500.000   14674.000   -18.873   -80.887
54501.000   14582.000   -18.811   -80.882
54502.000   14701.000   -18.748   -80.877
54503.000   14654.000   -18.686   -80.872
54504.000   14840.000   -18.623   -80.867
54505.000   15007.000   -18.561   -80.862
54506.000   15033.000   -18.498   -80.858
54507.000   14977.000   -18.436   -80.853
54508.000   15405.000   -18.373   -80.848
54509.000   15325.000   -18.311   -80.843
54510.000   15112.000   -18.249   -80.838
54511.000   15333.000   -18.186   -80.833
54512.000   15370.000   -18.124   -80.828
54513.000   15184.000   -18.061   -80.823
54514.000   15135.000   -17.999   -80.818
54515.000   15206.000   -17.936   -80.813
54516.000   15357.000   -17.874   -80.808
54517.000   15277.000   -17.811   -80.804
54518.000   15461.000   -17.749   -80.799
54519.000   15316.000   -17.686   -80.794
54520.000   15170.000   -17.624   -80.789
54521.000   15047.000   -17.562   -80.784
54522.000   14880.000   -17.499   -80.779
54523.000   15010.000   -17.437   -80.775
54524.000   14967.000   -17.374   -80.770
54525.000   14874.000   -17.312   -80.765
54526.000   14649.000   -17.249   -80.760
54527.000   14542.000   -17.187   -80.755
54528.000   14572.000   -17.124   -80.750
54529.000   14461.000   -17.062   -80.746
54530.000   14102.000   -16.999   -80.741
54531.000   14242.000   -16.937   -80.736
54532.000   14242.000   -16.874   -80.731
54533.000   14171.000   -16.812   -80.727
54534.000   13918.000   -16.749   -80.722
54535.000   13729.000   -16.687   -80.717
54536.000   13694.000   -16.624   -80.712
54537.000   13314.000   -16.562   -80.708
54538.000   13297.000   -16.499   -80.703
54539.000   13023.000   -16.437   -80.698
54540.000   13033.000   -16.375   -80.693
54541.000   12867.000   -16.312   -80.689
54542.000   12836.000   -16.250   -80.684
54543.000   12562.000   -16.187   -80.679
54544.000   12544.000   -16.125   -80.674
54545.000   12409.000   -16.062   -80.670
54546.000   12245.000   -16.000   -80.665
54547.000   12265.000   -15.937   -80.660
54548.000   11980.000   -15.875   -80.656
54549.000   11671.000   -15.812   -80.651
54550.000   11659.000   -15.750   -80.646
54551.000   11542.000   -15.687   -80.642
54552.000   11396.000   -15.625   -80.637
54553.000   11231.000   -15.562   -80.632
54554.000   10924.000   -15.500   -80.628
54555.000   10829.000   -15.437   -80.623
54556.000   10683.000   -15.375   -80.618
54557.000   10625.000   -15.312   -80.614
54558.000   10256.000   -15.250   -80.609
54559.000   9848.000   -15.187   -80.604
54560.000   10032.000   -15.125   -80.600
54561.000   9705.000   -15.062   -80.595
54562.000   9555.000   -14.999   -80.591
54563.000   9469.000   -14.937   -80.586
54564.000   9340.000   -14.874   -80.581
54565.000   9023.000   -14.812   -80.577
54566.000   8870.000   -14.749   -80.572
54567.000   8722.000   -14.687   -80.568
54568.000   8554.000   -14.624   -80.563
54569.000   8357.000   -14.562   -80.558
54570.000   8181.000   -14.499   -80.554
54571.000   8009.000   -14.437   -80.549
54572.000   7888.000   -14.374   -80.545
54573.000   7888.000   -14.312   -80.540
54574.000   7613.000   -14.249   -80.536
54575.000   7468.000   -14.187   -80.531
54576.000   7181.000   -14.124   -80.526
54577.000   7144.000   -14.062   -80.522
54578.000   6869.000   -13.999   -80.517
54579.000   6779.000   -13.937   -80.513
54580.000   6527.000   -13.874   -80.508
54581.000   6478.000   -13.812   -80.504
54582.000   6335.000   -13.749   -80.499
54583.000   6097.000   -13.686   -80.495
54584.000   5994.000   -13.624   -80.490
54585.000   5967.000   -13.561   -80.486
54586.000   5783.000   -13.499   -80.481
54587.000   5742.000   -13.436   -80.477
54588.000   5511.000   -13.374   -80.472
54589.000   5332.000   -13.311   -80.468
54590.000   5426.000   -13.249   -80.463
54591.000   5327.000   -13.186   -80.459
54592.000   5196.000   -13.124   -80.454
54593.000   4990.000   -13.061   -80.450
54594.000   5117.000   -12.998   -80.445
54595.000   4890.000   -12.936   -80.441
54596.000   4825.000   -12.873   -80.436
54597.000   4569.000   -12.811   -80.432
54598.000   4653.000   -12.748   -80.428
54599.000   4444.000   -12.686   -80.423
54600.000   4570.000   -12.623   -80.419
54601.000   4425.000   -12.561   -80.414
54602.000   4156.000   -12.498   -80.410
54603.000   4150.000   -12.436   -80.405
54604.000   4057.000   -12.373   -80.401
54605.000   4001.000   -12.310   -80.397
54606.000   4002.000   -12.248   -80.392
54607.000   3850.000   -12.185   -80.388
54608.000   3703.000   -12.123   -80.383
54609.000   3733.000   -12.060   -80.379
54610.000   3709.000   -11.998   -80.374
54611.000   3590.000   -11.935   -80.370
54612.000   3443.000   -11.872   -80.366
54613.000   3489.000   -11.810   -80.361
54614.000   3319.000   -11.747   -80.357
54615.000   3193.000   -11.685   -80.353
54616.000   3210.000   -11.622   -80.348
54617.000   3098.000   -11.560   -80.344
54618.000   3097.000   -11.497   -80.339
54619.000   2936.000   -11.434   -80.335
54620.000   2886.000   -11.372   -80.331
54621.000   2845.000   -11.309   -80.326
54622.000   2661.000   -11.247   -80.322
54623.000   2625.000   -11.184   -80.318
54624.000   2565.000   -11.122   -80.313
54625.000   2392.000   -11.059   -80.309
54626.000   2566.000   -10.996   -80.305
54627.000   2507.000   -10.934   -80.300
54628.000   2412.000   -10.871   -80.296
54629.000   2227.000   -10.809   -80.292
54630.000   2188.000   -10.746   -80.287
54631.000   2312.000   -10.684   -80.283
54632.000   2243.000   -10.621   -80.279
54633.000   2140.000   -10.558   -80.274
54634.000   2089.000   -10.496   -80.270
54635.000   1978.000   -10.433   -80.266
54636.000   1982.000   -10.371   -80.261
54637.000   1959.000   -10.308   -80.257
54638.000   1918.000   -10.245   -80.253
54639.000   1913.000   -10.183   -80.248
54640.000   1849.000   -10.120   -80.244
54641.000   1891.000   -10.058   -80.240
54642.000   1743.000   -9.995   -80.236
54643.000   1754.000   -9.932   -80.231
54644.000   1726.000   -9.870   -80.227
54645.000   1657.000   -9.807   -80.223
54646.000   1756.000   -9.745   -80.218
54647.000   1675.000   -9.682   -80.214
54648.000   1638.000   -9.619   -80.210
54649.000   1639.000   -9.557   -80.206
54650.000   1667.000   -9.494   -80.201
54651.000   1636.000   -9.432   -80.197
54652.000   1593.000   -9.369   -80.193
54653.000   1583.000   -9.306   -80.189
54654.000   1545.000   -9.244   -80.184
54655.000   1524.000   -9.181   -80.180
54656.000   1531.000   -9.119   -80.176
54657.000   1573.000   -9.056   -80.172
54658.000   1477.000   -8.993   -80.167
54659.000   1543.000   -8.931   -80.163
54660.000   1425.000   -8.868   -80.159
54661.000   1493.000   -8.806   -80.155
54662.000   1503.000   -8.743   -80.150
54663.000   1472.000   -8.680   -80.146
54664.000   1477.000   -8.618   -80.142
54665.000   1458.000   -8.555   -80.138
54666.000   1437.000   -8.493   -80.134
54667.000   1570.000   -8.430   -80.129
54668.000   1499.000   -8.367   -80.125
54669.000   1498.000   -8.305   -80.121
54670.000   1398.000   -8.242   -80.117
54671.000   1419.000   -8.179   -80.113
54672.000   1429.000   -8.117   -80.108
54673.000   1350.000   -8.054   -80.104
54674.000   1372.000   -7.992   -80.100
54675.000   1420.000   -7.929   -80.096
54676.000   1377.000   -7.866   -80.092
54677.000   1414.000   -7.804   -80.087
54678.000   1501.000   -7.741   -80.083
54679.000   1387.000   -7.678   -80.079
54680.000   1303.000   -7.616   -80.075
54681.000   1429.000   -7.553   -80.071
54682.000   1466.000   -7.491   -80.066
54683.000   1308.000   -7.428   -80.062
54684.000   1421.000   -7.365   -80.058
54685.000   1378.000   -7.303   -80.054
54686.000   1358.000   -7.240   -80.050
54687.000   1363.000   -7.177   -80.046
54688.000   1379.000   -7.115   -80.041
54689.000   1366.000   -7.052   -80.037
54690.000   1448.000   -6.990   -80.033
54691.000   1420.000   -6.927   -80.029
54692.000   1397.000   -6.864   -80.025
54693.000   1334.000   -6.802   -80.021
54694.000   1372.000   -6.739   -80.017
54695.000   1403.000   -6.676   -80.012
54696.000   1371.000   -6.614   -80.008
54697.000   1374.000   -6.551   -80.004
54698.000   1394.000   -6.488   -80.000
54699.000   1421.000   -6.426   -79.996
54700.000   1395.000   -6.363   -79.992
54701.000   1469.000   -6.301   -79.988
54702.000   1398.000   -6.238   -79.983
54703.000   1377.000   -6.175   -79.979
54704.000   1417.000   -6.113   -79.975
54705.000   1429.000   -6.050   -79.971
54706.000   1468.000   -5.987   -79.967
54707.000   1471.000   -5.925   -79.963
54708.000   1535.000   -5.862   -79.959
54709.000   1528.000   -5.799   -79.954
54710.000   1552.000   -5.737   -79.950
54711.000   1439.000   -5.674   -79.946
54712.000   1503.000   -5.611   -79.942
54713.000   1522.000   -5.549   -79.938
54714.000   1572.000   -5.486   -79.934
54715.000   1517.000   -5.424   -79.930
54716.000   1576.000   -5.361   -79.926
54717.000   1558.000   -5.298   -79.922
54718.000   1519.000   -5.236   -79.917
54719.000   1576.000   -5.173   -79.913
54720.000   1592.000   -5.110   -79.909
54721.000   1562.000   -5.048   -79.905
54722.000   1626.000   -4.985   -79.901
54723.000   1692.000   -4.922   -79.897
54724.000   1665.000   -4.860   -79.893
54725.000   1606.000   -4.797   -79.889
54726.000   1697.000   -4.734   -79.885
54727.000   1719.000   -4.672   -79.881
54728.000   1752.000   -4.609   -79.876
54729.000   1797.000   -4.546   -79.872
54730.000   1914.000   -4.484   -79.868
54731.000   1856.000   -4.421   -79.864
54732.000   1841.000   -4.358   -79.860
54733.000   1917.000   -4.296   -79.856
54734.000   1974.000   -4.233   -79.852
54735.000   1969.000   -4.170   -79.848
54736.000   2004.000   -4.108   -79.844
54737.000   1992.000   -4.045   -79.840
54738.000   2139.000   -3.982   -79.836
54739.000   2121.000   -3.920   -79.832
54740.000   2166.000   -3.857   -79.827
54741.000   2244.000   -3.794   -79.823
54742.000   2297.000   -3.732   -79.819
54743.000   2311.000   -3.669   -79.815
54744.000   2304.000   -3.606   -79.811
54745.000   2340.000   -3.544   -79.807
54746.000   2359.000   -3.481   -79.803
54747.000   2451.000   -3.418   -79.799
54748.000   2479.000   -3.356   -79.795
54749.000   2553.000   -3.293   -79.791
54750.000   2500.000   -3.230   -79.787
54751.000   2700.000   -3.168   -79.783
54752.000   2684.000   -3.105   -79.779
54753.000   2762.000   -3.042   -79.775
54754.000   2751.000   -2.980   -79.771
54755.000   2859.000   -2.917   -79.766
54756.000   2933.000   -2.854   -79.762
54757.000   2916.000   -2.792   -79.758
54758.000   2964.000   -2.729   -79.754
54759.000   3046.000   -2.666   -79.750
54760.000   3036.000   -2.604   -79.746
54761.000   3004.000   -2.541   -79.742
54762.000   3030.000   -2.478   -79.738
54763.000   3109.000   -2.416   -79.734
54764.000   3131.000   -2.353   -79.730
54765.000   3237.000   -2.290   -79.726
54766.000   3043.000   -2.228   -79.722
54767.000   3110.000   -2.165   -79.718
54768.000   3110.000   -2.102   -79.714
54769.000   3077.000   -2.040   -79.710
54770.000   2988.000   -1.977   -79.706
54771.000   2936.000   -1.914   -79.702
54772.000   2906.000   -1.852   -79.698
54773.000   2947.000   -1.789   -79.694
54774.000   2868.000   -1.726   -79.689
54775.000   2851.000   -1.664   -79.685
54776.000   2681.000   -1.601   -79.681
54777.000   2627.000   -1.538   -79.677
54778.000   2546.000   -1.476   -79.673
54779.000   2458.000   -1.413   -79.669
54780.000   2483.000   -1.350   -79.665
54781.000   2438.000   -1.287   -79.661
54782.000   2271.000   -1.225   -79.657
54783.000   2240.000   -1.162   -79.653
54784.000   2235.000   -1.099   -79.649
54785.000   2108.000   -1.037   -79.645
54786.000   2095.000   -0.974   -79.641
54787.000   2076.000   -0.911   -79.637
54788.000   2009.000   -0.849   -79.633
54789.000   1977.000   -0.786   -79.629
54790.000   2076.000   -0.723   -79.625
54791.000   1967.000   -0.661   -79.621
54792.000   1954.000   -0.598   -79.617
54793.000   1895.000   -0.535   -79.613
54794.000   1875.000   -0.473   -79.609
54795.000   1765.000   -0.410   -79.605
54796.000   1736.000   -0.347   -79.600
54797.000   1742.000   -0.285   -79.596
54798.000   1707.000   -0.222   -79.592
54799.000   1662.000   -0.159   -79.588
54800.000   1733.000   -0.096   -79.584
54801.000   1606.000   -0.034   -79.580
54802.000   1657.000   00.029   -79.576
54803.000   1644.000   00.092   -79.572
54804.000   1695.000   00.154   -79.568
54805.000   1555.000   00.217   -79.564
54806.000   1620.000   00.280   -79.560
54807.000   1598.000   00.342   -79.556
54808.000   1532.000   00.405   -79.552
54809.000   1498.000   00.468   -79.548
54810.000   1490.000   00.530   -79.544
54811.000   1555.000   00.593   -79.540
54812.000   1497.000   00.656   -79.536
54813.000   1464.000   00.719   -79.532
54814.000   1475.000   00.781   -79.528
54815.000   1456.000   00.844   -79.524
54816.000   1554.000   00.907   -79.520
54817.000   1426.000   00.969   -79.516
54818.000   1463.000   01.032   -79.512
54819.000   1461.000   01.095   -79.508
54820.000   1429.000   01.157   -79.503
54821.000   1435.000   01.220   -79.499
54822.000   1394.000   01.283   -79.495
54823.000   1410.000   01.346   -79.491
54824.000   1400.000   01.408   -79.487
54825.000   1410.000   01.471   -79.483
54826.000   1374.000   01.534   -79.479
54827.000   1370.000   01.596   -79.475
54828.000   1367.000   01.659   -79.471
54829.000   1366.000   01.722   -79.467
54830.000   1398.000   01.784   -79.463
54831.000   1397.000   01.847   -79.459
54832.000   1337.000   01.910   -79.455
54833.000   1361.000   01.973   -79.451
54834.000   1392.000   02.035   -79.447
54835.000   1417.000   02.098   -79.443
54836.000   1331.000   02.161   -79.439
54837.000   1317.000   02.223   -79.435
54838.000   1347.000   02.286   -79.431
54839.000   1374.000   02.349   -79.427
54840.000   1279.000   02.411   -79.422
54841.000   1329.000   02.474   -79.418
54842.000   1256.000   02.537   -79.414
54843.000   1247.000   02.600   -79.410
54844.000   1363.000   02.662   -79.406
54845.000   1359.000   02.725   -79.402
54846.000   1373.000   02.788   -79.398
54847.000   1301.000   02.850   -79.394
54848.000   1273.000   02.913   -79.390
54849.000   1385.000   02.976   -79.386
54850.000   1335.000   03.038   -79.382
54851.000   1286.000   03.101   -79.378
54852.000   1285.000   03.164   -79.374
54853.000   1271.000   03.227   -79.370
54854.000   1299.000   03.289   -79.366
54855.000   1263.000   03.352   -79.362
54856.000   1285.000   03.415   -79.357
54857.000   1342.000   03.477   -79.353
54858.000   1271.000   03.540   -79.349
54859.000   1328.000   03.603   -79.345
54860.000   1328.000   03.665   -79.341
54861.000   1238.000   03.728   -79.337
54862.000   1245.000   03.791   -79.333
54863.000   1316.000   03.854   -79.329
54864.000   1247.000   03.916   -79.325
54865.000   1227.000   03.979   -79.321
54866.000   1288.000   04.042   -79.317
54867.000   1297.000   04.104   -79.313
54868.000   1273.000   04.167   -79.308
54869.000   1296.000   04.230   -79.304
54870.000   1260.000   04.293   -79.300
54871.000   1258.000   04.355   -79.296
54872.000   1299.000   04.418   -79.292
54873.000   1256.000   04.481   -79.288
54874.000   1296.000   04.543   -79.284
54875.000   1259.000   04.606   -79.280
54876.000   1275.000   04.669   -79.276
54877.000   1317.000   04.732   -79.272
54878.000   1282.000   04.794   -79.268
54879.000   1259.000   04.857   -79.263
54880.000   1334.000   04.920   -79.259
54881.000   1313.000   04.982   -79.255
54882.000   1315.000   05.045   -79.251
54883.000   1284.000   05.108   -79.247
54884.000   1237.000   05.170   -79.243
54885.000   1234.000   05.233   -79.239
54886.000   1308.000   05.296   -79.235
54887.000   1279.000   05.359   -79.231
54888.000   1269.000   05.421   -79.226
54889.000   1281.000   05.484   -79.222
54890.000   1263.000   05.547   -79.218
54891.000   1279.000   05.609   -79.214
54892.000   1335.000   05.672   -79.210
54893.000   1275.000   05.735   -79.206
54894.000   1245.000   05.798   -79.202
54895.000   1277.000   05.860   -79.198
54896.000   1310.000   05.923   -79.193
54897.000   1247.000   05.986   -79.189
54898.000   1364.000   06.048   -79.185
54899.000   1356.000   06.111   -79.181
54900.000   1329.000   06.174   -79.177
54901.000   1272.000   06.236   -79.173
54902.000   1333.000   06.299   -79.169
54903.000   1350.000   06.362   -79.164
54904.000   1308.000   06.425   -79.160
54905.000   1342.000   06.487   -79.156
54906.000   1321.000   06.550   -79.152
54907.000   1295.000   06.613   -79.148
54908.000   18195.000   06.675   -79.144
54909.000   22822.000   06.738   -79.140
54910.000   3033.000   06.801   -79.135
54911.000   23879.000   06.864   -79.131
54912.000   1650.000   06.926   -79.127
54913.000   1705.000   06.989   -79.123
54914.000   1625.000   07.052   -79.119
54915.000   1654.000   07.114   -79.115
54916.000   1691.000   07.177   -79.110
54917.000   1707.000   07.240   -79.106
54918.000   1719.000   07.303   -79.102
54919.000   1849.000   07.365   -79.098
54920.000   1723.000   07.428   -79.094
54921.000   1753.000   07.491   -79.089
54922.000   1809.000   07.553   -79.085
54923.000   1816.000   07.616   -79.081
54924.000   1833.000   07.679   -79.077
54925.000   1876.000   07.741   -79.073
54926.000   1967.000   07.804   -79.068
54927.000   1872.000   07.867   -79.064
54928.000   1825.000   07.930   -79.060
54929.000   1789.000   07.992   -79.056
54930.000   1737.000   08.055   -79.052
54931.000   1798.000   08.118   -79.047
54932.000   1781.000   08.180   -79.043
54933.000   1736.000   08.243   -79.039
54934.000   1739.000   08.306   -79.035
54935.000   1702.000   08.369   -79.031
54936.000   1805.000   08.431   -79.026
54937.000   1882.000   08.494   -79.022
54938.000   1837.000   08.557   -79.018
54939.000   2012.000   08.619   -79.014
54940.000   2005.000   08.682   -79.009
54941.000   2062.000   08.745   -79.005
54942.000   1999.000   08.807   -79.001
54943.000   1997.000   08.870   -78.997
54944.000   2052.000   08.933   -78.992
54945.000   1975.000   08.996   -78.988
54946.000   2022.000   09.058   -78.984
54947.000   1979.000   09.121   -78.980
54948.000   1896.000   09.184   -78.975
54949.000   2020.000   09.246   -78.971
54950.000   1951.000   09.309   -78.967
54951.000   1922.000   09.372   -78.963
54952.000   1903.000   09.435   -78.958
54953.000   1916.000   09.497   -78.954
54954.000   1913.000   09.560   -78.950
54955.000   1925.000   09.623   -78.946
54956.000   1839.000   09.685   -78.941
54957.000   1868.000   09.748   -78.937
54958.000   1800.000   09.811   -78.933
54959.000   1839.000   09.873   -78.928
55440.000   1498.000   39.939   -75.942
55441.000   1669.000   40.001   -75.932
55442.000   1578.000   40.064   -75.922
55443.000   1519.000   40.126   -75.912
55444.000   1552.000   40.188   -75.902
55445.000   1545.000   40.250   -75.893
55446.000   1590.000   40.312   -75.883
55447.000   1573.000   40.374   -75.873
55448.000   1539.000   40.436   -75.863
55449.000   1580.000   40.498   -75.853
55450.000   1564.000   40.561   -75.843
55451.000   1542.000   40.623   -75.833
55452.000   1509.000   40.685   -75.823
55453.000   1618.000   40.747   -75.812
55454.000   1618.000   40.809   -75.802
55455.000   1581.000   40.871   -75.792
55456.000   1610.000   40.933   -75.782
55457.000   1557.000   40.995   -75.772
55458.000   1545.000   41.057   -75.762
55459.000   1605.000   41.120   -75.751
55460.000   1628.000   41.182   -75.741
55461.000   1630.000   41.244   -75.731
55462.000   1609.000   41.306   -75.720
55463.000   1583.000   41.368   -75.710
55464.000   1566.000   41.430   -75.700
55465.000   1582.000   41.492   -75.689
55466.000   1560.000   41.554   -75.679
55467.000   1537.000   41.616   -75.668
55468.000   1570.000   41.678   -75.658
55469.000   1553.000   41.740   -75.647
55470.000   1540.000   41.802   -75.637
55471.000   1626.000   41.865   -75.626
55472.000   1625.000   41.927   -75.615
55473.000   1544.000   41.989   -75.605
55474.000   1676.000   42.051   -75.594
55475.000   1561.000   42.113   -75.583
55476.000   1576.000   42.175   -75.573
55477.000   1648.000   42.237   -75.562
55478.000   1651.000   42.299   -75.551
55479.000   1625.000   42.361   -75.540
55480.000   1624.000   42.423   -75.529
55481.000   1600.000   42.485   -75.519
55482.000   1581.000   42.547   -75.508
55483.000   1561.000   42.609   -75.497
55484.000   1624.000   42.671   -75.486
55485.000   1642.000   42.733   -75.475
55486.000   1519.000   42.795   -75.464
55487.000   1558.000   42.857   -75.453
55488.000   1593.000   42.919   -75.442
55489.000   1546.000   42.981   -75.430
55490.000   1580.000   43.043   -75.419
55491.000   1638.000   43.105   -75.408
55492.000   1675.000   43.167   -75.397
55493.000   1620.000   43.229   -75.386
55494.000   1583.000   43.291   -75.374
55495.000   1655.000   43.353   -75.363
55496.000   1581.000   43.415   -75.352
55497.000   1578.000   43.477   -75.340
55498.000   1622.000   43.539   -75.329
55499.000   1672.000   43.601   -75.317
55500.000   1657.000   43.663   -75.306
55501.000   1611.000   43.725   -75.295
55502.000   1623.000   43.787   -75.283
55503.000   1672.000   43.849   -75.271
55504.000   1724.000   43.911   -75.260
55505.000   1693.000   43.973   -75.248
55506.000   1688.000   44.035   -75.237
55507.000   1698.000   44.097   -75.225
55508.000   1677.000   44.159   -75.213
55509.000   1593.000   44.221   -75.201
55510.000   1612.000   44.283   -75.190
55511.000   1665.000   44.345   -75.178
55512.000   1629.000   44.407   -75.166
55513.000   1644.000   44.469   -75.154
55514.000   1631.000   44.531   -75.142
55515.000   1664.000   44.593   -75.130
55516.000   1633.000   44.655   -75.118
55517.000   1679.000   44.717   -75.106
55518.000   1734.000   44.779   -75.094
55519.000   1622.000   44.841   -75.082
55520.000   1684.000   44.903   -75.070
55521.000   1669.000   44.964   -75.058
55522.000   1662.000   45.026   -75.045
55523.000   1630.000   45.088   -75.033
55524.000   1713.000   45.150   -75.021
55525.000   1610.000   45.212   -75.008
55526.000   1579.000   45.274   -74.996
55527.000   1669.000   45.336   -74.984
55528.000   1653.000   45.398   -74.971
55529.000   1582.000   45.460   -74.959
55530.000   1716.000   45.522   -74.946
55531.000   1652.000   45.584   -74.934
55532.000   1615.000   45.645   -74.921
55533.000   1670.000   45.707   -74.909
55534.000   1760.000   45.769   -74.896
55535.000   1688.000   45.831   -74.883
55536.000   1711.000   45.893   -74.871
55537.000   1633.000   45.955   -74.858
55538.000   1753.000   46.017   -74.845
55539.000   1852.000   46.079   -74.832
55540.000   1809.000   46.140   -74.819
55541.000   1758.000   46.202   -74.806
55542.000   1761.000   46.264   -74.793
55543.000   1840.000   46.326   -74.781
55544.000   1780.000   46.388   -74.767
55545.000   1833.000   46.450   -74.754
55546.000   1793.000   46.512   -74.741
55547.000   1865.000   46.573   -74.728
55548.000   1880.000   46.635   -74.715
55549.000   1969.000   46.697   -74.702
55550.000   1917.000   46.759   -74.689
55551.000   2054.000   46.821   -74.675
55552.000   2107.000   46.883   -74.662
55553.000   2070.000   46.944   -74.649
55554.000   2070.000   47.006   -74.635
55555.000   2089.000   47.068   -74.622
55556.000   2156.000   47.130   -74.608
55557.000   2165.000   47.192   -74.595
55558.000   2216.000   47.253   -74.581
55559.000   2347.000   47.315   -74.567
55560.000   2309.000   47.377   -74.554
55561.000   2314.000   47.439   -74.540
55562.000   2283.000   47.501   -74.526
55563.000   2397.000   47.562   -74.512
55564.000   2519.000   47.624   -74.499
55565.000   2489.000   47.686   -74.485
55566.000   2656.000   47.748   -74.471
55567.000   2639.000   47.810   -74.457
55568.000   2694.000   47.871   -74.443
55569.000   2754.000   47.933   -74.429
55570.000   2755.000   47.995   -74.415
55571.000   2872.000   48.057   -74.401
55572.000   2947.000   48.118   -74.386
55573.000   3003.000   48.180   -74.372
55574.000   3061.000   48.242   -74.358
55575.000   3050.000   48.304   -74.344
55576.000   3117.000   48.365   -74.329
55577.000   3135.000   48.427   -74.315
55578.000   3278.000   48.489   -74.300
55579.000   3324.000   48.551   -74.286
55580.000   3333.000   48.612   -74.271
55581.000   3418.000   48.674   -74.257
55582.000   3415.000   48.736   -74.242
55583.000   3668.000   48.797   -74.228
55584.000   3607.000   48.859   -74.213
55585.000   3588.000   48.921   -74.198
55586.000   3773.000   48.983   -74.183
55587.000   3758.000   49.044   -74.168
55588.000   3875.000   49.106   -74.153
55589.000   3940.000   49.168   -74.139
55590.000   4065.000   49.229   -74.124
55591.000   4069.000   49.291   -74.108
55592.000   4260.000   49.353   -74.093
55593.000   4229.000   49.414   -74.078
55594.000   4444.000   49.476   -74.063
55595.000   4428.000   49.538   -74.048
55596.000   4570.000   49.599   -74.032
55597.000   4555.000   49.661   -74.017
55598.000   4641.000   49.723   -74.002
55599.000   4641.000   49.784   -73.986
55600.000   4802.000   49.846   -73.971
55601.000   4866.000   49.908   -73.955
55602.000   4920.000   49.969   -73.940
55603.000   5172.000   50.031   -73.924
55604.000   5225.000   50.092   -73.908
55605.000   5279.000   50.154   -73.893
55606.000   5419.000   50.216   -73.877
55607.000   5531.000   50.277   -73.861
55608.000   5699.000   50.339   -73.845
55609.000   5808.000   50.401   -73.829
55610.000   5865.000   50.462   -73.813
55611.000   6015.000   50.524   -73.797
55612.000   6159.000   50.585   -73.781
55613.000   6246.000   50.647   -73.765
55614.000   6434.000   50.709   -73.749
55615.000   6424.000   50.770   -73.732
55616.000   6761.000   50.832   -73.716
55617.000   6762.000   50.893   -73.700
55618.000   7057.000   50.955   -73.683
55619.000   7108.000   51.016   -73.667
55620.000   7318.000   51.078   -73.650
55621.000   7215.000   51.140   -73.634
55622.000   7546.000   51.201   -73.617
55623.000   7643.000   51.263   -73.600
55624.000   7730.000   51.324   -73.584
55625.000   8024.000   51.386   -73.567
55626.000   8063.000   51.447   -73.550
55627.000   8261.000   51.509   -73.533
55628.000   8373.000   51.570   -73.516
55629.000   8511.000   51.632   -73.499
55630.000   8521.000   51.693   -73.482
55631.000   8665.000   51.755   -73.465
55632.000   8881.000   51.816   -73.447
55633.000   8880.000   51.878   -73.430
55634.000   9040.000   51.939   -73.413
55635.000   9036.000   52.001   -73.395
55636.000   9366.000   52.062   -73.378
55637.000   9289.000   52.124   -73.361
55638.000   9557.000   52.185   -73.343
55639.000   9632.000   52.247   -73.325
55640.000   9764.000   52.308   -73.308
55641.000   9753.000   52.370   -73.290
55642.000   10095.000   52.431   -73.272
55643.000   10340.000   52.493   -73.254
55644.000   10256.000   52.554   -73.236
55645.000   10294.000   52.615   -73.218
55646.000   10427.000   52.677   -73.200
55647.000   10642.000   52.738   -73.182
55648.000   10483.000   52.800   -73.164
55649.000   10859.000   52.861   -73.146
55650.000   10820.000   52.923   -73.127
55651.000   11071.000   52.984   -73.109
55652.000   11041.000   53.045   -73.091
55653.000   11167.000   53.107   -73.072
55654.000   11246.000   53.168   -73.054
55655.000   11441.000   53.230   -73.035
55656.000   11623.000   53.291   -73.016
55657.000   11637.000   53.352   -72.997
55658.000   11661.000   53.414   -72.979
55659.000   11813.000   53.475   -72.960
55660.000   12042.000   53.537   -72.941
55661.000   12032.000   53.598   -72.922
55662.000   12509.000   53.659   -72.903
55663.000   12346.000   53.721   -72.884
55664.000   12542.000   53.782   -72.864
55665.000   12638.000   53.843   -72.845
55666.000   12866.000   53.905   -72.826
55667.000   13044.000   53.966   -72.806
55668.000   13044.000   54.027   -72.787
55669.000   13183.000   54.089   -72.767
55670.000   13164.000   54.150   -72.747
55671.000   13087.000   54.211   -72.728
55672.000   13159.000   54.273   -72.708
55673.000   13254.000   54.334   -72.688
55674.000   13545.000   54.395   -72.668
55675.000   13655.000   54.456   -72.648
55676.000   13845.000   54.518   -72.628
55677.000   13742.000   54.579   -72.608
55678.000   13797.000   54.640   -72.588
55679.000   13624.000   54.702   -72.567
55680.000   13743.000   54.763   -72.547
55681.000   13575.000   54.824   -72.527
55682.000   13713.000   54.885   -72.506
55683.000   13418.000   54.947   -72.486
55684.000   13877.000   55.008   -72.465
55685.000   13941.000   55.069   -72.444
55686.000   14039.000   55.130   -72.423
55687.000   14082.000   55.191   -72.403
55688.000   13766.000   55.253   -72.382
55689.000   13813.000   55.314   -72.360
55690.000   13471.000   55.375   -72.339
55691.000   13323.000   55.436   -72.318
55692.000   13077.000   55.497   -72.297
55693.000   13001.000   55.559   -72.276
55694.000   13112.000   55.620   -72.254
55695.000   13400.000   55.681   -72.233
55696.000   13411.000   55.742   -72.211
55697.000   13476.000   55.803   -72.189
55698.000   14053.000   55.864   -72.168
55699.000   14331.000   55.926   -72.146
55700.000   14835.000   55.987   -72.124
55701.000   14461.000   56.048   -72.102
55702.000   14423.000   56.109   -72.080
55703.000   14926.000   56.170   -72.058
55704.000   14305.000   56.231   -72.035
55705.000   13626.000   56.292   -72.013
55706.000   13683.000   56.353   -71.991
55707.000   13933.000   56.415   -71.968
55708.000   14119.000   56.476   -71.945
55709.000   14035.000   56.537   -71.923
55710.000   14148.000   56.598   -71.900
55711.000   14234.000   56.659   -71.877
55712.000   14284.000   56.720   -71.854
55713.000   14318.000   56.781   -71.831
55714.000   14342.000   56.842   -71.808
55715.000   14544.000   56.903   -71.785
55716.000   15429.000   56.964   -71.762
55717.000   14593.000   57.025   -71.738
55718.000   13893.000   57.086   -71.715
55719.000   14137.000   57.147   -71.691
55720.000   14422.000   57.208   -71.667
55721.000   14253.000   57.269   -71.644
55722.000   13647.000   57.330   -71.620
55723.000   12700.000   57.391   -71.596
55724.000   12945.000   57.452   -71.572
55725.000   12493.000   57.513   -71.548
55726.000   12682.000   57.574   -71.524
55727.000   12148.000   57.635   -71.499
55728.000   11924.000   57.696   -71.475
55729.000   11487.000   57.757   -71.450
55730.000   11616.000   57.818   -71.426
55731.000   11467.000   57.879   -71.401
55732.000   11336.000   57.940   -71.376
55733.000   11025.000   58.001   -71.351
55734.000   11292.000   58.062   -71.326
55735.000   10947.000   58.123   -71.301
55736.000   10608.000   58.183   -71.276
55737.000   10521.000   58.244   -71.251
55738.000   10434.000   58.305   -71.225
55739.000   10335.000   58.366   -71.200
55740.000   10070.000   58.427   -71.174
55741.000   9701.000   58.488   -71.149
55742.000   9776.000   58.549   -71.123
55743.000   9222.000   58.609   -71.097
55744.000   9063.000   58.670   -71.071
55745.000   9179.000   58.731   -71.045
55746.000   9058.000   58.792   -71.019
55747.000   9030.000   58.853   -70.992
55748.000   9087.000   58.914   -70.966
55749.000   8629.000   58.974   -70.939
55750.000   8764.000   59.035   -70.913
55751.000   8591.000   59.096   -70.886
55752.000   8415.000   59.157   -70.859
55753.000   8411.000   59.217   -70.832
55754.000   8279.000   59.278   -70.805
55755.000   8331.000   59.339   -70.778
55756.000   8249.000   59.400   -70.750
55757.000   8355.000   59.460   -70.723
55758.000   8236.000   59.521   -70.695
55759.000   8130.000   59.582   -70.668
55760.000   8111.000   59.643   -70.640
55761.000   7879.000   59.703   -70.612
55762.000   7949.000   59.764   -70.584
55763.000   7820.000   59.825   -70.556
55764.000   8075.000   59.885   -70.528
55765.000   7867.000   59.946   -70.499
55766.000   7682.000   60.007   -70.471
55767.000   7659.000   60.067   -70.442
55768.000   7410.000   60.128   -70.414
55769.000   7349.000   60.188   -70.385
55770.000   7470.000   60.249   -70.356
55771.000   7667.000   60.310   -70.327
55772.000   7737.000   60.370   -70.298
55773.000   7893.000   60.431   -70.268
55774.000   8996.000   60.491   -70.239
55775.000   8291.000   60.552   -70.209
55776.000   7306.000   60.613   -70.180
55777.000   7355.000   60.673   -70.150
55778.000   7426.000   60.734   -70.120
55779.000   7606.000   60.794   -70.090
55780.000   7530.000   60.855   -70.060
55781.000   7501.000   60.915   -70.029
55782.000   7613.000   60.976   -69.999
55783.000   7514.000   61.036   -69.968
55784.000   7593.000   61.097   -69.937
55785.000   7502.000   61.157   -69.906
55786.000   7253.000   61.218   -69.875
55787.000   6947.000   61.278   -69.844
55788.000   6908.000   61.339   -69.813
55789.000   6859.000   61.399   -69.782
55790.000   6662.000   61.459   -69.750
55791.000   6487.000   61.520   -69.718
55792.000   6499.000   61.580   -69.687
55793.000   6359.000   61.641   -69.655
55794.000   6609.000   61.701   -69.622
55795.000   6378.000   61.761   -69.590
55796.000   6729.000   61.822   -69.558
55797.000   6725.000   61.882   -69.525
55798.000   6710.000   61.943   -69.493
55799.000   6602.000   62.003   -69.460
55800.000   6387.000   62.063   -69.427
55801.000   6072.000   62.123   -69.394
55802.000   6024.000   62.184   -69.360
55803.000   5979.000   62.244   -69.327
55804.000   5898.000   62.304   -69.293
55805.000   5900.000   62.365   -69.260
55806.000   5798.000   62.425   -69.226
55807.000   5923.000   62.485   -69.192
55808.000   5808.000   62.545   -69.158
55809.000   5702.000   62.606   -69.123
55810.000   5883.000   62.666   -69.089
55811.000   5900.000   62.726   -69.054
55812.000   6003.000   62.786   -69.019
55813.000   5888.000   62.846   -68.984
55814.000   5912.000   62.907   -68.949
55815.000   5780.000   62.967   -68.914
55816.000   5826.000   63.027   -68.878
55817.000   5670.000   63.087   -68.843
55818.000   5614.000   63.147   -68.807
55819.000   5616.000   63.207   -68.771
55820.000   5547.000   63.267   -68.735
55821.000   5341.000   63.327   -68.699
55822.000   5300.000   63.387   -68.662
55823.000   5135.000   63.448   -68.626
55824.000   5100.000   63.508   -68.589
55825.000   4957.000   63.568   -68.552
55826.000   5059.000   63.628   -68.515
55827.000   4796.000   63.688   -68.477
55828.000   4879.000   63.748   -68.440
55829.000   4695.000   63.808   -68.402
55830.000   4672.000   63.868   -68.364
55831.000   4540.000   63.928   -68.326
55832.000   4618.000   63.987   -68.288
55833.000   4542.000   64.047   -68.250
55834.000   4461.000   64.107   -68.211
55835.000   4363.000   64.167   -68.173
55836.000   4340.000   64.227   -68.134
55837.000   4273.000   64.287   -68.095
55838.000   4220.000   64.347   -68.055
55839.000   4068.000   64.407   -68.016
55840.000   4158.000   64.467   -67.976
55841.000   4232.000   64.526   -67.936
55842.000   4406.000   64.586   -67.896
55843.000   4842.000   64.646   -67.856
55844.000   5356.000   64.706   -67.815
55845.000   5781.000   64.766   -67.775
55846.000   6241.000   64.825   -67.734
55847.000   7105.000   64.885   -67.693
55848.000   7688.000   64.945   -67.651
55849.000   8393.000   65.005   -67.610
55850.000   8412.000   65.064   -67.568
55851.000   7773.000   65.124   -67.526
55852.000   7409.000   65.184   -67.484
55853.000   6229.000   65.243   -67.442
55854.000   5715.000   65.303   -67.400
55855.000   5717.000   65.362   -67.357
55856.000   5664.000   65.422   -67.314
55857.000   5809.000   65.482   -67.271
55858.000   5565.000   65.541   -67.228
55859.000   5685.000   65.601   -67.184
55860.000   5492.000   65.660   -67.140
55861.000   5198.000   65.720   -67.096
55862.000   4829.000   65.779   -67.052
55863.000   4595.000   65.839   -67.007
55864.000   4445.000   65.898   -66.963
55865.000   4136.000   65.958   -66.918
55866.000   4165.000   66.017   -66.873
55867.000   3862.000   66.077   -66.827
55868.000   3627.000   66.136   -66.782
55869.000   3485.000   66.196   -66.736
55870.000   3459.000   66.255   -66.690
55871.000   3379.000   66.314   -66.644
55872.000   3326.000   66.374   -66.597
55873.000   3414.000   66.433   -66.550
55874.000   3295.000   66.492   -66.503
55875.000   3141.000   66.552   -66.456
55876.000   3153.000   66.611   -66.408
55877.000   3166.000   66.670   -66.361
55878.000   3072.000   66.729   -66.313
55879.000   3073.000   66.789   -66.264
55880.000   2941.000   66.848   -66.216
55881.000   2781.000   66.907   -66.167
55882.000   2731.000   66.966   -66.118
55883.000   2727.000   67.025   -66.069
55884.000   2738.000   67.084   -66.019
55885.000   2576.000   67.144   -65.969
55886.000   2609.000   67.203   -65.919
55887.000   2567.000   67.262   -65.869
55888.000   2541.000   67.321   -65.818
55889.000   2514.000   67.380   -65.768
55890.000   2624.000   67.439   -65.716
55891.000   2477.000   67.498   -65.665
55892.000   2411.000   67.557   -65.613
55893.000   2480.000   67.616   -65.561
55894.000   2586.000   67.675   -65.509
55895.000   2780.000   67.734   -65.457
55896.000   2943.000   67.793   -65.404
55897.000   3157.000   67.851   -65.351
55898.000   3376.000   67.910   -65.297
55899.000   3386.000   67.969   -65.244
55900.000   3400.000   68.028   -65.190
55901.000   2966.000   68.087   -65.135
55902.000   2838.000   68.146   -65.081
55903.000   2669.000   68.204   -65.026
55904.000   2697.000   68.263   -64.971
55905.000   2617.000   68.322   -64.915
55906.000   2658.000   68.380   -64.859
55907.000   2673.000   68.439   -64.803
55908.000   2951.000   68.498   -64.747
55909.000   2752.000   68.556   -64.690
55910.000   2667.000   68.615   -64.633
55911.000   2546.000   68.673   -64.576
55912.000   2280.000   68.732   -64.518
55913.000   2175.000   68.791   -64.460
55914.000   2275.000   68.849   -64.402
55915.000   2193.000   68.908   -64.343
55916.000   2207.000   68.966   -64.284
55917.000   2234.000   69.024   -64.224
55918.000   2068.000   69.083   -64.165
55919.000   2139.000   69.141   -64.105
56400.000   1498.000   77.057   58.886
