Time range: [ 00:00:-0.000  00:27:50.000 ]
Time range duration: 27.0 min, 50.0 sec
Longitude range: [ -31.914  52.195 ]
-0.000   1004.000   14.299   -31.914
01.000   951.000   14.237   -31.909
02.000   954.000   14.175   -31.905
03.000   995.000   14.112   -31.900
04.000   922.000   14.050   -31.896
05.000   989.000   13.987   -31.891
06.000   985.000   13.925   -31.887
07.000   957.000   13.863   -31.882
08.000   961.000   13.800   -31.878
09.000   1001.000   13.738   -31.873
10.000   985.000   13.675   -31.869
11.000   944.000   13.613   -31.864
12.000   978.000   13.551   -31.860
13.000   1007.000   13.488   -31.855
14.000   1013.000   13.426   -31.851
15.000   967.000   13.363   -31.846
16.000   1008.000   13.301   -31.842
17.000   992.000   13.239   -31.838
18.000   972.000   13.176   -31.833
19.000   987.000   13.114   -31.829
20.000   936.000   13.051   -31.824
21.000   952.000   12.989   -31.820
22.000   1008.000   12.927   -31.815
23.000   955.000   12.864   -31.811
24.000   963.000   12.802   -31.806
25.000   949.000   12.739   -31.802
26.000   932.000   12.677   -31.798
27.000   942.000   12.615   -31.793
28.000   1040.000   12.552   -31.789
29.000   970.000   12.490   -31.784
30.000   945.000   12.427   -31.780
31.000   993.000   12.365   -31.775
32.000   963.000   12.303   -31.771
33.000   913.000   12.240   -31.767
34.000   958.000   12.178   -31.762
35.000   973.000   12.115   -31.758
36.000   979.000   12.053   -31.754
37.000   1008.000   11.991   -31.749
38.000   989.000   11.928   -31.745
39.000   980.000   11.866   -31.740
40.000   1025.000   11.803   -31.736
41.000   986.000   11.741   -31.732
42.000   992.000   11.678   -31.727
43.000   984.000   11.616   -31.723
44.000   977.000   11.554   -31.719
45.000   982.000   11.491   -31.714
46.000   985.000   11.429   -31.710
47.000   967.000   11.366   -31.706
48.000   971.000   11.304   -31.701
49.000   954.000   11.242   -31.697
50.000   970.000   11.179   -31.693
51.000   1038.000   11.117   -31.688
52.000   883.000   11.054   -31.684
53.000   947.000   10.992   -31.680
54.000   973.000   10.930   -31.675
55.000   911.000   10.867   -31.671
56.000   969.000   10.805   -31.667
57.000   1001.000   10.742   -31.662
58.000   975.000   10.680   -31.658
59.000   939.000   10.618   -31.654
60.000   961.000   10.555   -31.649
61.000   1013.000   10.493   -31.645
62.000   980.000   10.430   -31.641
63.000   936.000   10.368   -31.637
64.000   1057.000   10.306   -31.632
65.000   926.000   10.243   -31.628
66.000   950.000   10.181   -31.624
67.000   945.000   10.118   -31.620
68.000   1003.000   10.056   -31.615
69.000   1031.000   09.993   -31.611
70.000   878.000   09.931   -31.607
71.000   960.000   09.869   -31.602
72.000   965.000   09.806   -31.598
73.000   985.000   09.744   -31.594
74.000   967.000   09.681   -31.590
75.000   988.000   09.619   -31.585
76.000   934.000   09.557   -31.581
77.000   957.000   09.494   -31.577
78.000   962.000   09.432   -31.573
79.000   994.000   09.369   -31.569
80.000   965.000   09.307   -31.564
81.000   944.000   09.245   -31.560
82.000   976.000   09.182   -31.556
83.000   938.000   09.120   -31.552
84.000   979.000   09.057   -31.547
85.000   982.000   08.995   -31.543
86.000   935.000   08.932   -31.539
87.000   1039.000   08.870   -31.535
88.000   1035.000   08.808   -31.531
89.000   933.000   08.745   -31.526
90.000   979.000   08.683   -31.522
91.000   954.000   08.620   -31.518
92.000   1013.000   08.558   -31.514
93.000   928.000   08.496   -31.510
94.000   944.000   08.433   -31.505
95.000   991.000   08.371   -31.501
96.000   960.000   08.308   -31.497
97.000   977.000   08.246   -31.493
98.000   979.000   08.183   -31.489
99.000   959.000   08.121   -31.484
100.000   981.000   08.059   -31.480
101.000   972.000   07.996   -31.476
102.000   993.000   07.934   -31.472
103.000   991.000   07.871   -31.468
104.000   973.000   07.809   -31.464
105.000   956.000   07.747   -31.459
106.000   977.000   07.684   -31.455
107.000   963.000   07.622   -31.451
108.000   999.000   07.559   -31.447
109.000   976.000   07.497   -31.443
110.000   1018.000   07.435   -31.439
111.000   979.000   07.372   -31.435
112.000   992.000   07.310   -31.430
113.000   915.000   07.247   -31.426
114.000   971.000   07.185   -31.422
115.000   950.000   07.122   -31.418
116.000   961.000   07.060   -31.414
117.000   941.000   06.998   -31.410
118.000   968.000   06.935   -31.406
119.000   955.000   06.873   -31.402
120.000   938.000   06.810   -31.397
121.000   937.000   06.748   -31.393
122.000   974.000   06.686   -31.389
123.000   966.000   06.623   -31.385
124.000   912.000   06.561   -31.381
125.000   952.000   06.498   -31.377
126.000   987.000   06.436   -31.373
127.000   912.000   06.373   -31.369
128.000   959.000   06.311   -31.364
129.000   950.000   06.249   -31.360
130.000   973.000   06.186   -31.356
131.000   955.000   06.124   -31.352
132.000   987.000   06.061   -31.348
133.000   985.000   05.999   -31.344
134.000   948.000   05.937   -31.340
135.000   1034.000   05.874   -31.336
136.000   993.000   05.812   -31.332
137.000   990.000   05.749   -31.328
138.000   960.000   05.687   -31.323
139.000   983.000   05.625   -31.319
140.000   1009.000   05.562   -31.315
141.000   1001.000   05.500   -31.311
142.000   954.000   05.437   -31.307
143.000   1011.000   05.375   -31.303
144.000   955.000   05.312   -31.299
145.000   1028.000   05.250   -31.295
146.000   967.000   05.188   -31.291
147.000   1053.000   05.125   -31.287
148.000   945.000   05.063   -31.283
149.000   977.000   05.000   -31.279
150.000   1024.000   04.938   -31.275
151.000   956.000   04.876   -31.270
152.000   996.000   04.813   -31.266
153.000   979.000   04.751   -31.262
154.000   996.000   04.688   -31.258
155.000   992.000   04.626   -31.254
156.000   1005.000   04.564   -31.250
157.000   962.000   04.501   -31.246
158.000   972.000   04.439   -31.242
159.000   986.000   04.376   -31.238
160.000   1000.000   04.314   -31.234
161.000   984.000   04.251   -31.230
162.000   930.000   04.189   -31.226
163.000   976.000   04.127   -31.222
164.000   1006.000   04.064   -31.218
165.000   1051.000   04.002   -31.214
166.000   1006.000   03.939   -31.210
167.000   1024.000   03.877   -31.206
168.000   1034.000   03.815   -31.202
169.000   978.000   03.752   -31.198
170.000   1091.000   03.690   -31.194
171.000   1040.000   03.627   -31.189
172.000   1044.000   03.565   -31.185
173.000   1018.000   03.503   -31.181
174.000   1009.000   03.440   -31.177
175.000   1042.000   03.378   -31.173
176.000   1021.000   03.315   -31.169
177.000   1047.000   03.253   -31.165
178.000   1008.000   03.190   -31.161
179.000   1022.000   03.128   -31.157
180.000   1034.000   03.066   -31.153
181.000   1054.000   03.003   -31.149
182.000   1027.000   02.941   -31.145
183.000   1077.000   02.878   -31.141
184.000   1065.000   02.816   -31.137
185.000   1118.000   02.754   -31.133
186.000   1091.000   02.691   -31.129
187.000   1087.000   02.629   -31.125
188.000   1079.000   02.566   -31.121
189.000   1109.000   02.504   -31.117
190.000   1090.000   02.442   -31.113
191.000   1089.000   02.379   -31.109
192.000   1044.000   02.317   -31.105
193.000   1029.000   02.254   -31.101
194.000   1139.000   02.192   -31.097
195.000   1062.000   02.130   -31.093
196.000   1066.000   02.067   -31.089
197.000   1108.000   02.005   -31.085
198.000   1086.000   01.942   -31.081
199.000   1129.000   01.880   -31.077
200.000   1112.000   01.818   -31.073
201.000   1076.000   01.755   -31.069
202.000   1135.000   01.693   -31.065
203.000   1100.000   01.630   -31.061
204.000   1088.000   01.568   -31.057
205.000   1160.000   01.506   -31.053
206.000   1113.000   01.443   -31.049
207.000   1090.000   01.381   -31.045
208.000   1143.000   01.318   -31.041
209.000   1151.000   01.256   -31.037
210.000   1144.000   01.194   -31.033
211.000   1152.000   01.131   -31.029
212.000   1138.000   01.069   -31.025
213.000   1082.000   01.006   -31.021
214.000   1148.000   00.944   -31.017
215.000   1144.000   00.882   -31.013
216.000   1198.000   00.819   -31.009
217.000   1159.000   00.757   -31.005
218.000   1138.000   00.694   -31.001
219.000   1177.000   00.632   -30.997
220.000   1186.000   00.570   -30.993
221.000   1150.000   00.507   -30.989
222.000   1139.000   00.445   -30.985
223.000   1055.000   00.382   -30.981
224.000   1170.000   00.320   -30.977
225.000   1232.000   00.258   -30.973
226.000   1216.000   00.195   -30.969
227.000   1118.000   00.133   -30.965
228.000   1193.000   00.070   -30.961
229.000   1161.000   00.008   -30.957
230.000   1148.000   -0.054   -30.953
231.000   1189.000   -0.117   -30.949
232.000   1163.000   -0.179   -30.945
233.000   1245.000   -0.242   -30.941
234.000   1249.000   -0.304   -30.937
235.000   1173.000   -0.366   -30.933
236.000   1260.000   -0.429   -30.929
237.000   1180.000   -0.491   -30.925
238.000   1255.000   -0.554   -30.921
239.000   1282.000   -0.616   -30.917
240.000   1191.000   -0.678   -30.913
241.000   1172.000   -0.741   -30.909
242.000   1268.000   -0.803   -30.905
243.000   1240.000   -0.866   -30.901
244.000   1225.000   -0.928   -30.897
245.000   1248.000   -0.990   -30.893
246.000   1255.000   -1.053   -30.889
247.000   1347.000   -1.115   -30.885
248.000   1328.000   -1.177   -30.880
249.000   1337.000   -1.240   -30.876
250.000   1302.000   -1.302   -30.872
251.000   1336.000   -1.365   -30.868
252.000   1298.000   -1.427   -30.864
253.000   1294.000   -1.489   -30.860
254.000   1309.000   -1.552   -30.856
255.000   1337.000   -1.614   -30.852
256.000   1335.000   -1.677   -30.848
257.000   1399.000   -1.739   -30.844
258.000   1334.000   -1.801   -30.840
259.000   1384.000   -1.864   -30.836
260.000   1354.000   -1.926   -30.832
261.000   1433.000   -1.988   -30.828
262.000   1347.000   -2.051   -30.824
263.000   1436.000   -2.113   -30.820
264.000   1426.000   -2.176   -30.816
265.000   1492.000   -2.238   -30.812
266.000   1396.000   -2.300   -30.808
267.000   1435.000   -2.363   -30.804
268.000   1541.000   -2.425   -30.800
269.000   1459.000   -2.487   -30.796
270.000   1456.000   -2.550   -30.792
271.000   1513.000   -2.612   -30.788
272.000   1519.000   -2.675   -30.784
273.000   1501.000   -2.737   -30.780
274.000   1540.000   -2.799   -30.776
275.000   1591.000   -2.862   -30.772
276.000   1579.000   -2.924   -30.768
277.000   1608.000   -2.987   -30.764
278.000   1572.000   -3.049   -30.760
279.000   1630.000   -3.111   -30.756
280.000   1612.000   -3.174   -30.752
281.000   1656.000   -3.236   -30.748
282.000   1689.000   -3.298   -30.744
283.000   1732.000   -3.361   -30.740
284.000   1761.000   -3.423   -30.736
285.000   1743.000   -3.485   -30.732
286.000   1773.000   -3.548   -30.728
287.000   1772.000   -3.610   -30.724
288.000   1798.000   -3.673   -30.720
289.000   1830.000   -3.735   -30.716
290.000   1884.000   -3.797   -30.712
291.000   1916.000   -3.860   -30.708
292.000   1982.000   -3.922   -30.704
293.000   1945.000   -3.984   -30.700
294.000   1931.000   -4.047   -30.696
295.000   1986.000   -4.109   -30.692
296.000   1939.000   -4.172   -30.687
297.000   2019.000   -4.234   -30.683
298.000   2014.000   -4.296   -30.679
299.000   2072.000   -4.359   -30.675
300.000   2090.000   -4.421   -30.671
301.000   2063.000   -4.483   -30.667
302.000   2266.000   -4.546   -30.663
303.000   2170.000   -4.608   -30.659
304.000   2261.000   -4.670   -30.655
305.000   2251.000   -4.733   -30.651
306.000   2324.000   -4.795   -30.647
307.000   2301.000   -4.858   -30.643
308.000   2341.000   -4.920   -30.639
309.000   2333.000   -4.982   -30.635
310.000   2410.000   -5.045   -30.631
311.000   2522.000   -5.107   -30.627
312.000   2467.000   -5.169   -30.623
313.000   2590.000   -5.232   -30.619
314.000   2636.000   -5.294   -30.614
315.000   2685.000   -5.356   -30.610
316.000   2576.000   -5.419   -30.606
317.000   2810.000   -5.481   -30.602
318.000   2692.000   -5.543   -30.598
319.000   2763.000   -5.606   -30.594
320.000   2853.000   -5.668   -30.590
321.000   2828.000   -5.730   -30.586
322.000   2948.000   -5.793   -30.582
323.000   2888.000   -5.855   -30.578
324.000   2936.000   -5.918   -30.574
325.000   3080.000   -5.980   -30.570
326.000   3208.000   -6.042   -30.566
327.000   3187.000   -6.105   -30.561
328.000   3181.000   -6.167   -30.557
329.000   3262.000   -6.229   -30.553
330.000   3410.000   -6.292   -30.549
331.000   3359.000   -6.354   -30.545
332.000   3516.000   -6.416   -30.541
333.000   3452.000   -6.479   -30.537
334.000   3559.000   -6.541   -30.533
335.000   3595.000   -6.603   -30.529
336.000   3647.000   -6.666   -30.525
337.000   3698.000   -6.728   -30.520
338.000   3868.000   -6.790   -30.516
339.000   3795.000   -6.853   -30.512
340.000   3916.000   -6.915   -30.508
341.000   3928.000   -6.977   -30.504
342.000   4011.000   -7.040   -30.500
343.000   4034.000   -7.102   -30.496
344.000   4179.000   -7.164   -30.492
345.000   4234.000   -7.227   -30.487
346.000   4408.000   -7.289   -30.483
347.000   4366.000   -7.351   -30.479
348.000   4599.000   -7.414   -30.475
349.000   4566.000   -7.476   -30.471
350.000   4559.000   -7.538   -30.467
351.000   4773.000   -7.601   -30.463
352.000   4904.000   -7.663   -30.459
353.000   4805.000   -7.725   -30.454
354.000   4898.000   -7.788   -30.450
355.000   4994.000   -7.850   -30.446
356.000   4895.000   -7.912   -30.442
357.000   5137.000   -7.975   -30.438
358.000   5201.000   -8.037   -30.434
359.000   5282.000   -8.099   -30.429
360.000   5462.000   -8.162   -30.425
361.000   5510.000   -8.224   -30.421
362.000   5714.000   -8.286   -30.417
363.000   5737.000   -8.349   -30.413
364.000   5760.000   -8.411   -30.409
365.000   6068.000   -8.473   -30.404
366.000   5860.000   -8.536   -30.400
367.000   6082.000   -8.598   -30.396
368.000   6171.000   -8.660   -30.392
369.000   6289.000   -8.723   -30.388
370.000   6160.000   -8.785   -30.384
371.000   6493.000   -8.847   -30.379
372.000   6529.000   -8.909   -30.375
373.000   6623.000   -8.972   -30.371
374.000   6828.000   -9.034   -30.367
375.000   7057.000   -9.096   -30.363
376.000   7055.000   -9.159   -30.358
377.000   7091.000   -9.221   -30.354
378.000   7328.000   -9.283   -30.350
379.000   7469.000   -9.346   -30.346
380.000   7487.000   -9.408   -30.341
381.000   7875.000   -9.470   -30.337
382.000   8014.000   -9.533   -30.333
383.000   7935.000   -9.595   -30.329
384.000   8146.000   -9.657   -30.325
385.000   8284.000   -9.720   -30.320
386.000   8651.000   -9.782   -30.316
387.000   8772.000   -9.844   -30.312
388.000   8988.000   -9.906   -30.308
389.000   9076.000   -9.969   -30.303
390.000   9132.000   -10.031   -30.299
391.000   9514.000   -10.093   -30.295
392.000   9624.000   -10.156   -30.291
393.000   9661.000   -10.218   -30.286
394.000   9783.000   -10.280   -30.282
395.000   10013.000   -10.343   -30.278
396.000   10301.000   -10.405   -30.274
397.000   10354.000   -10.467   -30.269
398.000   10788.000   -10.529   -30.265
399.000   10688.000   -10.592   -30.261
400.000   10926.000   -10.654   -30.256
401.000   10875.000   -10.716   -30.252
402.000   11264.000   -10.779   -30.248
403.000   11494.000   -10.841   -30.244
404.000   11769.000   -10.903   -30.239
405.000   11933.000   -10.965   -30.235
406.000   12337.000   -11.028   -30.231
407.000   12317.000   -11.090   -30.226
408.000   12612.000   -11.152   -30.222
409.000   12979.000   -11.215   -30.218
410.000   13153.000   -11.277   -30.214
411.000   13247.000   -11.339   -30.209
412.000   13419.000   -11.401   -30.205
413.000   13927.000   -11.464   -30.201
414.000   13874.000   -11.526   -30.196
415.000   14174.000   -11.588   -30.192
416.000   14691.000   -11.651   -30.188
417.000   14760.000   -11.713   -30.183
418.000   14875.000   -11.775   -30.179
419.000   15187.000   -11.837   -30.175
420.000   15667.000   -11.900   -30.170
421.000   15998.000   -11.962   -30.166
422.000   16248.000   -12.024   -30.161
423.000   16382.000   -12.087   -30.157
424.000   17037.000   -12.149   -30.153
425.000   17366.000   -12.211   -30.148
426.000   17912.000   -12.273   -30.144
427.000   18280.000   -12.336   -30.140
428.000   18859.000   -12.398   -30.135
429.000   19461.000   -12.460   -30.131
430.000   20191.000   -12.522   -30.126
431.000   21218.000   -12.585   -30.122
432.000   21696.000   -12.647   -30.118
433.000   22958.000   -12.709   -30.113
434.000   24334.000   -12.771   -30.109
435.000   25269.000   -12.834   -30.104
436.000   26190.000   -12.896   -30.100
437.000   28034.000   -12.958   -30.096
438.000   27677.000   -13.020   -30.091
439.000   29432.000   -13.083   -30.087
440.000   30578.000   -13.145   -30.082
441.000   31430.000   -13.207   -30.078
442.000   33057.000   -13.270   -30.073
443.000   34838.000   -13.332   -30.069
444.000   36204.000   -13.394   -30.065
445.000   37656.000   -13.456   -30.060
446.000   38403.000   -13.519   -30.056
447.000   39103.000   -13.581   -30.051
448.000   39036.000   -13.643   -30.047
449.000   39257.000   -13.705   -30.042
450.000   39191.000   -13.768   -30.038
451.000   39177.000   -13.830   -30.033
452.000   38887.000   -13.892   -30.029
453.000   39086.000   -13.954   -30.024
454.000   39109.000   -14.016   -30.020
455.000   38633.000   -14.079   -30.015
456.000   38705.000   -14.141   -30.011
457.000   38728.000   -14.203   -30.006
458.000   38599.000   -14.265   -30.002
459.000   38475.000   -14.328   -29.997
460.000   38228.000   -14.390   -29.993
461.000   38041.000   -14.452   -29.988
462.000   38137.000   -14.514   -29.984
463.000   37507.000   -14.577   -29.979
464.000   37224.000   -14.639   -29.975
465.000   36983.000   -14.701   -29.970
466.000   36757.000   -14.763   -29.965
467.000   36235.000   -14.826   -29.961
468.000   35978.000   -14.888   -29.956
469.000   35375.000   -14.950   -29.952
470.000   34826.000   -15.012   -29.947
471.000   34649.000   -15.074   -29.943
472.000   34384.000   -15.137   -29.938
473.000   33162.000   -15.199   -29.933
474.000   32520.000   -15.261   -29.929
475.000   31179.000   -15.323   -29.924
476.000   30267.000   -15.386   -29.920
477.000   29863.000   -15.448   -29.915
478.000   27446.000   -15.510   -29.910
479.000   27203.000   -15.572   -29.906
480.000   25606.000   -15.634   -29.901
481.000   22428.000   -15.697   -29.897
482.000   20437.000   -15.759   -29.892
483.000   18402.000   -15.821   -29.887
484.000   14811.000   -15.883   -29.883
485.000   11082.000   -15.945   -29.878
486.000   9622.000   -16.008   -29.873
487.000   5811.000   -16.070   -29.869
488.000   4907.000   -16.132   -29.864
489.000   2605.000   -16.194   -29.859
490.000   1261.000   -16.257   -29.855
491.000   212.000   -16.319   -29.850
492.000   139.000   -16.381   -29.845
493.000   01.000   -16.443   -29.841
494.000   00.000   -16.505   -29.836
495.000   00.000   -16.568   -29.831
496.000   00.000   -16.630   -29.826
497.000   00.000   -16.692   -29.822
498.000   00.000   -16.754   -29.817
499.000   00.000   -16.816   -29.812
500.000   00.000   -16.879   -29.808
501.000   00.000   -16.941   -29.803
502.000   00.000   -17.003   -29.798
503.000   00.000   -17.065   -29.793
504.000   00.000   -17.127   -29.789
505.000   00.000   -17.189   -29.784
506.000   00.000   -17.252   -29.779
507.000   00.000   -17.314   -29.774
508.000   00.000   -17.376   -29.770
509.000   00.000   -17.438   -29.765
510.000   00.000   -17.500   -29.760
511.000   00.000   -17.563   -29.755
512.000   00.000   -17.625   -29.750
513.000   00.000   -17.687   -29.746
514.000   00.000   -17.749   -29.741
515.000   00.000   -17.811   -29.736
516.000   00.000   -17.873   -29.731
517.000   00.000   -17.936   -29.726
518.000   00.000   -17.998   -29.721
519.000   00.000   -18.060   -29.717
520.000   00.000   -18.122   -29.712
521.000   00.000   -18.184   -29.707
522.000   00.000   -18.246   -29.702
523.000   00.000   -18.309   -29.697
524.000   00.000   -18.371   -29.692
525.000   00.000   -18.433   -29.687
526.000   00.000   -18.495   -29.682
527.000   00.000   -18.557   -29.678
528.000   00.000   -18.619   -29.673
529.000   00.000   -18.682   -29.668
530.000   00.000   -18.744   -29.663
531.000   00.000   -18.806   -29.658
532.000   00.000   -18.868   -29.653
533.000   00.000   -18.930   -29.648
534.000   00.000   -18.992   -29.643
535.000   00.000   -19.055   -29.638
536.000   00.000   -19.117   -29.633
537.000   00.000   -19.179   -29.628
538.000   00.000   -19.241   -29.623
539.000   00.000   -19.303   -29.618
540.000   00.000   -19.365   -29.613
541.000   00.000   -19.427   -29.608
542.000   00.000   -19.490   -29.603
543.000   00.000   -19.552   -29.598
544.000   00.000   -19.614   -29.593
545.000   00.000   -19.676   -29.588
546.000   00.000   -19.738   -29.583
547.000   00.000   -19.800   -29.578
548.000   00.000   -19.862   -29.573
549.000   00.000   -19.925   -29.568
550.000   00.000   -19.987   -29.563
551.000   00.000   -20.049   -29.558
552.000   00.000   -20.111   -29.553
553.000   00.000   -20.173   -29.548
554.000   00.000   -20.235   -29.543
555.000   00.000   -20.297   -29.538
556.000   00.000   -20.359   -29.533
557.000   00.000   -20.422   -29.527
558.000   00.000   -20.484   -29.522
559.000   00.000   -20.546   -29.517
560.000   00.000   -20.608   -29.512
561.000   00.000   -20.670   -29.507
562.000   00.000   -20.732   -29.502
563.000   00.000   -20.794   -29.497
564.000   00.000   -20.856   -29.491
565.000   00.000   -20.918   -29.486
566.000   00.000   -20.981   -29.481
567.000   00.000   -21.043   -29.476
568.000   00.000   -21.105   -29.471
569.000   00.000   -21.167   -29.466
570.000   00.000   -21.229   -29.460
571.000   00.000   -21.291   -29.455
572.000   00.000   -21.353   -29.450
573.000   00.000   -21.415   -29.445
574.000   00.000   -21.477   -29.439
575.000   00.000   -21.540   -29.434
576.000   00.000   -21.602   -29.429
577.000   00.000   -21.664   -29.424
578.000   00.000   -21.726   -29.418
579.000   00.000   -21.788   -29.413
580.000   00.000   -21.850   -29.408
581.000   00.000   -21.912   -29.403
582.000   00.000   -21.974   -29.397
583.000   00.000   -22.036   -29.392
584.000   00.000   -22.098   -29.387
585.000   00.000   -22.160   -29.381
586.000   00.000   -22.223   -29.376
587.000   00.000   -22.285   -29.371
588.000   00.000   -22.347   -29.365
589.000   00.000   -22.409   -29.360
590.000   00.000   -22.471   -29.355
591.000   00.000   -22.533   -29.349
592.000   00.000   -22.595   -29.344
593.000   00.000   -22.657   -29.338
594.000   00.000   -22.719   -29.333
595.000   00.000   -22.781   -29.328
596.000   00.000   -22.843   -29.322
597.000   00.000   -22.905   -29.317
598.000   00.000   -22.967   -29.311
599.000   00.000   -23.030   -29.306
600.000   00.000   -23.092   -29.300
601.000   00.000   -23.154   -29.295
602.000   00.000   -23.216   -29.290
603.000   00.000   -23.278   -29.284
604.000   00.000   -23.340   -29.279
605.000   00.000   -23.402   -29.273
606.000   00.000   -23.464   -29.268
607.000   00.000   -23.526   -29.262
608.000   00.000   -23.588   -29.257
609.000   00.000   -23.650   -29.251
610.000   00.000   -23.712   -29.245
611.000   00.000   -23.774   -29.240
612.000   00.000   -23.836   -29.234
613.000   00.000   -23.898   -29.229
614.000   00.000   -23.960   -29.223
615.000   00.000   -24.022   -29.218
616.000   00.000   -24.084   -29.212
617.000   00.000   -24.146   -29.206
618.000   00.000   -24.208   -29.201
619.000   00.000   -24.270   -29.195
620.000   00.000   -24.333   -29.190
621.000   00.000   -24.395   -29.184
622.000   00.000   -24.457   -29.178
623.000   00.000   -24.519   -29.173
624.000   00.000   -24.581   -29.167
625.000   00.000   -24.643   -29.161
626.000   00.000   -24.705   -29.156
627.000   00.000   -24.767   -29.150
628.000   00.000   -24.829   -29.144
629.000   00.000   -24.891   -29.138
630.000   00.000   -24.953   -29.133
631.000   00.000   -25.015   -29.127
632.000   00.000   -25.077   -29.121
633.000   00.000   -25.139   -29.115
634.000   00.000   -25.201   -29.110
635.000   00.000   -25.263   -29.104
636.000   00.000   -25.325   -29.098
637.000   00.000   -25.387   -29.092
638.000   00.000   -25.449   -29.086
639.000   00.000   -25.511   -29.081
640.000   00.000   -25.573   -29.075
641.000   00.000   -25.635   -29.069
642.000   00.000   -25.697   -29.063
643.000   00.000   -25.759   -29.057
644.000   00.000   -25.821   -29.051
645.000   00.000   -25.883   -29.046
646.000   00.000   -25.945   -29.040
647.000   00.000   -26.007   -29.034
648.000   00.000   -26.069   -29.028
649.000   00.000   -26.131   -29.022
650.000   00.000   -26.193   -29.016
651.000   00.000   -26.255   -29.010
652.000   00.000   -26.317   -29.004
653.000   00.000   -26.379   -28.998
654.000   00.000   -26.441   -28.992
655.000   00.000   -26.503   -28.986
656.000   00.000   -26.565   -28.980
657.000   00.000   -26.627   -28.974
658.000   00.000   -26.689   -28.968
659.000   00.000   -26.751   -28.962
660.000   00.000   -26.813   -28.956
661.000   00.000   -26.875   -28.950
662.000   00.000   -26.937   -28.944
663.000   00.000   -26.998   -28.938
664.000   00.000   -27.060   -28.932
665.000   00.000   -27.122   -28.926
666.000   00.000   -27.184   -28.920
667.000   00.000   -27.246   -28.913
668.000   00.000   -27.308   -28.907
669.000   00.000   -27.370   -28.901
670.000   00.000   -27.432   -28.895
671.000   00.000   -27.494   -28.889
672.000   00.000   -27.556   -28.883
673.000   00.000   -27.618   -28.876
674.000   00.000   -27.680   -28.870
675.000   00.000   -27.742   -28.864
676.000   00.000   -27.804   -28.858
677.000   00.000   -27.866   -28.852
678.000   00.000   -27.928   -28.845
679.000   00.000   -27.990   -28.839
680.000   00.000   -28.052   -28.833
681.000   00.000   -28.114   -28.826
682.000   00.000   -28.176   -28.820
683.000   00.000   -28.237   -28.814
684.000   00.000   -28.299   -28.808
685.000   00.000   -28.361   -28.801
686.000   00.000   -28.423   -28.795
687.000   00.000   -28.485   -28.789
688.000   00.000   -28.547   -28.782
689.000   00.000   -28.609   -28.776
690.000   00.000   -28.671   -28.769
691.000   00.000   -28.733   -28.763
692.000   00.000   -28.795   -28.757
693.000   00.000   -28.857   -28.750
694.000   00.000   -28.919   -28.744
695.000   00.000   -28.980   -28.737
696.000   00.000   -29.042   -28.731
697.000   00.000   -29.104   -28.724
698.000   00.000   -29.166   -28.718
699.000   00.000   -29.228   -28.711
700.000   00.000   -29.290   -28.705
701.000   00.000   -29.352   -28.698
702.000   00.000   -29.414   -28.692
703.000   00.000   -29.476   -28.685
704.000   00.000   -29.538   -28.679
705.000   00.000   -29.599   -28.672
706.000   00.000   -29.661   -28.665
707.000   00.000   -29.723   -28.659
708.000   00.000   -29.785   -28.652
709.000   00.000   -29.847   -28.646
710.000   00.000   -29.909   -28.639
711.000   00.000   -29.971   -28.632
712.000   00.000   -30.033   -28.626
713.000   00.000   -30.095   -28.619
714.000   00.000   -30.156   -28.612
715.000   00.000   -30.218   -28.605
716.000   00.000   -30.280   -28.599
717.000   00.000   -30.342   -28.592
718.000   00.000   -30.404   -28.585
719.000   00.000   -30.466   -28.578
720.000   00.000   -30.528   -28.572
721.000   00.000   -30.590   -28.565
722.000   00.000   -30.651   -28.558
723.000   00.000   -30.713   -28.551
724.000   00.000   -30.775   -28.544
725.000   00.000   -30.837   -28.538
726.000   00.000   -30.899   -28.531
727.000   00.000   -30.961   -28.524
728.000   00.000   -31.023   -28.517
729.000   00.000   -31.084   -28.510
730.000   00.000   -31.146   -28.503
731.000   00.000   -31.208   -28.496
732.000   00.000   -31.270   -28.489
733.000   00.000   -31.332   -28.482
734.000   00.000   -31.394   -28.475
735.000   00.000   -31.455   -28.468
736.000   00.000   -31.517   -28.461
737.000   00.000   -31.579   -28.454
738.000   00.000   -31.641   -28.447
739.000   00.000   -31.703   -28.440
740.000   00.000   -31.765   -28.433
741.000   00.000   -31.826   -28.426
742.000   00.000   -31.888   -28.419
743.000   00.000   -31.950   -28.412
744.000   00.000   -32.012   -28.405
745.000   00.000   -32.074   -28.397
746.000   00.000   -32.135   -28.390
747.000   00.000   -32.197   -28.383
748.000   00.000   -32.259   -28.376
749.000   00.000   -32.321   -28.369
750.000   00.000   -32.383   -28.361
751.000   00.000   -32.445   -28.354
752.000   00.000   -32.506   -28.347
753.000   00.000   -32.568   -28.340
754.000   00.000   -32.630   -28.332
755.000   00.000   -32.692   -28.325
756.000   00.000   -32.754   -28.318
757.000   00.000   -32.815   -28.310
758.000   00.000   -32.877   -28.303
759.000   00.000   -32.939   -28.296
760.000   00.000   -33.001   -28.288
761.000   02.000   -33.062   -28.281
762.000   59.000   -33.124   -28.274
763.000   389.000   -33.186   -28.266
764.000   1201.000   -33.248   -28.259
765.000   2454.000   -33.310   -28.251
766.000   4515.000   -33.371   -28.244
767.000   6872.000   -33.433   -28.236
768.000   6181.000   -33.495   -28.229
769.000   9931.000   -33.557   -28.221
770.000   11854.000   -33.618   -28.214
771.000   16358.000   -33.680   -28.206
772.000   15512.000   -33.742   -28.199
773.000   21299.000   -33.804   -28.191
774.000   23102.000   -33.865   -28.183
775.000   26327.000   -33.927   -28.176
776.000   27702.000   -33.989   -28.168
777.000   28643.000   -34.051   -28.160
778.000   30493.000   -34.112   -28.153
779.000   31685.000   -34.174   -28.145
780.000   32349.000   -34.236   -28.137
781.000   33386.000   -34.298   -28.130
782.000   34719.000   -34.359   -28.122
783.000   35321.000   -34.421   -28.114
784.000   35701.000   -34.483   -28.106
785.000   37467.000   -34.545   -28.099
786.000   37645.000   -34.606   -28.091
787.000   38370.000   -34.668   -28.083
788.000   39082.000   -34.730   -28.075
789.000   39223.000   -34.792   -28.067
790.000   40153.000   -34.853   -28.059
791.000   40406.000   -34.915   -28.051
792.000   41009.000   -34.977   -28.043
793.000   41301.000   -35.038   -28.035
794.000   41390.000   -35.100   -28.028
795.000   42317.000   -35.162   -28.020
796.000   42457.000   -35.224   -28.012
797.000   42869.000   -35.285   -28.004
798.000   42808.000   -35.347   -27.996
799.000   43396.000   -35.409   -27.987
800.000   43763.000   -35.470   -27.979
801.000   44260.000   -35.532   -27.971
802.000   44377.000   -35.594   -27.963
803.000   44417.000   -35.655   -27.955
804.000   45196.000   -35.717   -27.947
805.000   45172.000   -35.779   -27.939
806.000   45223.000   -35.841   -27.931
807.000   45537.000   -35.902   -27.922
808.000   45600.000   -35.964   -27.914
809.000   45866.000   -36.026   -27.906
810.000   45992.000   -36.087   -27.898
811.000   46004.000   -36.149   -27.889
812.000   46400.000   -36.211   -27.881
813.000   45984.000   -36.272   -27.873
814.000   46279.000   -36.334   -27.864
815.000   45721.000   -36.396   -27.856
816.000   45467.000   -36.457   -27.848
817.000   44649.000   -36.519   -27.839
818.000   42634.000   -36.581   -27.831
819.000   40972.000   -36.642   -27.822
820.000   40497.000   -36.704   -27.814
821.000   39263.000   -36.766   -27.806
822.000   38136.000   -36.827   -27.797
823.000   37623.000   -36.889   -27.788
824.000   36958.000   -36.951   -27.780
825.000   35920.000   -37.012   -27.771
826.000   34442.000   -37.074   -27.763
827.000   34002.000   -37.135   -27.754
828.000   32659.000   -37.197   -27.746
829.000   32098.000   -37.259   -27.737
830.000   32003.000   -37.320   -27.728
831.000   31151.000   -37.382   -27.720
832.000   30192.000   -37.444   -27.711
833.000   29655.000   -37.505   -27.702
834.000   29412.000   -37.567   -27.693
835.000   28713.000   -37.628   -27.685
836.000   28345.000   -37.690   -27.676
837.000   28133.000   -37.752   -27.667
838.000   27896.000   -37.813   -27.658
839.000   27731.000   -37.875   -27.649
840.000   27457.000   -37.937   -27.641
841.000   27025.000   -37.998   -27.632
842.000   27193.000   -38.060   -27.623
843.000   26674.000   -38.121   -27.614
844.000   26696.000   -38.183   -27.605
845.000   26290.000   -38.245   -27.596
846.000   26190.000   -38.306   -27.587
847.000   26043.000   -38.368   -27.578
848.000   26166.000   -38.429   -27.569
849.000   25937.000   -38.491   -27.560
850.000   25763.000   -38.552   -27.551
851.000   25430.000   -38.614   -27.541
852.000   25302.000   -38.676   -27.532
853.000   25261.000   -38.737   -27.523
854.000   25457.000   -38.799   -27.514
855.000   25126.000   -38.860   -27.505
856.000   25206.000   -38.922   -27.496
857.000   24843.000   -38.984   -27.486
858.000   25245.000   -39.045   -27.477
859.000   24803.000   -39.107   -27.468
860.000   25188.000   -39.168   -27.458
861.000   25039.000   -39.230   -27.449
862.000   25088.000   -39.291   -27.440
863.000   24834.000   -39.353   -27.430
864.000   25133.000   -39.414   -27.421
865.000   24965.000   -39.476   -27.411
866.000   24948.000   -39.537   -27.402
867.000   24986.000   -39.599   -27.392
868.000   25372.000   -39.661   -27.383
869.000   24901.000   -39.722   -27.373
870.000   24844.000   -39.784   -27.364
871.000   24673.000   -39.845   -27.354
872.000   24691.000   -39.907   -27.345
873.000   24776.000   -39.968   -27.335
874.000   25066.000   -40.030   -27.325
875.000   24828.000   -40.091   -27.316
876.000   24992.000   -40.153   -27.306
877.000   24723.000   -40.214   -27.296
878.000   24841.000   -40.276   -27.286
879.000   24819.000   -40.337   -27.277
880.000   24773.000   -40.399   -27.267
881.000   24802.000   -40.460   -27.257
882.000   24728.000   -40.522   -27.247
883.000   24580.000   -40.583   -27.237
884.000   24989.000   -40.645   -27.227
885.000   24539.000   -40.706   -27.217
886.000   24693.000   -40.768   -27.207
887.000   24694.000   -40.829   -27.197
888.000   24577.000   -40.891   -27.187
889.000   24651.000   -40.952   -27.177
890.000   24842.000   -41.014   -27.167
891.000   24649.000   -41.075   -27.157
892.000   24684.000   -41.137   -27.147
893.000   24967.000   -41.198   -27.137
894.000   24600.000   -41.260   -27.127
895.000   24627.000   -41.321   -27.117
896.000   24875.000   -41.383   -27.106
897.000   24745.000   -41.444   -27.096
898.000   24815.000   -41.505   -27.086
899.000   24809.000   -41.567   -27.076
900.000   24739.000   -41.628   -27.065
901.000   24751.000   -41.690   -27.055
902.000   24783.000   -41.751   -27.044
903.000   24774.000   -41.813   -27.034
904.000   24747.000   -41.874   -27.024
905.000   24906.000   -41.936   -27.013
906.000   24591.000   -41.997   -27.003
907.000   24681.000   -42.058   -26.992
908.000   24926.000   -42.120   -26.981
909.000   24717.000   -42.181   -26.971
910.000   25017.000   -42.243   -26.960
911.000   24975.000   -42.304   -26.950
912.000   24920.000   -42.366   -26.939
913.000   25085.000   -42.427   -26.928
914.000   25057.000   -42.488   -26.918
915.000   25079.000   -42.550   -26.907
916.000   25209.000   -42.611   -26.896
917.000   24916.000   -42.673   -26.885
918.000   24817.000   -42.734   -26.874
919.000   24896.000   -42.795   -26.863
920.000   24725.000   -42.857   -26.853
921.000   25012.000   -42.918   -26.842
922.000   24981.000   -42.980   -26.831
923.000   25218.000   -43.041   -26.820
924.000   25296.000   -43.102   -26.809
925.000   25017.000   -43.164   -26.798
926.000   25362.000   -43.225   -26.786
927.000   25374.000   -43.286   -26.775
928.000   25454.000   -43.348   -26.764
929.000   25597.000   -43.409   -26.753
930.000   25720.000   -43.471   -26.742
931.000   25892.000   -43.532   -26.731
932.000   25687.000   -43.593   -26.719
933.000   25711.000   -43.655   -26.708
934.000   25420.000   -43.716   -26.697
935.000   25844.000   -43.777   -26.685
936.000   25771.000   -43.839   -26.674
937.000   25892.000   -43.900   -26.662
938.000   25970.000   -43.961   -26.651
939.000   25902.000   -44.023   -26.639
940.000   26138.000   -44.084   -26.628
941.000   26334.000   -44.145   -26.616
942.000   26262.000   -44.207   -26.605
943.000   26328.000   -44.268   -26.593
944.000   26439.000   -44.329   -26.581
945.000   26531.000   -44.391   -26.570
946.000   26389.000   -44.452   -26.558
947.000   26369.000   -44.513   -26.546
948.000   26480.000   -44.575   -26.534
949.000   26508.000   -44.636   -26.523
950.000   26799.000   -44.697   -26.511
951.000   26718.000   -44.758   -26.499
952.000   27067.000   -44.820   -26.487
953.000   27296.000   -44.881   -26.475
954.000   27228.000   -44.942   -26.463
955.000   27438.000   -45.004   -26.451
956.000   27630.000   -45.065   -26.439
957.000   27382.000   -45.126   -26.427
958.000   27548.000   -45.187   -26.415
959.000   27699.000   -45.249   -26.403
960.000   27755.000   -45.310   -26.390
961.000   27759.000   -45.371   -26.378
962.000   27924.000   -45.433   -26.366
963.000   27923.000   -45.494   -26.353
964.000   27819.000   -45.555   -26.341
965.000   28129.000   -45.616   -26.329
966.000   27859.000   -45.678   -26.316
967.000   28019.000   -45.739   -26.304
968.000   28135.000   -45.800   -26.291
969.000   28339.000   -45.861   -26.279
970.000   28472.000   -45.923   -26.266
971.000   28152.000   -45.984   -26.254
972.000   28170.000   -46.045   -26.241
973.000   28233.000   -46.106   -26.228
974.000   28589.000   -46.167   -26.216
975.000   28116.000   -46.229   -26.203
976.000   28556.000   -46.290   -26.190
977.000   28424.000   -46.351   -26.177
978.000   28702.000   -46.412   -26.164
979.000   28834.000   -46.473   -26.152
980.000   28663.000   -46.535   -26.139
981.000   28762.000   -46.596   -26.126
982.000   28603.000   -46.657   -26.113
983.000   28667.000   -46.718   -26.100
984.000   28825.000   -46.779   -26.087
985.000   28891.000   -46.841   -26.073
986.000   28889.000   -46.902   -26.060
987.000   28972.000   -46.963   -26.047
988.000   28543.000   -47.024   -26.034
989.000   29280.000   -47.085   -26.020
990.000   29214.000   -47.146   -26.007
991.000   29179.000   -47.208   -25.994
992.000   29220.000   -47.269   -25.980
993.000   29234.000   -47.330   -25.967
994.000   29240.000   -47.391   -25.953
995.000   29289.000   -47.452   -25.940
996.000   29548.000   -47.513   -25.926
997.000   29732.000   -47.575   -25.913
998.000   29746.000   -47.636   -25.899
999.000   29883.000   -47.697   -25.885
1000.000   29906.000   -47.758   -25.872
1001.000   30070.000   -47.819   -25.858
1002.000   30021.000   -47.880   -25.844
1003.000   30163.000   -47.941   -25.830
1004.000   30255.000   -48.002   -25.816
1005.000   29965.000   -48.063   -25.802
1006.000   30207.000   -48.125   -25.788
1007.000   30251.000   -48.186   -25.774
1008.000   30503.000   -48.247   -25.760
1009.000   30714.000   -48.308   -25.746
1010.000   30568.000   -48.369   -25.732
1011.000   30717.000   -48.430   -25.718
1012.000   30670.000   -48.491   -25.703
1013.000   30837.000   -48.552   -25.689
1014.000   30568.000   -48.613   -25.675
1015.000   30919.000   -48.674   -25.660
1016.000   30814.000   -48.735   -25.646
1017.000   30602.000   -48.797   -25.631
1018.000   31032.000   -48.858   -25.617
1019.000   30610.000   -48.919   -25.602
1020.000   31116.000   -48.980   -25.588
1021.000   30650.000   -49.041   -25.573
1022.000   31250.000   -49.102   -25.558
1023.000   31266.000   -49.163   -25.544
1024.000   30948.000   -49.224   -25.529
1025.000   31307.000   -49.285   -25.514
1026.000   31059.000   -49.346   -25.499
1027.000   31026.000   -49.407   -25.484
1028.000   30852.000   -49.468   -25.469
1029.000   30904.000   -49.529   -25.454
1030.000   30974.000   -49.590   -25.439
1031.000   30970.000   -49.651   -25.424
1032.000   31057.000   -49.712   -25.409
1033.000   31103.000   -49.773   -25.394
1034.000   30809.000   -49.834   -25.378
1035.000   31107.000   -49.895   -25.363
1036.000   30800.000   -49.956   -25.348
1037.000   30694.000   -50.017   -25.332
1038.000   30702.000   -50.078   -25.317
1039.000   30529.000   -50.139   -25.301
1040.000   30601.000   -50.200   -25.286
1041.000   30682.000   -50.261   -25.270
1042.000   30363.000   -50.322   -25.254
1043.000   30224.000   -50.383   -25.239
1044.000   30649.000   -50.444   -25.223
1045.000   30414.000   -50.505   -25.207
1046.000   30440.000   -50.566   -25.191
1047.000   30428.000   -50.626   -25.175
1048.000   30329.000   -50.687   -25.159
1049.000   30482.000   -50.748   -25.143
1050.000   29959.000   -50.809   -25.127
1051.000   29978.000   -50.870   -25.111
1052.000   29547.000   -50.931   -25.095
1053.000   29852.000   -50.992   -25.079
1054.000   29398.000   -51.053   -25.062
1055.000   29228.000   -51.114   -25.046
1056.000   29223.000   -51.175   -25.030
1057.000   28776.000   -51.236   -25.013
1058.000   29167.000   -51.297   -24.997
1059.000   28752.000   -51.357   -24.980
1060.000   28903.000   -51.418   -24.963
1061.000   28740.000   -51.479   -24.947
1062.000   28518.000   -51.540   -24.930
1063.000   28308.000   -51.601   -24.913
1064.000   28297.000   -51.662   -24.896
1065.000   27993.000   -51.723   -24.879
1066.000   27754.000   -51.783   -24.862
1067.000   27686.000   -51.844   -24.845
1068.000   26881.000   -51.905   -24.828
1069.000   27549.000   -51.966   -24.811
1070.000   26926.000   -52.027   -24.794
1071.000   26615.000   -52.088   -24.777
1072.000   26611.000   -52.148   -24.760
1073.000   26304.000   -52.209   -24.742
1074.000   26347.000   -52.270   -24.725
1075.000   25839.000   -52.331   -24.707
1076.000   25538.000   -52.392   -24.690
1077.000   25129.000   -52.453   -24.672
1078.000   24663.000   -52.513   -24.654
1079.000   24836.000   -52.574   -24.637
1080.000   24521.000   -52.635   -24.619
1081.000   24493.000   -52.696   -24.601
1082.000   24213.000   -52.756   -24.583
1083.000   24192.000   -52.817   -24.565
1084.000   23639.000   -52.878   -24.547
1085.000   23430.000   -52.939   -24.529
1086.000   23140.000   -53.000   -24.511
1087.000   23022.000   -53.060   -24.493
1088.000   22406.000   -53.121   -24.475
1089.000   22416.000   -53.182   -24.456
1090.000   21922.000   -53.242   -24.438
1091.000   22162.000   -53.303   -24.419
1092.000   21833.000   -53.364   -24.401
1093.000   21254.000   -53.425   -24.382
1094.000   21163.000   -53.485   -24.364
1095.000   20589.000   -53.546   -24.345
1096.000   20465.000   -53.607   -24.326
1097.000   19883.000   -53.667   -24.307
1098.000   20178.000   -53.728   -24.288
1099.000   19792.000   -53.789   -24.269
1100.000   19536.000   -53.850   -24.250
1101.000   19162.000   -53.910   -24.231
1102.000   18884.000   -53.971   -24.212
1103.000   18664.000   -54.032   -24.193
1104.000   18153.000   -54.092   -24.173
1105.000   18078.000   -54.153   -24.154
1106.000   17492.000   -54.214   -24.135
1107.000   17436.000   -54.274   -24.115
1108.000   17084.000   -54.335   -24.095
1109.000   16947.000   -54.395   -24.076
1110.000   16671.000   -54.456   -24.056
1111.000   16446.000   -54.517   -24.036
1112.000   16294.000   -54.577   -24.016
1113.000   15996.000   -54.638   -23.996
1114.000   15722.000   -54.699   -23.976
1115.000   15499.000   -54.759   -23.956
1116.000   15224.000   -54.820   -23.936
1117.000   14914.000   -54.880   -23.916
1118.000   14773.000   -54.941   -23.895
1119.000   14418.000   -55.001   -23.875
1120.000   14207.000   -55.062   -23.855
1121.000   13756.000   -55.123   -23.834
1122.000   13712.000   -55.183   -23.813
1123.000   13337.000   -55.244   -23.793
1124.000   12933.000   -55.304   -23.772
1125.000   12730.000   -55.365   -23.751
1126.000   12686.000   -55.425   -23.730
1127.000   12439.000   -55.486   -23.709
1128.000   11967.000   -55.546   -23.688
1129.000   11874.000   -55.607   -23.667
1130.000   11784.000   -55.667   -23.646
1131.000   11371.000   -55.728   -23.625
1132.000   11100.000   -55.788   -23.603
1133.000   10940.000   -55.849   -23.582
1134.000   10651.000   -55.909   -23.560
1135.000   10186.000   -55.970   -23.539
1136.000   10194.000   -56.030   -23.517
1137.000   10061.000   -56.091   -23.495
1138.000   9743.000   -56.151   -23.473
1139.000   9510.000   -56.212   -23.451
1140.000   9340.000   -56.272   -23.429
1141.000   9107.000   -56.333   -23.407
1142.000   8877.000   -56.393   -23.385
1143.000   8784.000   -56.454   -23.363
1144.000   8396.000   -56.514   -23.340
1145.000   8359.000   -56.574   -23.318
1146.000   7924.000   -56.635   -23.295
1147.000   7855.000   -56.695   -23.273
1148.000   7818.000   -56.756   -23.250
1149.000   7694.000   -56.816   -23.227
1150.000   7344.000   -56.876   -23.204
1151.000   7240.000   -56.937   -23.181
1152.000   7130.000   -56.997   -23.158
1153.000   6996.000   -57.057   -23.135
1154.000   6791.000   -57.118   -23.112
1155.000   6689.000   -57.178   -23.089
1156.000   6549.000   -57.239   -23.065
1157.000   6415.000   -57.299   -23.042
1158.000   6284.000   -57.359   -23.018
1159.000   6185.000   -57.420   -22.995
1160.000   6101.000   -57.480   -22.971
1161.000   5867.000   -57.540   -22.947
1162.000   5720.000   -57.600   -22.923
1163.000   5810.000   -57.661   -22.899
1164.000   5696.000   -57.721   -22.875
1165.000   5608.000   -57.781   -22.851
1166.000   5406.000   -57.842   -22.826
1167.000   5365.000   -57.902   -22.802
1168.000   5267.000   -57.962   -22.777
1169.000   5050.000   -58.022   -22.753
1170.000   5248.000   -58.083   -22.728
1171.000   4849.000   -58.143   -22.703
1172.000   5035.000   -58.203   -22.678
1173.000   4685.000   -58.263   -22.653
1174.000   4840.000   -58.324   -22.628
1175.000   4543.000   -58.384   -22.603
1176.000   4481.000   -58.444   -22.578
1177.000   4483.000   -58.504   -22.552
1178.000   4439.000   -58.564   -22.527
1179.000   4318.000   -58.624   -22.501
1180.000   4235.000   -58.685   -22.475
1181.000   4136.000   -58.745   -22.450
1182.000   4104.000   -58.805   -22.424
1183.000   3909.000   -58.865   -22.398
1184.000   3959.000   -58.925   -22.371
1185.000   3793.000   -58.985   -22.345
1186.000   3769.000   -59.046   -22.319
1187.000   3768.000   -59.106   -22.292
1188.000   3737.000   -59.166   -22.266
1189.000   3643.000   -59.226   -22.239
1190.000   3569.000   -59.286   -22.212
1191.000   3489.000   -59.346   -22.186
1192.000   3413.000   -59.406   -22.159
1193.000   3467.000   -59.466   -22.132
1194.000   3328.000   -59.526   -22.104
1195.000   3275.000   -59.586   -22.077
1196.000   3303.000   -59.646   -22.050
1197.000   3217.000   -59.706   -22.022
1198.000   3105.000   -59.766   -21.994
1199.000   3035.000   -59.826   -21.967
1200.000   3005.000   -59.886   -21.939
1201.000   2995.000   -59.946   -21.911
1202.000   2970.000   -60.006   -21.883
1203.000   2913.000   -60.066   -21.854
1204.000   2921.000   -60.126   -21.826
1205.000   2840.000   -60.186   -21.798
1206.000   2779.000   -60.246   -21.769
1207.000   2735.000   -60.306   -21.740
1208.000   2676.000   -60.366   -21.711
1209.000   2627.000   -60.426   -21.682
1210.000   2581.000   -60.486   -21.653
1211.000   2619.000   -60.546   -21.624
1212.000   2568.000   -60.606   -21.595
1213.000   2542.000   -60.666   -21.565
1214.000   2477.000   -60.726   -21.536
1215.000   2559.000   -60.785   -21.506
1216.000   2461.000   -60.845   -21.476
1217.000   2503.000   -60.905   -21.446
1218.000   2448.000   -60.965   -21.416
1219.000   2495.000   -61.025   -21.386
1220.000   2360.000   -61.085   -21.356
1221.000   2314.000   -61.145   -21.325
1222.000   2381.000   -61.204   -21.295
1223.000   2377.000   -61.264   -21.264
1224.000   2344.000   -61.324   -21.233
1225.000   2281.000   -61.384   -21.202
1226.000   2319.000   -61.443   -21.171
1227.000   2315.000   -61.503   -21.140
1228.000   2229.000   -61.563   -21.108
1229.000   2224.000   -61.623   -21.077
1230.000   2272.000   -61.682   -21.045
1231.000   2148.000   -61.742   -21.013
1232.000   2222.000   -61.802   -20.981
1233.000   2118.000   -61.862   -20.949
1234.000   2091.000   -61.921   -20.917
1235.000   2118.000   -61.981   -20.885
1236.000   2149.000   -62.041   -20.852
1237.000   2150.000   -62.100   -20.819
1238.000   2064.000   -62.160   -20.787
1239.000   2024.000   -62.220   -20.754
1240.000   2062.000   -62.279   -20.720
1241.000   2045.000   -62.339   -20.687
1242.000   2137.000   -62.398   -20.654
1243.000   2032.000   -62.458   -20.620
1244.000   2076.000   -62.518   -20.587
1245.000   2022.000   -62.577   -20.553
1246.000   2032.000   -62.637   -20.519
1247.000   2124.000   -62.696   -20.485
1248.000   2169.000   -62.756   -20.450
1249.000   2097.000   -62.815   -20.416
1250.000   2169.000   -62.875   -20.381
1251.000   2119.000   -62.934   -20.346
1252.000   2115.000   -62.994   -20.311
1253.000   2122.000   -63.053   -20.276
1254.000   2080.000   -63.113   -20.241
1255.000   2114.000   -63.172   -20.206
1256.000   2202.000   -63.232   -20.170
1257.000   2150.000   -63.291   -20.134
1258.000   2125.000   -63.351   -20.098
1259.000   2105.000   -63.410   -20.062
1260.000   2246.000   -63.469   -20.026
1261.000   2183.000   -63.529   -19.990
1262.000   2267.000   -63.588   -19.953
1263.000   2310.000   -63.648   -19.916
1264.000   2325.000   -63.707   -19.879
1265.000   2351.000   -63.766   -19.842
1266.000   2414.000   -63.826   -19.805
1267.000   2354.000   -63.885   -19.768
1268.000   2549.000   -63.944   -19.730
1269.000   2511.000   -64.003   -19.692
1270.000   2627.000   -64.063   -19.654
1271.000   2780.000   -64.122   -19.616
1272.000   2735.000   -64.181   -19.578
1273.000   2716.000   -64.240   -19.539
1274.000   2784.000   -64.300   -19.501
1275.000   3023.000   -64.359   -19.462
1276.000   2907.000   -64.418   -19.423
1277.000   3174.000   -64.477   -19.383
1278.000   3239.000   -64.536   -19.344
1279.000   3325.000   -64.596   -19.304
1280.000   3445.000   -64.655   -19.265
1281.000   3415.000   -64.714   -19.225
1282.000   3670.000   -64.773   -19.184
1283.000   3574.000   -64.832   -19.144
1284.000   3875.000   -64.891   -19.103
1285.000   3980.000   -64.950   -19.063
1286.000   4170.000   -65.009   -19.022
1287.000   4277.000   -65.068   -18.980
1288.000   4589.000   -65.127   -18.939
1289.000   4716.000   -65.186   -18.897
1290.000   4750.000   -65.245   -18.856
1291.000   5072.000   -65.304   -18.814
1292.000   5226.000   -65.363   -18.771
1293.000   5411.000   -65.422   -18.729
1294.000   5567.000   -65.481   -18.686
1295.000   5708.000   -65.540   -18.644
1296.000   5992.000   -65.599   -18.600
1297.000   6089.000   -65.658   -18.557
1298.000   6514.000   -65.717   -18.514
1299.000   6734.000   -65.776   -18.470
1300.000   6880.000   -65.835   -18.426
1301.000   7044.000   -65.893   -18.382
1302.000   7337.000   -65.952   -18.338
1303.000   7549.000   -66.011   -18.293
1304.000   7762.000   -66.070   -18.248
1305.000   7998.000   -66.129   -18.203
1306.000   8383.000   -66.187   -18.158
1307.000   8605.000   -66.246   -18.112
1308.000   8788.000   -66.305   -18.067
1309.000   9070.000   -66.364   -18.021
1310.000   9099.000   -66.422   -17.975
1311.000   9522.000   -66.481   -17.928
1312.000   9650.000   -66.540   -17.881
1313.000   9871.000   -66.598   -17.835
1314.000   10154.000   -66.657   -17.787
1315.000   10421.000   -66.715   -17.740
1316.000   10823.000   -66.774   -17.692
1317.000   10847.000   -66.833   -17.645
1318.000   11184.000   -66.891   -17.596
1319.000   11345.000   -66.950   -17.548
1320.000   11714.000   -67.008   -17.499
1321.000   12087.000   -67.067   -17.450
1322.000   12241.000   -67.125   -17.401
1323.000   12232.000   -67.184   -17.352
1324.000   12744.000   -67.242   -17.302
1325.000   12959.000   -67.300   -17.252
1326.000   13105.000   -67.359   -17.202
1327.000   13470.000   -67.417   -17.152
1328.000   13554.000   -67.476   -17.101
1329.000   13845.000   -67.534   -17.050
1330.000   14005.000   -67.592   -16.999
1331.000   14181.000   -67.651   -16.947
1332.000   14308.000   -67.709   -16.895
1333.000   14698.000   -67.767   -16.843
1334.000   14948.000   -67.825   -16.791
1335.000   15277.000   -67.884   -16.738
1336.000   15220.000   -67.942   -16.685
1337.000   15704.000   -68.000   -16.632
1338.000   15712.000   -68.058   -16.579
1339.000   16125.000   -68.116   -16.525
1340.000   16184.000   -68.174   -16.471
1341.000   16207.000   -68.233   -16.416
1342.000   16699.000   -68.291   -16.362
1343.000   16791.000   -68.349   -16.307
1344.000   17170.000   -68.407   -16.251
1345.000   17368.000   -68.465   -16.196
1346.000   17434.000   -68.523   -16.140
1347.000   17661.000   -68.581   -16.084
1348.000   18091.000   -68.639   -16.027
1349.000   18068.000   -68.697   -15.970
1350.000   18139.000   -68.755   -15.913
1351.000   18288.000   -68.812   -15.856
1352.000   18734.000   -68.870   -15.798
1353.000   18915.000   -68.928   -15.740
1354.000   18999.000   -68.986   -15.681
1355.000   19336.000   -69.044   -15.622
1356.000   19560.000   -69.101   -15.563
1357.000   19766.000   -69.159   -15.504
1358.000   20421.000   -69.217   -15.444
1359.000   20536.000   -69.275   -15.384
1360.000   20778.000   -69.332   -15.323
1361.000   21144.000   -69.390   -15.263
1362.000   21057.000   -69.448   -15.201
1363.000   21625.000   -69.505   -15.140
1364.000   21975.000   -69.563   -15.078
1365.000   22261.000   -69.620   -15.016
1366.000   22767.000   -69.678   -14.953
1367.000   22721.000   -69.735   -14.890
1368.000   23262.000   -69.793   -14.827
1369.000   23564.000   -69.850   -14.763
1370.000   23473.000   -69.908   -14.699
1371.000   24105.000   -69.965   -14.635
1372.000   24499.000   -70.022   -14.570
1373.000   25117.000   -70.080   -14.505
1374.000   25100.000   -70.137   -14.439
1375.000   25591.000   -70.194   -14.373
1376.000   25850.000   -70.252   -14.307
1377.000   26237.000   -70.309   -14.240
1378.000   26781.000   -70.366   -14.173
1379.000   27253.000   -70.423   -14.106
1380.000   27650.000   -70.480   -14.038
1381.000   27681.000   -70.537   -13.969
1382.000   28505.000   -70.594   -13.901
1383.000   28560.000   -70.651   -13.831
1384.000   28870.000   -70.708   -13.762
1385.000   29422.000   -70.765   -13.692
1386.000   29690.000   -70.822   -13.621
1387.000   30035.000   -70.879   -13.551
1388.000   30251.000   -70.936   -13.479
1389.000   30756.000   -70.993   -13.408
1390.000   31023.000   -71.050   -13.335
1391.000   31629.000   -71.107   -13.263
1392.000   31728.000   -71.163   -13.190
1393.000   31892.000   -71.220   -13.116
1394.000   32558.000   -71.277   -13.042
1395.000   32856.000   -71.334   -12.968
1396.000   32951.000   -71.390   -12.893
1397.000   33064.000   -71.447   -12.818
1398.000   33560.000   -71.503   -12.742
1399.000   33790.000   -71.560   -12.666
1400.000   33920.000   -71.616   -12.589
1401.000   34201.000   -71.673   -12.512
1402.000   34301.000   -71.729   -12.434
1403.000   34520.000   -71.786   -12.356
1404.000   34419.000   -71.842   -12.277
1405.000   34510.000   -71.898   -12.198
1406.000   34680.000   -71.955   -12.118
1407.000   34320.000   -72.011   -12.038
1408.000   34280.000   -72.067   -11.957
1409.000   34557.000   -72.123   -11.876
1410.000   34703.000   -72.179   -11.794
1411.000   34276.000   -72.236   -11.712
1412.000   34658.000   -72.292   -11.629
1413.000   34742.000   -72.348   -11.546
1414.000   35251.000   -72.404   -11.462
1415.000   35540.000   -72.460   -11.378
1416.000   34938.000   -72.515   -11.293
1417.000   35133.000   -72.571   -11.207
1418.000   34995.000   -72.627   -11.121
1419.000   34873.000   -72.683   -11.035
1420.000   34913.000   -72.739   -10.947
1421.000   34599.000   -72.794   -10.860
1422.000   34739.000   -72.850   -10.771
1423.000   34892.000   -72.906   -10.682
1424.000   35123.000   -72.961   -10.593
1425.000   35300.000   -73.017   -10.503
1426.000   35545.000   -73.072   -10.412
1427.000   35669.000   -73.128   -10.321
1428.000   35393.000   -73.183   -10.229
1429.000   35424.000   -73.238   -10.136
1430.000   35255.000   -73.294   -10.043
1431.000   35089.000   -73.349   -9.949
1432.000   34509.000   -73.404   -9.855
1433.000   34360.000   -73.459   -9.760
1434.000   34219.000   -73.514   -9.664
1435.000   34326.000   -73.570   -9.567
1436.000   34445.000   -73.625   -9.470
1437.000   34065.000   -73.680   -9.373
1438.000   33150.000   -73.734   -9.274
1439.000   32767.000   -73.789   -9.175
1440.000   32355.000   -73.844   -9.076
1441.000   31704.000   -73.899   -8.975
1442.000   30924.000   -73.954   -8.874
1443.000   30577.000   -74.008   -8.772
1444.000   29611.000   -74.063   -8.670
1445.000   29424.000   -74.117   -8.567
1446.000   29641.000   -74.172   -8.463
1447.000   28583.000   -74.226   -8.358
1448.000   27551.000   -74.281   -8.253
1449.000   27442.000   -74.335   -8.146
1450.000   27759.000   -74.389   -8.040
1451.000   28406.000   -74.444   -7.932
1452.000   27678.000   -74.498   -7.823
1453.000   27035.000   -74.552   -7.714
1454.000   26795.000   -74.606   -7.604
1455.000   26801.000   -74.660   -7.494
1456.000   29672.000   -74.714   -7.382
1457.000   28900.000   -74.768   -7.270
1458.000   25497.000   -74.822   -7.157
1459.000   21308.000   -74.875   -7.043
1460.000   19453.000   -74.929   -6.928
1461.000   18634.000   -74.983   -6.812
1462.000   18228.000   -75.036   -6.696
1463.000   17651.000   -75.090   -6.579
1464.000   16082.000   -75.143   -6.460
1465.000   14925.000   -75.197   -6.341
1466.000   14089.000   -75.250   -6.222
1467.000   12514.000   -75.303   -6.101
1468.000   11480.000   -75.356   -5.979
1469.000   10271.000   -75.409   -5.857
1470.000   8853.000   -75.462   -5.733
1471.000   7643.000   -75.515   -5.609
1472.000   6753.000   -75.568   -5.484
1473.000   6271.000   -75.621   -5.357
1474.000   5744.000   -75.674   -5.230
1475.000   5487.000   -75.727   -5.102
1476.000   5226.000   -75.779   -4.973
1477.000   5027.000   -75.832   -4.843
1478.000   5034.000   -75.884   -4.712
1479.000   4941.000   -75.937   -4.580
1480.000   4735.000   -75.989   -4.447
1481.000   4537.000   -76.041   -4.313
1482.000   5828.000   -76.093   -4.178
1483.000   6330.000   -76.145   -4.042
1484.000   6834.000   -76.197   -3.905
1485.000   10678.000   -76.249   -3.767
1486.000   13123.000   -76.301   -3.628
1487.000   14760.000   -76.353   -3.487
1488.000   12197.000   -76.404   -3.346
1489.000   9589.000   -76.456   -3.204
1490.000   5949.000   -76.507   -3.060
1491.000   5381.000   -76.559   -2.916
1492.000   4784.000   -76.610   -2.770
1493.000   4994.000   -76.661   -2.623
1494.000   4421.000   -76.712   -2.475
1495.000   4694.000   -76.763   -2.326
1496.000   4278.000   -76.814   -2.176
1497.000   3405.000   -76.865   -2.024
1498.000   3852.000   -76.916   -1.871
1499.000   4036.000   -76.967   -1.718
1500.000   4036.000   -77.017   -1.563
1501.000   3956.000   -77.068   -1.406
1502.000   5169.000   -77.118   -1.249
1503.000   4922.000   -77.168   -1.090
1504.000   3937.000   -77.219   -0.930
1505.000   3471.000   -77.269   -0.769
1506.000   2711.000   -77.319   -0.606
1507.000   2969.000   -77.368   -0.442
1508.000   2712.000   -77.418   -0.277
1509.000   2194.000   -77.468   -0.110
1510.000   2448.000   -77.517   00.058
1511.000   3206.000   -77.567   00.227
1512.000   3199.000   -77.616   00.397
1513.000   3049.000   -77.665   00.569
1514.000   2465.000   -77.714   00.743
1515.000   2207.000   -77.763   00.917
1516.000   2344.000   -77.812   01.093
1517.000   2310.000   -77.861   01.271
1518.000   2262.000   -77.909   01.450
1519.000   2238.000   -77.958   01.630
1520.000   2267.000   -78.006   01.812
1521.000   2356.000   -78.055   01.996
1522.000   2254.000   -78.103   02.181
1523.000   2219.000   -78.151   02.367
1524.000   2219.000   -78.199   02.555
1525.000   2198.000   -78.246   02.745
1526.000   2274.000   -78.294   02.936
1527.000   2197.000   -78.341   03.128
1528.000   2196.000   -78.389   03.322
1529.000   2169.000   -78.436   03.518
1530.000   2340.000   -78.483   03.716
1531.000   2030.000   -78.530   03.915
1532.000   2077.000   -78.577   04.115
1533.000   2031.000   -78.623   04.318
1534.000   2121.000   -78.670   04.522
1535.000   2015.000   -78.716   04.727
1536.000   2031.000   -78.762   04.935
1537.000   2114.000   -78.808   05.144
1538.000   2122.000   -78.854   05.355
1539.000   2007.000   -78.900   05.567
1540.000   1976.000   -78.946   05.782
1541.000   2056.000   -78.991   05.998
1542.000   2064.000   -79.036   06.216
1543.000   1947.000   -79.081   06.436
1544.000   2044.000   -79.126   06.657
1545.000   1995.000   -79.171   06.881
1546.000   2017.000   -79.216   07.106
1547.000   1875.000   -79.260   07.333
1548.000   1914.000   -79.304   07.562
1549.000   1934.000   -79.348   07.793
1550.000   2025.000   -79.392   08.026
1551.000   2050.000   -79.436   08.261
1552.000   2027.000   -79.480   08.498
1553.000   1882.000   -79.523   08.737
1554.000   1913.000   -79.566   08.978
1555.000   1939.000   -79.609   09.220
1556.000   1986.000   -79.652   09.465
1557.000   1866.000   -79.694   09.712
1558.000   1941.000   -79.737   09.961
1559.000   1912.000   -79.779   10.212
1560.000   1895.000   -79.821   10.465
1561.000   1856.000   -79.863   10.720
1562.000   1928.000   -79.904   10.978
1563.000   1826.000   -79.946   11.237
1564.000   1818.000   -79.987   11.499
1565.000   1801.000   -80.028   11.763
1566.000   1846.000   -80.069   12.029
1567.000   1787.000   -80.109   12.297
1568.000   1768.000   -80.150   12.567
1569.000   1850.000   -80.190   12.840
1570.000   1761.000   -80.230   13.114
1571.000   1764.000   -80.269   13.392
1572.000   1797.000   -80.309   13.671
1573.000   1826.000   -80.348   13.953
1574.000   1839.000   -80.387   14.237
1575.000   1784.000   -80.425   14.523
1576.000   1770.000   -80.464   14.811
1577.000   1713.000   -80.502   15.102
1578.000   1767.000   -80.540   15.396
1579.000   1751.000   -80.578   15.691
1580.000   1763.000   -80.615   15.989
1581.000   1817.000   -80.652   16.290
1582.000   1800.000   -80.689   16.593
1583.000   1823.000   -80.726   16.898
1584.000   1686.000   -80.762   17.206
1585.000   1759.000   -80.798   17.516
1586.000   1760.000   -80.834   17.828
1587.000   1774.000   -80.870   18.143
1588.000   1818.000   -80.905   18.461
1589.000   1746.000   -80.940   18.781
1590.000   1781.000   -80.975   19.103
1591.000   1778.000   -81.009   19.428
1592.000   1773.000   -81.043   19.755
1593.000   1732.000   -81.077   20.085
1594.000   1838.000   -81.111   20.418
1595.000   1771.000   -81.144   20.753
1596.000   1782.000   -81.177   21.090
1597.000   1800.000   -81.210   21.430
1598.000   1822.000   -81.242   21.773
1599.000   1760.000   -81.274   22.118
1600.000   1784.000   -81.306   22.465
1601.000   1819.000   -81.337   22.816
1602.000   1757.000   -81.368   23.168
1603.000   1748.000   -81.399   23.524
1604.000   1809.000   -81.429   23.881
1605.000   1713.000   -81.459   24.242
1606.000   1788.000   -81.488   24.604
1607.000   1772.000   -81.518   24.970
1608.000   1735.000   -81.547   25.338
1609.000   1732.000   -81.575   25.708
1610.000   1780.000   -81.604   26.081
1611.000   1816.000   -81.631   26.456
1612.000   1731.000   -81.659   26.834
1613.000   1778.000   -81.686   27.215
1614.000   1721.000   -81.713   27.598
1615.000   1760.000   -81.739   27.983
1616.000   1841.000   -81.765   28.371
1617.000   1774.000   -81.791   28.761
1618.000   1767.000   -81.816   29.154
1619.000   1800.000   -81.841   29.549
1620.000   1832.000   -81.866   29.947
1621.000   1773.000   -81.890   30.347
1622.000   1762.000   -81.913   30.749
1623.000   1850.000   -81.937   31.154
1624.000   1780.000   -81.959   31.561
1625.000   1817.000   -81.982   31.970
1626.000   1787.000   -82.004   32.382
1627.000   1789.000   -82.026   32.796
1628.000   1830.000   -82.047   33.212
1629.000   1737.000   -82.068   33.630
1630.000   1689.000   -82.088   34.051
1631.000   1778.000   -82.108   34.473
1632.000   1775.000   -82.127   34.898
1633.000   1837.000   -82.146   35.325
1634.000   1660.000   -82.165   35.754
1635.000   1678.000   -82.183   36.185
1636.000   1763.000   -82.201   36.618
1637.000   1764.000   -82.218   37.053
1638.000   1718.000   -82.235   37.490
1639.000   1735.000   -82.251   37.928
1640.000   1813.000   -82.267   38.369
1641.000   1706.000   -82.283   38.811
1642.000   1718.000   -82.297   39.255
1643.000   1749.000   -82.312   39.701
1644.000   1749.000   -82.326   40.149
1645.000   1726.000   -82.340   40.598
1646.000   1735.000   -82.353   41.048
1647.000   1681.000   -82.365   41.501
1648.000   1792.000   -82.377   41.954
1649.000   1678.000   -82.389   42.409
1650.000   1742.000   -82.400   42.866
1651.000   1712.000   -82.411   43.323
1652.000   1782.000   -82.421   43.782
1653.000   1765.000   -82.431   44.243
1654.000   1728.000   -82.440   44.704
1655.000   1645.000   -82.449   45.166
1656.000   1730.000   -82.457   45.630
1657.000   1735.000   -82.464   46.094
1658.000   1651.000   -82.472   46.560
1659.000   1750.000   -82.478   47.026
1660.000   1711.000   -82.485   47.493
1661.000   1739.000   -82.490   47.961
1662.000   1693.000   -82.495   48.429
1663.000   1717.000   -82.500   48.899
1664.000   1698.000   -82.504   49.368
1665.000   1719.000   -82.508   49.838
1666.000   1755.000   -82.511   50.309
1667.000   1771.000   -82.514   50.780
1668.000   1731.000   -82.516   51.251
1669.000   1757.000   -82.518   51.723
1670.000   1727.000   -82.519   52.195
