Time range: [ 16:25:07.000  17:16:00.000 ]
Time range duration: 50.0 min, 53.0 sec
Longitude range: [ 37.268  172.41 ]
59107.000   1957.000   -82.520   172.410
59108.000   1969.000   -82.520   172.882
59109.000   1925.000   -82.519   173.353
59110.000   1934.000   -82.518   173.825
59111.000   1915.000   -82.516   174.297
59112.000   2003.000   -82.514   174.768
59113.000   1982.000   -82.511   175.239
59114.000   1939.000   -82.508   175.710
59115.000   1838.000   -82.504   176.180
59116.000   1895.000   -82.499   176.649
59117.000   1904.000   -82.494   177.118
59118.000   1853.000   -82.489   177.587
59119.000   1860.000   -82.483   178.054
59120.000   1883.000   -82.477   178.521
59121.000   1864.000   -82.470   178.988
59122.000   1880.000   -82.463   179.453
59123.000   1901.000   -82.455   179.917
59124.000   1905.000   -82.446   -179.620
59125.000   1837.000   -82.437   -179.157
59126.000   1834.000   -82.428   -178.696
59127.000   1887.000   -82.418   -178.236
59128.000   1779.000   -82.408   -177.778
59129.000   1779.000   -82.397   -177.320
59130.000   1831.000   -82.386   -176.864
59131.000   1855.000   -82.374   -176.409
59132.000   1795.000   -82.362   -175.956
59133.000   1873.000   -82.349   -175.504
59134.000   1896.000   -82.336   -175.054
59135.000   1810.000   -82.322   -174.605
59136.000   1897.000   -82.308   -174.158
59137.000   1847.000   -82.293   -173.713
59138.000   1922.000   -82.278   -173.269
59139.000   1900.000   -82.262   -172.828
59140.000   1909.000   -82.246   -172.388
59141.000   1890.000   -82.230   -171.949
59142.000   1956.000   -82.213   -171.513
59143.000   1923.000   -82.195   -171.079
59144.000   1954.000   -82.177   -170.646
59145.000   1932.000   -82.159   -170.216
59146.000   2006.000   -82.140   -169.787
59147.000   2051.000   -82.121   -169.361
59148.000   2017.000   -82.102   -168.937
59149.000   2038.000   -82.081   -168.515
59150.000   2099.000   -82.061   -168.095
59151.000   2061.000   -82.040   -167.677
59152.000   2073.000   -82.019   -167.262
59153.000   2131.000   -81.997   -166.848
59154.000   2069.000   -81.975   -166.437
59155.000   2054.000   -81.952   -166.029
59156.000   2150.000   -81.929   -165.622
59157.000   2056.000   -81.906   -165.218
59158.000   2228.000   -81.882   -164.817
59159.000   2268.000   -81.858   -164.417
59160.000   2233.000   -81.833   -164.020
59161.000   2380.000   -81.808   -163.626
59162.000   2637.000   -81.783   -163.234
59163.000   2670.000   -81.757   -162.844
59164.000   2682.000   -81.731   -162.457
59165.000   3009.000   -81.704   -162.072
59166.000   3545.000   -81.677   -161.690
59167.000   3555.000   -81.650   -161.310
59168.000   3032.000   -81.622   -160.933
59169.000   3064.000   -81.594   -160.558
59170.000   3549.000   -81.566   -160.186
59171.000   6005.000   -81.537   -159.816
59172.000   3374.000   -81.508   -159.449
59173.000   3466.000   -81.478   -159.085
59174.000   3933.000   -81.449   -158.723
59175.000   4195.000   -81.418   -158.363
59176.000   4576.000   -81.388   -158.006
59177.000   4606.000   -81.357   -157.651
59178.000   4886.000   -81.326   -157.300
59179.000   5237.000   -81.295   -156.950
59180.000   5799.000   -81.263   -156.603
59181.000   6265.000   -81.231   -156.259
59182.000   6618.000   -81.198   -155.917
59183.000   7422.000   -81.165   -155.578
59184.000   7465.000   -81.132   -155.241
59185.000   7029.000   -81.099   -154.907
59186.000   6765.000   -81.065   -154.575
59187.000   7471.000   -81.031   -154.246
59188.000   8240.000   -80.997   -153.919
59189.000   7505.000   -80.963   -153.595
59190.000   6092.000   -80.928   -153.273
59191.000   5374.000   -80.893   -152.954
59192.000   4865.000   -80.857   -152.638
59193.000   4587.000   -80.822   -152.323
59194.000   4636.000   -80.786   -152.011
59195.000   4746.000   -80.749   -151.702
59196.000   4902.000   -80.713   -151.395
59197.000   4995.000   -80.676   -151.091
59198.000   5372.000   -80.639   -150.788
59199.000   5554.000   -80.602   -150.489
59200.000   5988.000   -80.564   -150.191
59201.000   5977.000   -80.526   -149.896
59202.000   5809.000   -80.488   -149.604
59203.000   6073.000   -80.450   -149.314
59204.000   6034.000   -80.411   -149.026
59205.000   6060.000   -80.373   -148.740
59206.000   6094.000   -80.333   -148.457
59207.000   6054.000   -80.294   -148.176
59208.000   6025.000   -80.255   -147.897
59209.000   6166.000   -80.215   -147.621
59210.000   6259.000   -80.175   -147.347
59211.000   6218.000   -80.135   -147.075
59212.000   6255.000   -80.094   -146.805
59213.000   6151.000   -80.054   -146.538
59214.000   6119.000   -80.013   -146.272
59215.000   5996.000   -79.972   -146.009
59216.000   6252.000   -79.930   -145.748
59217.000   6011.000   -79.889   -145.489
59218.000   5969.000   -79.847   -145.233
59219.000   5960.000   -79.805   -144.978
59220.000   6409.000   -79.763   -144.726
59221.000   6100.000   -79.721   -144.475
59222.000   6361.000   -79.678   -144.227
59223.000   6674.000   -79.636   -143.981
59224.000   6904.000   -79.593   -143.736
59225.000   6948.000   -79.550   -143.494
59226.000   7342.000   -79.506   -143.254
59227.000   7223.000   -79.463   -143.016
59228.000   7286.000   -79.419   -142.780
59229.000   7352.000   -79.375   -142.545
59230.000   7292.000   -79.331   -142.313
59231.000   7537.000   -79.287   -142.083
59232.000   7582.000   -79.243   -141.854
59233.000   7874.000   -79.198   -141.627
59234.000   7676.000   -79.154   -141.403
59235.000   7911.000   -79.109   -141.180
59236.000   7839.000   -79.064   -140.959
59237.000   8048.000   -79.019   -140.739
59238.000   8170.000   -78.973   -140.522
59239.000   8210.000   -78.928   -140.306
59240.000   8513.000   -78.882   -140.093
59241.000   8649.000   -78.836   -139.881
59242.000   8665.000   -78.790   -139.670
59243.000   8729.000   -78.744   -139.462
59244.000   9057.000   -78.698   -139.255
59245.000   9218.000   -78.651   -139.050
59246.000   9339.000   -78.605   -138.846
59247.000   9618.000   -78.558   -138.644
59248.000   9439.000   -78.511   -138.444
59249.000   9952.000   -78.464   -138.246
59250.000   9805.000   -78.417   -138.049
59251.000   10062.000   -78.370   -137.853
59252.000   10360.000   -78.322   -137.660
59253.000   10392.000   -78.275   -137.468
59254.000   10370.000   -78.227   -137.277
59255.000   10733.000   -78.179   -137.088
59256.000   10517.000   -78.131   -136.901
59257.000   10483.000   -78.083   -136.715
59258.000   10422.000   -78.035   -136.530
59259.000   10295.000   -77.986   -136.347
59260.000   10300.000   -77.938   -136.166
59261.000   10358.000   -77.889   -135.986
59262.000   10348.000   -77.841   -135.807
59263.000   10129.000   -77.792   -135.630
59264.000   10236.000   -77.743   -135.454
59265.000   10417.000   -77.694   -135.280
59266.000   10543.000   -77.645   -135.107
59267.000   10480.000   -77.595   -134.936
59268.000   10527.000   -77.546   -134.766
59269.000   10474.000   -77.496   -134.597
59270.000   10610.000   -77.447   -134.429
59271.000   10707.000   -77.397   -134.263
59272.000   10875.000   -77.347   -134.098
59273.000   10910.000   -77.297   -133.935
59274.000   10768.000   -77.247   -133.773
59275.000   11008.000   -77.197   -133.612
59276.000   10933.000   -77.147   -133.452
59277.000   11102.000   -77.096   -133.294
59278.000   11238.000   -77.046   -133.137
59279.000   11511.000   -76.995   -132.981
59280.000   11630.000   -76.945   -132.826
59281.000   11971.000   -76.894   -132.673
59282.000   12335.000   -76.843   -132.520
59283.000   12706.000   -76.792   -132.369
59284.000   12610.000   -76.741   -132.219
59285.000   12882.000   -76.690   -132.070
59286.000   12654.000   -76.639   -131.923
59287.000   12951.000   -76.588   -131.776
59288.000   13226.000   -76.536   -131.631
59289.000   13935.000   -76.485   -131.487
59290.000   14494.000   -76.433   -131.344
59291.000   14675.000   -76.381   -131.201
59292.000   14604.000   -76.330   -131.060
59293.000   15175.000   -76.278   -130.921
59294.000   15630.000   -76.226   -130.782
59295.000   15893.000   -76.174   -130.644
59296.000   16267.000   -76.122   -130.507
59297.000   16161.000   -76.070   -130.372
59298.000   16651.000   -76.017   -130.237
59299.000   17320.000   -75.965   -130.103
59300.000   17720.000   -75.913   -129.971
59301.000   18437.000   -75.860   -129.839
59302.000   18169.000   -75.808   -129.708
59303.000   18285.000   -75.755   -129.578
59304.000   18256.000   -75.702   -129.450
59305.000   19038.000   -75.650   -129.322
59306.000   19610.000   -75.597   -129.195
59307.000   20427.000   -75.544   -129.069
59308.000   20836.000   -75.491   -128.944
59309.000   21444.000   -75.438   -128.820
59310.000   21626.000   -75.385   -128.697
59311.000   21998.000   -75.331   -128.575
59312.000   22070.000   -75.278   -128.453
59313.000   22069.000   -75.225   -128.333
59314.000   22038.000   -75.171   -128.213
59315.000   22327.000   -75.118   -128.095
59316.000   22097.000   -75.064   -127.977
59317.000   22084.000   -75.011   -127.860
59318.000   22542.000   -74.957   -127.744
59319.000   22540.000   -74.904   -127.628
59320.000   22709.000   -74.850   -127.514
59321.000   23082.000   -74.796   -127.400
59322.000   23671.000   -74.742   -127.287
59323.000   23928.000   -74.688   -127.175
59324.000   24525.000   -74.634   -127.064
59325.000   24894.000   -74.580   -126.953
59326.000   25582.000   -74.526   -126.844
59327.000   25631.000   -74.471   -126.735
59328.000   26118.000   -74.417   -126.626
59329.000   26862.000   -74.363   -126.519
59330.000   27339.000   -74.309   -126.412
59331.000   27620.000   -74.254   -126.306
59332.000   28222.000   -74.200   -126.201
59333.000   27563.000   -74.145   -126.097
59334.000   27379.000   -74.090   -125.993
59335.000   27369.000   -74.036   -125.890
59336.000   28066.000   -73.981   -125.788
59337.000   27974.000   -73.926   -125.686
59338.000   27878.000   -73.871   -125.585
59339.000   27874.000   -73.817   -125.485
59340.000   27882.000   -73.762   -125.386
59341.000   27942.000   -73.707   -125.287
59342.000   27898.000   -73.652   -125.189
59343.000   28250.000   -73.597   -125.091
59344.000   28617.000   -73.542   -124.994
59345.000   28524.000   -73.486   -124.898
59346.000   28452.000   -73.431   -124.803
59347.000   27910.000   -73.376   -124.708
59348.000   27687.000   -73.321   -124.614
59349.000   27426.000   -73.265   -124.520
59350.000   27679.000   -73.210   -124.427
59351.000   27421.000   -73.154   -124.335
59352.000   27343.000   -73.099   -124.243
59353.000   27268.000   -73.043   -124.152
59354.000   27057.000   -72.988   -124.061
59355.000   27120.000   -72.932   -123.971
59356.000   26808.000   -72.876   -123.882
59357.000   26652.000   -72.821   -123.793
59358.000   26423.000   -72.765   -123.705
59359.000   26710.000   -72.709   -123.618
59360.000   26568.000   -72.653   -123.531
59361.000   26114.000   -72.597   -123.444
59362.000   26115.000   -72.542   -123.358
59363.000   26234.000   -72.486   -123.273
59364.000   25934.000   -72.430   -123.188
59365.000   25894.000   -72.374   -123.104
59366.000   25598.000   -72.317   -123.020
59367.000   25493.000   -72.261   -122.937
59368.000   25470.000   -72.205   -122.854
59369.000   25185.000   -72.149   -122.772
59370.000   24957.000   -72.093   -122.691
59371.000   24497.000   -72.036   -122.610
59372.000   24354.000   -71.980   -122.529
59373.000   24252.000   -71.924   -122.449
59374.000   24016.000   -71.867   -122.369
59375.000   23810.000   -71.811   -122.290
59376.000   23314.000   -71.755   -122.212
59377.000   23106.000   -71.698   -122.134
59378.000   22817.000   -71.641   -122.056
59379.000   22658.000   -71.585   -121.979
59380.000   22467.000   -71.528   -121.903
59381.000   22013.000   -71.472   -121.827
59382.000   21728.000   -71.415   -121.751
59383.000   21495.000   -71.358   -121.676
59384.000   20957.000   -71.302   -121.601
59385.000   20866.000   -71.245   -121.527
59386.000   20766.000   -71.188   -121.453
59387.000   20508.000   -71.131   -121.380
59388.000   20162.000   -71.074   -121.307
59389.000   19916.000   -71.017   -121.234
59390.000   19635.000   -70.960   -121.162
59391.000   19208.000   -70.903   -121.091
59392.000   19106.000   -70.846   -121.020
59393.000   18617.000   -70.789   -120.949
59394.000   18383.000   -70.732   -120.879
59395.000   18073.000   -70.675   -120.809
59396.000   17771.000   -70.618   -120.739
59397.000   17414.000   -70.561   -120.670
59398.000   17187.000   -70.504   -120.602
59399.000   16602.000   -70.447   -120.533
59400.000   16540.000   -70.389   -120.466
59401.000   16078.000   -70.332   -120.398
59402.000   15664.000   -70.275   -120.331
59403.000   15398.000   -70.217   -120.265
59404.000   14958.000   -70.160   -120.198
59405.000   14521.000   -70.103   -120.133
59406.000   14410.000   -70.045   -120.067
59407.000   13848.000   -69.988   -120.002
59408.000   13593.000   -69.930   -119.937
59409.000   13089.000   -69.873   -119.873
59410.000   13048.000   -69.815   -119.809
59411.000   12606.000   -69.758   -119.746
59412.000   12586.000   -69.700   -119.682
59413.000   12032.000   -69.643   -119.620
59414.000   11724.000   -69.585   -119.557
59415.000   11504.000   -69.527   -119.495
59416.000   11028.000   -69.470   -119.433
59417.000   10940.000   -69.412   -119.372
59418.000   10593.000   -69.354   -119.311
59419.000   10306.000   -69.296   -119.250
59420.000   10013.000   -69.239   -119.190
59421.000   9665.000   -69.181   -119.130
59422.000   9481.000   -69.123   -119.070
59423.000   9177.000   -69.065   -119.011
59424.000   8923.000   -69.007   -118.952
59425.000   8743.000   -68.949   -118.893
59426.000   8404.000   -68.891   -118.835
59427.000   8203.000   -68.833   -118.777
59428.000   8054.000   -68.775   -118.719
59429.000   7990.000   -68.717   -118.662
59430.000   7674.000   -68.659   -118.605
59431.000   7466.000   -68.601   -118.548
59432.000   7166.000   -68.543   -118.491
59433.000   7002.000   -68.485   -118.435
59434.000   7040.000   -68.427   -118.379
59435.000   6635.000   -68.369   -118.324
59436.000   6412.000   -68.311   -118.269
59437.000   6276.000   -68.253   -118.214
59438.000   6109.000   -68.194   -118.159
59439.000   5941.000   -68.136   -118.105
59440.000   5835.000   -68.078   -118.051
59441.000   5618.000   -68.020   -117.997
59442.000   5460.000   -67.961   -117.944
59443.000   5359.000   -67.903   -117.891
59444.000   5238.000   -67.845   -117.838
59445.000   5150.000   -67.786   -117.785
59446.000   4986.000   -67.728   -117.733
59447.000   4948.000   -67.670   -117.681
59448.000   4758.000   -67.611   -117.629
59449.000   4665.000   -67.553   -117.578
59450.000   4562.000   -67.494   -117.527
59451.000   4338.000   -67.436   -117.476
59452.000   4196.000   -67.377   -117.425
59453.000   4085.000   -67.319   -117.375
59454.000   3940.000   -67.260   -117.325
59455.000   3883.000   -67.202   -117.275
59456.000   3865.000   -67.143   -117.225
59457.000   3566.000   -67.085   -117.176
59458.000   3412.000   -67.026   -117.127
59459.000   3402.000   -66.968   -117.078
59460.000   3308.000   -66.909   -117.029
59461.000   3162.000   -66.850   -116.981
59462.000   3102.000   -66.792   -116.933
59463.000   2958.000   -66.733   -116.885
59464.000   2847.000   -66.674   -116.838
59465.000   2857.000   -66.615   -116.790
59466.000   2686.000   -66.557   -116.743
59467.000   2641.000   -66.498   -116.697
59468.000   2497.000   -66.439   -116.650
59469.000   2452.000   -66.380   -116.604
59470.000   2351.000   -66.322   -116.558
59471.000   2309.000   -66.263   -116.512
59472.000   2259.000   -66.204   -116.466
59473.000   2277.000   -66.145   -116.421
59474.000   2148.000   -66.086   -116.375
59475.000   2183.000   -66.027   -116.330
59476.000   2105.000   -65.968   -116.286
59477.000   2064.000   -65.909   -116.241
59478.000   2018.000   -65.850   -116.197
59479.000   1956.000   -65.791   -116.153
59480.000   1898.000   -65.732   -116.109
59481.000   1982.000   -65.674   -116.065
59482.000   1939.000   -65.614   -116.022
59483.000   1887.000   -65.555   -115.979
59484.000   1849.000   -65.496   -115.936
59485.000   1781.000   -65.437   -115.893
59486.000   1784.000   -65.378   -115.850
59487.000   1743.000   -65.319   -115.808
59488.000   1733.000   -65.260   -115.766
59489.000   1758.000   -65.201   -115.724
59490.000   1752.000   -65.142   -115.682
59491.000   1640.000   -65.083   -115.641
59492.000   1766.000   -65.024   -115.599
59493.000   1679.000   -64.964   -115.558
59494.000   1644.000   -64.905   -115.517
59495.000   1654.000   -64.846   -115.477
59496.000   1675.000   -64.787   -115.436
59497.000   1676.000   -64.728   -115.396
59498.000   1693.000   -64.668   -115.356
59499.000   1624.000   -64.609   -115.316
59500.000   1651.000   -64.550   -115.276
59501.000   1575.000   -64.490   -115.236
59502.000   1642.000   -64.431   -115.197
59503.000   1647.000   -64.372   -115.158
59504.000   1621.000   -64.312   -115.119
59505.000   1652.000   -64.253   -115.080
59506.000   1707.000   -64.194   -115.041
59507.000   1662.000   -64.134   -115.003
59508.000   1708.000   -64.075   -114.965
59509.000   1632.000   -64.016   -114.927
59510.000   1591.000   -63.956   -114.889
59511.000   1717.000   -63.897   -114.851
59512.000   1642.000   -63.837   -114.813
59513.000   1687.000   -63.778   -114.776
59514.000   1740.000   -63.718   -114.739
59515.000   1726.000   -63.659   -114.702
59516.000   1733.000   -63.599   -114.665
59517.000   1728.000   -63.540   -114.628
59518.000   1753.000   -63.480   -114.592
59519.000   1782.000   -63.421   -114.555
59520.000   1807.000   -63.361   -114.519
59521.000   1714.000   -63.302   -114.483
59522.000   1756.000   -63.242   -114.447
59523.000   1785.000   -63.183   -114.411
59524.000   1712.000   -63.123   -114.376
59525.000   1767.000   -63.064   -114.341
59526.000   1801.000   -63.004   -114.305
59527.000   1800.000   -62.944   -114.270
59528.000   1814.000   -62.885   -114.235
59529.000   1989.000   -62.825   -114.201
59530.000   1925.000   -62.765   -114.166
59531.000   1887.000   -62.706   -114.132
59532.000   1875.000   -62.646   -114.097
59533.000   1842.000   -62.586   -114.063
59534.000   1942.000   -62.527   -114.029
59535.000   1891.000   -62.467   -113.996
59536.000   1969.000   -62.407   -113.962
59537.000   1972.000   -62.347   -113.928
59538.000   2105.000   -62.288   -113.895
59539.000   2005.000   -62.228   -113.862
59540.000   2097.000   -62.168   -113.829
59541.000   2054.000   -62.108   -113.796
59542.000   2189.000   -62.049   -113.763
59543.000   2087.000   -61.989   -113.731
59544.000   2214.000   -61.929   -113.698
59545.000   2220.000   -61.869   -113.666
59546.000   2233.000   -61.809   -113.634
59547.000   2325.000   -61.749   -113.601
59548.000   2417.000   -61.690   -113.570
59549.000   2377.000   -61.630   -113.538
59550.000   2472.000   -61.570   -113.506
59551.000   2381.000   -61.510   -113.475
59552.000   2465.000   -61.450   -113.443
59553.000   2524.000   -61.390   -113.412
59554.000   2602.000   -61.330   -113.381
59555.000   2656.000   -61.270   -113.350
59556.000   2658.000   -61.210   -113.319
59557.000   2752.000   -61.150   -113.289
59558.000   2847.000   -61.090   -113.258
59559.000   2788.000   -61.030   -113.228
59560.000   2906.000   -60.971   -113.197
59561.000   2946.000   -60.911   -113.167
59562.000   2996.000   -60.851   -113.137
59563.000   3094.000   -60.791   -113.107
59564.000   3146.000   -60.731   -113.077
59565.000   3148.000   -60.670   -113.048
59566.000   3370.000   -60.610   -113.018
59567.000   3173.000   -60.550   -112.989
59568.000   3365.000   -60.490   -112.959
59569.000   3660.000   -60.430   -112.930
59570.000   3637.000   -60.370   -112.901
59571.000   3709.000   -60.310   -112.872
59572.000   3765.000   -60.250   -112.844
59573.000   3811.000   -60.190   -112.815
59574.000   4046.000   -60.130   -112.786
59575.000   4022.000   -60.070   -112.758
59576.000   4173.000   -60.010   -112.730
59577.000   4204.000   -59.949   -112.701
59578.000   4298.000   -59.889   -112.673
59579.000   4407.000   -59.829   -112.645
59580.000   4412.000   -59.769   -112.617
59581.000   4678.000   -59.709   -112.590
59582.000   4668.000   -59.649   -112.562
59583.000   4912.000   -59.588   -112.535
59584.000   4857.000   -59.528   -112.507
59585.000   5009.000   -59.468   -112.480
59586.000   5168.000   -59.408   -112.453
59587.000   5156.000   -59.348   -112.426
59588.000   5269.000   -59.287   -112.399
59589.000   5637.000   -59.227   -112.372
59590.000   5541.000   -59.167   -112.345
59591.000   5497.000   -59.107   -112.319
59592.000   5574.000   -59.046   -112.292
59593.000   5790.000   -58.986   -112.266
59594.000   5936.000   -58.926   -112.239
59595.000   5834.000   -58.866   -112.213
59596.000   5891.000   -58.805   -112.187
59597.000   6111.000   -58.745   -112.161
59598.000   6065.000   -58.685   -112.135
59599.000   6225.000   -58.624   -112.109
59600.000   6186.000   -58.564   -112.084
59601.000   6145.000   -58.504   -112.058
59602.000   6126.000   -58.443   -112.033
59603.000   6137.000   -58.383   -112.007
59604.000   6051.000   -58.323   -111.982
59605.000   5885.000   -58.262   -111.957
59606.000   5947.000   -58.202   -111.932
59607.000   5716.000   -58.141   -111.907
59608.000   5529.000   -58.081   -111.882
59609.000   5491.000   -58.021   -111.857
59610.000   5254.000   -57.960   -111.832
59611.000   5100.000   -57.900   -111.808
59612.000   5111.000   -57.839   -111.783
59613.000   4900.000   -57.779   -111.759
59614.000   4597.000   -57.719   -111.735
59615.000   4425.000   -57.658   -111.710
59616.000   4325.000   -57.598   -111.686
59617.000   3959.000   -57.537   -111.662
59618.000   3712.000   -57.477   -111.638
59619.000   3533.000   -57.416   -111.615
59620.000   3317.000   -57.356   -111.591
59621.000   3146.000   -57.295   -111.567
59622.000   2954.000   -57.235   -111.544
59623.000   2944.000   -57.174   -111.520
59624.000   2753.000   -57.114   -111.497
59625.000   2650.000   -57.053   -111.473
59626.000   2483.000   -56.993   -111.450
59627.000   2480.000   -56.932   -111.427
59628.000   2344.000   -56.872   -111.404
59629.000   2382.000   -56.811   -111.381
59630.000   2351.000   -56.751   -111.358
59631.000   2332.000   -56.690   -111.336
59632.000   2262.000   -56.629   -111.313
59633.000   2066.000   -56.569   -111.290
59634.000   2077.000   -56.508   -111.268
59635.000   1995.000   -56.448   -111.245
59636.000   1983.000   -56.387   -111.223
59637.000   1921.000   -56.326   -111.201
59638.000   1933.000   -56.266   -111.179
59639.000   1884.000   -56.205   -111.157
59640.000   1846.000   -56.145   -111.135
59641.000   1873.000   -56.084   -111.113
59642.000   1762.000   -56.023   -111.091
59643.000   1788.000   -55.963   -111.069
59644.000   1753.000   -55.902   -111.047
59645.000   1696.000   -55.841   -111.026
59646.000   1698.000   -55.781   -111.004
59647.000   1731.000   -55.720   -110.983
59648.000   1686.000   -55.659   -110.961
59649.000   1695.000   -55.599   -110.940
59650.000   1632.000   -55.538   -110.919
59651.000   1679.000   -55.477   -110.898
59652.000   1643.000   -55.417   -110.877
59653.000   1590.000   -55.356   -110.856
59654.000   1592.000   -55.295   -110.835
59655.000   1686.000   -55.235   -110.814
59656.000   1552.000   -55.174   -110.793
59657.000   1605.000   -55.113   -110.773
59658.000   1617.000   -55.052   -110.752
59659.000   1649.000   -54.992   -110.732
59660.000   1609.000   -54.931   -110.711
59661.000   1609.000   -54.870   -110.691
59662.000   1681.000   -54.809   -110.670
59663.000   1609.000   -54.749   -110.650
59664.000   1637.000   -54.688   -110.630
59665.000   1640.000   -54.627   -110.610
59666.000   1633.000   -54.566   -110.590
59667.000   1618.000   -54.505   -110.570
59668.000   1623.000   -54.445   -110.550
59669.000   1522.000   -54.384   -110.530
59670.000   1593.000   -54.323   -110.511
59671.000   1507.000   -54.262   -110.491
59672.000   1599.000   -54.201   -110.471
59673.000   1518.000   -54.141   -110.452
59674.000   1501.000   -54.080   -110.432
59675.000   1598.000   -54.019   -110.413
59676.000   1573.000   -53.958   -110.394
59677.000   1504.000   -53.897   -110.375
59678.000   1565.000   -53.836   -110.355
59679.000   1538.000   -53.776   -110.336
59680.000   1580.000   -53.715   -110.317
59681.000   1522.000   -53.654   -110.298
59682.000   1537.000   -53.593   -110.279
59683.000   1574.000   -53.532   -110.261
59684.000   1516.000   -53.471   -110.242
59685.000   1455.000   -53.410   -110.223
59686.000   1511.000   -53.349   -110.204
59687.000   1466.000   -53.289   -110.186
59688.000   1569.000   -53.228   -110.167
59689.000   1454.000   -53.167   -110.149
59690.000   1472.000   -53.106   -110.131
59691.000   1495.000   -53.045   -110.112
59692.000   1533.000   -52.984   -110.094
59693.000   1484.000   -52.923   -110.076
59694.000   1521.000   -52.862   -110.058
59695.000   1492.000   -52.801   -110.040
59696.000   1410.000   -52.740   -110.022
59697.000   1510.000   -52.679   -110.004
59698.000   1596.000   -52.618   -109.986
59699.000   1520.000   -52.557   -109.968
59700.000   1481.000   -52.496   -109.950
59701.000   1480.000   -52.435   -109.932
59702.000   1461.000   -52.374   -109.915
59703.000   1481.000   -52.313   -109.897
59704.000   1494.000   -52.252   -109.880
59705.000   1498.000   -52.191   -109.862
59706.000   1470.000   -52.130   -109.845
59707.000   1437.000   -52.069   -109.827
59708.000   1424.000   -52.008   -109.810
59709.000   1485.000   -51.947   -109.793
59710.000   1488.000   -51.886   -109.776
59711.000   1507.000   -51.825   -109.759
59712.000   1564.000   -51.764   -109.742
59713.000   1524.000   -51.703   -109.725
59714.000   1551.000   -51.642   -109.708
59715.000   1498.000   -51.581   -109.691
59716.000   1509.000   -51.520   -109.674
59717.000   1510.000   -51.459   -109.657
59718.000   1470.000   -51.398   -109.640
59719.000   1500.000   -51.337   -109.624
59720.000   1451.000   -51.276   -109.607
59721.000   1589.000   -51.215   -109.591
59722.000   1488.000   -51.154   -109.574
59723.000   1468.000   -51.093   -109.558
59724.000   1477.000   -51.031   -109.541
59725.000   1534.000   -50.970   -109.525
59726.000   1508.000   -50.909   -109.509
59727.000   1473.000   -50.848   -109.492
59728.000   1510.000   -50.787   -109.476
59729.000   1461.000   -50.726   -109.460
59730.000   1492.000   -50.665   -109.444
59731.000   1522.000   -50.604   -109.428
59732.000   1458.000   -50.543   -109.412
59733.000   1475.000   -50.481   -109.396
59734.000   1485.000   -50.420   -109.380
59735.000   1527.000   -50.359   -109.365
59736.000   1501.000   -50.298   -109.349
59737.000   1463.000   -50.237   -109.333
59738.000   1551.000   -50.176   -109.317
59739.000   1497.000   -50.115   -109.302
59740.000   1551.000   -50.053   -109.286
59741.000   1505.000   -49.992   -109.271
59742.000   1568.000   -49.931   -109.255
59743.000   1555.000   -49.870   -109.240
59744.000   1581.000   -49.809   -109.224
59745.000   1567.000   -49.748   -109.209
59746.000   1639.000   -49.686   -109.194
59747.000   1665.000   -49.625   -109.179
59748.000   1727.000   -49.564   -109.164
59749.000   1735.000   -49.503   -109.148
59750.000   1818.000   -49.442   -109.133
59751.000   1844.000   -49.380   -109.118
59752.000   1872.000   -49.319   -109.103
59753.000   1906.000   -49.258   -109.088
59754.000   1897.000   -49.197   -109.074
59755.000   1791.000   -49.135   -109.059
59756.000   1838.000   -49.074   -109.044
59757.000   1758.000   -49.013   -109.029
59758.000   1763.000   -48.952   -109.014
59759.000   1791.000   -48.890   -109.000
60240.000   11630.000   -19.094   -104.967
60241.000   11971.000   -19.032   -104.962
60242.000   12335.000   -18.969   -104.957
60243.000   12706.000   -18.907   -104.952
60244.000   12610.000   -18.844   -104.947
60245.000   12882.000   -18.782   -104.942
60246.000   12654.000   -18.720   -104.937
60247.000   12951.000   -18.657   -104.932
60248.000   13226.000   -18.595   -104.927
60249.000   13935.000   -18.532   -104.922
60250.000   14494.000   -18.470   -104.917
60251.000   14675.000   -18.407   -104.912
60252.000   14604.000   -18.345   -104.907
60253.000   15175.000   -18.282   -104.902
60254.000   15630.000   -18.220   -104.897
60255.000   15893.000   -18.158   -104.892
60256.000   16267.000   -18.095   -104.887
60257.000   16161.000   -18.033   -104.883
60258.000   16651.000   -17.970   -104.878
60259.000   17320.000   -17.908   -104.873
60260.000   17720.000   -17.845   -104.868
60261.000   18437.000   -17.783   -104.863
60262.000   18169.000   -17.720   -104.858
60263.000   18285.000   -17.658   -104.853
60264.000   18256.000   -17.595   -104.849
60265.000   19038.000   -17.533   -104.844
60266.000   19610.000   -17.470   -104.839
60267.000   20427.000   -17.408   -104.834
60268.000   20836.000   -17.346   -104.829
60269.000   21444.000   -17.283   -104.824
60270.000   21626.000   -17.221   -104.820
60271.000   21998.000   -17.158   -104.815
60272.000   22070.000   -17.096   -104.810
60273.000   22069.000   -17.033   -104.805
60274.000   22038.000   -16.971   -104.800
60275.000   22327.000   -16.908   -104.796
60276.000   22097.000   -16.846   -104.791
60277.000   22084.000   -16.783   -104.786
60278.000   22542.000   -16.721   -104.781
60279.000   22540.000   -16.658   -104.777
60280.000   22709.000   -16.596   -104.772
60281.000   23082.000   -16.533   -104.767
60282.000   23671.000   -16.471   -104.762
60283.000   23928.000   -16.408   -104.758
60284.000   24525.000   -16.346   -104.753
60285.000   24894.000   -16.283   -104.748
60286.000   25582.000   -16.221   -104.743
60287.000   25631.000   -16.158   -104.739
60288.000   26118.000   -16.096   -104.734
60289.000   26862.000   -16.033   -104.729
60290.000   27339.000   -15.971   -104.725
60291.000   27620.000   -15.908   -104.720
60292.000   28222.000   -15.846   -104.715
60293.000   27563.000   -15.783   -104.711
60294.000   27379.000   -15.721   -104.706
60295.000   27369.000   -15.658   -104.701
60296.000   28066.000   -15.596   -104.697
60297.000   27974.000   -15.533   -104.692
60298.000   27878.000   -15.471   -104.687
60299.000   27874.000   -15.408   -104.683
60300.000   27882.000   -15.346   -104.678
60301.000   27942.000   -15.283   -104.673
60302.000   27898.000   -15.221   -104.669
60303.000   28250.000   -15.158   -104.664
60304.000   28617.000   -15.096   -104.659
60305.000   28524.000   -15.033   -104.655
60306.000   28452.000   -14.971   -104.650
60307.000   27910.000   -14.908   -104.646
60308.000   27687.000   -14.846   -104.641
60309.000   27426.000   -14.783   -104.636
60310.000   27679.000   -14.721   -104.632
60311.000   27421.000   -14.658   -104.627
60312.000   27343.000   -14.596   -104.623
60313.000   27268.000   -14.533   -104.618
60314.000   27057.000   -14.471   -104.613
60315.000   27120.000   -14.408   -104.609
60316.000   26808.000   -14.346   -104.604
60317.000   26652.000   -14.283   -104.600
60318.000   26423.000   -14.221   -104.595
60319.000   26710.000   -14.158   -104.591
60320.000   26568.000   -14.096   -104.586
60321.000   26114.000   -14.033   -104.582
60322.000   26115.000   -13.970   -104.577
60323.000   26234.000   -13.908   -104.572
60324.000   25934.000   -13.845   -104.568
60325.000   25894.000   -13.783   -104.563
60326.000   25598.000   -13.720   -104.559
60327.000   25493.000   -13.658   -104.554
60328.000   25470.000   -13.595   -104.550
60329.000   25185.000   -13.533   -104.545
60330.000   24957.000   -13.470   -104.541
60331.000   24497.000   -13.408   -104.536
60332.000   24354.000   -13.345   -104.532
60333.000   24252.000   -13.283   -104.527
60334.000   24016.000   -13.220   -104.523
60335.000   23810.000   -13.157   -104.518
60336.000   23314.000   -13.095   -104.514
60337.000   23106.000   -13.032   -104.510
60338.000   22817.000   -12.970   -104.505
60339.000   22658.000   -12.907   -104.501
60340.000   22467.000   -12.845   -104.496
60341.000   22013.000   -12.782   -104.492
60342.000   21728.000   -12.720   -104.487
60343.000   21495.000   -12.657   -104.483
60344.000   20957.000   -12.594   -104.478
60345.000   20866.000   -12.532   -104.474
60346.000   20766.000   -12.469   -104.469
60347.000   20508.000   -12.407   -104.465
60348.000   20162.000   -12.344   -104.461
60349.000   19916.000   -12.282   -104.456
60350.000   19635.000   -12.219   -104.452
60351.000   19208.000   -12.157   -104.447
60352.000   19106.000   -12.094   -104.443
60353.000   18617.000   -12.031   -104.439
60354.000   18383.000   -11.969   -104.434
60355.000   18073.000   -11.906   -104.430
60356.000   17771.000   -11.844   -104.425
60357.000   17414.000   -11.781   -104.421
60358.000   17187.000   -11.719   -104.417
60359.000   16602.000   -11.656   -104.412
60360.000   16540.000   -11.593   -104.408
60361.000   16078.000   -11.531   -104.403
60362.000   15664.000   -11.468   -104.399
60363.000   15398.000   -11.406   -104.395
60364.000   14958.000   -11.343   -104.390
60365.000   14521.000   -11.281   -104.386
60366.000   14410.000   -11.218   -104.382
60367.000   13848.000   -11.155   -104.377
60368.000   13593.000   -11.093   -104.373
60369.000   13089.000   -11.030   -104.369
60370.000   13048.000   -10.968   -104.364
60371.000   12606.000   -10.905   -104.360
60372.000   12586.000   -10.843   -104.356
60373.000   12032.000   -10.780   -104.351
60374.000   11724.000   -10.717   -104.347
60375.000   11504.000   -10.655   -104.343
60376.000   11028.000   -10.592   -104.338
60377.000   10940.000   -10.530   -104.334
60378.000   10593.000   -10.467   -104.330
60379.000   10306.000   -10.404   -104.325
60380.000   10013.000   -10.342   -104.321
60381.000   9665.000   -10.279   -104.317
60382.000   9481.000   -10.217   -104.312
60383.000   9177.000   -10.154   -104.308
60384.000   8923.000   -10.091   -104.304
60385.000   8743.000   -10.029   -104.300
60386.000   8404.000   -9.966   -104.295
60387.000   8203.000   -9.904   -104.291
60388.000   8054.000   -9.841   -104.287
60389.000   7990.000   -9.778   -104.282
60390.000   7674.000   -9.716   -104.278
60391.000   7466.000   -9.653   -104.274
60392.000   7166.000   -9.591   -104.270
60393.000   7002.000   -9.528   -104.265
60394.000   7040.000   -9.465   -104.261
60395.000   6635.000   -9.403   -104.257
60396.000   6412.000   -9.340   -104.253
60397.000   6276.000   -9.278   -104.248
60398.000   6109.000   -9.215   -104.244
60399.000   5941.000   -9.152   -104.240
60400.000   5835.000   -9.090   -104.236
60401.000   5618.000   -9.027   -104.231
60402.000   5460.000   -8.965   -104.227
60403.000   5359.000   -8.902   -104.223
60404.000   5238.000   -8.839   -104.219
60405.000   5150.000   -8.777   -104.214
60406.000   4986.000   -8.714   -104.210
60407.000   4948.000   -8.652   -104.206
60408.000   4758.000   -8.589   -104.202
60409.000   4665.000   -8.526   -104.198
60410.000   4562.000   -8.464   -104.193
60411.000   4338.000   -8.401   -104.189
60412.000   4196.000   -8.339   -104.185
60413.000   4085.000   -8.276   -104.181
60414.000   3940.000   -8.213   -104.177
60415.000   3883.000   -8.151   -104.172
60416.000   3865.000   -8.088   -104.168
60417.000   3566.000   -8.025   -104.164
60418.000   3412.000   -7.963   -104.160
60419.000   3402.000   -7.900   -104.156
60420.000   3308.000   -7.838   -104.151
60421.000   3162.000   -7.775   -104.147
60422.000   3102.000   -7.712   -104.143
60423.000   2958.000   -7.650   -104.139
60424.000   2847.000   -7.587   -104.135
60425.000   2857.000   -7.524   -104.130
60426.000   2686.000   -7.462   -104.126
60427.000   2641.000   -7.399   -104.122
60428.000   2497.000   -7.337   -104.118
60429.000   2452.000   -7.274   -104.114
60430.000   2351.000   -7.211   -104.110
60431.000   2309.000   -7.149   -104.105
60432.000   2259.000   -7.086   -104.101
60433.000   2277.000   -7.023   -104.097
60434.000   2148.000   -6.961   -104.093
60435.000   2183.000   -6.898   -104.089
60436.000   2105.000   -6.835   -104.085
60437.000   2064.000   -6.773   -104.080
60438.000   2018.000   -6.710   -104.076
60439.000   1956.000   -6.648   -104.072
60440.000   1898.000   -6.585   -104.068
60441.000   1982.000   -6.522   -104.064
60442.000   1939.000   -6.460   -104.060
60443.000   1887.000   -6.397   -104.056
60444.000   1849.000   -6.334   -104.051
60445.000   1781.000   -6.272   -104.047
60446.000   1784.000   -6.209   -104.043
60447.000   1743.000   -6.146   -104.039
60448.000   1733.000   -6.084   -104.035
60449.000   1758.000   -6.021   -104.031
60450.000   1752.000   -5.959   -104.027
60451.000   1640.000   -5.896   -104.023
60452.000   1766.000   -5.833   -104.018
60453.000   1679.000   -5.771   -104.014
60454.000   1644.000   -5.708   -104.010
60455.000   1654.000   -5.645   -104.006
60456.000   1675.000   -5.583   -104.002
60457.000   1676.000   -5.520   -103.998
60458.000   1693.000   -5.457   -103.994
60459.000   1624.000   -5.395   -103.990
60460.000   1651.000   -5.332   -103.985
60461.000   1575.000   -5.269   -103.981
60462.000   1642.000   -5.207   -103.977
60463.000   1647.000   -5.144   -103.973
60464.000   1621.000   -5.081   -103.969
60465.000   1652.000   -5.019   -103.965
60466.000   1707.000   -4.956   -103.961
60467.000   1662.000   -4.893   -103.957
60468.000   1708.000   -4.831   -103.953
60469.000   1632.000   -4.768   -103.949
60470.000   1591.000   -4.706   -103.944
60471.000   1717.000   -4.643   -103.940
60472.000   1642.000   -4.580   -103.936
60473.000   1687.000   -4.518   -103.932
60474.000   1740.000   -4.455   -103.928
60475.000   1726.000   -4.392   -103.924
60476.000   1733.000   -4.330   -103.920
60477.000   1728.000   -4.267   -103.916
60478.000   1753.000   -4.204   -103.912
60479.000   1782.000   -4.142   -103.908
60480.000   1807.000   -4.079   -103.904
60481.000   1714.000   -4.016   -103.900
60482.000   1756.000   -3.954   -103.895
60483.000   1785.000   -3.891   -103.891
60484.000   1712.000   -3.828   -103.887
60485.000   1767.000   -3.766   -103.883
60486.000   1801.000   -3.703   -103.879
60487.000   1800.000   -3.640   -103.875
60488.000   1814.000   -3.578   -103.871
60489.000   1989.000   -3.515   -103.867
60490.000   1925.000   -3.452   -103.863
60491.000   1887.000   -3.390   -103.859
60492.000   1875.000   -3.327   -103.855
60493.000   1842.000   -3.264   -103.851
60494.000   1942.000   -3.202   -103.847
60495.000   1891.000   -3.139   -103.843
60496.000   1969.000   -3.076   -103.838
60497.000   1972.000   -3.014   -103.834
60498.000   2105.000   -2.951   -103.830
60499.000   2005.000   -2.888   -103.826
60500.000   2097.000   -2.826   -103.822
60501.000   2054.000   -2.763   -103.818
60502.000   2189.000   -2.700   -103.814
60503.000   2087.000   -2.638   -103.810
60504.000   2214.000   -2.575   -103.806
60505.000   2220.000   -2.512   -103.802
60506.000   2233.000   -2.450   -103.798
60507.000   2325.000   -2.387   -103.794
60508.000   2417.000   -2.324   -103.790
60509.000   2377.000   -2.261   -103.786
60510.000   2472.000   -2.199   -103.782
60511.000   2381.000   -2.136   -103.778
60512.000   2465.000   -2.073   -103.774
60513.000   2524.000   -2.011   -103.770
60514.000   2602.000   -1.948   -103.765
60515.000   2656.000   -1.885   -103.761
60516.000   2658.000   -1.823   -103.757
60517.000   2752.000   -1.760   -103.753
60518.000   2847.000   -1.697   -103.749
60519.000   2788.000   -1.635   -103.745
60520.000   2906.000   -1.572   -103.741
60521.000   2946.000   -1.509   -103.737
60522.000   2996.000   -1.447   -103.733
60523.000   3094.000   -1.384   -103.729
60524.000   3146.000   -1.321   -103.725
60525.000   3148.000   -1.259   -103.721
60526.000   3370.000   -1.196   -103.717
60527.000   3173.000   -1.133   -103.713
60528.000   3365.000   -1.071   -103.709
60529.000   3660.000   -1.008   -103.705
60530.000   3637.000   -0.945   -103.701
60531.000   3709.000   -0.882   -103.697
60532.000   3765.000   -0.820   -103.693
60533.000   3811.000   -0.757   -103.689
60534.000   4046.000   -0.694   -103.685
60535.000   4022.000   -0.632   -103.681
60536.000   4173.000   -0.569   -103.676
60537.000   4204.000   -0.506   -103.672
60538.000   4298.000   -0.444   -103.668
60539.000   4407.000   -0.381   -103.664
60540.000   4412.000   -0.318   -103.660
60541.000   4678.000   -0.256   -103.656
60542.000   4668.000   -0.193   -103.652
60543.000   4912.000   -0.130   -103.648
60544.000   4857.000   -0.068   -103.644
60545.000   5009.000   -0.005   -103.640
60546.000   5168.000   00.058   -103.636
60547.000   5156.000   00.121   -103.632
60548.000   5269.000   00.183   -103.628
60549.000   5637.000   00.246   -103.624
60550.000   5541.000   00.309   -103.620
60551.000   5497.000   00.371   -103.616
60552.000   5574.000   00.434   -103.612
60553.000   5790.000   00.497   -103.608
60554.000   5936.000   00.559   -103.604
60555.000   5834.000   00.622   -103.600
60556.000   5891.000   00.685   -103.596
60557.000   6111.000   00.748   -103.592
60558.000   6065.000   00.810   -103.588
60559.000   6225.000   00.873   -103.584
60560.000   6186.000   00.936   -103.579
60561.000   6145.000   00.998   -103.575
60562.000   6126.000   01.061   -103.571
60563.000   6137.000   01.124   -103.567
60564.000   6051.000   01.186   -103.563
60565.000   5885.000   01.249   -103.559
60566.000   5947.000   01.312   -103.555
60567.000   5716.000   01.374   -103.551
60568.000   5529.000   01.437   -103.547
60569.000   5491.000   01.500   -103.543
60570.000   5254.000   01.563   -103.539
60571.000   5100.000   01.625   -103.535
60572.000   5111.000   01.688   -103.531
60573.000   4900.000   01.751   -103.527
60574.000   4597.000   01.813   -103.523
60575.000   4425.000   01.876   -103.519
60576.000   4325.000   01.939   -103.515
60577.000   3959.000   02.001   -103.511
60578.000   3712.000   02.064   -103.507
60579.000   3533.000   02.127   -103.503
60580.000   3317.000   02.190   -103.499
60581.000   3146.000   02.252   -103.494
60582.000   2954.000   02.315   -103.490
60583.000   2944.000   02.378   -103.486
60584.000   2753.000   02.440   -103.482
60585.000   2650.000   02.503   -103.478
60586.000   2483.000   02.566   -103.474
60587.000   2480.000   02.628   -103.470
60588.000   2344.000   02.691   -103.466
60589.000   2382.000   02.754   -103.462
60590.000   2351.000   02.817   -103.458
60591.000   2332.000   02.879   -103.454
60592.000   2262.000   02.942   -103.450
60593.000   2066.000   03.005   -103.446
60594.000   2077.000   03.067   -103.442
60595.000   1995.000   03.130   -103.438
60596.000   1983.000   03.193   -103.434
60597.000   1921.000   03.256   -103.429
60598.000   1933.000   03.318   -103.425
60599.000   1884.000   03.381   -103.421
60600.000   1846.000   03.444   -103.417
60601.000   1873.000   03.506   -103.413
60602.000   1762.000   03.569   -103.409
60603.000   1788.000   03.632   -103.405
60604.000   1753.000   03.694   -103.401
60605.000   1696.000   03.757   -103.397
60606.000   1698.000   03.820   -103.393
60607.000   1731.000   03.883   -103.389
60608.000   1686.000   03.945   -103.385
60609.000   1695.000   04.008   -103.381
60610.000   1632.000   04.071   -103.376
60611.000   1679.000   04.133   -103.372
60612.000   1643.000   04.196   -103.368
60613.000   1590.000   04.259   -103.364
60614.000   1592.000   04.322   -103.360
60615.000   1686.000   04.384   -103.356
60616.000   1552.000   04.447   -103.352
60617.000   1605.000   04.510   -103.348
60618.000   1617.000   04.572   -103.344
60619.000   1649.000   04.635   -103.340
60620.000   1609.000   04.698   -103.336
60621.000   1609.000   04.760   -103.331
60622.000   1681.000   04.823   -103.327
60623.000   1609.000   04.886   -103.323
60624.000   1637.000   04.949   -103.319
60625.000   1640.000   05.011   -103.315
60626.000   1633.000   05.074   -103.311
60627.000   1618.000   05.137   -103.307
60628.000   1623.000   05.199   -103.303
60629.000   1522.000   05.262   -103.299
60630.000   1593.000   05.325   -103.294
60631.000   1507.000   05.388   -103.290
60632.000   1599.000   05.450   -103.286
60633.000   1518.000   05.513   -103.282
60634.000   1501.000   05.576   -103.278
60635.000   1598.000   05.638   -103.274
60636.000   1573.000   05.701   -103.270
60637.000   1504.000   05.764   -103.266
60638.000   1565.000   05.827   -103.261
60639.000   1538.000   05.889   -103.257
60640.000   1580.000   05.952   -103.253
60641.000   1522.000   06.015   -103.249
60642.000   1537.000   06.077   -103.245
60643.000   1574.000   06.140   -103.241
60644.000   1516.000   06.203   -103.237
60645.000   1455.000   06.265   -103.233
60646.000   1511.000   06.328   -103.228
60647.000   1466.000   06.391   -103.224
60648.000   1569.000   06.454   -103.220
60649.000   1454.000   06.516   -103.216
60650.000   1472.000   06.579   -103.212
60651.000   1495.000   06.642   -103.208
60652.000   1533.000   06.704   -103.203
60653.000   1484.000   06.767   -103.199
60654.000   1521.000   06.830   -103.195
60655.000   1492.000   06.893   -103.191
60656.000   1410.000   06.955   -103.187
60657.000   1510.000   07.018   -103.183
60658.000   1596.000   07.081   -103.178
60659.000   1520.000   07.143   -103.174
60660.000   1481.000   07.206   -103.170
60661.000   1480.000   07.269   -103.166
60662.000   1461.000   07.332   -103.162
60663.000   1481.000   07.394   -103.158
60664.000   1494.000   07.457   -103.153
60665.000   1498.000   07.520   -103.149
60666.000   1470.000   07.582   -103.145
60667.000   1437.000   07.645   -103.141
60668.000   1424.000   07.708   -103.137
60669.000   1485.000   07.770   -103.132
60670.000   1488.000   07.833   -103.128
60671.000   1507.000   07.896   -103.124
60672.000   1564.000   07.959   -103.120
60673.000   1524.000   08.021   -103.116
60674.000   1551.000   08.084   -103.111
60675.000   1498.000   08.147   -103.107
60676.000   1509.000   08.209   -103.103
60677.000   1510.000   08.272   -103.099
60678.000   1470.000   08.335   -103.095
60679.000   1500.000   08.398   -103.090
60680.000   1451.000   08.460   -103.086
60681.000   1589.000   08.523   -103.082
60682.000   1488.000   08.586   -103.078
60683.000   1468.000   08.648   -103.073
60684.000   1477.000   08.711   -103.069
60685.000   1534.000   08.774   -103.065
60686.000   1508.000   08.836   -103.061
60687.000   1473.000   08.899   -103.056
60688.000   1510.000   08.962   -103.052
60689.000   1461.000   09.025   -103.048
60690.000   1492.000   09.087   -103.044
60691.000   1522.000   09.150   -103.039
60692.000   1458.000   09.213   -103.035
60693.000   1475.000   09.275   -103.031
60694.000   1485.000   09.338   -103.027
60695.000   1527.000   09.401   -103.022
60696.000   1501.000   09.464   -103.018
60697.000   1463.000   09.526   -103.014
60698.000   1551.000   09.589   -103.010
60699.000   1497.000   09.652   -103.005
60700.000   1551.000   09.714   -103.001
60701.000   1505.000   09.777   -102.997
60702.000   1568.000   09.840   -102.992
60703.000   1555.000   09.902   -102.988
60704.000   1581.000   09.965   -102.984
60705.000   1567.000   10.028   -102.980
60706.000   1639.000   10.091   -102.975
60707.000   1665.000   10.153   -102.971
60708.000   1727.000   10.216   -102.967
60709.000   1735.000   10.279   -102.962
60710.000   1818.000   10.341   -102.958
60711.000   1844.000   10.404   -102.954
60712.000   1872.000   10.467   -102.949
60713.000   1906.000   10.529   -102.945
60714.000   1897.000   10.592   -102.941
60715.000   1791.000   10.655   -102.936
60716.000   1838.000   10.718   -102.932
60717.000   1758.000   10.780   -102.928
60718.000   1763.000   10.843   -102.923
60719.000   1791.000   10.906   -102.919
60720.000   1284.000   10.968   -102.915
60721.000   1282.000   11.031   -102.910
60722.000   1275.000   11.094   -102.906
60723.000   1270.000   11.156   -102.902
60724.000   1313.000   11.219   -102.897
60725.000   1371.000   11.282   -102.893
60726.000   1254.000   11.345   -102.888
60727.000   1315.000   11.407   -102.884
60728.000   1275.000   11.470   -102.880
60729.000   1319.000   11.533   -102.875
60730.000   1310.000   11.595   -102.871
60731.000   1299.000   11.658   -102.866
60732.000   1332.000   11.721   -102.862
60733.000   1280.000   11.783   -102.858
60734.000   1314.000   11.846   -102.853
60735.000   1355.000   11.909   -102.849
60736.000   1327.000   11.972   -102.844
60737.000   1299.000   12.034   -102.840
60738.000   1294.000   12.097   -102.836
60739.000   1351.000   12.160   -102.831
60740.000   1308.000   12.222   -102.827
60741.000   1282.000   12.285   -102.822
60742.000   1390.000   12.348   -102.818
60743.000   1286.000   12.410   -102.813
60744.000   1339.000   12.473   -102.809
60745.000   1328.000   12.536   -102.805
60746.000   1260.000   12.598   -102.800
60747.000   1282.000   12.661   -102.796
60748.000   1332.000   12.724   -102.791
60749.000   1293.000   12.787   -102.787
60750.000   1224.000   12.849   -102.782
60751.000   1240.000   12.912   -102.778
60752.000   1237.000   12.975   -102.773
60753.000   1321.000   13.037   -102.769
60754.000   1287.000   13.100   -102.764
60755.000   1296.000   13.163   -102.760
60756.000   1250.000   13.225   -102.755
60757.000   1304.000   13.288   -102.751
60758.000   1303.000   13.351   -102.746
60759.000   1303.000   13.413   -102.742
60760.000   1303.000   13.476   -102.737
60761.000   1298.000   13.539   -102.733
60762.000   1299.000   13.601   -102.728
60763.000   1258.000   13.664   -102.724
60764.000   1307.000   13.727   -102.719
60765.000   1267.000   13.789   -102.715
60766.000   1273.000   13.852   -102.710
60767.000   1289.000   13.915   -102.706
60768.000   1303.000   13.978   -102.701
60769.000   1297.000   14.040   -102.696
60770.000   1267.000   14.103   -102.692
60771.000   1239.000   14.166   -102.687
60772.000   1331.000   14.228   -102.683
60773.000   1276.000   14.291   -102.678
60774.000   1387.000   14.354   -102.674
60775.000   1341.000   14.416   -102.669
60776.000   1329.000   14.479   -102.664
60777.000   1342.000   14.542   -102.660
60778.000   1284.000   14.604   -102.655
60779.000   1265.000   14.667   -102.651
60780.000   1339.000   14.730   -102.646
60781.000   1263.000   14.792   -102.641
60782.000   1348.000   14.855   -102.637
60783.000   1259.000   14.918   -102.632
60784.000   1308.000   14.980   -102.628
60785.000   1389.000   15.043   -102.623
60786.000   1318.000   15.106   -102.618
60787.000   1310.000   15.168   -102.614
60788.000   1273.000   15.231   -102.609
60789.000   1312.000   15.294   -102.604
60790.000   1299.000   15.356   -102.600
60791.000   1351.000   15.419   -102.595
60792.000   1283.000   15.482   -102.590
60793.000   1233.000   15.544   -102.586
60794.000   1270.000   15.607   -102.581
60795.000   1274.000   15.670   -102.576
60796.000   1309.000   15.732   -102.572
60797.000   1331.000   15.795   -102.567
60798.000   1335.000   15.858   -102.562
60799.000   1341.000   15.920   -102.557
60800.000   1341.000   15.983   -102.553
60801.000   1314.000   16.046   -102.548
60802.000   1348.000   16.108   -102.543
60803.000   1347.000   16.171   -102.539
60804.000   1303.000   16.234   -102.534
60805.000   1300.000   16.296   -102.529
60806.000   1335.000   16.359   -102.524
60807.000   1371.000   16.422   -102.520
60808.000   1347.000   16.484   -102.515
60809.000   1317.000   16.547   -102.510
60810.000   1390.000   16.610   -102.505
60811.000   1295.000   16.672   -102.500
60812.000   1268.000   16.735   -102.496
60813.000   1322.000   16.798   -102.491
60814.000   1349.000   16.860   -102.486
60815.000   1242.000   16.923   -102.481
60816.000   1313.000   16.986   -102.476
60817.000   1272.000   17.048   -102.472
60818.000   1308.000   17.111   -102.467
60819.000   1400.000   17.174   -102.462
60820.000   1334.000   17.236   -102.457
60821.000   1296.000   17.299   -102.452
60822.000   1302.000   17.362   -102.447
60823.000   1374.000   17.424   -102.443
60824.000   1290.000   17.487   -102.438
60825.000   1370.000   17.550   -102.433
60826.000   1407.000   17.612   -102.428
60827.000   1361.000   17.675   -102.423
60828.000   1355.000   17.738   -102.418
60829.000   1336.000   17.800   -102.413
60830.000   1322.000   17.863   -102.408
60831.000   1343.000   17.925   -102.404
60832.000   1319.000   17.988   -102.399
60833.000   1334.000   18.051   -102.394
60834.000   1273.000   18.113   -102.389
60835.000   1333.000   18.176   -102.384
60836.000   1306.000   18.239   -102.379
60837.000   1304.000   18.301   -102.374
60838.000   1362.000   18.364   -102.369
60839.000   1389.000   18.427   -102.364
60840.000   1299.000   18.489   -102.359
60841.000   1300.000   18.552   -102.354
60842.000   1392.000   18.615   -102.349
60843.000   1365.000   18.677   -102.344
60844.000   1328.000   18.740   -102.339
60845.000   1392.000   18.802   -102.334
60846.000   1338.000   18.865   -102.329
60847.000   1338.000   18.928   -102.324
60848.000   1409.000   18.990   -102.319
60849.000   1351.000   19.053   -102.314
60850.000   1348.000   19.116   -102.309
60851.000   1358.000   19.178   -102.304
60852.000   1322.000   19.241   -102.299
60853.000   1333.000   19.304   -102.294
60854.000   1411.000   19.366   -102.289
60855.000   1318.000   19.429   -102.284
60856.000   1406.000   19.491   -102.279
60857.000   1338.000   19.554   -102.274
60858.000   1245.000   19.617   -102.269
60859.000   1274.000   19.679   -102.264
60860.000   1344.000   19.742   -102.259
60861.000   1363.000   19.805   -102.253
60862.000   1349.000   19.867   -102.248
60863.000   1370.000   19.930   -102.243
60864.000   1344.000   19.992   -102.238
60865.000   1338.000   20.055   -102.233
60866.000   1394.000   20.118   -102.228
60867.000   1405.000   20.180   -102.223
60868.000   1346.000   20.243   -102.218
60869.000   1369.000   20.306   -102.212
60870.000   1343.000   20.368   -102.207
60871.000   1322.000   20.431   -102.202
60872.000   1352.000   20.493   -102.197
60873.000   1386.000   20.556   -102.192
60874.000   1368.000   20.619   -102.186
60875.000   1305.000   20.681   -102.181
60876.000   1416.000   20.744   -102.176
60877.000   1316.000   20.806   -102.171
60878.000   1384.000   20.869   -102.166
60879.000   1393.000   20.932   -102.160
60880.000   1432.000   20.994   -102.155
60881.000   1358.000   21.057   -102.150
60882.000   1387.000   21.119   -102.145
60883.000   1316.000   21.182   -102.139
60884.000   1351.000   21.245   -102.134
60885.000   1320.000   21.307   -102.129
60886.000   1367.000   21.370   -102.123
60887.000   1422.000   21.433   -102.118
60888.000   1350.000   21.495   -102.113
60889.000   1389.000   21.558   -102.107
60890.000   1293.000   21.620   -102.102
60891.000   1339.000   21.683   -102.097
60892.000   1375.000   21.746   -102.091
60893.000   1340.000   21.808   -102.086
60894.000   1410.000   21.871   -102.081
60895.000   1353.000   21.933   -102.075
60896.000   1369.000   21.996   -102.070
60897.000   1317.000   22.059   -102.065
60898.000   1348.000   22.121   -102.059
60899.000   1379.000   22.184   -102.054
60900.000   1426.000   22.246   -102.048
60901.000   1331.000   22.309   -102.043
60902.000   1336.000   22.371   -102.037
60903.000   1326.000   22.434   -102.032
60904.000   1406.000   22.497   -102.027
60905.000   1342.000   22.559   -102.021
60906.000   1341.000   22.622   -102.016
60907.000   1356.000   22.684   -102.010
60908.000   1371.000   22.747   -102.005
60909.000   1352.000   22.810   -101.999
60910.000   1367.000   22.872   -101.994
60911.000   1353.000   22.935   -101.988
60912.000   1348.000   22.997   -101.983
60913.000   1366.000   23.060   -101.977
60914.000   1321.000   23.122   -101.972
60915.000   1437.000   23.185   -101.966
60916.000   1339.000   23.248   -101.961
60917.000   1336.000   23.310   -101.955
60918.000   1349.000   23.373   -101.949
60919.000   1420.000   23.435   -101.944
60920.000   1321.000   23.498   -101.938
60921.000   1349.000   23.561   -101.933
60922.000   1344.000   23.623   -101.927
60923.000   1321.000   23.686   -101.921
60924.000   1356.000   23.748   -101.916
60925.000   1408.000   23.811   -101.910
60926.000   1388.000   23.873   -101.905
60927.000   1371.000   23.936   -101.899
60928.000   1366.000   23.998   -101.893
60929.000   1331.000   24.061   -101.888
60930.000   1416.000   24.124   -101.882
60931.000   1345.000   24.186   -101.876
60932.000   1360.000   24.249   -101.870
60933.000   1367.000   24.311   -101.865
60934.000   1381.000   24.374   -101.859
60935.000   1401.000   24.436   -101.853
60936.000   1393.000   24.499   -101.848
60937.000   1397.000   24.562   -101.842
60938.000   1452.000   24.624   -101.836
60939.000   1378.000   24.687   -101.830
60940.000   1428.000   24.749   -101.824
60941.000   1337.000   24.812   -101.819
60942.000   1410.000   24.874   -101.813
60943.000   1389.000   24.937   -101.807
60944.000   1387.000   24.999   -101.801
60945.000   1415.000   25.062   -101.795
60946.000   1361.000   25.124   -101.790
60947.000   1378.000   25.187   -101.784
60948.000   1349.000   25.250   -101.778
60949.000   1345.000   25.312   -101.772
60950.000   1378.000   25.375   -101.766
60951.000   1378.000   25.437   -101.760
60952.000   1373.000   25.500   -101.754
60953.000   1395.000   25.562   -101.748
60954.000   1363.000   25.625   -101.742
60955.000   1402.000   25.687   -101.737
60956.000   1368.000   25.750   -101.731
60957.000   1370.000   25.812   -101.725
60958.000   1391.000   25.875   -101.719
60959.000   1402.000   25.937   -101.713
60960.000   1435.000   26.000   -101.707
60961.000   1370.000   26.063   -101.701
60962.000   1345.000   26.125   -101.695
60963.000   1340.000   26.188   -101.689
60964.000   1393.000   26.250   -101.683
60965.000   1427.000   26.313   -101.677
60966.000   1433.000   26.375   -101.671
60967.000   1437.000   26.438   -101.664
60968.000   1371.000   26.500   -101.658
60969.000   1412.000   26.563   -101.652
60970.000   1364.000   26.625   -101.646
60971.000   1345.000   26.688   -101.640
60972.000   1355.000   26.750   -101.634
60973.000   1336.000   26.813   -101.628
60974.000   1380.000   26.875   -101.622
60975.000   1361.000   26.938   -101.616
60976.000   1417.000   27.000   -101.609
60977.000   1381.000   27.063   -101.603
60978.000   1379.000   27.125   -101.597
60979.000   1390.000   27.188   -101.591
60980.000   1413.000   27.250   -101.585
60981.000   1355.000   27.313   -101.578
60982.000   1363.000   27.375   -101.572
60983.000   1378.000   27.438   -101.566
60984.000   1418.000   27.500   -101.560
60985.000   1414.000   27.563   -101.553
60986.000   1409.000   27.625   -101.547
60987.000   1364.000   27.688   -101.541
60988.000   1413.000   27.750   -101.535
60989.000   1455.000   27.813   -101.528
60990.000   1405.000   27.875   -101.522
60991.000   1454.000   27.938   -101.516
60992.000   1502.000   28.000   -101.509
60993.000   1468.000   28.063   -101.503
60994.000   1418.000   28.125   -101.496
60995.000   1412.000   28.188   -101.490
60996.000   1387.000   28.250   -101.484
60997.000   1384.000   28.313   -101.477
60998.000   1436.000   28.375   -101.471
60999.000   1401.000   28.438   -101.464
61000.000   1470.000   28.500   -101.458
61001.000   1476.000   28.563   -101.451
61002.000   1468.000   28.625   -101.445
61003.000   1434.000   28.688   -101.438
61004.000   1438.000   28.750   -101.432
61005.000   1448.000   28.813   -101.425
61006.000   1437.000   28.875   -101.419
61007.000   1414.000   28.937   -101.412
61008.000   1436.000   29.000   -101.406
61009.000   1446.000   29.062   -101.399
61010.000   1401.000   29.125   -101.393
61011.000   1450.000   29.187   -101.386
61012.000   1485.000   29.250   -101.379
61013.000   1401.000   29.312   -101.373
61014.000   1450.000   29.375   -101.366
61015.000   1469.000   29.437   -101.360
61016.000   1532.000   29.500   -101.353
61017.000   1531.000   29.562   -101.346
61018.000   1484.000   29.625   -101.340
61019.000   1462.000   29.687   -101.333
61020.000   1452.000   29.749   -101.326
61021.000   1504.000   29.812   -101.319
61022.000   1445.000   29.874   -101.313
61023.000   1489.000   29.937   -101.306
61024.000   1452.000   29.999   -101.299
61025.000   1482.000   30.062   -101.292
61026.000   1529.000   30.124   -101.286
61027.000   1455.000   30.187   -101.279
61028.000   1554.000   30.249   -101.272
61029.000   1435.000   30.311   -101.265
61030.000   1501.000   30.374   -101.258
61031.000   1517.000   30.436   -101.251
61032.000   1473.000   30.499   -101.245
61033.000   1476.000   30.561   -101.238
61034.000   1494.000   30.624   -101.231
61035.000   1369.000   30.686   -101.224
61036.000   1492.000   30.748   -101.217
61037.000   1513.000   30.811   -101.210
61038.000   1420.000   30.873   -101.203
61039.000   1435.000   30.936   -101.196
61040.000   1461.000   30.998   -101.189
61041.000   1451.000   31.061   -101.182
61042.000   1419.000   31.123   -101.175
61043.000   1475.000   31.185   -101.168
61044.000   1473.000   31.248   -101.161
61045.000   1511.000   31.310   -101.154
61046.000   1414.000   31.373   -101.147
61047.000   1447.000   31.435   -101.140
61048.000   1468.000   31.497   -101.133
61049.000   1424.000   31.560   -101.125
61050.000   1427.000   31.622   -101.118
61051.000   1412.000   31.685   -101.111
61052.000   1472.000   31.747   -101.104
61053.000   1360.000   31.809   -101.097
61054.000   1440.000   31.872   -101.090
61055.000   1501.000   31.934   -101.082
61056.000   1447.000   31.997   -101.075
61057.000   1451.000   32.059   -101.068
61058.000   1385.000   32.121   -101.061
61059.000   1455.000   32.184   -101.053
61060.000   1476.000   32.246   -101.046
61061.000   1523.000   32.309   -101.039
61062.000   1475.000   32.371   -101.031
61063.000   1518.000   32.433   -101.024
61064.000   1495.000   32.496   -101.017
61065.000   1431.000   32.558   -101.009
61066.000   1497.000   32.621   -101.002
61067.000   1403.000   32.683   -100.995
61068.000   1437.000   32.745   -100.987
61069.000   1515.000   32.808   -100.980
61070.000   1426.000   32.870   -100.972
61071.000   1484.000   32.932   -100.965
61072.000   1402.000   32.995   -100.957
61073.000   1483.000   33.057   -100.950
61074.000   1412.000   33.120   -100.942
61075.000   1457.000   33.182   -100.935
61076.000   1421.000   33.244   -100.927
61077.000   1431.000   33.307   -100.920
61078.000   1485.000   33.369   -100.912
61079.000   1410.000   33.431   -100.904
61080.000   1489.000   33.494   -100.897
61081.000   1449.000   33.556   -100.889
61082.000   1529.000   33.618   -100.882
61083.000   1413.000   33.681   -100.874
61084.000   1485.000   33.743   -100.866
61085.000   1484.000   33.805   -100.858
61086.000   1429.000   33.868   -100.851
61087.000   1452.000   33.930   -100.843
61088.000   1430.000   33.992   -100.835
61089.000   1509.000   34.055   -100.827
61090.000   1413.000   34.117   -100.820
61091.000   1535.000   34.180   -100.812
61092.000   1466.000   34.242   -100.804
61093.000   1473.000   34.304   -100.796
61094.000   1445.000   34.367   -100.788
61095.000   1519.000   34.429   -100.780
61096.000   1503.000   34.491   -100.773
61097.000   1424.000   34.553   -100.765
61098.000   1507.000   34.616   -100.757
61099.000   1450.000   34.678   -100.749
61100.000   1480.000   34.740   -100.741
61101.000   1486.000   34.803   -100.733
61102.000   1540.000   34.865   -100.725
61103.000   1461.000   34.927   -100.717
61104.000   1573.000   34.990   -100.709
61105.000   1445.000   35.052   -100.701
61106.000   1456.000   35.114   -100.693
61107.000   1465.000   35.177   -100.685
61108.000   1494.000   35.239   -100.676
61109.000   1467.000   35.301   -100.668
61110.000   1498.000   35.364   -100.660
61111.000   1486.000   35.426   -100.652
61112.000   1550.000   35.488   -100.644
61113.000   1485.000   35.550   -100.636
61114.000   1525.000   35.613   -100.627
61115.000   1413.000   35.675   -100.619
61116.000   1495.000   35.737   -100.611
61117.000   1532.000   35.800   -100.602
61118.000   1500.000   35.862   -100.594
61119.000   1620.000   35.924   -100.586
61120.000   1451.000   35.986   -100.578
61121.000   1481.000   36.049   -100.569
61122.000   1493.000   36.111   -100.561
61123.000   1531.000   36.173   -100.552
61124.000   1563.000   36.236   -100.544
61125.000   1479.000   36.298   -100.535
61126.000   1446.000   36.360   -100.527
61127.000   1526.000   36.422   -100.519
61128.000   1508.000   36.485   -100.510
61129.000   1526.000   36.547   -100.501
61130.000   1449.000   36.609   -100.493
61131.000   1546.000   36.671   -100.484
61132.000   1543.000   36.734   -100.476
61133.000   1486.000   36.796   -100.467
61134.000   1538.000   36.858   -100.459
61135.000   1511.000   36.920   -100.450
61136.000   1574.000   36.983   -100.441
61137.000   1502.000   37.045   -100.433
61138.000   1553.000   37.107   -100.424
61139.000   1597.000   37.169   -100.415
61140.000   1592.000   37.232   -100.406
61141.000   1545.000   37.294   -100.398
61142.000   1626.000   37.356   -100.389
61143.000   1545.000   37.418   -100.380
61144.000   1541.000   37.481   -100.371
61145.000   1578.000   37.543   -100.362
61146.000   1632.000   37.605   -100.353
61147.000   1686.000   37.667   -100.344
61148.000   1712.000   37.730   -100.336
61149.000   1764.000   37.792   -100.327
61150.000   1794.000   37.854   -100.318
61151.000   1899.000   37.916   -100.309
61152.000   1975.000   37.978   -100.300
61153.000   1920.000   38.041   -100.291
61154.000   2049.000   38.103   -100.281
61155.000   2080.000   38.165   -100.272
61156.000   2177.000   38.227   -100.263
61157.000   2149.000   38.290   -100.254
61158.000   2320.000   38.352   -100.245
61159.000   2277.000   38.414   -100.236
61160.000   2534.000   38.476   -100.227
61161.000   2469.000   38.538   -100.217
61162.000   2587.000   38.601   -100.208
61163.000   2757.000   38.663   -100.199
61164.000   2811.000   38.725   -100.190
61165.000   2919.000   38.787   -100.180
61166.000   2867.000   38.849   -100.171
61167.000   2882.000   38.911   -100.162
61168.000   2976.000   38.974   -100.152
61169.000   3012.000   39.036   -100.143
61170.000   3117.000   39.098   -100.133
61171.000   3183.000   39.160   -100.124
61172.000   3164.000   39.222   -100.114
61173.000   3164.000   39.285   -100.105
61174.000   2996.000   39.347   -100.095
61175.000   3077.000   39.409   -100.086
61176.000   3190.000   39.471   -100.076
61177.000   3212.000   39.533   -100.067
61178.000   3155.000   39.595   -100.057
61179.000   3229.000   39.657   -100.047
61180.000   3177.000   39.720   -100.038
61181.000   3174.000   39.782   -100.028
61182.000   3058.000   39.844   -100.018
61183.000   3136.000   39.906   -100.009
61184.000   2984.000   39.968   -99.999
61185.000   3043.000   40.030   -99.989
61186.000   2970.000   40.093   -99.979
61187.000   3112.000   40.155   -99.969
61188.000   2954.000   40.217   -99.959
61189.000   2872.000   40.279   -99.950
61190.000   2808.000   40.341   -99.940
61191.000   2736.000   40.403   -99.930
61192.000   2823.000   40.465   -99.920
61193.000   2784.000   40.527   -99.910
61194.000   2720.000   40.590   -99.900
61195.000   2632.000   40.652   -99.890
61196.000   2679.000   40.714   -99.880
61197.000   2598.000   40.776   -99.869
61198.000   2546.000   40.838   -99.859
61199.000   2500.000   40.900   -99.849
61200.000   2329.000   40.962   -99.839
61201.000   2326.000   41.024   -99.829
61202.000   2295.000   41.086   -99.819
61203.000   2212.000   41.149   -99.808
61204.000   2263.000   41.211   -99.798
61205.000   2247.000   41.273   -99.788
61206.000   2209.000   41.335   -99.777
61207.000   2148.000   41.397   -99.767
61208.000   2215.000   41.459   -99.756
61209.000   2073.000   41.521   -99.746
61210.000   2075.000   41.583   -99.736
61211.000   2134.000   41.645   -99.725
61212.000   2052.000   41.707   -99.715
61213.000   2052.000   41.769   -99.704
61214.000   1982.000   41.831   -99.693
61215.000   2039.000   41.893   -99.683
61216.000   1855.000   41.956   -99.672
61217.000   1916.000   42.018   -99.662
61218.000   1922.000   42.080   -99.651
61219.000   1876.000   42.142   -99.640
61220.000   1849.000   42.204   -99.629
61221.000   1881.000   42.266   -99.619
61222.000   1860.000   42.328   -99.608
61223.000   1847.000   42.390   -99.597
61224.000   1795.000   42.452   -99.586
61225.000   1760.000   42.514   -99.575
61226.000   1863.000   42.576   -99.564
61227.000   1804.000   42.638   -99.553
61228.000   1764.000   42.700   -99.542
61229.000   1803.000   42.762   -99.531
61230.000   1752.000   42.824   -99.520
61231.000   1748.000   42.886   -99.509
61232.000   1781.000   42.948   -99.498
61233.000   1729.000   43.010   -99.487
61234.000   1666.000   43.072   -99.476
61235.000   1737.000   43.134   -99.465
61236.000   1697.000   43.196   -99.453
61237.000   1715.000   43.258   -99.442
61238.000   1728.000   43.320   -99.431
61239.000   1641.000   43.382   -99.419
61240.000   1679.000   43.444   -99.408
61241.000   1563.000   43.506   -99.397
61242.000   1616.000   43.568   -99.385
61243.000   1657.000   43.630   -99.374
61244.000   1637.000   43.692   -99.362
61245.000   1528.000   43.754   -99.351
61246.000   1615.000   43.816   -99.339
61247.000   1600.000   43.878   -99.328
61248.000   1570.000   43.940   -99.316
61249.000   1607.000   44.002   -99.304
61250.000   1584.000   44.064   -99.293
61251.000   1556.000   44.126   -99.281
61252.000   1556.000   44.188   -99.269
61253.000   1578.000   44.250   -99.258
61254.000   1561.000   44.312   -99.246
61255.000   1628.000   44.374   -99.234
61256.000   1547.000   44.436   -99.222
61257.000   1571.000   44.498   -99.210
61258.000   1638.000   44.560   -99.198
61259.000   1521.000   44.622   -99.186
61260.000   1564.000   44.684   -99.174
61261.000   1590.000   44.746   -99.162
61262.000   1518.000   44.808   -99.150
61263.000   1545.000   44.869   -99.138
61264.000   1488.000   44.931   -99.126
61265.000   1550.000   44.993   -99.114
61266.000   1541.000   45.055   -99.101
61267.000   1582.000   45.117   -99.089
61268.000   1516.000   45.179   -99.077
61269.000   1507.000   45.241   -99.064
61270.000   1559.000   45.303   -99.052
61271.000   1527.000   45.365   -99.040
61272.000   1579.000   45.427   -99.027
61273.000   1588.000   45.489   -99.015
61274.000   1458.000   45.550   -99.002
61275.000   1503.000   45.612   -98.990
61276.000   1421.000   45.674   -98.977
61277.000   1420.000   45.736   -98.964
61278.000   1497.000   45.798   -98.952
61279.000   1443.000   45.860   -98.939
61280.000   1471.000   45.922   -98.926
61281.000   1471.000   45.984   -98.914
61282.000   1424.000   46.046   -98.901
61283.000   1434.000   46.107   -98.888
61284.000   1493.000   46.169   -98.875
61285.000   1561.000   46.231   -98.862
61286.000   1500.000   46.293   -98.849
61287.000   1471.000   46.355   -98.836
61288.000   1492.000   46.417   -98.823
61289.000   1544.000   46.479   -98.810
61290.000   1573.000   46.540   -98.797
61291.000   1583.000   46.602   -98.784
61292.000   1566.000   46.664   -98.771
61293.000   1558.000   46.726   -98.757
61294.000   1613.000   46.788   -98.744
61295.000   1494.000   46.850   -98.731
61296.000   1568.000   46.911   -98.717
61297.000   1616.000   46.973   -98.704
61298.000   1614.000   47.035   -98.691
61299.000   1649.000   47.097   -98.677
61300.000   1602.000   47.159   -98.664
61301.000   1642.000   47.220   -98.650
61302.000   1625.000   47.282   -98.636
61303.000   1699.000   47.344   -98.623
61304.000   1751.000   47.406   -98.609
61305.000   1813.000   47.468   -98.595
61306.000   1729.000   47.529   -98.582
61307.000   1800.000   47.591   -98.568
61308.000   1856.000   47.653   -98.554
61309.000   1852.000   47.715   -98.540
61310.000   1879.000   47.777   -98.526
61311.000   1959.000   47.838   -98.512
61312.000   1994.000   47.900   -98.498
61313.000   2037.000   47.962   -98.484
61314.000   2028.000   48.024   -98.470
61315.000   2068.000   48.085   -98.456
61316.000   2028.000   48.147   -98.441
61317.000   2094.000   48.209   -98.427
61318.000   2153.000   48.271   -98.413
61319.000   2256.000   48.332   -98.399
61320.000   2270.000   48.394   -98.384
61321.000   2204.000   48.456   -98.370
61322.000   2457.000   48.518   -98.355
61323.000   2367.000   48.579   -98.341
61324.000   2375.000   48.641   -98.326
61325.000   2503.000   48.703   -98.312
61326.000   2505.000   48.764   -98.297
61327.000   2576.000   48.826   -98.282
61328.000   2641.000   48.888   -98.268
61329.000   2531.000   48.950   -98.253
61330.000   2690.000   49.011   -98.238
61331.000   2800.000   49.073   -98.223
61332.000   2672.000   49.135   -98.208
61333.000   2870.000   49.196   -98.193
61334.000   2941.000   49.258   -98.178
61335.000   3027.000   49.320   -98.163
61336.000   2924.000   49.381   -98.148
61337.000   3033.000   49.443   -98.133
61338.000   3138.000   49.505   -98.118
61339.000   3142.000   49.566   -98.102
61340.000   3274.000   49.628   -98.087
61341.000   3271.000   49.690   -98.072
61342.000   3345.000   49.751   -98.056
61343.000   3458.000   49.813   -98.041
61344.000   3471.000   49.875   -98.025
61345.000   3614.000   49.936   -98.010
61346.000   3738.000   49.998   -97.994
61347.000   3728.000   50.060   -97.978
61348.000   3842.000   50.121   -97.963
61349.000   4045.000   50.183   -97.947
61350.000   4012.000   50.244   -97.931
61351.000   4062.000   50.306   -97.915
61352.000   4176.000   50.368   -97.899
61353.000   4337.000   50.429   -97.883
61354.000   4494.000   50.491   -97.867
61355.000   4497.000   50.552   -97.851
61356.000   4658.000   50.614   -97.835
61357.000   4708.000   50.676   -97.819
61358.000   4801.000   50.737   -97.803
61359.000   4943.000   50.799   -97.786
61360.000   4975.000   50.860   -97.770
61361.000   5161.000   50.922   -97.754
61362.000   5146.000   50.984   -97.737
61363.000   5407.000   51.045   -97.721
61364.000   5470.000   51.107   -97.704
61365.000   5650.000   51.168   -97.688
61366.000   5707.000   51.230   -97.671
61367.000   5809.000   51.291   -97.654
61368.000   5847.000   51.353   -97.637
61369.000   6038.000   51.414   -97.621
61370.000   6079.000   51.476   -97.604
61371.000   6299.000   51.537   -97.587
61372.000   6358.000   51.599   -97.570
61373.000   6587.000   51.660   -97.553
61374.000   6762.000   51.722   -97.536
61375.000   6946.000   51.783   -97.518
61376.000   6977.000   51.845   -97.501
61377.000   7093.000   51.906   -97.484
61378.000   7216.000   51.968   -97.466
61379.000   7288.000   52.029   -97.449
61380.000   7416.000   52.091   -97.432
61381.000   7538.000   52.152   -97.414
61382.000   7657.000   52.214   -97.396
61383.000   7701.000   52.275   -97.379
61384.000   7884.000   52.337   -97.361
61385.000   7946.000   52.398   -97.343
61386.000   8017.000   52.460   -97.325
61387.000   8058.000   52.521   -97.308
61388.000   8165.000   52.583   -97.290
61389.000   8319.000   52.644   -97.272
61390.000   8417.000   52.706   -97.253
61391.000   8604.000   52.767   -97.235
61392.000   8676.000   52.828   -97.217
61393.000   8847.000   52.890   -97.199
61394.000   8867.000   52.951   -97.181
61395.000   9154.000   53.013   -97.162
61396.000   8990.000   53.074   -97.144
61397.000   9313.000   53.135   -97.125
61398.000   9440.000   53.197   -97.107
61399.000   9731.000   53.258   -97.088
61400.000   9668.000   53.320   -97.069
61401.000   9714.000   53.381   -97.050
61402.000   9791.000   53.442   -97.032
61403.000   10023.000   53.504   -97.013
61404.000   10087.000   53.565   -96.994
61405.000   10161.000   53.627   -96.975
61406.000   10296.000   53.688   -96.955
61407.000   10300.000   53.749   -96.936
61408.000   10680.000   53.811   -96.917
61409.000   10694.000   53.872   -96.898
61410.000   10906.000   53.933   -96.878
61411.000   10838.000   53.995   -96.859
61412.000   10900.000   54.056   -96.839
61413.000   11164.000   54.117   -96.820
61414.000   11272.000   54.179   -96.800
61415.000   11460.000   54.240   -96.780
61416.000   11561.000   54.301   -96.760
61417.000   11740.000   54.362   -96.741
61418.000   11924.000   54.424   -96.721
61419.000   12034.000   54.485   -96.701
61420.000   12161.000   54.546   -96.680
61421.000   12282.000   54.608   -96.660
61422.000   12406.000   54.669   -96.640
61423.000   12488.000   54.730   -96.620
61424.000   12456.000   54.791   -96.599
61425.000   12582.000   54.853   -96.579
61426.000   12499.000   54.914   -96.558
61427.000   12709.000   54.975   -96.538
61428.000   12753.000   55.036   -96.517
61429.000   12700.000   55.098   -96.496
61430.000   12830.000   55.159   -96.475
61431.000   12868.000   55.220   -96.454
61432.000   13102.000   55.281   -96.433
61433.000   12982.000   55.342   -96.412
61434.000   13027.000   55.404   -96.391
61435.000   13065.000   55.465   -96.370
61436.000   12971.000   55.526   -96.349
61437.000   12871.000   55.587   -96.327
61438.000   12921.000   55.648   -96.306
61439.000   12668.000   55.710   -96.284
61440.000   12558.000   55.771   -96.263
61441.000   12643.000   55.832   -96.241
61442.000   12583.000   55.893   -96.219
61443.000   12514.000   55.954   -96.197
61444.000   12424.000   56.015   -96.175
61445.000   12389.000   56.076   -96.153
61446.000   12243.000   56.138   -96.131
61447.000   11944.000   56.199   -96.109
61448.000   12103.000   56.260   -96.087
61449.000   11901.000   56.321   -96.064
61450.000   11926.000   56.382   -96.042
61451.000   11703.000   56.443   -96.019
61452.000   11462.000   56.504   -95.997
61453.000   11357.000   56.565   -95.974
61454.000   11301.000   56.626   -95.951
61455.000   11227.000   56.687   -95.928
61456.000   11370.000   56.748   -95.905
61457.000   11101.000   56.809   -95.882
61458.000   11382.000   56.870   -95.859
61459.000   11331.000   56.932   -95.836
61460.000   12036.000   56.993   -95.812
61461.000   13360.000   57.054   -95.789
61462.000   13059.000   57.115   -95.765
61463.000   13232.000   57.176   -95.742
61464.000   12914.000   57.237   -95.718
61465.000   12764.000   57.298   -95.694
61466.000   12527.000   57.359   -95.670
61467.000   12064.000   57.420   -95.646
61468.000   11375.000   57.481   -95.622
61469.000   11090.000   57.542   -95.598
61470.000   11104.000   57.603   -95.574
61471.000   10878.000   57.663   -95.550
61472.000   10812.000   57.724   -95.525
61473.000   10721.000   57.785   -95.501
61474.000   10948.000   57.846   -95.476
61475.000   11095.000   57.907   -95.451
61476.000   11269.000   57.968   -95.426
61477.000   11203.000   58.029   -95.401
61478.000   10343.000   58.090   -95.376
61479.000   9906.000   58.151   -95.351
61480.000   10006.000   58.212   -95.326
61481.000   9982.000   58.273   -95.301
61482.000   9865.000   58.334   -95.275
61483.000   9855.000   58.394   -95.250
61484.000   9465.000   58.455   -95.224
61485.000   8942.000   58.516   -95.198
61486.000   8611.000   58.577   -95.172
61487.000   8381.000   58.638   -95.147
61488.000   8053.000   58.699   -95.120
61489.000   8175.000   58.759   -95.094
61490.000   8099.000   58.820   -95.068
61491.000   8328.000   58.881   -95.042
61492.000   8324.000   58.942   -95.015
61493.000   8231.000   59.003   -94.989
61494.000   8038.000   59.063   -94.962
61495.000   7838.000   59.124   -94.935
61496.000   7800.000   59.185   -94.908
61497.000   7668.000   59.246   -94.881
61498.000   7569.000   59.306   -94.854
61499.000   7289.000   59.367   -94.827
61500.000   7336.000   59.428   -94.799
61501.000   7285.000   59.489   -94.772
61502.000   7057.000   59.549   -94.744
61503.000   6972.000   59.610   -94.717
61504.000   6810.000   59.671   -94.689
61505.000   6867.000   59.731   -94.661
61506.000   6791.000   59.792   -94.633
61507.000   6793.000   59.853   -94.605
61508.000   6774.000   59.914   -94.576
61509.000   6531.000   59.974   -94.548
61510.000   6490.000   60.035   -94.519
61511.000   6444.000   60.095   -94.491
61512.000   6226.000   60.156   -94.462
61513.000   6415.000   60.217   -94.433
61514.000   6445.000   60.277   -94.404
61515.000   6536.000   60.338   -94.375
61516.000   6509.000   60.399   -94.346
61517.000   6554.000   60.459   -94.316
61518.000   6759.000   60.520   -94.287
61519.000   6629.000   60.580   -94.257
61520.000   6455.000   60.641   -94.227
61521.000   6596.000   60.701   -94.198
61522.000   6469.000   60.762   -94.167
61523.000   6404.000   60.822   -94.137
61524.000   6099.000   60.883   -94.107
61525.000   5961.000   60.943   -94.077
61526.000   6026.000   61.004   -94.046
61527.000   5931.000   61.064   -94.015
61528.000   5756.000   61.125   -93.985
61529.000   5837.000   61.185   -93.954
61530.000   5693.000   61.246   -93.923
61531.000   5543.000   61.306   -93.891
61532.000   5450.000   61.367   -93.860
61533.000   5386.000   61.427   -93.829
61534.000   5355.000   61.488   -93.797
61535.000   5478.000   61.548   -93.765
61536.000   5322.000   61.608   -93.733
61537.000   5099.000   61.669   -93.701
61538.000   5006.000   61.729   -93.669
61539.000   5133.000   61.790   -93.637
61540.000   5076.000   61.850   -93.604
61541.000   4971.000   61.910   -93.572
61542.000   4724.000   61.971   -93.539
61543.000   4881.000   62.031   -93.506
61544.000   4726.000   62.091   -93.473
61545.000   4748.000   62.152   -93.440
61546.000   4680.000   62.212   -93.407
61547.000   4642.000   62.272   -93.373
61548.000   4466.000   62.332   -93.339
61549.000   4462.000   62.393   -93.306
61550.000   4517.000   62.453   -93.272
61551.000   4520.000   62.513   -93.238
61552.000   4269.000   62.573   -93.203
61553.000   4361.000   62.634   -93.169
61554.000   4153.000   62.694   -93.134
61555.000   4179.000   62.754   -93.100
61556.000   4127.000   62.814   -93.065
61557.000   4190.000   62.874   -93.030
61558.000   4142.000   62.935   -92.995
61559.000   4169.000   62.995   -92.959
61560.000   3992.000   63.055   -92.924
61561.000   4109.000   63.115   -92.888
61562.000   4067.000   63.175   -92.852
61563.000   4053.000   63.235   -92.816
61564.000   4044.000   63.295   -92.780
61565.000   4106.000   63.355   -92.743
61566.000   4068.000   63.415   -92.707
61567.000   4415.000   63.475   -92.670
61568.000   4309.000   63.536   -92.633
61569.000   4572.000   63.596   -92.596
61570.000   4495.000   63.656   -92.559
61571.000   4666.000   63.716   -92.522
61572.000   4729.000   63.776   -92.484
61573.000   4714.000   63.836   -92.446
61574.000   4595.000   63.895   -92.409
61575.000   4470.000   63.955   -92.370
61576.000   4348.000   64.015   -92.332
61577.000   4228.000   64.075   -92.294
61578.000   4210.000   64.135   -92.255
61579.000   4026.000   64.195   -92.216
61580.000   3585.000   64.255   -92.177
61581.000   3470.000   64.315   -92.138
61582.000   3499.000   64.375   -92.099
61583.000   3249.000   64.435   -92.059
61584.000   3146.000   64.494   -92.019
61585.000   3238.000   64.554   -91.979
61586.000   3211.000   64.614   -91.939
61587.000   3293.000   64.674   -91.899
61588.000   4131.000   64.734   -91.858
61589.000   6042.000   64.793   -91.817
61590.000   7073.000   64.853   -91.776
61591.000   8004.000   64.913   -91.735
61592.000   9418.000   64.973   -91.694
61593.000   9960.000   65.032   -91.652
61594.000   8824.000   65.092   -91.611
61595.000   7111.000   65.152   -91.569
61596.000   6318.000   65.211   -91.526
61597.000   5716.000   65.271   -91.484
61598.000   5261.000   65.331   -91.441
61599.000   5614.000   65.390   -91.399
61600.000   5566.000   65.450   -91.356
61601.000   4703.000   65.509   -91.312
61602.000   4253.000   65.569   -91.269
61603.000   3634.000   65.629   -91.225
61604.000   3207.000   65.688   -91.181
61605.000   3024.000   65.748   -91.137
61606.000   2757.000   65.807   -91.093
61607.000   2570.000   65.867   -91.048
61608.000   2397.000   65.926   -91.004
61609.000   2346.000   65.986   -90.959
61610.000   2320.000   66.045   -90.913
61611.000   2184.000   66.104   -90.868
61612.000   2183.000   66.164   -90.822
61613.000   2146.000   66.223   -90.776
61614.000   2115.000   66.283   -90.730
61615.000   2044.000   66.342   -90.684
61616.000   2068.000   66.401   -90.637
61617.000   1966.000   66.461   -90.590
61618.000   1957.000   66.520   -90.543
61619.000   1987.000   66.579   -90.496
61620.000   1974.000   66.638   -90.448
61621.000   1893.000   66.698   -90.400
61622.000   1995.000   66.757   -90.352
61623.000   2012.000   66.816   -90.304
61624.000   1959.000   66.875   -90.255
61625.000   1994.000   66.935   -90.206
61626.000   1975.000   66.994   -90.157
61627.000   2013.000   67.053   -90.108
61628.000   1914.000   67.112   -90.058
61629.000   1920.000   67.171   -90.008
61630.000   1885.000   67.230   -89.958
61631.000   1939.000   67.289   -89.907
61632.000   1884.000   67.348   -89.857
61633.000   1888.000   67.407   -89.806
61634.000   1994.000   67.466   -89.754
61635.000   1949.000   67.525   -89.703
61636.000   1886.000   67.584   -89.651
61637.000   1857.000   67.643   -89.599
61638.000   1973.000   67.702   -89.546
61639.000   1913.000   67.761   -89.494
61640.000   1945.000   67.820   -89.441
61641.000   1943.000   67.879   -89.388
61642.000   1888.000   67.938   -89.334
61643.000   1895.000   67.996   -89.280
61644.000   1932.000   68.055   -89.226
61645.000   1853.000   68.114   -89.172
61646.000   1867.000   68.173   -89.117
61647.000   1867.000   68.232   -89.062
61648.000   1903.000   68.290   -89.007
61649.000   1881.000   68.349   -88.951
61650.000   1854.000   68.408   -88.895
61651.000   1839.000   68.466   -88.839
61652.000   1868.000   68.525   -88.782
61653.000   1859.000   68.584   -88.725
61654.000   1830.000   68.642   -88.668
61655.000   1780.000   68.701   -88.611
61656.000   1822.000   68.759   -88.553
61657.000   1814.000   68.818   -88.494
61658.000   1759.000   68.876   -88.436
61659.000   1848.000   68.935   -88.377
61660.000   1799.000   68.993   -88.318
61661.000   1804.000   69.052   -88.258
61662.000   1740.000   69.110   -88.199
61663.000   1800.000   69.168   -88.138
61664.000   1780.000   69.227   -88.078
61665.000   1732.000   69.285   -88.017
61666.000   1767.000   69.343   -87.956
61667.000   1778.000   69.402   -87.894
61668.000   1786.000   69.460   -87.832
61669.000   1833.000   69.518   -87.770
61670.000   1886.000   69.576   -87.707
61671.000   1825.000   69.634   -87.644
61672.000   1866.000   69.693   -87.581
61673.000   1856.000   69.751   -87.517
61674.000   1824.000   69.809   -87.453
61675.000   1846.000   69.867   -87.388
61676.000   1762.000   69.925   -87.324
61677.000   1790.000   69.983   -87.258
61678.000   1870.000   70.041   -87.193
61679.000   1867.000   70.099   -87.127
62160.000   2329.000   76.206   37.268
