Time range: [ 13:16:01.000  14:01:26.000 ]
Time range duration: 45.0 min, 25.0 sec
Longitude range: [ 212.0  1451.0 ]
47761.000   19200.000   8916.000   1451.000   -78.506   -90.298
47762.000   19197.000   9134.000   1553.000   -78.459   -90.100
47763.000   19209.000   9425.000   1566.000   -78.412   -89.903
47764.000   19225.000   9647.000   1613.000   -78.364   -89.708
47765.000   19167.000   9646.000   1730.000   -78.317   -89.515
47766.000   19204.000   9866.000   1795.000   -78.269   -89.323
47767.000   19023.000   10242.000   1868.000   -78.222   -89.132
47768.000   18825.000   10160.000   1952.000   -78.174   -88.943
47769.000   18939.000   10337.000   1980.000   -78.126   -88.756
47770.000   18649.000   10501.000   2041.000   -78.078   -88.570
47771.000   18627.000   10832.000   2176.000   -78.029   -88.386
47772.000   18347.000   11046.000   2251.000   -77.981   -88.203
47773.000   18302.000   11156.000   2369.000   -77.933   -88.022
47774.000   18362.000   11192.000   2434.000   -77.884   -87.842
47775.000   17892.000   11510.000   2462.000   -77.835   -87.664
47776.000   17678.000   11665.000   2599.000   -77.786   -87.487
47777.000   17607.000   11789.000   2648.000   -77.737   -87.311
47778.000   17355.000   11821.000   2707.000   -77.688   -87.137
47779.000   17098.000   12062.000   2821.000   -77.639   -86.964
47780.000   16925.000   12080.000   2962.000   -77.590   -86.793
47781.000   16554.000   12245.000   3159.000   -77.540   -86.623
47782.000   16564.000   12578.000   3137.000   -77.491   -86.454
47783.000   15963.000   12697.000   3133.000   -77.441   -86.287
47784.000   15822.000   12726.000   3377.000   -77.392   -86.121
47785.000   15610.000   12722.000   3493.000   -77.342   -85.957
47786.000   15302.000   12863.000   3716.000   -77.292   -85.793
47787.000   15038.000   13118.000   3720.000   -77.242   -85.631
47788.000   14597.000   13230.000   3800.000   -77.191   -85.470
47789.000   14411.000   13409.000   3972.000   -77.141   -85.311
47790.000   14013.000   13206.000   4024.000   -77.091   -85.153
47791.000   13963.000   13151.000   4239.000   -77.040   -84.996
47792.000   13627.000   13677.000   4208.000   -76.990   -84.840
47793.000   13094.000   13655.000   4331.000   -76.939   -84.685
47794.000   12959.000   13774.000   4437.000   -76.888   -84.532
47795.000   12943.000   13839.000   4556.000   -76.838   -84.380
47796.000   12432.000   14154.000   4687.000   -76.787   -84.229
47797.000   12264.000   13815.000   4695.000   -76.736   -84.079
47798.000   12057.000   14016.000   4798.000   -76.684   -83.930
47799.000   11772.000   13709.000   4872.000   -76.633   -83.783
47800.000   11471.000   13832.000   4944.000   -76.582   -83.636
47801.000   11388.000   13577.000   4974.000   -76.530   -83.491
47802.000   10920.000   13781.000   4885.000   -76.479   -83.347
47803.000   10928.000   13476.000   5000.000   -76.427   -83.204
47804.000   10571.000   13495.000   5195.000   -76.376   -83.062
47805.000   10345.000   13459.000   5081.000   -76.324   -82.921
47806.000   10023.000   13387.000   5071.000   -76.272   -82.782
47807.000   9855.000   13350.000   5259.000   -76.220   -82.643
47808.000   9719.000   13356.000   5220.000   -76.168   -82.505
47809.000   9438.000   13173.000   5232.000   -76.116   -82.369
47810.000   9154.000   13056.000   5198.000   -76.064   -82.233
47811.000   9110.000   12881.000   5163.000   -76.012   -82.098
47812.000   8851.000   12713.000   5333.000   -75.959   -81.965
47813.000   8625.000   12865.000   5279.000   -75.907   -81.832
47814.000   8683.000   12677.000   5196.000   -75.854   -81.701
47815.000   8271.000   12227.000   5240.000   -75.802   -81.570
47816.000   8107.000   12414.000   5310.000   -75.749   -81.441
47817.000   8272.000   12229.000   5367.000   -75.697   -81.312
47818.000   7906.000   12205.000   5294.000   -75.644   -81.184
47819.000   7738.000   11973.000   5139.000   -75.591   -81.058
47820.000   7695.000   11968.000   5236.000   -75.538   -80.932
47821.000   7311.000   11552.000   5308.000   -75.485   -80.807
47822.000   7286.000   11604.000   5184.000   -75.432   -80.683
47823.000   7281.000   11507.000   5144.000   -75.379   -80.560
47824.000   7199.000   11481.000   5092.000   -75.326   -80.438
47825.000   6856.000   11070.000   5051.000   -75.272   -80.316
47826.000   6823.000   11114.000   5106.000   -75.219   -80.196
47827.000   6618.000   10825.000   4941.000   -75.166   -80.077
47828.000   6495.000   10757.000   4858.000   -75.112   -79.958
47829.000   6273.000   10631.000   4953.000   -75.059   -79.840
47830.000   6208.000   10409.000   4873.000   -75.005   -79.723
47831.000   6043.000   10236.000   4718.000   -74.951   -79.607
47832.000   5966.000   10184.000   4756.000   -74.898   -79.492
47833.000   5984.000   9684.000   4750.000   -74.844   -79.378
47834.000   5846.000   9743.000   4622.000   -74.790   -79.264
47835.000   5679.000   9547.000   4540.000   -74.736   -79.151
47836.000   5559.000   9462.000   4403.000   -74.682   -79.039
47837.000   5450.000   9221.000   4382.000   -74.628   -78.928
47838.000   5264.000   9028.000   4344.000   -74.574   -78.818
47839.000   5266.000   9001.000   4220.000   -74.520   -78.708
47840.000   5007.000   8622.000   4105.000   -74.465   -78.599
47841.000   5015.000   8614.000   4174.000   -74.411   -78.491
47842.000   4898.000   8273.000   3895.000   -74.357   -78.384
47843.000   4967.000   8131.000   3965.000   -74.303   -78.277
47844.000   4628.000   7968.000   3942.000   -74.248   -78.171
47845.000   4607.000   7943.000   3787.000   -74.194   -78.066
47846.000   4595.000   7674.000   3633.000   -74.139   -77.962
47847.000   4496.000   7488.000   3653.000   -74.084   -77.858
47848.000   4380.000   7378.000   3582.000   -74.030   -77.755
47849.000   4220.000   7206.000   3481.000   -73.975   -77.653
47850.000   4193.000   7091.000   3360.000   -73.920   -77.552
47851.000   4072.000   6854.000   3307.000   -73.865   -77.451
47852.000   4018.000   6602.000   3315.000   -73.811   -77.351
47853.000   4039.000   6646.000   3272.000   -73.756   -77.251
47854.000   3866.000   6402.000   3084.000   -73.701   -77.153
47855.000   3899.000   6404.000   3037.000   -73.646   -77.054
47856.000   3791.000   6248.000   2961.000   -73.591   -76.957
47857.000   3777.000   6047.000   2965.000   -73.535   -76.860
47858.000   3695.000   5870.000   2861.000   -73.480   -76.764
47859.000   3556.000   5856.000   2877.000   -73.425   -76.669
47860.000   3450.000   5804.000   2817.000   -73.370   -76.574
47861.000   3372.000   5498.000   2622.000   -73.315   -76.480
47862.000   3437.000   5620.000   2731.000   -73.259   -76.386
47863.000   3436.000   5363.000   2606.000   -73.204   -76.293
47864.000   3244.000   5307.000   2586.000   -73.148   -76.201
47865.000   3326.000   5306.000   2468.000   -73.093   -76.109
47866.000   3161.000   5047.000   2391.000   -73.037   -76.018
47867.000   3104.000   5076.000   2460.000   -72.982   -75.928
47868.000   3161.000   4911.000   2321.000   -72.926   -75.838
47869.000   2899.000   4855.000   2256.000   -72.870   -75.749
47870.000   2951.000   4827.000   2228.000   -72.815   -75.660
47871.000   2876.000   4557.000   2177.000   -72.759   -75.572
47872.000   2925.000   4588.000   2141.000   -72.703   -75.484
47873.000   2879.000   4316.000   2094.000   -72.647   -75.397
47874.000   2814.000   4276.000   2017.000   -72.591   -75.311
47875.000   2703.000   4200.000   2058.000   -72.535   -75.225
47876.000   2811.000   4008.000   1969.000   -72.479   -75.140
47877.000   2635.000   3999.000   1921.000   -72.423   -75.055
47878.000   2641.000   3975.000   1861.000   -72.367   -74.971
47879.000   2494.000   3748.000   1757.000   -72.311   -74.887
47880.000   2492.000   3703.000   1716.000   -72.255   -74.804
47881.000   2444.000   3614.000   1730.000   -72.199   -74.722
47882.000   2381.000   3525.000   1605.000   -72.143   -74.640
47883.000   2436.000   3459.000   1610.000   -72.087   -74.558
47884.000   2297.000   3288.000   1559.000   -72.030   -74.477
47885.000   2253.000   3231.000   1407.000   -71.974   -74.397
47886.000   2293.000   3178.000   1393.000   -71.918   -74.317
47887.000   2191.000   2985.000   1396.000   -71.861   -74.237
47888.000   2156.000   2958.000   1297.000   -71.805   -74.158
47889.000   2029.000   2792.000   1283.000   -71.748   -74.080
47890.000   2119.000   2747.000   1204.000   -71.692   -74.002
47891.000   1986.000   2715.000   1206.000   -71.635   -73.924
47892.000   1913.000   2514.000   1140.000   -71.579   -73.847
47893.000   1961.000   2445.000   1093.000   -71.522   -73.771
47894.000   1949.000   2356.000   1068.000   -71.465   -73.695
47895.000   1891.000   2333.000   1027.000   -71.409   -73.619
47896.000   1829.000   2212.000   968.000   -71.352   -73.544
47897.000   1761.000   2101.000   963.000   -71.295   -73.469
47898.000   1661.000   2020.000   853.000   -71.239   -73.395
47899.000   1649.000   1979.000   825.000   -71.182   -73.321
47900.000   1558.000   1926.000   855.000   -71.125   -73.248
47901.000   1625.000   1743.000   794.000   -71.068   -73.175
47902.000   1555.000   1734.000   706.000   -71.011   -73.103
47903.000   1504.000   1623.000   671.000   -70.954   -73.031
47904.000   1495.000   1509.000   721.000   -70.897   -72.959
47905.000   1476.000   1492.000   611.000   -70.840   -72.888
47906.000   1506.000   1444.000   610.000   -70.783   -72.818
47907.000   1451.000   1315.000   572.000   -70.726   -72.747
47908.000   1341.000   1292.000   526.000   -70.669   -72.678
47909.000   1401.000   1291.000   502.000   -70.612   -72.608
47910.000   1352.000   1155.000   470.000   -70.555   -72.539
47911.000   1325.000   1121.000   470.000   -70.498   -72.471
47912.000   1245.000   1121.000   433.000   -70.440   -72.403
47913.000   1294.000   1036.000   416.000   -70.383   -72.335
47914.000   1202.000   933.000   360.000   -70.326   -72.267
47915.000   1285.000   971.000   350.000   -70.268   -72.200
47916.000   1175.000   940.000   340.000   -70.211   -72.134
47917.000   1165.000   870.000   357.000   -70.154   -72.068
47918.000   1188.000   803.000   294.000   -70.096   -72.002
47919.000   1145.000   843.000   280.000   -70.039   -71.937
47920.000   1166.000   789.000   279.000   -69.982   -71.872
47921.000   1183.000   756.000   256.000   -69.924   -71.807
47922.000   1245.000   738.000   236.000   -69.867   -71.743
47923.000   1168.000   726.000   234.000   -69.809   -71.679
47924.000   1128.000   713.000   231.000   -69.751   -71.615
47925.000   1054.000   642.000   211.000   -69.694   -71.552
47926.000   1087.000   667.000   199.000   -69.636   -71.489
47927.000   1085.000   628.000   236.000   -69.579   -71.427
47928.000   1097.000   600.000   179.000   -69.521   -71.365
47929.000   1042.000   591.000   203.000   -69.463   -71.303
47930.000   1047.000   543.000   197.000   -69.406   -71.242
47931.000   1046.000   543.000   173.000   -69.348   -71.181
47932.000   1010.000   578.000   178.000   -69.290   -71.120
47933.000   1047.000   541.000   181.000   -69.232   -71.060
47934.000   1058.000   554.000   166.000   -69.175   -71.000
47935.000   1014.000   551.000   184.000   -69.117   -70.940
47936.000   1042.000   526.000   148.000   -69.059   -70.881
47937.000   1059.000   516.000   154.000   -69.001   -70.822
47938.000   1062.000   584.000   144.000   -68.943   -70.763
47939.000   1010.000   505.000   126.000   -68.885   -70.705
47940.000   1125.000   477.000   134.000   -68.827   -70.647
47941.000   1058.000   554.000   142.000   -68.769   -70.589
47942.000   1068.000   495.000   147.000   -68.711   -70.532
47943.000   1109.000   499.000   132.000   -68.653   -70.475
47944.000   1093.000   521.000   139.000   -68.595   -70.418
47945.000   1116.000   529.000   162.000   -68.537   -70.362
47946.000   1119.000   502.000   144.000   -68.479   -70.306
47947.000   1116.000   522.000   127.000   -68.421   -70.250
47948.000   1154.000   471.000   135.000   -68.363   -70.194
47949.000   1068.000   481.000   120.000   -68.305   -70.139
47950.000   1082.000   467.000   144.000   -68.246   -70.084
47951.000   1134.000   499.000   128.000   -68.188   -70.030
47952.000   1086.000   471.000   147.000   -68.130   -69.976
47953.000   1198.000   508.000   135.000   -68.072   -69.922
47954.000   1111.000   522.000   122.000   -68.013   -69.868
47955.000   1151.000   450.000   128.000   -67.955   -69.815
47956.000   1156.000   512.000   136.000   -67.897   -69.761
47957.000   1226.000   445.000   127.000   -67.839   -69.709
47958.000   1262.000   486.000   133.000   -67.780   -69.656
47959.000   1244.000   479.000   142.000   -67.722   -69.604
47960.000   1182.000   463.000   139.000   -67.663   -69.552
47961.000   1229.000   468.000   146.000   -67.605   -69.500
47962.000   1353.000   468.000   129.000   -67.547   -69.449
47963.000   1268.000   488.000   125.000   -67.488   -69.398
47964.000   1365.000   453.000   122.000   -67.430   -69.347
47965.000   1310.000   502.000   120.000   -67.371   -69.296
47966.000   1344.000   465.000   145.000   -67.313   -69.246
47967.000   1344.000   493.000   130.000   -67.254   -69.196
47968.000   1380.000   479.000   137.000   -67.196   -69.146
47969.000   1397.000   493.000   139.000   -67.137   -69.096
47970.000   1448.000   455.000   136.000   -67.078   -69.047
47971.000   1440.000   448.000   127.000   -67.020   -68.998
47972.000   1484.000   478.000   127.000   -66.961   -68.949
47973.000   1452.000   503.000   145.000   -66.903   -68.901
47974.000   1512.000   462.000   123.000   -66.844   -68.853
47975.000   1567.000   503.000   134.000   -66.785   -68.804
47976.000   1568.000   464.000   155.000   -66.727   -68.757
47977.000   1647.000   494.000   143.000   -66.668   -68.709
47978.000   1718.000   466.000   123.000   -66.609   -68.662
47979.000   1679.000   542.000   131.000   -66.550   -68.615
47980.000   1712.000   445.000   142.000   -66.492   -68.568
47981.000   1776.000   440.000   114.000   -66.433   -68.521
47982.000   1813.000   502.000   117.000   -66.374   -68.475
47983.000   1874.000   441.000   119.000   -66.315   -68.429
47984.000   2030.000   440.000   122.000   -66.256   -68.383
47985.000   1981.000   482.000   109.000   -66.198   -68.338
47986.000   2037.000   510.000   123.000   -66.139   -68.292
47987.000   1918.000   498.000   108.000   -66.080   -68.247
47988.000   2003.000   464.000   147.000   -66.021   -68.202
47989.000   2116.000   498.000   142.000   -65.962   -68.157
47990.000   2173.000   514.000   136.000   -65.903   -68.113
47991.000   2222.000   487.000   131.000   -65.844   -68.069
47992.000   2220.000   519.000   126.000   -65.785   -68.025
47993.000   2218.000   491.000   128.000   -65.726   -67.981
47994.000   2402.000   470.000   113.000   -65.667   -67.937
47995.000   2396.000   486.000   123.000   -65.608   -67.894
47996.000   2552.000   504.000   116.000   -65.549   -67.851
47997.000   2626.000   465.000   130.000   -65.490   -67.808
47998.000   2711.000   437.000   137.000   -65.431   -67.765
47999.000   2832.000   493.000   117.000   -65.372   -67.722
48000.000   2815.000   494.000   119.000   -65.313   -67.680
48001.000   3069.000   521.000   132.000   -65.254   -67.638
48002.000   2950.000   494.000   122.000   -65.195   -67.596
48003.000   3142.000   523.000   121.000   -65.136   -67.554
48004.000   3230.000   507.000   113.000   -65.076   -67.513
48005.000   3334.000   536.000   116.000   -65.017   -67.472
48006.000   3381.000   512.000   127.000   -64.958   -67.430
48007.000   3494.000   493.000   118.000   -64.899   -67.390
48008.000   3594.000   540.000   134.000   -64.840   -67.349
48009.000   3654.000   507.000   116.000   -64.780   -67.308
48010.000   3808.000   559.000   124.000   -64.721   -67.268
48011.000   3873.000   571.000   107.000   -64.662   -67.228
48012.000   4047.000   535.000   129.000   -64.603   -67.188
48013.000   4157.000   555.000   120.000   -64.543   -67.148
48014.000   4142.000   551.000   103.000   -64.484   -67.109
48015.000   4275.000   582.000   130.000   -64.425   -67.069
48016.000   4347.000   607.000   116.000   -64.366   -67.030
48017.000   4581.000   602.000   127.000   -64.306   -66.991
48018.000   4762.000   606.000   121.000   -64.247   -66.952
48019.000   4829.000   600.000   125.000   -64.187   -66.914
48020.000   5068.000   615.000   102.000   -64.128   -66.875
48021.000   5126.000   653.000   121.000   -64.069   -66.837
48022.000   5255.000   642.000   113.000   -64.009   -66.799
48023.000   5588.000   644.000   115.000   -63.950   -66.761
48024.000   5692.000   629.000   111.000   -63.890   -66.723
48025.000   5825.000   656.000   114.000   -63.831   -66.686
48026.000   6054.000   686.000   109.000   -63.772   -66.648
48027.000   6138.000   683.000   120.000   -63.712   -66.611
48028.000   6339.000   710.000   131.000   -63.653   -66.574
48029.000   6672.000   779.000   121.000   -63.593   -66.537
48030.000   6784.000   727.000   107.000   -63.534   -66.501
48031.000   6788.000   767.000   105.000   -63.474   -66.464
48032.000   6858.000   731.000   117.000   -63.415   -66.428
48033.000   7142.000   771.000   136.000   -63.355   -66.392
48034.000   7188.000   817.000   112.000   -63.296   -66.356
48035.000   7467.000   820.000   104.000   -63.236   -66.320
48036.000   7542.000   825.000   117.000   -63.176   -66.284
48037.000   7680.000   887.000   112.000   -63.117   -66.249
48038.000   7972.000   932.000   112.000   -63.057   -66.213
48039.000   8032.000   902.000   120.000   -62.998   -66.178
48040.000   7924.000   951.000   95.000   -62.938   -66.143
48041.000   8337.000   899.000   98.000   -62.878   -66.108
48042.000   8586.000   966.000   108.000   -62.819   -66.074
48043.000   8758.000   1031.000   119.000   -62.759   -66.039
48044.000   9038.000   1048.000   121.000   -62.699   -66.005
48045.000   9026.000   1032.000   99.000   -62.640   -65.970
48046.000   9046.000   1096.000   112.000   -62.580   -65.936
48047.000   9151.000   1131.000   103.000   -62.520   -65.902
48048.000   9272.000   1135.000   98.000   -62.461   -65.869
48049.000   9626.000   1185.000   128.000   -62.401   -65.835
48050.000   9846.000   1187.000   125.000   -62.341   -65.801
48051.000   9684.000   1192.000   124.000   -62.281   -65.768
48052.000   9998.000   1214.000   133.000   -62.222   -65.735
48053.000   9980.000   1216.000   104.000   -62.162   -65.702
48054.000   9999.000   1275.000   116.000   -62.102   -65.669
48055.000   10166.000   1268.000   124.000   -62.042   -65.636
48056.000   10309.000   1311.000   96.000   -61.982   -65.604
48057.000   10408.000   1323.000   88.000   -61.923   -65.571
48058.000   10530.000   1317.000   109.000   -61.863   -65.539
48059.000   10639.000   1318.000   97.000   -61.803   -65.507
48060.000   10497.000   1456.000   100.000   -61.743   -65.475
48061.000   10517.000   1419.000   121.000   -61.683   -65.443
48062.000   10528.000   1353.000   115.000   -61.623   -65.411
48063.000   10628.000   1355.000   94.000   -61.564   -65.379
48064.000   10542.000   1435.000   114.000   -61.504   -65.348
48065.000   10710.000   1416.000   101.000   -61.444   -65.317
48066.000   10928.000   1362.000   117.000   -61.384   -65.285
48067.000   10664.000   1358.000   103.000   -61.324   -65.254
48068.000   10803.000   1425.000   117.000   -61.264   -65.223
48069.000   10755.000   1479.000   108.000   -61.204   -65.192
48070.000   10821.000   1420.000   99.000   -61.144   -65.162
48071.000   10760.000   1449.000   125.000   -61.084   -65.131
48072.000   10664.000   1410.000   94.000   -61.024   -65.101
48073.000   10701.000   1455.000   95.000   -60.964   -65.071
48074.000   10677.000   1428.000   94.000   -60.904   -65.040
48075.000   10622.000   1404.000   115.000   -60.844   -65.010
48076.000   10555.000   1456.000   111.000   -60.784   -64.981
48077.000   10305.000   1418.000   115.000   -60.724   -64.951
48078.000   10122.000   1403.000   85.000   -60.664   -64.921
48079.000   10074.000   1393.000   112.000   -60.604   -64.892
48080.000   9967.000   1410.000   105.000   -60.544   -64.862
48081.000   10113.000   1358.000   114.000   -60.484   -64.833
48082.000   9762.000   1397.000   122.000   -60.424   -64.804
48083.000   9784.000   1371.000   100.000   -60.364   -64.775
48084.000   9448.000   1329.000   121.000   -60.304   -64.746
48085.000   9496.000   1303.000   115.000   -60.244   -64.717
48086.000   9272.000   1282.000   116.000   -60.184   -64.688
48087.000   9090.000   1234.000   113.000   -60.124   -64.660
48088.000   8935.000   1335.000   107.000   -60.063   -64.631
48089.000   8776.000   1251.000   90.000   -60.003   -64.603
48090.000   8608.000   1262.000   99.000   -59.943   -64.575
48091.000   8536.000   1207.000   115.000   -59.883   -64.547
48092.000   8516.000   1183.000   106.000   -59.823   -64.519
48093.000   8515.000   1227.000   110.000   -59.763   -64.491
48094.000   8529.000   1206.000   95.000   -59.703   -64.463
48095.000   8845.000   1183.000   100.000   -59.642   -64.436
48096.000   8650.000   1211.000   105.000   -59.582   -64.408
48097.000   8657.000   1097.000   116.000   -59.522   -64.381
48098.000   8717.000   1145.000   99.000   -59.462   -64.354
48099.000   8817.000   1160.000   109.000   -59.402   -64.326
48100.000   8642.000   1197.000   113.000   -59.341   -64.299
48101.000   8346.000   1099.000   98.000   -59.281   -64.272
48102.000   8502.000   1059.000   116.000   -59.221   -64.246
48103.000   8295.000   1101.000   102.000   -59.161   -64.219
48104.000   8136.000   1082.000   103.000   -59.100   -64.192
48105.000   7929.000   1070.000   119.000   -59.040   -64.166
48106.000   7804.000   1038.000   116.000   -58.980   -64.139
48107.000   7665.000   1064.000   118.000   -58.920   -64.113
48108.000   7655.000   1053.000   109.000   -58.859   -64.087
48109.000   7691.000   1021.000   108.000   -58.799   -64.061
48110.000   7710.000   972.000   97.000   -58.739   -64.035
48111.000   7626.000   1005.000   100.000   -58.678   -64.009
48112.000   7538.000   1015.000   104.000   -58.618   -63.983
48113.000   7356.000   991.000   115.000   -58.558   -63.957
48114.000   7382.000   921.000   102.000   -58.497   -63.932
48115.000   7093.000   918.000   120.000   -58.437   -63.906
48116.000   7055.000   899.000   97.000   -58.377   -63.881
48117.000   6823.000   882.000   111.000   -58.316   -63.856
48118.000   6613.000   888.000   93.000   -58.256   -63.831
48119.000   6631.000   886.000   114.000   -58.196   -63.806
48120.000   6350.000   878.000   101.000   -58.135   -63.781
48121.000   6394.000   874.000   104.000   -58.075   -63.756
48122.000   6277.000   889.000   105.000   -58.014   -63.731
48123.000   6174.000   794.000   100.000   -57.954   -63.706
48124.000   6089.000   890.000   112.000   -57.894   -63.682
48125.000   5963.000   806.000   102.000   -57.833   -63.657
48126.000   6106.000   840.000   107.000   -57.773   -63.633
48127.000   5954.000   831.000   94.000   -57.712   -63.609
48128.000   5802.000   866.000   89.000   -57.652   -63.584
48129.000   5745.000   808.000   96.000   -57.591   -63.560
48130.000   5884.000   785.000   98.000   -57.531   -63.536
48131.000   5663.000   832.000   102.000   -57.470   -63.512
48132.000   5694.000   815.000   101.000   -57.410   -63.489
48133.000   5671.000   752.000   109.000   -57.350   -63.465
48134.000   5757.000   845.000   83.000   -57.289   -63.441
48135.000   5632.000   822.000   92.000   -57.229   -63.418
48136.000   5709.000   826.000   88.000   -57.168   -63.394
48137.000   5734.000   832.000   91.000   -57.108   -63.371
48138.000   5539.000   791.000   95.000   -57.047   -63.348
48139.000   5442.000   799.000   83.000   -56.986   -63.324
48140.000   5359.000   750.000   121.000   -56.926   -63.301
48141.000   5197.000   809.000   111.000   -56.865   -63.278
48142.000   5122.000   728.000   94.000   -56.805   -63.255
48143.000   4903.000   743.000   89.000   -56.744   -63.232
48144.000   4842.000   767.000   89.000   -56.684   -63.210
48145.000   4818.000   748.000   101.000   -56.623   -63.187
48146.000   4840.000   799.000   90.000   -56.563   -63.164
48147.000   4545.000   815.000   109.000   -56.502   -63.142
48148.000   4672.000   786.000   115.000   -56.441   -63.120
48149.000   4491.000   715.000   109.000   -56.381   -63.097
48150.000   4463.000   730.000   102.000   -56.320   -63.075
48151.000   4537.000   746.000   98.000   -56.260   -63.053
48152.000   4461.000   697.000   82.000   -56.199   -63.031
48153.000   4201.000   687.000   108.000   -56.138   -63.009
48154.000   4283.000   674.000   107.000   -56.078   -62.987
48155.000   4325.000   694.000   104.000   -56.017   -62.965
48156.000   4160.000   730.000   90.000   -55.957   -62.943
48157.000   4099.000   629.000   106.000   -55.896   -62.922
48158.000   4091.000   688.000   94.000   -55.835   -62.900
48159.000   3984.000   665.000   105.000   -55.775   -62.879
48160.000   3788.000   668.000   96.000   -55.714   -62.857
48161.000   3770.000   653.000   104.000   -55.653   -62.836
48162.000   3621.000   692.000   119.000   -55.593   -62.814
48163.000   3636.000   692.000   102.000   -55.532   -62.793
48164.000   3672.000   598.000   85.000   -55.471   -62.772
48165.000   3544.000   638.000   107.000   -55.410   -62.751
48166.000   3575.000   664.000   120.000   -55.350   -62.730
48167.000   3589.000   659.000   88.000   -55.289   -62.709
48168.000   3487.000   619.000   99.000   -55.228   -62.688
48169.000   3522.000   643.000   95.000   -55.168   -62.668
48170.000   3442.000   630.000   117.000   -55.107   -62.647
48171.000   3469.000   598.000   95.000   -55.046   -62.626
48172.000   3498.000   635.000   69.000   -54.985   -62.606
48173.000   3538.000   687.000   96.000   -54.925   -62.586
48174.000   3515.000   628.000   102.000   -54.864   -62.565
48175.000   3509.000   705.000   97.000   -54.803   -62.545
48176.000   3329.000   602.000   95.000   -54.742   -62.525
48177.000   3435.000   613.000   91.000   -54.682   -62.505
48178.000   3362.000   655.000   110.000   -54.621   -62.484
48179.000   3349.000   658.000   109.000   -54.560   -62.464
48180.000   3384.000   665.000   86.000   -54.499   -62.445
48181.000   3318.000   677.000   105.000   -54.439   -62.425
48182.000   3289.000   636.000   117.000   -54.378   -62.405
48183.000   3328.000   655.000   92.000   -54.317   -62.385
48184.000   3318.000   690.000   111.000   -54.256   -62.366
48185.000   3336.000   634.000   112.000   -54.195   -62.346
48186.000   3350.000   653.000   100.000   -54.134   -62.326
48187.000   3352.000   654.000   101.000   -54.074   -62.307
48188.000   3298.000   656.000   101.000   -54.013   -62.288
48189.000   3330.000   622.000   84.000   -53.952   -62.268
48190.000   3442.000   635.000   121.000   -53.891   -62.249
48191.000   3393.000   685.000   103.000   -53.830   -62.230
48192.000   3399.000   676.000   84.000   -53.769   -62.211
48193.000   3263.000   690.000   85.000   -53.709   -62.192
48194.000   3415.000   638.000   87.000   -53.648   -62.173
48195.000   3393.000   650.000   96.000   -53.587   -62.154
48196.000   3503.000   643.000   102.000   -53.526   -62.135
48197.000   3526.000   685.000   101.000   -53.465   -62.116
48198.000   3452.000   711.000   90.000   -53.404   -62.098
48199.000   3519.000   722.000   80.000   -53.343   -62.079
48200.000   3572.000   669.000   108.000   -53.282   -62.061
48201.000   3579.000   670.000   89.000   -53.221   -62.042
48202.000   3661.000   738.000   93.000   -53.161   -62.024
48203.000   3756.000   732.000   99.000   -53.100   -62.005
48204.000   3766.000   696.000   113.000   -53.039   -61.987
48205.000   3791.000   680.000   95.000   -52.978   -61.969
48206.000   3663.000   710.000   109.000   -52.917   -61.950
48207.000   3797.000   704.000   99.000   -52.856   -61.932
48208.000   3842.000   741.000   95.000   -52.795   -61.914
48209.000   3775.000   745.000   91.000   -52.734   -61.896
48210.000   3966.000   671.000   100.000   -52.673   -61.878
48211.000   3885.000   821.000   98.000   -52.612   -61.860
48212.000   4056.000   757.000   87.000   -52.551   -61.843
48213.000   4105.000   774.000   104.000   -52.490   -61.825
48214.000   4187.000   814.000   100.000   -52.429   -61.807
48215.000   4034.000   774.000   104.000   -52.368   -61.790
48216.000   4364.000   851.000   104.000   -52.307   -61.772
48217.000   4263.000   810.000   84.000   -52.246   -61.754
48218.000   4400.000   807.000   99.000   -52.185   -61.737
48219.000   4249.000   860.000   97.000   -52.124   -61.720
48220.000   4316.000   827.000   92.000   -52.063   -61.702
48221.000   4294.000   816.000   100.000   -52.002   -61.685
48222.000   4372.000   851.000   91.000   -51.941   -61.668
48223.000   4528.000   877.000   113.000   -51.880   -61.651
48224.000   4590.000   895.000   94.000   -51.819   -61.633
48225.000   4688.000   924.000   102.000   -51.758   -61.616
48226.000   4810.000   976.000   93.000   -51.697   -61.599
48227.000   4913.000   971.000   92.000   -51.636   -61.582
48228.000   5136.000   987.000   89.000   -51.575   -61.566
48229.000   5208.000   1018.000   103.000   -51.514   -61.549
48230.000   5330.000   1000.000   94.000   -51.453   -61.532
48231.000   5438.000   1060.000   75.000   -51.392   -61.515
48232.000   5679.000   1082.000   114.000   -51.331   -61.499
48233.000   5742.000   1085.000   93.000   -51.270   -61.482
48234.000   5890.000   1148.000   99.000   -51.209   -61.466
48235.000   6086.000   1160.000   110.000   -51.148   -61.449
48236.000   5953.000   1227.000   117.000   -51.086   -61.433
48237.000   6193.000   1140.000   99.000   -51.025   -61.416
48238.000   6359.000   1166.000   99.000   -50.964   -61.400
48239.000   6400.000   1232.000   90.000   -50.903   -61.384
49200.000   7094.000   6931.000   192.000   08.904   -54.933
49201.000   6768.000   7122.000   183.000   08.967   -54.928
49202.000   6916.000   7281.000   186.000   09.029   -54.924
49203.000   6949.000   7548.000   172.000   09.092   -54.920
49204.000   6960.000   7615.000   188.000   09.155   -54.916
49205.000   7048.000   7595.000   184.000   09.217   -54.911
49206.000   7001.000   7746.000   201.000   09.280   -54.907
49207.000   6785.000   7991.000   175.000   09.343   -54.903
49208.000   6913.000   7752.000   155.000   09.406   -54.899
49209.000   7077.000   7937.000   170.000   09.468   -54.894
49210.000   6864.000   8147.000   172.000   09.531   -54.890
49211.000   7018.000   8274.000   169.000   09.594   -54.886
49212.000   6811.000   8420.000   198.000   09.656   -54.882
49213.000   6850.000   8436.000   225.000   09.719   -54.877
49214.000   6904.000   8371.000   181.000   09.782   -54.873
49215.000   6781.000   8566.000   179.000   09.844   -54.869
49216.000   6849.000   8693.000   188.000   09.907   -54.864
49217.000   6852.000   8722.000   187.000   09.970   -54.860
49218.000   6544.000   8659.000   182.000   10.033   -54.856
49219.000   6586.000   8843.000   189.000   10.095   -54.852
49220.000   6525.000   8756.000   175.000   10.158   -54.847
49221.000   6500.000   8905.000   181.000   10.221   -54.843
49222.000   6360.000   9058.000   208.000   10.283   -54.839
49223.000   6405.000   8928.000   186.000   10.346   -54.834
49224.000   6223.000   8976.000   171.000   10.409   -54.830
49225.000   6285.000   9043.000   177.000   10.471   -54.826
49226.000   6110.000   8989.000   195.000   10.534   -54.821
49227.000   6084.000   9155.000   162.000   10.597   -54.817
49228.000   5998.000   9153.000   182.000   10.660   -54.813
49229.000   5934.000   9289.000   175.000   10.722   -54.808
49230.000   5678.000   9229.000   185.000   10.785   -54.804
49231.000   5805.000   9073.000   186.000   10.848   -54.800
49232.000   5590.000   9267.000   171.000   10.910   -54.795
49233.000   5463.000   9321.000   169.000   10.973   -54.791
49234.000   5363.000   9296.000   193.000   11.036   -54.787
49235.000   5417.000   9369.000   185.000   11.098   -54.782
49236.000   5285.000   9443.000   179.000   11.161   -54.778
49237.000   5217.000   9226.000   187.000   11.224   -54.773
49238.000   5222.000   9291.000   225.000   11.287   -54.769
49239.000   5072.000   9042.000   179.000   11.349   -54.765
49240.000   5049.000   9006.000   166.000   11.412   -54.760
49241.000   5084.000   8863.000   165.000   11.475   -54.756
49242.000   4931.000   9042.000   155.000   11.537   -54.752
49243.000   4845.000   8776.000   175.000   11.600   -54.747
49244.000   4836.000   8757.000   177.000   11.663   -54.743
49245.000   4595.000   8718.000   178.000   11.725   -54.738
49246.000   4583.000   8626.000   205.000   11.788   -54.734
49247.000   4462.000   8531.000   161.000   11.851   -54.730
49248.000   4505.000   8598.000   193.000   11.913   -54.725
49249.000   4290.000   8519.000   182.000   11.976   -54.721
49250.000   4254.000   8292.000   158.000   12.039   -54.716
49251.000   4284.000   8242.000   145.000   12.102   -54.712
49252.000   4109.000   8052.000   167.000   12.164   -54.707
49253.000   4097.000   8148.000   183.000   12.227   -54.703
49254.000   4137.000   8153.000   174.000   12.290   -54.699
49255.000   3994.000   7773.000   171.000   12.352   -54.694
49256.000   3983.000   7907.000   158.000   12.415   -54.690
49257.000   4006.000   7671.000   191.000   12.478   -54.685
49258.000   3839.000   7722.000   151.000   12.540   -54.681
49259.000   3781.000   7572.000   187.000   12.603   -54.676
49260.000   3714.000   7583.000   189.000   12.666   -54.672
49261.000   3664.000   7309.000   178.000   12.728   -54.667
49262.000   3621.000   7318.000   178.000   12.791   -54.663
49263.000   3596.000   7272.000   176.000   12.854   -54.659
49264.000   3610.000   7171.000   187.000   12.916   -54.654
49265.000   3486.000   6937.000   177.000   12.979   -54.650
49266.000   3478.000   6886.000   189.000   13.042   -54.645
49267.000   3446.000   6685.000   189.000   13.105   -54.641
49268.000   3331.000   6758.000   173.000   13.167   -54.636
49269.000   3287.000   6610.000   179.000   13.230   -54.632
49270.000   3291.000   6593.000   167.000   13.293   -54.627
49271.000   3104.000   6366.000   187.000   13.355   -54.623
49272.000   3167.000   6287.000   185.000   13.418   -54.618
49273.000   3054.000   6022.000   183.000   13.481   -54.614
49274.000   3128.000   6113.000   182.000   13.543   -54.609
49275.000   3062.000   5881.000   178.000   13.606   -54.605
49276.000   2907.000   5887.000   177.000   13.669   -54.600
49277.000   3002.000   5727.000   183.000   13.731   -54.595
49278.000   2877.000   5713.000   182.000   13.794   -54.591
49279.000   2827.000   5534.000   161.000   13.857   -54.586
49280.000   2757.000   5379.000   160.000   13.919   -54.582
49281.000   2708.000   5389.000   173.000   13.982   -54.577
49282.000   2735.000   5199.000   175.000   14.045   -54.573
49283.000   2740.000   5068.000   169.000   14.107   -54.568
49284.000   2555.000   5057.000   159.000   14.170   -54.564
49285.000   2598.000   4939.000   142.000   14.233   -54.559
49286.000   2541.000   4870.000   193.000   14.296   -54.554
49287.000   2551.000   4780.000   171.000   14.358   -54.550
49288.000   2497.000   4594.000   162.000   14.421   -54.545
49289.000   2427.000   4569.000   176.000   14.484   -54.541
49290.000   2395.000   4470.000   184.000   14.546   -54.536
49291.000   2422.000   4414.000   177.000   14.609   -54.531
49292.000   2346.000   4204.000   158.000   14.672   -54.527
49293.000   2332.000   4188.000   161.000   14.734   -54.522
49294.000   2208.000   4084.000   196.000   14.797   -54.518
49295.000   2255.000   4116.000   158.000   14.860   -54.513
49296.000   2257.000   3987.000   172.000   14.922   -54.508
49297.000   2293.000   3921.000   192.000   14.985   -54.504
49298.000   2218.000   3672.000   159.000   15.048   -54.499
49299.000   2167.000   3768.000   180.000   15.110   -54.495
49300.000   2104.000   3646.000   171.000   15.173   -54.490
49301.000   2039.000   3458.000   162.000   15.236   -54.485
49302.000   2055.000   3551.000   187.000   15.298   -54.481
49303.000   2131.000   3457.000   195.000   15.361   -54.476
49304.000   2014.000   3386.000   171.000   15.424   -54.471
49305.000   2043.000   3381.000   189.000   15.486   -54.467
49306.000   1970.000   3283.000   189.000   15.549   -54.462
49307.000   1952.000   3269.000   168.000   15.612   -54.457
49308.000   1977.000   3132.000   175.000   15.674   -54.452
49309.000   1884.000   3169.000   148.000   15.737   -54.448
49310.000   1859.000   3140.000   176.000   15.800   -54.443
49311.000   1885.000   2920.000   172.000   15.862   -54.438
49312.000   1833.000   3014.000   183.000   15.925   -54.434
49313.000   1892.000   2818.000   170.000   15.988   -54.429
49314.000   1835.000   2805.000   167.000   16.050   -54.424
49315.000   1855.000   2725.000   178.000   16.113   -54.420
49316.000   1781.000   2590.000   167.000   16.176   -54.415
49317.000   1736.000   2597.000   163.000   16.238   -54.410
49318.000   1710.000   2632.000   170.000   16.301   -54.405
49319.000   1680.000   2491.000   178.000   16.364   -54.401
49320.000   1663.000   2434.000   162.000   16.426   -54.396
49321.000   1635.000   2411.000   177.000   16.489   -54.391
49322.000   1655.000   2381.000   164.000   16.552   -54.386
49323.000   1635.000   2322.000   174.000   16.614   -54.381
49324.000   1644.000   2282.000   162.000   16.677   -54.377
49325.000   1572.000   2179.000   193.000   16.740   -54.372
49326.000   1596.000   2168.000   188.000   16.802   -54.367
49327.000   1548.000   2053.000   160.000   16.865   -54.362
49328.000   1493.000   2017.000   162.000   16.928   -54.358
49329.000   1454.000   1895.000   158.000   16.990   -54.353
49330.000   1492.000   1868.000   174.000   17.053   -54.348
49331.000   1474.000   1852.000   188.000   17.116   -54.343
49332.000   1460.000   1784.000   177.000   17.178   -54.338
49333.000   1366.000   1674.000   155.000   17.241   -54.333
49334.000   1447.000   1628.000   164.000   17.303   -54.329
49335.000   1419.000   1621.000   178.000   17.366   -54.324
49336.000   1355.000   1522.000   190.000   17.429   -54.319
49337.000   1308.000   1491.000   178.000   17.491   -54.314
49338.000   1189.000   1426.000   176.000   17.554   -54.309
49339.000   1244.000   1378.000   172.000   17.617   -54.304
49340.000   1198.000   1378.000   171.000   17.679   -54.299
49341.000   1104.000   1253.000   187.000   17.742   -54.295
49342.000   1115.000   1248.000   184.000   17.805   -54.290
49343.000   1119.000   1198.000   160.000   17.867   -54.285
49344.000   1124.000   1187.000   152.000   17.930   -54.280
49345.000   1086.000   1119.000   183.000   17.993   -54.275
49346.000   1100.000   1076.000   169.000   18.055   -54.270
49347.000   1101.000   1016.000   187.000   18.118   -54.265
49348.000   1026.000   978.000   170.000   18.181   -54.260
49349.000   1045.000   999.000   155.000   18.243   -54.255
49350.000   1035.000   928.000   187.000   18.306   -54.250
49351.000   1030.000   883.000   159.000   18.368   -54.245
49352.000   953.000   890.000   197.000   18.431   -54.240
49353.000   1010.000   814.000   170.000   18.494   -54.235
49354.000   1018.000   800.000   192.000   18.556   -54.230
49355.000   1019.000   772.000   186.000   18.619   -54.226
49356.000   910.000   773.000   173.000   18.682   -54.221
49357.000   989.000   745.000   186.000   18.744   -54.216
49358.000   954.000   680.000   182.000   18.807   -54.211
49359.000   933.000   736.000   174.000   18.870   -54.206
49360.000   942.000   690.000   177.000   18.932   -54.201
49361.000   969.000   631.000   187.000   18.995   -54.196
49362.000   921.000   657.000   135.000   19.057   -54.191
49363.000   909.000   625.000   157.000   19.120   -54.185
49364.000   911.000   625.000   155.000   19.183   -54.180
49365.000   891.000   565.000   193.000   19.245   -54.175
49366.000   929.000   601.000   189.000   19.308   -54.170
49367.000   931.000   595.000   169.000   19.371   -54.165
49368.000   929.000   567.000   166.000   19.433   -54.160
49369.000   860.000   570.000   170.000   19.496   -54.155
49370.000   909.000   521.000   158.000   19.559   -54.150
49371.000   901.000   502.000   172.000   19.621   -54.145
49372.000   851.000   571.000   173.000   19.684   -54.140
49373.000   893.000   506.000   164.000   19.746   -54.135
49374.000   860.000   514.000   147.000   19.809   -54.130
49375.000   864.000   516.000   156.000   19.872   -54.125
49376.000   862.000   508.000   176.000   19.934   -54.119
49377.000   877.000   510.000   156.000   19.997   -54.114
49378.000   910.000   547.000   176.000   20.060   -54.109
49379.000   871.000   493.000   172.000   20.122   -54.104
49380.000   899.000   464.000   170.000   20.185   -54.099
49381.000   882.000   530.000   166.000   20.247   -54.094
49382.000   873.000   475.000   173.000   20.310   -54.089
49383.000   908.000   502.000   158.000   20.373   -54.083
49384.000   913.000   534.000   170.000   20.435   -54.078
49385.000   933.000   528.000   188.000   20.498   -54.073
49386.000   841.000   507.000   167.000   20.560   -54.068
49387.000   875.000   511.000   151.000   20.623   -54.063
49388.000   879.000   440.000   176.000   20.686   -54.057
49389.000   902.000   501.000   165.000   20.748   -54.052
49390.000   857.000   461.000   161.000   20.811   -54.047
49391.000   908.000   498.000   177.000   20.874   -54.042
49392.000   876.000   489.000   198.000   20.936   -54.037
49393.000   926.000   532.000   144.000   20.999   -54.031
49394.000   854.000   525.000   168.000   21.061   -54.026
49395.000   882.000   488.000   164.000   21.124   -54.021
49396.000   899.000   511.000   169.000   21.187   -54.015
49397.000   890.000   448.000   162.000   21.249   -54.010
49398.000   908.000   476.000   184.000   21.312   -54.005
49399.000   899.000   473.000   167.000   21.374   -54.000
49400.000   903.000   465.000   175.000   21.437   -53.994
49401.000   912.000   497.000   174.000   21.500   -53.989
49402.000   893.000   469.000   181.000   21.562   -53.984
49403.000   853.000   493.000   187.000   21.625   -53.978
49404.000   908.000   499.000   180.000   21.687   -53.973
49405.000   883.000   483.000   182.000   21.750   -53.968
49406.000   965.000   475.000   157.000   21.813   -53.962
49407.000   889.000   505.000   171.000   21.875   -53.957
49408.000   907.000   484.000   161.000   21.938   -53.952
49409.000   972.000   507.000   165.000   22.000   -53.946
49410.000   912.000   465.000   172.000   22.063   -53.941
49411.000   972.000   466.000   178.000   22.126   -53.935
49412.000   939.000   489.000   169.000   22.188   -53.930
49413.000   877.000   493.000   144.000   22.251   -53.925
49414.000   938.000   450.000   162.000   22.313   -53.919
49415.000   945.000   510.000   152.000   22.376   -53.914
49416.000   910.000   484.000   178.000   22.439   -53.908
49417.000   974.000   530.000   190.000   22.501   -53.903
49418.000   925.000   470.000   168.000   22.564   -53.897
49419.000   951.000   536.000   161.000   22.626   -53.892
49420.000   907.000   459.000   177.000   22.689   -53.886
49421.000   1026.000   476.000   182.000   22.751   -53.881
49422.000   940.000   505.000   195.000   22.814   -53.875
49423.000   1049.000   475.000   173.000   22.877   -53.870
49424.000   958.000   454.000   190.000   22.939   -53.864
49425.000   1070.000   507.000   175.000   23.002   -53.859
49426.000   1025.000   492.000   153.000   23.064   -53.853
49427.000   1039.000   514.000   150.000   23.127   -53.848
49428.000   974.000   465.000   161.000   23.190   -53.842
49429.000   992.000   501.000   170.000   23.252   -53.837
49430.000   1057.000   532.000   168.000   23.315   -53.831
49431.000   1008.000   481.000   188.000   23.377   -53.826
49432.000   1060.000   523.000   156.000   23.440   -53.820
49433.000   998.000   490.000   179.000   23.502   -53.814
49434.000   1063.000   496.000   181.000   23.565   -53.809
49435.000   1008.000   497.000   166.000   23.628   -53.803
49436.000   1088.000   527.000   165.000   23.690   -53.798
49437.000   1062.000   479.000   190.000   23.753   -53.792
49438.000   1140.000   460.000   172.000   23.815   -53.786
49439.000   1113.000   472.000   176.000   23.878   -53.781
49440.000   1127.000   499.000   169.000   23.940   -53.775
49441.000   1173.000   541.000   162.000   24.003   -53.769
49442.000   1210.000   516.000   162.000   24.065   -53.764
49443.000   1212.000   556.000   168.000   24.128   -53.758
49444.000   1201.000   502.000   173.000   24.191   -53.752
49445.000   1285.000   555.000   177.000   24.253   -53.747
49446.000   1227.000   511.000   174.000   24.316   -53.741
49447.000   1325.000   517.000   152.000   24.378   -53.735
49448.000   1254.000   548.000   158.000   24.441   -53.730
49449.000   1316.000   509.000   180.000   24.503   -53.724
49450.000   1349.000   550.000   179.000   24.566   -53.718
49451.000   1377.000   578.000   169.000   24.629   -53.712
49452.000   1360.000   559.000   148.000   24.691   -53.706
49453.000   1446.000   582.000   183.000   24.754   -53.701
49454.000   1449.000   564.000   177.000   24.816   -53.695
49455.000   1449.000   576.000   175.000   24.879   -53.689
49456.000   1451.000   648.000   152.000   24.941   -53.683
49457.000   1509.000   614.000   165.000   25.004   -53.677
49458.000   1554.000   641.000   171.000   25.066   -53.672
49459.000   1595.000   620.000   167.000   25.129   -53.666
49460.000   1596.000   616.000   185.000   25.191   -53.660
49461.000   1634.000   679.000   174.000   25.254   -53.654
49462.000   1732.000   672.000   162.000   25.317   -53.648
49463.000   1783.000   660.000   172.000   25.379   -53.642
49464.000   1831.000   655.000   166.000   25.442   -53.636
49465.000   1791.000   692.000   149.000   25.504   -53.631
49466.000   1826.000   716.000   161.000   25.567   -53.625
49467.000   1885.000   703.000   178.000   25.629   -53.619
49468.000   1941.000   729.000   183.000   25.692   -53.613
49469.000   2065.000   777.000   161.000   25.754   -53.607
49470.000   1980.000   771.000   173.000   25.817   -53.601
49471.000   2038.000   790.000   147.000   25.879   -53.595
49472.000   2051.000   758.000   185.000   25.942   -53.589
49473.000   2152.000   798.000   162.000   26.004   -53.583
49474.000   2200.000   850.000   189.000   26.067   -53.577
49475.000   2273.000   861.000   151.000   26.129   -53.571
49476.000   2357.000   834.000   156.000   26.192   -53.565
49477.000   2269.000   883.000   156.000   26.254   -53.559
49478.000   2470.000   921.000   170.000   26.317   -53.553
49479.000   2410.000   902.000   168.000   26.380   -53.547
49480.000   2410.000   966.000   166.000   26.442   -53.541
49481.000   2566.000   917.000   175.000   26.505   -53.535
49482.000   2645.000   984.000   176.000   26.567   -53.529
49483.000   2575.000   1053.000   153.000   26.630   -53.522
49484.000   2736.000   1052.000   159.000   26.692   -53.516
49485.000   2760.000   1044.000   194.000   26.755   -53.510
49486.000   2758.000   1135.000   129.000   26.817   -53.504
49487.000   2757.000   1167.000   178.000   26.880   -53.498
49488.000   2776.000   1135.000   174.000   26.942   -53.492
49489.000   2859.000   1196.000   158.000   27.005   -53.486
49490.000   2958.000   1213.000   154.000   27.067   -53.479
49491.000   2971.000   1211.000   170.000   27.130   -53.473
49492.000   2926.000   1273.000   166.000   27.192   -53.467
49493.000   3093.000   1247.000   168.000   27.255   -53.461
49494.000   2980.000   1296.000   166.000   27.317   -53.455
49495.000   3122.000   1302.000   164.000   27.380   -53.448
49496.000   3161.000   1342.000   155.000   27.442   -53.442
49497.000   3164.000   1334.000   168.000   27.505   -53.436
49498.000   3093.000   1345.000   191.000   27.567   -53.430
49499.000   3207.000   1334.000   152.000   27.630   -53.423
49500.000   3240.000   1446.000   146.000   27.692   -53.417
49501.000   3233.000   1432.000   162.000   27.755   -53.411
49502.000   3211.000   1370.000   175.000   27.817   -53.404
49503.000   3280.000   1406.000   146.000   27.880   -53.398
49504.000   3184.000   1450.000   173.000   27.942   -53.392
49505.000   3237.000   1424.000   174.000   28.005   -53.385
49506.000   3311.000   1403.000   172.000   28.067   -53.379
49507.000   3281.000   1368.000   159.000   28.130   -53.373
49508.000   3271.000   1438.000   176.000   28.192   -53.366
49509.000   3310.000   1492.000   188.000   28.255   -53.360
49510.000   3270.000   1428.000   165.000   28.317   -53.353
49511.000   3360.000   1470.000   167.000   28.380   -53.347
49512.000   3241.000   1448.000   190.000   28.442   -53.341
49513.000   3291.000   1489.000   174.000   28.505   -53.334
49514.000   3270.000   1469.000   154.000   28.567   -53.328
49515.000   3167.000   1420.000   174.000   28.629   -53.321
49516.000   3247.000   1511.000   155.000   28.692   -53.315
49517.000   3183.000   1437.000   182.000   28.754   -53.308
49518.000   3138.000   1421.000   176.000   28.817   -53.302
49519.000   3151.000   1405.000   184.000   28.879   -53.295
49520.000   2979.000   1411.000   144.000   28.942   -53.289
49521.000   3091.000   1350.000   177.000   29.004   -53.282
49522.000   3027.000   1420.000   169.000   29.067   -53.275
49523.000   3061.000   1386.000   182.000   29.129   -53.269
49524.000   2917.000   1354.000   159.000   29.192   -53.262
49525.000   2899.000   1328.000   153.000   29.254   -53.256
49526.000   2892.000   1312.000   177.000   29.317   -53.249
49527.000   2811.000   1257.000   185.000   29.379   -53.242
49528.000   2770.000   1390.000   176.000   29.442   -53.236
49529.000   2734.000   1278.000   153.000   29.504   -53.229
49530.000   2738.000   1275.000   162.000   29.566   -53.222
49531.000   2674.000   1240.000   170.000   29.629   -53.216
49532.000   2678.000   1209.000   158.000   29.691   -53.209
49533.000   2602.000   1242.000   178.000   29.754   -53.202
49534.000   2570.000   1235.000   171.000   29.816   -53.196
49535.000   2791.000   1188.000   190.000   29.879   -53.189
49536.000   2639.000   1219.000   156.000   29.941   -53.182
49537.000   2620.000   1117.000   183.000   30.004   -53.175
49538.000   2607.000   1186.000   175.000   30.066   -53.169
49539.000   2613.000   1207.000   139.000   30.128   -53.162
49540.000   2510.000   1229.000   171.000   30.191   -53.155
49541.000   2520.000   1139.000   153.000   30.253   -53.148
49542.000   2562.000   1101.000   170.000   30.316   -53.141
49543.000   2425.000   1132.000   180.000   30.378   -53.134
49544.000   2398.000   1114.000   160.000   30.441   -53.128
49545.000   2356.000   1110.000   167.000   30.503   -53.121
49546.000   2403.000   1036.000   171.000   30.566   -53.114
49547.000   2388.000   1087.000   164.000   30.628   -53.107
49548.000   2294.000   1062.000   171.000   30.690   -53.100
49549.000   2409.000   1074.000   174.000   30.753   -53.093
49550.000   2379.000   987.000   165.000   30.815   -53.086
49551.000   2336.000   1030.000   170.000   30.878   -53.079
49552.000   2343.000   1043.000   170.000   30.940   -53.072
49553.000   2280.000   1029.000   142.000   31.003   -53.065
49554.000   2280.000   951.000   182.000   31.065   -53.058
49555.000   2128.000   943.000   163.000   31.127   -53.051
49556.000   2048.000   922.000   174.000   31.190   -53.044
49557.000   2130.000   894.000   149.000   31.252   -53.037
49558.000   1985.000   941.000   161.000   31.315   -53.030
49559.000   2070.000   927.000   171.000   31.377   -53.023
49560.000   2049.000   911.000   172.000   31.439   -53.016
49561.000   2030.000   911.000   159.000   31.502   -53.009
49562.000   2018.000   914.000   154.000   31.564   -53.002
49563.000   1925.000   850.000   168.000   31.627   -52.994
49564.000   1971.000   944.000   160.000   31.689   -52.987
49565.000   1892.000   830.000   187.000   31.751   -52.980
49566.000   1959.000   888.000   172.000   31.814   -52.973
49567.000   1913.000   859.000   186.000   31.876   -52.966
49568.000   1867.000   873.000   178.000   31.939   -52.958
49569.000   1920.000   830.000   179.000   32.001   -52.951
49570.000   1902.000   827.000   203.000   32.063   -52.944
49571.000   1916.000   865.000   175.000   32.126   -52.937
49572.000   1824.000   865.000   180.000   32.188   -52.929
49573.000   1861.000   785.000   193.000   32.251   -52.922
49574.000   1877.000   866.000   153.000   32.313   -52.915
49575.000   1853.000   853.000   162.000   32.375   -52.908
49576.000   1795.000   853.000   181.000   32.438   -52.900
49577.000   1843.000   855.000   165.000   32.500   -52.893
49578.000   1817.000   808.000   166.000   32.563   -52.885
49579.000   1851.000   860.000   169.000   32.625   -52.878
49580.000   1784.000   779.000   182.000   32.687   -52.871
49581.000   1741.000   880.000   196.000   32.750   -52.863
49582.000   1761.000   764.000   170.000   32.812   -52.856
49583.000   1729.000   809.000   179.000   32.874   -52.848
49584.000   1746.000   795.000   167.000   32.937   -52.841
49585.000   1705.000   765.000   171.000   32.999   -52.833
49586.000   1708.000   838.000   181.000   33.062   -52.826
49587.000   1677.000   838.000   158.000   33.124   -52.818
49588.000   1632.000   809.000   180.000   33.186   -52.811
49589.000   1607.000   762.000   183.000   33.249   -52.803
49590.000   1628.000   744.000   157.000   33.311   -52.796
49591.000   1650.000   791.000   162.000   33.373   -52.788
49592.000   1675.000   720.000   168.000   33.436   -52.781
49593.000   1545.000   737.000   157.000   33.498   -52.773
49594.000   1598.000   713.000   170.000   33.560   -52.765
49595.000   1544.000   727.000   161.000   33.623   -52.758
49596.000   1518.000   770.000   143.000   33.685   -52.750
49597.000   1537.000   674.000   163.000   33.747   -52.742
49598.000   1530.000   707.000   169.000   33.810   -52.735
49599.000   1489.000   698.000   161.000   33.872   -52.727
49600.000   1421.000   747.000   156.000   33.934   -52.719
49601.000   1423.000   703.000   166.000   33.997   -52.711
49602.000   1376.000   746.000   149.000   34.059   -52.704
49603.000   1428.000   742.000   212.000   34.122   -52.696
49604.000   1421.000   646.000   174.000   34.184   -52.688
49605.000   1355.000   661.000   175.000   34.246   -52.680
49606.000   1364.000   695.000   167.000   34.309   -52.672
49607.000   1359.000   714.000   192.000   34.371   -52.664
49608.000   1372.000   694.000   164.000   34.433   -52.657
49609.000   1369.000   693.000   193.000   34.495   -52.649
49610.000   1357.000   675.000   178.000   34.558   -52.641
49611.000   1392.000   666.000   191.000   34.620   -52.633
49612.000   1379.000   654.000   183.000   34.682   -52.625
49613.000   1324.000   704.000   155.000   34.745   -52.617
49614.000   1423.000   667.000   173.000   34.807   -52.609
49615.000   1453.000   793.000   162.000   34.869   -52.601
49616.000   1380.000   658.000   176.000   34.932   -52.593
49617.000   1352.000   657.000   167.000   34.994   -52.585
49618.000   1369.000   721.000   171.000   35.056   -52.577
49619.000   1323.000   686.000   161.000   35.119   -52.569
49620.000   1389.000   676.000   147.000   35.181   -52.561
49621.000   1321.000   705.000   188.000   35.243   -52.552
49622.000   1354.000   675.000   177.000   35.306   -52.544
49623.000   1318.000   702.000   188.000   35.368   -52.536
49624.000   1370.000   730.000   153.000   35.430   -52.528
49625.000   1318.000   697.000   180.000   35.492   -52.520
49626.000   1348.000   686.000   170.000   35.555   -52.512
49627.000   1387.000   706.000   185.000   35.617   -52.503
49628.000   1368.000   692.000   194.000   35.679   -52.495
49629.000   1376.000   659.000   156.000   35.742   -52.487
49630.000   1373.000   668.000   154.000   35.804   -52.479
49631.000   1285.000   691.000   191.000   35.866   -52.470
49632.000   1403.000   704.000   170.000   35.929   -52.462
49633.000   1306.000   718.000   166.000   35.991   -52.454
49634.000   1364.000   675.000   185.000   36.053   -52.445
49635.000   1317.000   681.000   188.000   36.115   -52.437
49636.000   1384.000   689.000   191.000   36.178   -52.428
49637.000   1392.000   691.000   191.000   36.240   -52.420
49638.000   1378.000   752.000   176.000   36.302   -52.412
49639.000   1431.000   763.000   196.000   36.364   -52.403
49640.000   1419.000   716.000   165.000   36.427   -52.395
49641.000   1366.000   717.000   209.000   36.489   -52.386
49642.000   1385.000   754.000   183.000   36.551   -52.378
49643.000   1489.000   749.000   182.000   36.614   -52.369
49644.000   1480.000   730.000   153.000   36.676   -52.360
49645.000   1528.000   725.000   149.000   36.738   -52.352
49646.000   1411.000   734.000   200.000   36.800   -52.343
49647.000   1528.000   749.000   181.000   36.863   -52.335
49648.000   1510.000   775.000   181.000   36.925   -52.326
49649.000   1571.000   809.000   168.000   36.987   -52.317
49650.000   1579.000   754.000   181.000   37.049   -52.309
49651.000   1517.000   850.000   180.000   37.112   -52.300
49652.000   1589.000   798.000   165.000   37.174   -52.291
49653.000   1558.000   833.000   169.000   37.236   -52.282
49654.000   1580.000   852.000   166.000   37.298   -52.274
49655.000   1553.000   809.000   190.000   37.360   -52.265
49656.000   1698.000   869.000   164.000   37.423   -52.256
49657.000   1634.000   855.000   156.000   37.485   -52.247
49658.000   1709.000   832.000   175.000   37.547   -52.238
49659.000   1733.000   904.000   164.000   37.609   -52.229
49660.000   1661.000   855.000   164.000   37.672   -52.220
49661.000   1670.000   858.000   174.000   37.734   -52.212
49662.000   1701.000   907.000   191.000   37.796   -52.203
49663.000   1703.000   933.000   190.000   37.858   -52.194
49664.000   1810.000   969.000   162.000   37.921   -52.185
49665.000   1821.000   966.000   204.000   37.983   -52.176
49666.000   1840.000   995.000   177.000   38.045   -52.167
49667.000   1858.000   1004.000   188.000   38.107   -52.158
49668.000   1949.000   1011.000   195.000   38.169   -52.148
49669.000   1965.000   1063.000   175.000   38.232   -52.139
49670.000   2023.000   1064.000   187.000   38.294   -52.130
49671.000   2048.000   1103.000   181.000   38.356   -52.121
49672.000   2088.000   1144.000   184.000   38.418   -52.112
49673.000   2160.000   1125.000   166.000   38.480   -52.103
49674.000   2178.000   1183.000   188.000   38.543   -52.093
49675.000   2259.000   1187.000   154.000   38.605   -52.084
49676.000   2244.000   1307.000   159.000   38.667   -52.075
49677.000   2297.000   1185.000   170.000   38.729   -52.066
49678.000   2334.000   1236.000   181.000   38.791   -52.056
49679.000   2326.000   1265.000   181.000   38.854   -52.047
50160.000   2449.000   772.000   210.000   68.236   -40.935
50161.000   2465.000   835.000   196.000   68.294   -40.879
50162.000   2377.000   810.000   220.000   68.353   -40.824
50163.000   2368.000   804.000   224.000   68.412   -40.768
50164.000   2341.000   816.000   225.000   68.470   -40.711
50165.000   2430.000   795.000   217.000   68.529   -40.655
50166.000   2342.000   805.000   209.000   68.588   -40.598
50167.000   2370.000   816.000   224.000   68.646   -40.541
50168.000   2442.000   839.000   203.000   68.705   -40.483
50169.000   2527.000   829.000   227.000   68.763   -40.425
50170.000   2424.000   800.000   230.000   68.822   -40.367
50171.000   2475.000   830.000   199.000   68.880   -40.308
50172.000   2271.000   793.000   200.000   68.939   -40.250
50173.000   2363.000   715.000   194.000   68.997   -40.190
50174.000   2375.000   792.000   233.000   69.056   -40.131
50175.000   2413.000   787.000   198.000   69.114   -40.071
50176.000   2460.000   782.000   212.000   69.172   -40.011
50177.000   2401.000   805.000   202.000   69.231   -39.950
50178.000   2267.000   767.000   231.000   69.289   -39.889
50179.000   2205.000   786.000   217.000   69.347   -39.828
50180.000   2169.000   777.000   195.000   69.406   -39.766
50181.000   2144.000   778.000   209.000   69.464   -39.705
50182.000   2176.000   845.000   193.000   69.522   -39.642
50183.000   2062.000   833.000   206.000   69.580   -39.579
50184.000   2067.000   760.000   195.000   69.639   -39.516
50185.000   2146.000   796.000   195.000   69.697   -39.453
50186.000   2071.000   783.000   189.000   69.755   -39.389
50187.000   2110.000   721.000   182.000   69.813   -39.325
50188.000   2004.000   784.000   191.000   69.871   -39.261
50189.000   1960.000   771.000   190.000   69.929   -39.196
50190.000   1894.000   766.000   190.000   69.987   -39.130
50191.000   1914.000   748.000   184.000   70.045   -39.065
50192.000   1806.000   712.000   186.000   70.103   -38.998
50193.000   1793.000   727.000   203.000   70.161   -38.932
50194.000   1657.000   682.000   201.000   70.219   -38.865
50195.000   1653.000   681.000   194.000   70.277   -38.798
50196.000   1734.000   756.000   206.000   70.334   -38.730
50197.000   1689.000   773.000   192.000   70.392   -38.662
50198.000   1618.000   700.000   199.000   70.450   -38.594
50199.000   1565.000   738.000   236.000   70.508   -38.525
50200.000   1512.000   650.000   207.000   70.565   -38.455
50201.000   1507.000   730.000   225.000   70.623   -38.386
50202.000   1468.000   715.000   198.000   70.681   -38.315
50203.000   1366.000   701.000   182.000   70.738   -38.245
50204.000   1390.000   710.000   186.000   70.796   -38.174
50205.000   1383.000   669.000   208.000   70.854   -38.102
50206.000   1352.000   681.000   188.000   70.911   -38.030
50207.000   1317.000   710.000   227.000   70.969   -37.958
50208.000   1301.000   711.000   217.000   71.026   -37.885
50209.000   1308.000   657.000   210.000   71.084   -37.812
50210.000   1345.000   691.000   213.000   71.141   -37.738
50211.000   1243.000   637.000   215.000   71.198   -37.664
50212.000   1284.000   686.000   230.000   71.256   -37.590
50213.000   1270.000   682.000   214.000   71.313   -37.515
50214.000   1261.000   649.000   211.000   71.370   -37.439
50215.000   1259.000   669.000   234.000   71.427   -37.363
50216.000   1253.000   677.000   202.000   71.485   -37.287
50217.000   1241.000   653.000   222.000   71.542   -37.210
50218.000   1227.000   669.000   211.000   71.599   -37.132
50219.000   1213.000   654.000   208.000   71.656   -37.054
50220.000   1249.000   709.000   210.000   71.713   -36.976
50221.000   1225.000   644.000   206.000   71.770   -36.897
50222.000   1209.000   655.000   213.000   71.827   -36.817
50223.000   1247.000   708.000   205.000   71.884   -36.737
50224.000   1242.000   660.000   218.000   71.941   -36.657
50225.000   1235.000   689.000   219.000   71.998   -36.576
50226.000   1173.000   635.000   185.000   72.055   -36.494
50227.000   1189.000   670.000   211.000   72.111   -36.412
50228.000   1205.000   650.000   174.000   72.168   -36.330
50229.000   1230.000   705.000   205.000   72.225   -36.247
50230.000   1180.000   642.000   213.000   72.282   -36.163
50231.000   1184.000   648.000   192.000   72.338   -36.079
50232.000   1171.000   654.000   217.000   72.395   -35.994
50233.000   1174.000   656.000   221.000   72.451   -35.909
50234.000   1161.000   667.000   218.000   72.508   -35.823
50235.000   1181.000   681.000   191.000   72.564   -35.737
50236.000   1167.000   633.000   195.000   72.621   -35.650
50237.000   1162.000   608.000   224.000   72.677   -35.562
50238.000   1160.000   635.000   202.000   72.734   -35.474
50239.000   1204.000   615.000   228.000   72.790   -35.385
50240.000   1137.000   670.000   214.000   72.846   -35.296
50241.000   1133.000   648.000   221.000   72.902   -35.206
50242.000   1143.000   698.000   216.000   72.959   -35.116
50243.000   1118.000   638.000   224.000   73.015   -35.024
50244.000   1117.000   673.000   216.000   73.071   -34.933
50245.000   1128.000   632.000   232.000   73.127   -34.840
50246.000   1086.000   621.000   202.000   73.183   -34.747
50247.000   1117.000   639.000   220.000   73.239   -34.654
50248.000   1107.000   653.000   200.000   73.295   -34.560
50249.000   1106.000   614.000   223.000   73.351   -34.465
50250.000   1023.000   655.000   201.000   73.406   -34.369
50251.000   1128.000   645.000   191.000   73.462   -34.273
50252.000   1120.000   632.000   201.000   73.518   -34.176
50253.000   1076.000   652.000   207.000   73.573   -34.079
50254.000   1099.000   691.000   188.000   73.629   -33.981
50255.000   1110.000   670.000   212.000   73.685   -33.882
50256.000   1098.000   641.000   214.000   73.740   -33.782
50257.000   1167.000   676.000   241.000   73.796   -33.682
50258.000   1134.000   640.000   200.000   73.851   -33.581
50259.000   1138.000   661.000   218.000   73.906   -33.479
50260.000   1174.000   638.000   203.000   73.962   -33.377
50261.000   1148.000   664.000   226.000   74.017   -33.274
50262.000   1111.000   681.000   237.000   74.072   -33.170
50263.000   1115.000   674.000   199.000   74.127   -33.066
50264.000   1062.000   697.000   184.000   74.182   -32.961
50265.000   1079.000   656.000   203.000   74.237   -32.855
50266.000   1122.000   677.000   225.000   74.292   -32.748
50267.000   1065.000   707.000   201.000   74.347   -32.640
50268.000   1070.000   624.000   217.000   74.402   -32.532
50269.000   1137.000   633.000   195.000   74.457   -32.423
50270.000   1105.000   619.000   230.000   74.512   -32.313
50271.000   1064.000   640.000   225.000   74.566   -32.203
50272.000   1117.000   685.000   185.000   74.621   -32.091
50273.000   1190.000   676.000   196.000   74.676   -31.979
50274.000   1113.000   613.000   227.000   74.730   -31.866
50275.000   1097.000   666.000   208.000   74.784   -31.752
50276.000   1070.000   681.000   180.000   74.839   -31.638
50277.000   1117.000   688.000   206.000   74.893   -31.522
50278.000   1077.000   616.000   210.000   74.947   -31.406
50279.000   1177.000   693.000   197.000   75.002   -31.289
50280.000   1069.000   667.000   193.000   75.056   -31.171
50281.000   1126.000   693.000   192.000   75.110   -31.052
50282.000   1141.000   653.000   219.000   75.164   -30.932
50283.000   1127.000   665.000   187.000   75.218   -30.811
50284.000   1139.000   691.000   219.000   75.272   -30.690
50285.000   1129.000   658.000   211.000   75.325   -30.567
50286.000   1121.000   641.000   219.000   75.379   -30.444
50287.000   1098.000   661.000   213.000   75.433   -30.320
50288.000   1112.000   635.000   224.000   75.486   -30.195
50289.000   1114.000   664.000   191.000   75.540   -30.068
50290.000   1076.000   662.000   192.000   75.593   -29.941
50291.000   1180.000   698.000   230.000   75.647   -29.813
50292.000   1120.000   643.000   219.000   75.700   -29.684
50293.000   1091.000   687.000   196.000   75.753   -29.554
50294.000   1086.000   679.000   194.000   75.806   -29.423
50295.000   1145.000   680.000   211.000   75.859   -29.291
50296.000   1091.000   623.000   201.000   75.912   -29.158
50297.000   1082.000   644.000   199.000   75.965   -29.024
50298.000   1101.000   671.000   212.000   76.018   -28.889
50299.000   1105.000   659.000   205.000   76.071   -28.753
50300.000   1092.000   648.000   195.000   76.123   -28.616
50301.000   1100.000   675.000   185.000   76.176   -28.478
50302.000   1074.000   658.000   203.000   76.228   -28.339
50303.000   1090.000   658.000   193.000   76.281   -28.199
50304.000   1132.000   633.000   193.000   76.333   -28.057
50305.000   1112.000   642.000   212.000   76.385   -27.915
50306.000   1090.000   666.000   192.000   76.438   -27.771
50307.000   1136.000   677.000   189.000   76.490   -27.627
50308.000   1073.000   675.000   216.000   76.542   -27.481
50309.000   1071.000   640.000   212.000   76.593   -27.334
50310.000   1081.000   644.000   217.000   76.645   -27.186
50311.000   1083.000   655.000   196.000   76.697   -27.037
50312.000   1046.000   628.000   229.000   76.749   -26.886
50313.000   1136.000   663.000   186.000   76.800   -26.735
50314.000   1119.000   663.000   210.000   76.852   -26.582
50315.000   1108.000   662.000   185.000   76.903   -26.428
50316.000   1061.000   658.000   182.000   76.954   -26.273
50317.000   1101.000   729.000   203.000   77.005   -26.116
50318.000   1117.000   665.000   209.000   77.056   -25.959
50319.000   1109.000   644.000   207.000   77.107   -25.800
50320.000   1094.000   635.000   187.000   77.158   -25.639
50321.000   1062.000   653.000   186.000   77.209   -25.478
50322.000   1013.000   642.000   204.000   77.259   -25.315
50323.000   1063.000   701.000   192.000   77.310   -25.151
50324.000   1080.000   708.000   174.000   77.360   -24.985
50325.000   1055.000   673.000   212.000   77.411   -24.819
50326.000   1112.000   659.000   208.000   77.461   -24.651
50327.000   1063.000   652.000   181.000   77.511   -24.481
50328.000   1051.000   664.000   185.000   77.561   -24.310
50329.000   1062.000   636.000   215.000   77.611   -24.138
50330.000   1067.000   655.000   200.000   77.660   -23.964
50331.000   1067.000   626.000   221.000   77.710   -23.789
50332.000   1091.000   656.000   184.000   77.759   -23.613
50333.000   1110.000   643.000   210.000   77.809   -23.435
50334.000   1047.000   672.000   223.000   77.858   -23.256
50335.000   1119.000   652.000   185.000   77.907   -23.075
50336.000   1042.000   630.000   207.000   77.956   -22.892
50337.000   1074.000   670.000   222.000   78.005   -22.709
50338.000   1089.000   644.000   198.000   78.054   -22.523
50339.000   1081.000   724.000   202.000   78.103   -22.336
50340.000   1102.000   643.000   207.000   78.151   -22.148
50341.000   1048.000   642.000   193.000   78.199   -21.958
50342.000   1026.000   680.000   189.000   78.248   -21.766
50343.000   1037.000   724.000   211.000   78.296   -21.573
50344.000   1106.000   641.000   215.000   78.344   -21.379
50345.000   1076.000   683.000   208.000   78.392   -21.182
50346.000   1032.000   660.000   194.000   78.439   -20.984
50347.000   1058.000   666.000   212.000   78.487   -20.785
50348.000   1064.000   641.000   183.000   78.534   -20.583
50349.000   1093.000   639.000   205.000   78.581   -20.380
50350.000   1067.000   685.000   194.000   78.629   -20.176
50351.000   1092.000   677.000   192.000   78.676   -19.969
50352.000   1076.000   628.000   232.000   78.722   -19.761
50353.000   1096.000   659.000   205.000   78.769   -19.551
50354.000   1033.000   666.000   185.000   78.816   -19.340
50355.000   1045.000   657.000   200.000   78.862   -19.126
50356.000   1101.000   681.000   198.000   78.908   -18.911
50357.000   1086.000   640.000   187.000   78.954   -18.694
50358.000   1068.000   659.000   212.000   79.000   -18.475
50359.000   1033.000   628.000   200.000   79.046   -18.255
50360.000   1136.000   618.000   189.000   79.091   -18.032
50361.000   1099.000   668.000   197.000   79.137   -17.808
50362.000   1101.000   628.000   177.000   79.182   -17.582
50363.000   1080.000   632.000   195.000   79.227   -17.353
50364.000   1036.000   688.000   191.000   79.272   -17.123
50365.000   1053.000   698.000   207.000   79.316   -16.891
50366.000   1114.000   685.000   205.000   79.361   -16.657
50367.000   1018.000   603.000   197.000   79.405   -16.421
50368.000   1077.000   659.000   208.000   79.449   -16.183
50369.000   1082.000   637.000   200.000   79.493   -15.943
50370.000   1019.000   657.000   192.000   79.537   -15.702
50371.000   1128.000   661.000   197.000   79.581   -15.458
50372.000   1097.000   631.000   187.000   79.624   -15.211
50373.000   1111.000   646.000   189.000   79.667   -14.963
50374.000   1062.000   674.000   219.000   79.710   -14.713
50375.000   1169.000   645.000   231.000   79.753   -14.461
50376.000   1084.000   661.000   209.000   79.795   -14.206
50377.000   1139.000   699.000   242.000   79.838   -13.950
50378.000   1063.000   657.000   212.000   79.880   -13.691
50379.000   1078.000   657.000   193.000   79.922   -13.430
50380.000   1043.000   650.000   188.000   79.964   -13.167
50381.000   1060.000   630.000   199.000   80.005   -12.902
50382.000   1008.000   656.000   204.000   80.047   -12.634
50383.000   1124.000   703.000   205.000   80.088   -12.364
50384.000   1105.000   628.000   199.000   80.128   -12.092
50385.000   1094.000   621.000   219.000   80.169   -11.818
50386.000   1060.000   679.000   211.000   80.210   -11.542
50387.000   1093.000   666.000   190.000   80.250   -11.263
50388.000   1097.000   686.000   194.000   80.290   -10.981
50389.000   1008.000   652.000   198.000   80.329   -10.698
50390.000   1106.000   649.000   201.000   80.369   -10.412
50391.000   1025.000   645.000   203.000   80.408   -10.124
50392.000   1095.000   683.000   207.000   80.447   -9.833
50393.000   1051.000   661.000   184.000   80.486   -9.541
50394.000   1061.000   627.000   203.000   80.524   -9.245
50395.000   1030.000   640.000   197.000   80.562   -8.947
50396.000   1094.000   664.000   215.000   80.600   -8.647
50397.000   1069.000   682.000   227.000   80.638   -8.345
50398.000   1124.000   647.000   180.000   80.675   -8.040
50399.000   1126.000   631.000   219.000   80.713   -7.732
50400.000   1072.000   620.000   214.000   80.749   -7.422
50401.000   1054.000   678.000   187.000   80.786   -7.110
50402.000   1124.000   634.000   188.000   80.822   -6.795
50403.000   1079.000   663.000   207.000   80.858   -6.477
50404.000   1032.000   673.000   214.000   80.894   -6.157
50405.000   1083.000   642.000   209.000   80.930   -5.835
50406.000   1063.000   719.000   176.000   80.965   -5.510
50407.000   1117.000   642.000   198.000   81.000   -5.182
50408.000   1042.000   639.000   191.000   81.034   -4.852
50409.000   1026.000   632.000   217.000   81.068   -4.520
50410.000   1069.000   623.000   185.000   81.102   -4.184
50411.000   1112.000   647.000   202.000   81.136   -3.847
50412.000   1083.000   669.000   196.000   81.169   -3.506
50413.000   1073.000   661.000   199.000   81.202   -3.163
50414.000   1009.000   667.000   183.000   81.235   -2.818
50415.000   1085.000   612.000   210.000   81.268   -2.470
50416.000   1055.000   684.000   195.000   81.300   -2.119
50417.000   1050.000   618.000   211.000   81.331   -1.766
50418.000   971.000   646.000   209.000   81.363   -1.410
50419.000   1060.000   682.000   201.000   81.394   -1.051
50420.000   1018.000   642.000   210.000   81.424   -0.690
50421.000   1089.000   684.000   175.000   81.455   -0.327
50422.000   1001.000   653.000   214.000   81.485   00.040
50423.000   1095.000   673.000   227.000   81.515   00.408
50424.000   1134.000   681.000   199.000   81.544   00.780
50425.000   1071.000   663.000   205.000   81.573   01.154
50426.000   1008.000   622.000   197.000   81.601   01.530
50427.000   1096.000   710.000   195.000   81.630   01.909
50428.000   1075.000   649.000   183.000   81.657   02.291
50429.000   1039.000   634.000   206.000   81.685   02.675
50430.000   1108.000   639.000   210.000   81.712   03.062
50431.000   1074.000   640.000   193.000   81.739   03.451
50432.000   1027.000   657.000   210.000   81.765   03.843
50433.000   1087.000   679.000   197.000   81.791   04.237
50434.000   1024.000   647.000   186.000   81.816   04.634
50435.000   1122.000   654.000   214.000   81.842   05.033
50436.000   1107.000   632.000   199.000   81.866   05.435
50437.000   1035.000   696.000   175.000   81.891   05.839
50438.000   1052.000   641.000   187.000   81.915   06.246
50439.000   1056.000   662.000   207.000   81.938   06.655
50440.000   1085.000   615.000   182.000   81.961   07.066
50441.000   1049.000   752.000   217.000   81.984   07.480
50442.000   1057.000   648.000   223.000   82.006   07.896
50443.000   1021.000   705.000   214.000   82.028   08.314
50444.000   1022.000   662.000   207.000   82.049   08.734
50445.000   1072.000   606.000   201.000   82.070   09.157
50446.000   1071.000   651.000   180.000   82.091   09.582
50447.000   1050.000   664.000   199.000   82.111   10.010
50448.000   1006.000   650.000   182.000   82.130   10.439
50449.000   1059.000   657.000   191.000   82.150   10.871
50450.000   1023.000   616.000   177.000   82.168   11.304
50451.000   1064.000   648.000   214.000   82.187   11.740
50452.000   1059.000   655.000   185.000   82.204   12.178
50453.000   996.000   656.000   220.000   82.222   12.617
50454.000   1023.000   612.000   215.000   82.239   13.059
50455.000   1047.000   684.000   197.000   82.255   13.503
50456.000   1035.000   681.000   204.000   82.271   13.948
50457.000   1025.000   608.000   225.000   82.287   14.395
50458.000   970.000   640.000   217.000   82.302   14.844
50459.000   1084.000   641.000   233.000   82.316   15.295
50460.000   1135.000   617.000   199.000   82.330   15.747
50461.000   1005.000   684.000   195.000   82.344   16.201
50462.000   1001.000   689.000   190.000   82.357   16.657
50463.000   1042.000   626.000   188.000   82.369   17.114
50464.000   1034.000   629.000   181.000   82.382   17.573
50465.000   1019.000   669.000   213.000   82.393   18.033
50466.000   1019.000   664.000   184.000   82.404   18.495
50467.000   1039.000   680.000   200.000   82.415   18.957
50468.000   1042.000   662.000   192.000   82.425   19.422
50469.000   1087.000   695.000   185.000   82.435   19.887
50470.000   1000.000   651.000   194.000   82.444   20.353
50471.000   1084.000   684.000   214.000   82.452   20.821
50472.000   1078.000   635.000   191.000   82.460   21.289
50473.000   1077.000   642.000   187.000   82.468   21.759
50474.000   1073.000   686.000   202.000   82.475   22.230
50475.000   1004.000   668.000   192.000   82.482   22.701
50476.000   1097.000   670.000   210.000   82.488   23.173
50477.000   1089.000   643.000   219.000   82.493   23.646
50478.000   1013.000   635.000   198.000   82.498   24.119
50479.000   1040.000   654.000   206.000   82.503   24.594
50480.000   1048.000   658.000   205.000   82.507   25.068
50481.000   1021.000   628.000   238.000   82.510   25.543
50482.000   1105.000   677.000   202.000   82.513   26.019
50483.000   1075.000   688.000   185.000   82.516   26.495
50484.000   1025.000   682.000   209.000   82.518   26.971
50485.000   1024.000   684.000   205.000   82.519   27.448
50486.000   1055.000   643.000   212.000   82.520   27.924
