Time range: [ 14:01:27.000  14:49:22.000 ]
Time range duration: 47.0 min, 55.0 sec
Longitude range: [ -164.209  28.401 ]
50487.000   1905.000   82.520   28.401
50488.000   1869.000   82.520   28.877
50489.000   1929.000   82.520   29.354
50490.000   1863.000   82.518   29.830
50491.000   1878.000   82.517   30.307
50492.000   1943.000   82.514   30.783
50493.000   1869.000   82.512   31.258
50494.000   1931.000   82.508   31.734
50495.000   1944.000   82.505   32.209
50496.000   1857.000   82.500   32.683
50497.000   1926.000   82.495   33.157
50498.000   1850.000   82.490   33.630
50499.000   1904.000   82.484   34.102
50500.000   1860.000   82.478   34.574
50501.000   1913.000   82.471   35.045
50502.000   1978.000   82.464   35.515
50503.000   1917.000   82.456   35.984
50504.000   1831.000   82.447   36.452
50505.000   1852.000   82.438   36.918
50506.000   1936.000   82.429   37.384
50507.000   1961.000   82.419   37.849
50508.000   1857.000   82.409   38.312
50509.000   1969.000   82.398   38.774
50510.000   1906.000   82.386   39.235
50511.000   1929.000   82.374   39.694
50512.000   1915.000   82.362   40.152
50513.000   1972.000   82.349   40.608
50514.000   1920.000   82.336   41.062
50515.000   1902.000   82.322   41.516
50516.000   1954.000   82.307   41.967
50517.000   1962.000   82.293   42.417
50518.000   1897.000   82.277   42.864
50519.000   1857.000   82.262   43.311
50520.000   1885.000   82.245   43.755
50521.000   1974.000   82.229   44.197
50522.000   1957.000   82.211   44.638
50523.000   1883.000   82.194   45.076
50524.000   1892.000   82.176   45.512
50525.000   1857.000   82.157   45.947
50526.000   1970.000   82.138   46.379
50527.000   1988.000   82.119   46.809
50528.000   1843.000   82.099   47.237
50529.000   1966.000   82.079   47.663
50530.000   1889.000   82.058   48.087
50531.000   1896.000   82.037   48.508
50532.000   1954.000   82.015   48.927
50533.000   1961.000   81.993   49.344
50534.000   1928.000   81.970   49.759
50535.000   1896.000   81.947   50.171
50536.000   1938.000   81.924   50.581
50537.000   1927.000   81.900   50.988
50538.000   1905.000   81.876   51.393
50539.000   1886.000   81.852   51.796
50540.000   1945.000   81.827   52.196
50541.000   1809.000   81.801   52.593
50542.000   1937.000   81.776   52.989
50543.000   1939.000   81.749   53.381
50544.000   1971.000   81.723   53.771
50545.000   1891.000   81.696   54.159
50546.000   1943.000   81.669   54.544
50547.000   2013.000   81.641   54.927
50548.000   1956.000   81.613   55.307
50549.000   1938.000   81.585   55.684
50550.000   1937.000   81.556   56.059
50551.000   1867.000   81.527   56.432
50552.000   2017.000   81.497   56.801
50553.000   1951.000   81.467   57.168
50554.000   1974.000   81.437   57.533
50555.000   1897.000   81.406   57.895
50556.000   1779.000   81.376   58.254
50557.000   1898.000   81.344   58.611
50558.000   1984.000   81.313   58.965
50559.000   1909.000   81.281   59.317
50560.000   1939.000   81.249   59.666
50561.000   1915.000   81.216   60.013
50562.000   1910.000   81.183   60.356
50563.000   1916.000   81.150   60.698
50564.000   1884.000   81.116   61.036
50565.000   1885.000   81.083   61.373
50566.000   1959.000   81.049   61.706
50567.000   1879.000   81.014   62.037
50568.000   1958.000   80.979   62.366
50569.000   1896.000   80.944   62.692
50570.000   1959.000   80.909   63.015
50571.000   1950.000   80.873   63.336
50572.000   1865.000   80.837   63.654
50573.000   1845.000   80.801   63.970
50574.000   1926.000   80.765   64.283
50575.000   2037.000   80.728   64.594
50576.000   1937.000   80.691   64.903
50577.000   1961.000   80.654   65.209
50578.000   1939.000   80.616   65.512
50579.000   1846.000   80.578   65.813
50580.000   1941.000   80.540   66.112
50581.000   1904.000   80.502   66.408
50582.000   1914.000   80.463   66.702
50583.000   1906.000   80.425   66.993
50584.000   1852.000   80.385   67.282
50585.000   1872.000   80.346   67.569
50586.000   1926.000   80.307   67.853
50587.000   1889.000   80.267   68.135
50588.000   1879.000   80.227   68.415
50589.000   1900.000   80.186   68.692
50590.000   1933.000   80.146   68.967
50591.000   1809.000   80.105   69.240
50592.000   1953.000   80.064   69.511
50593.000   1993.000   80.023   69.779
50594.000   1936.000   79.982   70.045
50595.000   1887.000   79.940   70.309
50596.000   1926.000   79.898   70.571
50597.000   1957.000   79.856   70.830
50598.000   1875.000   79.814   71.088
50599.000   1968.000   79.771   71.343
50600.000   1982.000   79.729   71.596
50601.000   1873.000   79.686   71.847
50602.000   1947.000   79.643   72.096
50603.000   1848.000   79.599   72.343
50604.000   1961.000   79.556   72.587
50605.000   1954.000   79.512   72.830
50606.000   1879.000   79.469   73.071
50607.000   1896.000   79.424   73.310
50608.000   1965.000   79.380   73.546
50609.000   2014.000   79.336   73.781
50610.000   1876.000   79.291   74.014
50611.000   1841.000   79.247   74.244
50612.000   1940.000   79.202   74.473
50613.000   1889.000   79.157   74.700
50614.000   1835.000   79.111   74.925
50615.000   1831.000   79.066   75.148
50616.000   1941.000   79.020   75.370
50617.000   1981.000   78.974   75.589
50618.000   1979.000   78.929   75.807
50619.000   1877.000   78.882   76.023
50620.000   1893.000   78.836   76.237
50621.000   1979.000   78.790   76.449
50622.000   1945.000   78.743   76.659
50623.000   1912.000   78.697   76.868
50624.000   1950.000   78.650   77.075
50625.000   1856.000   78.603   77.280
50626.000   1926.000   78.556   77.484
50627.000   1888.000   78.508   77.686
50628.000   1815.000   78.461   77.886
50629.000   1878.000   78.413   78.085
50630.000   1885.000   78.365   78.282
50631.000   1915.000   78.318   78.477
50632.000   1929.000   78.270   78.671
50633.000   1963.000   78.221   78.863
50634.000   1954.000   78.173   79.053
50635.000   1936.000   78.125   79.242
50636.000   1955.000   78.076   79.430
50637.000   1941.000   78.028   79.616
50638.000   1960.000   77.979   79.800
50639.000   1975.000   77.930   79.983
51120.000   3073.000   49.781   106.913
51121.000   3123.000   49.720   106.929
51122.000   2991.000   49.658   106.944
51123.000   2986.000   49.597   106.959
51124.000   2932.000   49.535   106.975
51125.000   3012.000   49.474   106.990
51126.000   2951.000   49.412   107.005
51127.000   2991.000   49.351   107.020
51128.000   3011.000   49.289   107.035
51129.000   3156.000   49.228   107.050
51130.000   3002.000   49.166   107.065
51131.000   3041.000   49.105   107.080
51132.000   2883.000   49.043   107.095
51133.000   2924.000   48.982   107.110
51134.000   2953.000   48.920   107.124
51135.000   3037.000   48.859   107.139
51136.000   3076.000   48.797   107.154
51137.000   2999.000   48.736   107.168
51138.000   2818.000   48.674   107.183
51139.000   2782.000   48.613   107.197
51140.000   2782.000   48.551   107.212
51141.000   2723.000   48.490   107.226
51142.000   2766.000   48.428   107.241
51143.000   2719.000   48.367   107.255
51144.000   2636.000   48.305   107.269
51145.000   2711.000   48.243   107.284
51146.000   2574.000   48.182   107.298
51147.000   2696.000   48.120   107.312
51148.000   2614.000   48.059   107.326
51149.000   2511.000   47.997   107.340
51150.000   2390.000   47.936   107.354
51151.000   2414.000   47.874   107.368
51152.000   2383.000   47.813   107.382
51153.000   2419.000   47.751   107.396
51154.000   2236.000   47.689   107.410
51155.000   2225.000   47.628   107.424
51156.000   2330.000   47.566   107.437
51157.000   2269.000   47.505   107.451
51158.000   2147.000   47.443   107.465
51159.000   2071.000   47.381   107.479
51160.000   2113.000   47.320   107.492
51161.000   2052.000   47.258   107.506
51162.000   2001.000   47.197   107.519
51163.000   1900.000   47.135   107.533
51164.000   1968.000   47.073   107.546
51165.000   1937.000   47.012   107.560
51166.000   1861.000   46.950   107.573
51167.000   1832.000   46.889   107.586
51168.000   1817.000   46.827   107.600
51169.000   1872.000   46.765   107.613
51170.000   1846.000   46.704   107.626
51171.000   1782.000   46.642   107.639
51172.000   1820.000   46.580   107.652
51173.000   1812.000   46.519   107.665
51174.000   1818.000   46.457   107.678
51175.000   1820.000   46.395   107.691
51176.000   1793.000   46.334   107.704
51177.000   1810.000   46.272   107.717
51178.000   1745.000   46.211   107.730
51179.000   1714.000   46.149   107.743
51180.000   1779.000   46.087   107.756
51181.000   1715.000   46.026   107.769
51182.000   1780.000   45.964   107.781
51183.000   1754.000   45.902   107.794
51184.000   1732.000   45.841   107.807
51185.000   1795.000   45.779   107.819
51186.000   1721.000   45.717   107.832
51187.000   1829.000   45.656   107.845
51188.000   1784.000   45.594   107.857
51189.000   1734.000   45.532   107.870
51190.000   1645.000   45.470   107.882
51191.000   1737.000   45.409   107.894
51192.000   1663.000   45.347   107.907
51193.000   1721.000   45.285   107.919
51194.000   1653.000   45.224   107.931
51195.000   1715.000   45.162   107.944
51196.000   1729.000   45.100   107.956
51197.000   1749.000   45.039   107.968
51198.000   1664.000   44.977   107.980
51199.000   1714.000   44.915   107.992
51200.000   1610.000   44.853   108.005
51201.000   1634.000   44.792   108.017
51202.000   1474.000   44.730   108.029
51203.000   1492.000   44.668   108.041
51204.000   1494.000   44.606   108.053
51205.000   1620.000   44.545   108.065
51206.000   1491.000   44.483   108.076
51207.000   1568.000   44.421   108.088
51208.000   1539.000   44.360   108.100
51209.000   1502.000   44.298   108.112
51210.000   1423.000   44.236   108.124
51211.000   1516.000   44.174   108.135
51212.000   1503.000   44.113   108.147
51213.000   1505.000   44.051   108.159
51214.000   1518.000   43.989   108.170
51215.000   1477.000   43.927   108.182
51216.000   1507.000   43.866   108.193
51217.000   1542.000   43.804   108.205
51218.000   1590.000   43.742   108.216
51219.000   1462.000   43.680   108.228
51220.000   1548.000   43.618   108.239
51221.000   1526.000   43.557   108.251
51222.000   1488.000   43.495   108.262
51223.000   1453.000   43.433   108.273
51224.000   1457.000   43.371   108.285
51225.000   1438.000   43.310   108.296
51226.000   1470.000   43.248   108.307
51227.000   1484.000   43.186   108.318
51228.000   1424.000   43.124   108.330
51229.000   1532.000   43.062   108.341
51230.000   1484.000   43.001   108.352
51231.000   1549.000   42.939   108.363
51232.000   1514.000   42.877   108.374
51233.000   1600.000   42.815   108.385
51234.000   1478.000   42.753   108.396
51235.000   1444.000   42.692   108.407
51236.000   1470.000   42.630   108.418
51237.000   1507.000   42.568   108.429
51238.000   1473.000   42.506   108.440
51239.000   1504.000   42.444   108.450
51240.000   1454.000   42.382   108.461
51241.000   1511.000   42.321   108.472
51242.000   1476.000   42.259   108.483
51243.000   1475.000   42.197   108.493
51244.000   18240.000   42.135   108.504
51245.000   22869.000   42.073   108.515
51246.000   2543.000   42.011   108.525
51247.000   23856.000   41.950   108.536
51248.000   1523.000   41.888   108.547
51249.000   1533.000   41.826   108.557
51250.000   1488.000   41.764   108.568
51251.000   1567.000   41.702   108.578
51252.000   1509.000   41.640   108.589
51253.000   1533.000   41.579   108.599
51254.000   1518.000   41.517   108.610
51255.000   1543.000   41.455   108.620
51256.000   1585.000   41.393   108.630
51257.000   1462.000   41.331   108.641
51258.000   1533.000   41.269   108.651
51259.000   1409.000   41.207   108.661
51260.000   1483.000   41.145   108.671
51261.000   1488.000   41.084   108.682
51262.000   1504.000   41.022   108.692
51263.000   1470.000   40.960   108.702
51264.000   1494.000   40.898   108.712
51265.000   1554.000   40.836   108.722
51266.000   1482.000   40.774   108.732
51267.000   1530.000   40.712   108.742
51268.000   1468.000   40.650   108.752
51269.000   1438.000   40.589   108.762
51270.000   1439.000   40.527   108.772
51271.000   1471.000   40.465   108.782
51272.000   1459.000   40.403   108.792
51273.000   1499.000   40.341   108.802
51274.000   1522.000   40.279   108.812
51275.000   1483.000   40.217   108.822
51276.000   1477.000   40.155   108.832
51277.000   1456.000   40.093   108.842
51278.000   1479.000   40.031   108.851
51279.000   1491.000   39.969   108.861
51280.000   1474.000   39.908   108.871
51281.000   1442.000   39.846   108.880
51282.000   1405.000   39.784   108.890
51283.000   1426.000   39.722   108.900
51284.000   1454.000   39.660   108.909
51285.000   1457.000   39.598   108.919
51286.000   1457.000   39.536   108.929
51287.000   1466.000   39.474   108.938
51288.000   1338.000   39.412   108.948
51289.000   1476.000   39.350   108.957
51290.000   1450.000   39.288   108.967
51291.000   1382.000   39.226   108.976
51292.000   1467.000   39.164   108.986
51293.000   1448.000   39.102   108.995
51294.000   1464.000   39.041   109.004
51295.000   1500.000   38.979   109.014
51296.000   1436.000   38.917   109.023
51297.000   1377.000   38.855   109.032
51298.000   1382.000   38.793   109.042
51299.000   1383.000   38.731   109.051
51300.000   1447.000   38.669   109.060
51301.000   1419.000   38.607   109.069
51302.000   1359.000   38.545   109.078
51303.000   1388.000   38.483   109.088
51304.000   1388.000   38.421   109.097
51305.000   1473.000   38.359   109.106
51306.000   1442.000   38.297   109.115
51307.000   1427.000   38.235   109.124
51308.000   1410.000   38.173   109.133
51309.000   1395.000   38.111   109.142
51310.000   1427.000   38.049   109.151
51311.000   1391.000   37.987   109.160
51312.000   1437.000   37.925   109.169
51313.000   1389.000   37.863   109.178
51314.000   1399.000   37.801   109.187
51315.000   1449.000   37.739   109.196
51316.000   1397.000   37.677   109.205
51317.000   1398.000   37.615   109.214
51318.000   1457.000   37.553   109.223
51319.000   1399.000   37.491   109.231
51320.000   1444.000   37.429   109.240
51321.000   1412.000   37.367   109.249
51322.000   1416.000   37.305   109.258
51323.000   1426.000   37.243   109.266
51324.000   1397.000   37.181   109.275
51325.000   1399.000   37.119   109.284
51326.000   1357.000   37.057   109.292
51327.000   1407.000   36.995   109.301
51328.000   1398.000   36.933   109.310
51329.000   1359.000   36.871   109.318
51330.000   1401.000   36.809   109.327
51331.000   1442.000   36.747   109.335
51332.000   1384.000   36.685   109.344
51333.000   1462.000   36.623   109.353
51334.000   1309.000   36.561   109.361
51335.000   1447.000   36.499   109.370
51336.000   1363.000   36.437   109.378
51337.000   1443.000   36.375   109.386
51338.000   1373.000   36.313   109.395
51339.000   1394.000   36.251   109.403
51340.000   1345.000   36.189   109.412
51341.000   1424.000   36.127   109.420
51342.000   1358.000   36.065   109.428
51343.000   1352.000   36.003   109.437
51344.000   1480.000   35.941   109.445
51345.000   1373.000   35.879   109.453
51346.000   1369.000   35.817   109.462
51347.000   1375.000   35.755   109.470
51348.000   1384.000   35.693   109.478
51349.000   1314.000   35.631   109.486
51350.000   1426.000   35.569   109.494
51351.000   1314.000   35.506   109.503
51352.000   1389.000   35.444   109.511
51353.000   1389.000   35.382   109.519
51354.000   1331.000   35.320   109.527
51355.000   1375.000   35.258   109.535
51356.000   1440.000   35.196   109.543
51357.000   1415.000   35.134   109.551
51358.000   1469.000   35.072   109.559
51359.000   1451.000   35.010   109.567
51360.000   1401.000   34.948   109.575
51361.000   1372.000   34.886   109.583
51362.000   1408.000   34.824   109.591
51363.000   1345.000   34.762   109.599
51364.000   1362.000   34.700   109.607
51365.000   1426.000   34.638   109.615
51366.000   1344.000   34.575   109.623
51367.000   1420.000   34.513   109.631
51368.000   1390.000   34.451   109.639
51369.000   1405.000   34.389   109.646
51370.000   1419.000   34.327   109.654
51371.000   1376.000   34.265   109.662
51372.000   1385.000   34.203   109.670
51373.000   1393.000   34.141   109.678
51374.000   1294.000   34.079   109.685
51375.000   1349.000   34.017   109.693
51376.000   1405.000   33.955   109.701
51377.000   1335.000   33.893   109.708
51378.000   1320.000   33.830   109.716
51379.000   1338.000   33.768   109.724
51380.000   1307.000   33.706   109.731
51381.000   1407.000   33.644   109.739
51382.000   1278.000   33.582   109.747
51383.000   1365.000   33.520   109.754
51384.000   1317.000   33.458   109.762
51385.000   1386.000   33.396   109.769
51386.000   1288.000   33.334   109.777
51387.000   1360.000   33.272   109.785
51388.000   1356.000   33.209   109.792
51389.000   1353.000   33.147   109.800
51390.000   1344.000   33.085   109.807
51391.000   1356.000   33.023   109.814
51392.000   1312.000   32.961   109.822
51393.000   1326.000   32.899   109.829
51394.000   1334.000   32.837   109.837
51395.000   1349.000   32.775   109.844
51396.000   1331.000   32.712   109.852
51397.000   1378.000   32.650   109.859
51398.000   1313.000   32.588   109.866
51399.000   1318.000   32.526   109.874
51400.000   1392.000   32.464   109.881
51401.000   1364.000   32.402   109.888
51402.000   1300.000   32.340   109.895
51403.000   1359.000   32.278   109.903
51404.000   1348.000   32.215   109.910
51405.000   1362.000   32.153   109.917
51406.000   1346.000   32.091   109.924
51407.000   1332.000   32.029   109.932
51408.000   1282.000   31.967   109.939
51409.000   1312.000   31.905   109.946
51410.000   1280.000   31.843   109.953
51411.000   1300.000   31.780   109.960
51412.000   1326.000   31.718   109.967
51413.000   1286.000   31.656   109.975
51414.000   1345.000   31.594   109.982
51415.000   1265.000   31.532   109.989
51416.000   1253.000   31.470   109.996
51417.000   1305.000   31.408   110.003
51418.000   1287.000   31.345   110.010
51419.000   1399.000   31.283   110.017
51420.000   1337.000   31.221   110.024
51421.000   1236.000   31.159   110.031
51422.000   1308.000   31.097   110.038
51423.000   1387.000   31.035   110.045
51424.000   1302.000   30.972   110.052
51425.000   1299.000   30.910   110.059
51426.000   1280.000   30.848   110.066
51427.000   1290.000   30.786   110.073
51428.000   1322.000   30.724   110.080
51429.000   1308.000   30.662   110.086
51430.000   1349.000   30.599   110.093
51431.000   1328.000   30.537   110.100
51432.000   1298.000   30.475   110.107
51433.000   1345.000   30.413   110.114
51434.000   1355.000   30.351   110.121
51435.000   1264.000   30.289   110.127
51436.000   1317.000   30.226   110.134
51437.000   1269.000   30.164   110.141
51438.000   1273.000   30.102   110.148
51439.000   1267.000   30.040   110.155
51440.000   1333.000   29.978   110.161
51441.000   1275.000   29.915   110.168
51442.000   1308.000   29.853   110.175
51443.000   1333.000   29.791   110.181
51444.000   1315.000   29.729   110.188
51445.000   1272.000   29.667   110.195
51446.000   1282.000   29.605   110.201
51447.000   1283.000   29.542   110.208
51448.000   1288.000   29.480   110.215
51449.000   1311.000   29.418   110.221
51450.000   1266.000   29.356   110.228
51451.000   1316.000   29.294   110.234
51452.000   1273.000   29.231   110.241
51453.000   1307.000   29.169   110.248
51454.000   1326.000   29.107   110.254
51455.000   1259.000   29.045   110.261
51456.000   1315.000   28.983   110.267
51457.000   1373.000   28.920   110.274
51458.000   1304.000   28.858   110.280
51459.000   1311.000   28.796   110.287
51460.000   1232.000   28.734   110.293
51461.000   1251.000   28.671   110.300
51462.000   1292.000   28.609   110.306
51463.000   1304.000   28.547   110.312
51464.000   1258.000   28.485   110.319
51465.000   1275.000   28.423   110.325
51466.000   1302.000   28.360   110.332
51467.000   1342.000   28.298   110.338
51468.000   1294.000   28.236   110.344
51469.000   1409.000   28.174   110.351
51470.000   1316.000   28.112   110.357
51471.000   1246.000   28.049   110.363
51472.000   1250.000   27.987   110.370
51473.000   1312.000   27.925   110.376
51474.000   1320.000   27.863   110.382
51475.000   1295.000   27.800   110.389
51476.000   1330.000   27.738   110.395
51477.000   1324.000   27.676   110.401
51478.000   1317.000   27.614   110.407
51479.000   1219.000   27.552   110.414
51480.000   1215.000   27.489   110.420
51481.000   1328.000   27.427   110.426
51482.000   1299.000   27.365   110.432
51483.000   1293.000   27.303   110.438
51484.000   1306.000   27.240   110.445
51485.000   1298.000   27.178   110.451
51486.000   1357.000   27.116   110.457
51487.000   1341.000   27.054   110.463
51488.000   1236.000   26.991   110.469
51489.000   1303.000   26.929   110.475
51490.000   1268.000   26.867   110.481
51491.000   1334.000   26.805   110.487
51492.000   1316.000   26.742   110.494
51493.000   1308.000   26.680   110.500
51494.000   1277.000   26.618   110.506
51495.000   1242.000   26.556   110.512
51496.000   1336.000   26.493   110.518
51497.000   1319.000   26.431   110.524
51498.000   1288.000   26.369   110.530
51499.000   1247.000   26.307   110.536
51500.000   1268.000   26.244   110.542
51501.000   1227.000   26.182   110.548
51502.000   1285.000   26.120   110.554
51503.000   1204.000   26.058   110.560
51504.000   1290.000   25.995   110.566
51505.000   1320.000   25.933   110.572
51506.000   1310.000   25.871   110.578
51507.000   1332.000   25.809   110.584
51508.000   1260.000   25.746   110.589
51509.000   1318.000   25.684   110.595
51510.000   1331.000   25.622   110.601
51511.000   1275.000   25.560   110.607
51512.000   1280.000   25.497   110.613
51513.000   1239.000   25.435   110.619
51514.000   1271.000   25.373   110.625
51515.000   1282.000   25.311   110.631
51516.000   1287.000   25.248   110.636
51517.000   1263.000   25.186   110.642
51518.000   1329.000   25.124   110.648
51519.000   1290.000   25.061   110.654
51520.000   1305.000   24.999   110.660
51521.000   1241.000   24.937   110.665
51522.000   1243.000   24.875   110.671
51523.000   1297.000   24.812   110.677
51524.000   1269.000   24.750   110.683
51525.000   1281.000   24.688   110.688
51526.000   1252.000   24.626   110.694
51527.000   1302.000   24.563   110.700
51528.000   1238.000   24.501   110.706
51529.000   1280.000   24.439   110.711
51530.000   1243.000   24.376   110.717
51531.000   1322.000   24.314   110.723
51532.000   1281.000   24.252   110.728
51533.000   1223.000   24.190   110.734
51534.000   1249.000   24.127   110.740
51535.000   1311.000   24.065   110.745
51536.000   1228.000   24.003   110.751
51537.000   1264.000   23.940   110.756
51538.000   1276.000   23.878   110.762
51539.000   1219.000   23.816   110.768
51540.000   1286.000   23.754   110.773
51541.000   1308.000   23.691   110.779
51542.000   1309.000   23.629   110.784
51543.000   1310.000   23.567   110.790
51544.000   1252.000   23.504   110.796
51545.000   1271.000   23.442   110.801
51546.000   1218.000   23.380   110.807
51547.000   1262.000   23.317   110.812
51548.000   1238.000   23.255   110.818
51549.000   1257.000   23.193   110.823
51550.000   1216.000   23.131   110.829
51551.000   1279.000   23.068   110.834
51552.000   1293.000   23.006   110.840
51553.000   1375.000   22.944   110.845
51554.000   1231.000   22.881   110.851
51555.000   1231.000   22.819   110.856
51556.000   1281.000   22.757   110.862
51557.000   1209.000   22.694   110.867
51558.000   1258.000   22.632   110.872
51559.000   1331.000   22.570   110.878
51560.000   1309.000   22.508   110.883
51561.000   1238.000   22.445   110.889
51562.000   1274.000   22.383   110.894
51563.000   1227.000   22.321   110.899
51564.000   1244.000   22.258   110.905
51565.000   1321.000   22.196   110.910
51566.000   1271.000   22.134   110.916
51567.000   1231.000   22.071   110.921
51568.000   1287.000   22.009   110.926
51569.000   1277.000   21.947   110.932
51570.000   1207.000   21.884   110.937
51571.000   1238.000   21.822   110.942
51572.000   1244.000   21.760   110.948
51573.000   1295.000   21.697   110.953
51574.000   1251.000   21.635   110.958
51575.000   1223.000   21.573   110.963
51576.000   1237.000   21.510   110.969
51577.000   1266.000   21.448   110.974
51578.000   1215.000   21.386   110.979
51579.000   1266.000   21.324   110.985
51580.000   1262.000   21.261   110.990
51581.000   1324.000   21.199   110.995
51582.000   1282.000   21.137   111.000
51583.000   1251.000   21.074   111.005
51584.000   1246.000   21.012   111.011
51585.000   1283.000   20.950   111.016
51586.000   1299.000   20.887   111.021
51587.000   1284.000   20.825   111.026
51588.000   1267.000   20.763   111.031
51589.000   1321.000   20.700   111.037
51590.000   1295.000   20.638   111.042
51591.000   1265.000   20.576   111.047
51592.000   1300.000   20.513   111.052
51593.000   1304.000   20.451   111.057
51594.000   1257.000   20.389   111.062
51595.000   1263.000   20.326   111.068
51596.000   1290.000   20.264   111.073
51597.000   1283.000   20.202   111.078
51598.000   1332.000   20.139   111.083
51599.000   1330.000   20.077   111.088
52080.000   1091.000   -9.926   113.140
52081.000   1155.000   -9.988   113.144
52082.000   1124.000   -10.050   113.148
52083.000   1203.000   -10.113   113.153
52084.000   1163.000   -10.175   113.157
52085.000   1123.000   -10.237   113.161
52086.000   1157.000   -10.300   113.165
52087.000   1137.000   -10.362   113.170
52088.000   1098.000   -10.424   113.174
52089.000   1140.000   -10.486   113.178
52090.000   1094.000   -10.549   113.182
52091.000   1132.000   -10.611   113.187
52092.000   1171.000   -10.673   113.191
52093.000   1117.000   -10.736   113.195
52094.000   1126.000   -10.798   113.200
52095.000   1113.000   -10.860   113.204
52096.000   1112.000   -10.922   113.208
52097.000   1142.000   -10.985   113.212
52098.000   1092.000   -11.047   113.217
52099.000   1128.000   -11.109   113.221
52100.000   1144.000   -11.172   113.225
52101.000   1101.000   -11.234   113.230
52102.000   1141.000   -11.296   113.234
52103.000   1122.000   -11.358   113.238
52104.000   1134.000   -11.421   113.243
52105.000   1163.000   -11.483   113.247
52106.000   1099.000   -11.545   113.251
52107.000   1135.000   -11.608   113.256
52108.000   1109.000   -11.670   113.260
52109.000   1076.000   -11.732   113.264
52110.000   1115.000   -11.794   113.269
52111.000   1074.000   -11.857   113.273
52112.000   1106.000   -11.919   113.277
52113.000   1089.000   -11.981   113.282
52114.000   1142.000   -12.043   113.286
52115.000   1117.000   -12.106   113.290
52116.000   1158.000   -12.168   113.295
52117.000   1142.000   -12.230   113.299
52118.000   1115.000   -12.292   113.304
52119.000   1088.000   -12.355   113.308
52120.000   1144.000   -12.417   113.312
52121.000   1120.000   -12.479   113.317
52122.000   1157.000   -12.542   113.321
52123.000   1112.000   -12.604   113.325
52124.000   1137.000   -12.666   113.330
52125.000   1128.000   -12.728   113.334
52126.000   1160.000   -12.791   113.339
52127.000   1106.000   -12.853   113.343
52128.000   1131.000   -12.915   113.347
52129.000   1125.000   -12.977   113.352
52130.000   1140.000   -13.040   113.356
52131.000   1122.000   -13.102   113.361
52132.000   1129.000   -13.164   113.365
52133.000   1127.000   -13.226   113.370
52134.000   1096.000   -13.289   113.374
52135.000   1153.000   -13.351   113.379
52136.000   1046.000   -13.413   113.383
52137.000   1155.000   -13.475   113.387
52138.000   1153.000   -13.538   113.392
52139.000   1087.000   -13.600   113.396
52140.000   1155.000   -13.662   113.401
52141.000   1155.000   -13.724   113.405
52142.000   1162.000   -13.787   113.410
52143.000   1109.000   -13.849   113.414
52144.000   1165.000   -13.911   113.419
52145.000   1124.000   -13.973   113.423
52146.000   1213.000   -14.035   113.428
52147.000   1113.000   -14.098   113.432
52148.000   1171.000   -14.160   113.437
52149.000   1161.000   -14.222   113.441
52150.000   1121.000   -14.284   113.446
52151.000   1217.000   -14.347   113.450
52152.000   1127.000   -14.409   113.455
52153.000   1168.000   -14.471   113.459
52154.000   1077.000   -14.533   113.464
52155.000   1127.000   -14.596   113.468
52156.000   1135.000   -14.658   113.473
52157.000   1143.000   -14.720   113.477
52158.000   1160.000   -14.782   113.482
52159.000   1218.000   -14.844   113.487
52160.000   1132.000   -14.907   113.491
52161.000   1157.000   -14.969   113.496
52162.000   1161.000   -15.031   113.500
52163.000   1129.000   -15.093   113.505
52164.000   1085.000   -15.156   113.509
52165.000   1118.000   -15.218   113.514
52166.000   1162.000   -15.280   113.519
52167.000   1178.000   -15.342   113.523
52168.000   1146.000   -15.404   113.528
52169.000   1165.000   -15.467   113.532
52170.000   1197.000   -15.529   113.537
52171.000   1119.000   -15.591   113.542
52172.000   1102.000   -15.653   113.546
52173.000   1150.000   -15.716   113.551
52174.000   1166.000   -15.778   113.556
52175.000   1127.000   -15.840   113.560
52176.000   1125.000   -15.902   113.565
52177.000   1050.000   -15.964   113.569
52178.000   1139.000   -16.027   113.574
52179.000   1203.000   -16.089   113.579
52180.000   1171.000   -16.151   113.583
52181.000   1135.000   -16.213   113.588
52182.000   1136.000   -16.275   113.593
52183.000   1146.000   -16.338   113.597
52184.000   1188.000   -16.400   113.602
52185.000   1172.000   -16.462   113.607
52186.000   1237.000   -16.524   113.612
52187.000   1209.000   -16.586   113.616
52188.000   1109.000   -16.649   113.621
52189.000   1129.000   -16.711   113.626
52190.000   1165.000   -16.773   113.630
52191.000   1195.000   -16.835   113.635
52192.000   1252.000   -16.897   113.640
52193.000   1191.000   -16.959   113.645
52194.000   1128.000   -17.022   113.649
52195.000   1132.000   -17.084   113.654
52196.000   1129.000   -17.146   113.659
52197.000   1188.000   -17.208   113.664
52198.000   1169.000   -17.270   113.668
52199.000   1136.000   -17.333   113.673
52200.000   1194.000   -17.395   113.678
52201.000   1209.000   -17.457   113.683
52202.000   1155.000   -17.519   113.688
52203.000   1140.000   -17.581   113.692
52204.000   1131.000   -17.643   113.697
52205.000   1217.000   -17.706   113.702
52206.000   1186.000   -17.768   113.707
52207.000   1201.000   -17.830   113.712
52208.000   1190.000   -17.892   113.716
52209.000   1217.000   -17.954   113.721
52210.000   1239.000   -18.016   113.726
52211.000   1130.000   -18.079   113.731
52212.000   1171.000   -18.141   113.736
52213.000   1165.000   -18.203   113.741
52214.000   1199.000   -18.265   113.746
52215.000   1266.000   -18.327   113.750
52216.000   1188.000   -18.389   113.755
52217.000   1168.000   -18.452   113.760
52218.000   1161.000   -18.514   113.765
52219.000   1191.000   -18.576   113.770
52220.000   1187.000   -18.638   113.775
52221.000   1162.000   -18.700   113.780
52222.000   1150.000   -18.762   113.785
52223.000   1226.000   -18.825   113.790
52224.000   1220.000   -18.887   113.795
52225.000   1166.000   -18.949   113.799
52226.000   1186.000   -19.011   113.804
52227.000   1182.000   -19.073   113.809
52228.000   1205.000   -19.135   113.814
52229.000   1121.000   -19.197   113.819
52230.000   1215.000   -19.260   113.824
52231.000   1144.000   -19.322   113.829
52232.000   1235.000   -19.384   113.834
52233.000   1156.000   -19.446   113.839
52234.000   1241.000   -19.508   113.844
52235.000   1145.000   -19.570   113.849
52236.000   1202.000   -19.632   113.854
52237.000   1206.000   -19.695   113.859
52238.000   1172.000   -19.757   113.864
52239.000   1197.000   -19.819   113.869
52240.000   1248.000   -19.881   113.874
52241.000   1205.000   -19.943   113.879
52242.000   1225.000   -20.005   113.884
52243.000   1252.000   -20.067   113.890
52244.000   1193.000   -20.129   113.895
52245.000   1273.000   -20.192   113.900
52246.000   1202.000   -20.254   113.905
52247.000   1200.000   -20.316   113.910
52248.000   1243.000   -20.378   113.915
52249.000   1210.000   -20.440   113.920
52250.000   1217.000   -20.502   113.925
52251.000   1275.000   -20.564   113.930
52252.000   1207.000   -20.626   113.935
52253.000   1169.000   -20.688   113.941
52254.000   1222.000   -20.751   113.946
52255.000   1248.000   -20.813   113.951
52256.000   1313.000   -20.875   113.956
52257.000   1285.000   -20.937   113.961
52258.000   1239.000   -20.999   113.966
52259.000   1185.000   -21.061   113.972
52260.000   1206.000   -21.123   113.977
52261.000   1209.000   -21.185   113.982
52262.000   1274.000   -21.247   113.987
52263.000   1251.000   -21.310   113.992
52264.000   1256.000   -21.372   113.998
52265.000   1200.000   -21.434   114.003
52266.000   1163.000   -21.496   114.008
52267.000   1190.000   -21.558   114.013
52268.000   1230.000   -21.620   114.019
52269.000   1237.000   -21.682   114.024
52270.000   1202.000   -21.744   114.029
52271.000   1186.000   -21.806   114.034
52272.000   1191.000   -21.868   114.040
52273.000   1249.000   -21.930   114.045
52274.000   1250.000   -21.993   114.050
52275.000   1203.000   -22.055   114.056
52276.000   1316.000   -22.117   114.061
52277.000   1245.000   -22.179   114.066
52278.000   1228.000   -22.241   114.071
52279.000   1284.000   -22.303   114.077
52280.000   1246.000   -22.365   114.082
52281.000   1252.000   -22.427   114.088
52282.000   1251.000   -22.489   114.093
52283.000   1267.000   -22.551   114.098
52284.000   1202.000   -22.613   114.104
52285.000   1231.000   -22.675   114.109
52286.000   1244.000   -22.737   114.114
52287.000   1245.000   -22.800   114.120
52288.000   1295.000   -22.862   114.125
52289.000   1306.000   -22.924   114.131
52290.000   1283.000   -22.986   114.136
52291.000   1240.000   -23.048   114.142
52292.000   1243.000   -23.110   114.147
52293.000   1309.000   -23.172   114.153
52294.000   1260.000   -23.234   114.158
52295.000   1318.000   -23.296   114.163
52296.000   1256.000   -23.358   114.169
52297.000   1234.000   -23.420   114.174
52298.000   1261.000   -23.482   114.180
52299.000   1300.000   -23.544   114.185
52300.000   1265.000   -23.606   114.191
52301.000   1212.000   -23.668   114.197
52302.000   1271.000   -23.730   114.202
52303.000   1343.000   -23.792   114.208
52304.000   1249.000   -23.854   114.213
52305.000   1271.000   -23.916   114.219
52306.000   1215.000   -23.979   114.224
52307.000   1275.000   -24.041   114.230
52308.000   1332.000   -24.103   114.236
52309.000   1310.000   -24.165   114.241
52310.000   1268.000   -24.227   114.247
52311.000   1279.000   -24.289   114.252
52312.000   1245.000   -24.351   114.258
52313.000   1307.000   -24.413   114.264
52314.000   1310.000   -24.475   114.269
52315.000   1270.000   -24.537   114.275
52316.000   1300.000   -24.599   114.281
52317.000   1198.000   -24.661   114.286
52318.000   1284.000   -24.723   114.292
52319.000   1298.000   -24.785   114.298
52320.000   1284.000   -24.847   114.303
52321.000   1280.000   -24.909   114.309
52322.000   1312.000   -24.971   114.315
52323.000   1312.000   -25.033   114.321
52324.000   1292.000   -25.095   114.326
52325.000   1302.000   -25.157   114.332
52326.000   1304.000   -25.219   114.338
52327.000   1329.000   -25.281   114.344
52328.000   1265.000   -25.343   114.349
52329.000   1367.000   -25.405   114.355
52330.000   1296.000   -25.467   114.361
52331.000   1282.000   -25.529   114.367
52332.000   1317.000   -25.591   114.373
52333.000   1381.000   -25.653   114.379
52334.000   1304.000   -25.715   114.384
52335.000   1264.000   -25.777   114.390
52336.000   1308.000   -25.839   114.396
52337.000   1265.000   -25.901   114.402
52338.000   1282.000   -25.963   114.408
52339.000   1284.000   -26.025   114.414
52340.000   1234.000   -26.087   114.420
52341.000   1359.000   -26.149   114.426
52342.000   1347.000   -26.211   114.432
52343.000   1304.000   -26.273   114.438
52344.000   1332.000   -26.335   114.444
52345.000   1304.000   -26.397   114.450
52346.000   1355.000   -26.459   114.455
52347.000   1295.000   -26.521   114.461
52348.000   1296.000   -26.583   114.467
52349.000   1354.000   -26.645   114.473
52350.000   1320.000   -26.707   114.480
52351.000   1277.000   -26.769   114.486
52352.000   1273.000   -26.831   114.492
52353.000   1294.000   -26.893   114.498
52354.000   1260.000   -26.955   114.504
52355.000   1340.000   -27.017   114.510
52356.000   1342.000   -27.078   114.516
52357.000   1317.000   -27.140   114.522
52358.000   1441.000   -27.202   114.528
52359.000   1310.000   -27.264   114.534
52360.000   1349.000   -27.326   114.540
52361.000   1378.000   -27.388   114.547
52362.000   1342.000   -27.450   114.553
52363.000   1361.000   -27.512   114.559
52364.000   1320.000   -27.574   114.565
52365.000   1289.000   -27.636   114.571
52366.000   1313.000   -27.698   114.577
52367.000   1304.000   -27.760   114.584
52368.000   1381.000   -27.822   114.590
52369.000   1397.000   -27.884   114.596
52370.000   1385.000   -27.946   114.602
52371.000   1441.000   -28.008   114.609
52372.000   1307.000   -28.070   114.615
52373.000   1353.000   -28.132   114.621
52374.000   1364.000   -28.193   114.627
52375.000   1402.000   -28.255   114.634
52376.000   1366.000   -28.317   114.640
52377.000   1403.000   -28.379   114.646
52378.000   1367.000   -28.441   114.653
52379.000   1354.000   -28.503   114.659
52380.000   1334.000   -28.565   114.665
52381.000   1422.000   -28.627   114.672
52382.000   1378.000   -28.689   114.678
52383.000   1382.000   -28.751   114.685
52384.000   1358.000   -28.813   114.691
52385.000   1370.000   -28.875   114.698
52386.000   1411.000   -28.936   114.704
52387.000   1407.000   -28.998   114.710
52388.000   1385.000   -29.060   114.717
52389.000   1420.000   -29.122   114.723
52390.000   1378.000   -29.184   114.730
52391.000   1393.000   -29.246   114.736
52392.000   1328.000   -29.308   114.743
52393.000   1350.000   -29.370   114.749
52394.000   1381.000   -29.432   114.756
52395.000   1443.000   -29.494   114.763
52396.000   1393.000   -29.555   114.769
52397.000   1423.000   -29.617   114.776
52398.000   1446.000   -29.679   114.782
52399.000   1476.000   -29.741   114.789
52400.000   1458.000   -29.803   114.796
52401.000   1495.000   -29.865   114.802
52402.000   1384.000   -29.927   114.809
52403.000   1442.000   -29.989   114.816
52404.000   1472.000   -30.051   114.822
52405.000   1335.000   -30.112   114.829
52406.000   1436.000   -30.174   114.836
52407.000   1413.000   -30.236   114.842
52408.000   1422.000   -30.298   114.849
52409.000   1426.000   -30.360   114.856
52410.000   1417.000   -30.422   114.863
52411.000   1422.000   -30.484   114.869
52412.000   1507.000   -30.545   114.876
52413.000   1426.000   -30.607   114.883
52414.000   1413.000   -30.669   114.890
52415.000   1381.000   -30.731   114.897
52416.000   1368.000   -30.793   114.903
52417.000   1420.000   -30.855   114.910
52418.000   1495.000   -30.917   114.917
52419.000   1478.000   -30.978   114.924
52420.000   1471.000   -31.040   114.931
52421.000   1456.000   -31.102   114.938
52422.000   1475.000   -31.164   114.945
52423.000   1465.000   -31.226   114.952
52424.000   1429.000   -31.288   114.959
52425.000   1441.000   -31.350   114.966
52426.000   1499.000   -31.411   114.973
52427.000   1477.000   -31.473   114.980
52428.000   1474.000   -31.535   114.987
52429.000   1426.000   -31.597   114.994
52430.000   1412.000   -31.659   115.001
52431.000   1474.000   -31.720   115.008
52432.000   1409.000   -31.782   115.015
52433.000   1450.000   -31.844   115.022
52434.000   1480.000   -31.906   115.029
52435.000   1490.000   -31.968   115.036
52436.000   1461.000   -32.030   115.043
52437.000   1484.000   -32.091   115.050
52438.000   1430.000   -32.153   115.058
52439.000   1446.000   -32.215   115.065
52440.000   1446.000   -32.277   115.072
52441.000   1510.000   -32.339   115.079
52442.000   1459.000   -32.400   115.086
52443.000   1465.000   -32.462   115.094
52444.000   1421.000   -32.524   115.101
52445.000   1489.000   -32.586   115.108
52446.000   1510.000   -32.648   115.115
52447.000   1516.000   -32.709   115.123
52448.000   1489.000   -32.771   115.130
52449.000   1522.000   -32.833   115.137
52450.000   1520.000   -32.895   115.145
52451.000   1369.000   -32.957   115.152
52452.000   1465.000   -33.018   115.159
52453.000   1512.000   -33.080   115.167
52454.000   1509.000   -33.142   115.174
52455.000   1466.000   -33.204   115.182
52456.000   1542.000   -33.265   115.189
52457.000   1502.000   -33.327   115.197
52458.000   1470.000   -33.389   115.204
52459.000   1516.000   -33.451   115.212
52460.000   1512.000   -33.513   115.219
52461.000   1441.000   -33.574   115.227
52462.000   1526.000   -33.636   115.234
52463.000   1539.000   -33.698   115.242
52464.000   1521.000   -33.760   115.249
52465.000   1514.000   -33.821   115.257
52466.000   1567.000   -33.883   115.265
52467.000   1535.000   -33.945   115.272
52468.000   1504.000   -34.007   115.280
52469.000   1455.000   -34.068   115.287
52470.000   1499.000   -34.130   115.295
52471.000   1492.000   -34.192   115.303
52472.000   1526.000   -34.254   115.311
52473.000   1485.000   -34.315   115.318
52474.000   1558.000   -34.377   115.326
52475.000   1531.000   -34.439   115.334
52476.000   1501.000   -34.501   115.342
52477.000   1570.000   -34.562   115.349
52478.000   1554.000   -34.624   115.357
52479.000   1555.000   -34.686   115.365
52480.000   1478.000   -34.747   115.373
52481.000   1630.000   -34.809   115.381
52482.000   1497.000   -34.871   115.389
52483.000   1574.000   -34.933   115.397
52484.000   1558.000   -34.994   115.405
52485.000   1504.000   -35.056   115.412
52486.000   1563.000   -35.118   115.420
52487.000   1555.000   -35.179   115.428
52488.000   1528.000   -35.241   115.436
52489.000   1555.000   -35.303   115.444
52490.000   1593.000   -35.365   115.452
52491.000   1551.000   -35.426   115.461
52492.000   1577.000   -35.488   115.469
52493.000   1546.000   -35.550   115.477
52494.000   1516.000   -35.611   115.485
52495.000   1593.000   -35.673   115.493
52496.000   1581.000   -35.735   115.501
52497.000   1528.000   -35.796   115.509
52498.000   1583.000   -35.858   115.517
52499.000   1569.000   -35.920   115.526
52500.000   1529.000   -35.981   115.534
52501.000   1598.000   -36.043   115.542
52502.000   1646.000   -36.105   115.550
52503.000   1597.000   -36.167   115.559
52504.000   1577.000   -36.228   115.567
52505.000   1542.000   -36.290   115.575
52506.000   1592.000   -36.352   115.584
52507.000   1662.000   -36.413   115.592
52508.000   1549.000   -36.475   115.600
52509.000   1524.000   -36.537   115.609
52510.000   1523.000   -36.598   115.617
52511.000   1659.000   -36.660   115.626
52512.000   1656.000   -36.721   115.634
52513.000   1646.000   -36.783   115.643
52514.000   1604.000   -36.845   115.651
52515.000   1640.000   -36.906   115.660
52516.000   1656.000   -36.968   115.668
52517.000   1663.000   -37.030   115.677
52518.000   1632.000   -37.091   115.685
52519.000   1698.000   -37.153   115.694
52520.000   1625.000   -37.215   115.702
52521.000   1642.000   -37.276   115.711
52522.000   1631.000   -37.338   115.720
52523.000   1618.000   -37.400   115.728
52524.000   1678.000   -37.461   115.737
52525.000   1586.000   -37.523   115.746
52526.000   1539.000   -37.584   115.755
52527.000   1652.000   -37.646   115.763
52528.000   1670.000   -37.708   115.772
52529.000   1668.000   -37.769   115.781
52530.000   1638.000   -37.831   115.790
52531.000   1633.000   -37.892   115.799
52532.000   1652.000   -37.954   115.808
52533.000   1702.000   -38.016   115.817
52534.000   1640.000   -38.077   115.825
52535.000   1651.000   -38.139   115.834
52536.000   1644.000   -38.200   115.843
52537.000   1622.000   -38.262   115.852
52538.000   1698.000   -38.324   115.861
52539.000   1629.000   -38.385   115.870
52540.000   1603.000   -38.447   115.879
52541.000   1660.000   -38.508   115.889
52542.000   1652.000   -38.570   115.898
52543.000   1674.000   -38.632   115.907
52544.000   1562.000   -38.693   115.916
52545.000   1587.000   -38.755   115.925
52546.000   1635.000   -38.816   115.934
52547.000   1677.000   -38.878   115.943
52548.000   1638.000   -38.939   115.953
52549.000   1744.000   -39.001   115.962
52550.000   1671.000   -39.063   115.971
52551.000   1670.000   -39.124   115.981
52552.000   1734.000   -39.186   115.990
52553.000   1727.000   -39.247   115.999
52554.000   1739.000   -39.309   116.009
52555.000   1720.000   -39.370   116.018
52556.000   1728.000   -39.432   116.027
52557.000   1781.000   -39.493   116.037
52558.000   1698.000   -39.555   116.046
52559.000   1694.000   -39.616   116.056
52560.000   1726.000   -39.678   116.065
52561.000   1716.000   -39.740   116.075
52562.000   1681.000   -39.801   116.084
52563.000   1697.000   -39.863   116.094
52564.000   1744.000   -39.924   116.104
52565.000   1775.000   -39.986   116.113
52566.000   1741.000   -40.047   116.123
52567.000   1787.000   -40.109   116.133
52568.000   1656.000   -40.170   116.142
52569.000   1723.000   -40.232   116.152
52570.000   1734.000   -40.293   116.162
52571.000   1769.000   -40.355   116.172
52572.000   1784.000   -40.416   116.181
52573.000   1769.000   -40.478   116.191
52574.000   1845.000   -40.539   116.201
52575.000   1891.000   -40.601   116.211
52576.000   1815.000   -40.662   116.221
52577.000   1758.000   -40.724   116.231
52578.000   1768.000   -40.785   116.241
52579.000   1743.000   -40.847   116.251
52580.000   1774.000   -40.908   116.261
52581.000   1797.000   -40.970   116.271
52582.000   1759.000   -41.031   116.281
52583.000   1715.000   -41.093   116.291
52584.000   1745.000   -41.154   116.301
52585.000   1791.000   -41.216   116.311
52586.000   1793.000   -41.277   116.322
52587.000   1761.000   -41.338   116.332
52588.000   1805.000   -41.400   116.342
52589.000   1822.000   -41.461   116.352
52590.000   1702.000   -41.523   116.363
52591.000   1721.000   -41.584   116.373
52592.000   1745.000   -41.646   116.383
52593.000   1764.000   -41.707   116.394
52594.000   1746.000   -41.769   116.404
52595.000   1727.000   -41.830   116.414
52596.000   1770.000   -41.892   116.425
52597.000   1847.000   -41.953   116.435
52598.000   1717.000   -42.014   116.446
52599.000   1728.000   -42.076   116.456
52600.000   1726.000   -42.137   116.467
52601.000   1756.000   -42.199   116.478
52602.000   1775.000   -42.260   116.488
52603.000   1763.000   -42.322   116.499
52604.000   1741.000   -42.383   116.510
52605.000   1761.000   -42.444   116.520
52606.000   1748.000   -42.506   116.531
52607.000   1785.000   -42.567   116.542
52608.000   1718.000   -42.629   116.553
52609.000   1767.000   -42.690   116.563
52610.000   1771.000   -42.751   116.574
52611.000   1739.000   -42.813   116.585
52612.000   1823.000   -42.874   116.596
52613.000   1854.000   -42.936   116.607
52614.000   1805.000   -42.997   116.618
52615.000   1758.000   -43.058   116.629
52616.000   1785.000   -43.120   116.640
52617.000   1748.000   -43.181   116.651
52618.000   1741.000   -43.242   116.662
52619.000   1851.000   -43.304   116.673
52620.000   1831.000   -43.365   116.685
52621.000   1766.000   -43.427   116.696
52622.000   1823.000   -43.488   116.707
52623.000   1817.000   -43.549   116.718
52624.000   1893.000   -43.611   116.729
52625.000   1794.000   -43.672   116.741
52626.000   1786.000   -43.733   116.752
52627.000   1808.000   -43.795   116.763
52628.000   1814.000   -43.856   116.775
52629.000   1856.000   -43.917   116.786
52630.000   1801.000   -43.979   116.798
52631.000   1879.000   -44.040   116.809
52632.000   1891.000   -44.101   116.821
52633.000   1779.000   -44.163   116.832
52634.000   1853.000   -44.224   116.844
52635.000   1828.000   -44.285   116.856
52636.000   1857.000   -44.347   116.867
52637.000   1891.000   -44.408   116.879
52638.000   1887.000   -44.469   116.891
52639.000   1913.000   -44.531   116.903
52640.000   1906.000   -44.592   116.914
52641.000   1913.000   -44.653   116.926
52642.000   1933.000   -44.714   116.938
52643.000   1959.000   -44.776   116.950
52644.000   1931.000   -44.837   116.962
52645.000   1949.000   -44.898   116.974
52646.000   1862.000   -44.960   116.986
52647.000   1957.000   -45.021   116.998
52648.000   1943.000   -45.082   117.010
52649.000   1950.000   -45.144   117.022
52650.000   1992.000   -45.205   117.034
52651.000   1925.000   -45.266   117.046
52652.000   1907.000   -45.327   117.059
52653.000   1902.000   -45.389   117.071
52654.000   2047.000   -45.450   117.083
52655.000   1995.000   -45.511   117.095
52656.000   1989.000   -45.572   117.108
52657.000   1966.000   -45.634   117.120
52658.000   2090.000   -45.695   117.133
52659.000   2082.000   -45.756   117.145
52660.000   2067.000   -45.817   117.158
52661.000   2095.000   -45.879   117.170
52662.000   2119.000   -45.940   117.183
52663.000   2032.000   -46.001   117.195
52664.000   2221.000   -46.062   117.208
52665.000   2178.000   -46.123   117.221
52666.000   2238.000   -46.185   117.233
52667.000   2171.000   -46.246   117.246
52668.000   2229.000   -46.307   117.259
52669.000   2217.000   -46.368   117.272
52670.000   2239.000   -46.430   117.285
52671.000   2381.000   -46.491   117.297
52672.000   2395.000   -46.552   117.310
52673.000   2431.000   -46.613   117.323
52674.000   2424.000   -46.674   117.336
52675.000   2402.000   -46.736   117.350
52676.000   2509.000   -46.797   117.363
52677.000   2566.000   -46.858   117.376
52678.000   2685.000   -46.919   117.389
52679.000   2592.000   -46.980   117.402
52680.000   2706.000   -47.041   117.415
52681.000   2726.000   -47.103   117.429
52682.000   2821.000   -47.164   117.442
52683.000   2981.000   -47.225   117.455
52684.000   3030.000   -47.286   117.469
52685.000   3064.000   -47.347   117.482
52686.000   3032.000   -47.408   117.496
52687.000   3200.000   -47.470   117.509
52688.000   3244.000   -47.531   117.523
52689.000   3393.000   -47.592   117.537
52690.000   3428.000   -47.653   117.550
52691.000   3644.000   -47.714   117.564
52692.000   3715.000   -47.775   117.578
52693.000   3770.000   -47.836   117.591
52694.000   3791.000   -47.897   117.605
52695.000   3999.000   -47.959   117.619
52696.000   4128.000   -48.020   117.633
52697.000   4253.000   -48.081   117.647
52698.000   4267.000   -48.142   117.661
52699.000   4321.000   -48.203   117.675
52700.000   4482.000   -48.264   117.689
52701.000   4624.000   -48.325   117.703
52702.000   4850.000   -48.386   117.717
52703.000   4897.000   -48.447   117.732
52704.000   5106.000   -48.508   117.746
52705.000   5357.000   -48.570   117.760
52706.000   5516.000   -48.631   117.775
52707.000   5838.000   -48.692   117.789
52708.000   5912.000   -48.753   117.803
52709.000   6160.000   -48.814   117.818
52710.000   6427.000   -48.875   117.832
52711.000   6708.000   -48.936   117.847
52712.000   6881.000   -48.997   117.862
52713.000   7157.000   -49.058   117.876
52714.000   7297.000   -49.119   117.891
52715.000   7437.000   -49.180   117.906
52716.000   7738.000   -49.241   117.921
52717.000   7554.000   -49.302   117.936
52718.000   7761.000   -49.363   117.950
52719.000   8030.000   -49.424   117.965
52720.000   8307.000   -49.485   117.980
52721.000   8602.000   -49.546   117.995
52722.000   8982.000   -49.607   118.010
52723.000   9238.000   -49.668   118.026
52724.000   9630.000   -49.729   118.041
52725.000   9973.000   -49.790   118.056
52726.000   10576.000   -49.851   118.071
52727.000   10786.000   -49.912   118.087
52728.000   10700.000   -49.973   118.102
52729.000   11319.000   -50.034   118.118
52730.000   11425.000   -50.095   118.133
52731.000   11396.000   -50.156   118.149
52732.000   11442.000   -50.217   118.164
52733.000   11567.000   -50.278   118.180
52734.000   11951.000   -50.339   118.195
52735.000   11921.000   -50.400   118.211
52736.000   11931.000   -50.461   118.227
52737.000   11762.000   -50.522   118.243
52738.000   11524.000   -50.583   118.259
52739.000   11617.000   -50.644   118.275
52740.000   11399.000   -50.705   118.291
52741.000   11178.000   -50.766   118.307
52742.000   11280.000   -50.827   118.323
52743.000   10890.000   -50.887   118.339
52744.000   10963.000   -50.948   118.355
52745.000   10672.000   -51.009   118.371
52746.000   10231.000   -51.070   118.388
52747.000   10272.000   -51.131   118.404
52748.000   10082.000   -51.192   118.420
52749.000   10113.000   -51.253   118.437
52750.000   9740.000   -51.314   118.453
52751.000   9242.000   -51.375   118.470
52752.000   9252.000   -51.436   118.487
52753.000   9175.000   -51.496   118.503
52754.000   9093.000   -51.557   118.520
52755.000   9351.000   -51.618   118.537
52756.000   9102.000   -51.679   118.554
52757.000   8932.000   -51.740   118.571
52758.000   8730.000   -51.801   118.588
52759.000   8364.000   -51.862   118.605
52760.000   8424.000   -51.922   118.622
52761.000   7564.000   -51.983   118.639
52762.000   7032.000   -52.044   118.656
52763.000   6989.000   -52.105   118.673
52764.000   6877.000   -52.166   118.691
52765.000   6648.000   -52.227   118.708
52766.000   6335.000   -52.287   118.725
52767.000   5962.000   -52.348   118.743
52768.000   5708.000   -52.409   118.761
52769.000   5611.000   -52.470   118.778
52770.000   5471.000   -52.531   118.796
52771.000   5451.000   -52.591   118.814
52772.000   5192.000   -52.652   118.831
52773.000   5068.000   -52.713   118.849
52774.000   4852.000   -52.774   118.867
52775.000   4820.000   -52.834   118.885
52776.000   4752.000   -52.895   118.903
52777.000   4675.000   -52.956   118.921
52778.000   4430.000   -53.017   118.939
52779.000   4493.000   -53.078   118.958
52780.000   4397.000   -53.138   118.976
52781.000   4477.000   -53.199   118.994
52782.000   4456.000   -53.260   119.013
52783.000   4338.000   -53.320   119.031
52784.000   4290.000   -53.381   119.050
52785.000   4230.000   -53.442   119.068
52786.000   4217.000   -53.503   119.087
52787.000   4237.000   -53.563   119.106
52788.000   4104.000   -53.624   119.124
52789.000   4247.000   -53.685   119.143
52790.000   4437.000   -53.745   119.162
52791.000   4527.000   -53.806   119.181
52792.000   4835.000   -53.867   119.200
52793.000   5074.000   -53.927   119.220
52794.000   7579.000   -53.988   119.239
52795.000   9434.000   -54.049   119.258
52796.000   6935.000   -54.109   119.277
52797.000   6211.000   -54.170   119.297
52798.000   5925.000   -54.231   119.316
52799.000   5533.000   -54.291   119.336
52800.000   5634.000   -54.352   119.355
52801.000   6031.000   -54.413   119.375
52802.000   5703.000   -54.473   119.395
52803.000   4961.000   -54.534   119.415
52804.000   4972.000   -54.595   119.435
52805.000   4772.000   -54.655   119.455
52806.000   4522.000   -54.716   119.475
52807.000   4376.000   -54.776   119.495
52808.000   4070.000   -54.837   119.515
52809.000   3853.000   -54.898   119.535
52810.000   3803.000   -54.958   119.555
52811.000   3610.000   -55.019   119.576
52812.000   3538.000   -55.079   119.596
52813.000   3595.000   -55.140   119.617
52814.000   3470.000   -55.200   119.638
52815.000   3637.000   -55.261   119.658
52816.000   3914.000   -55.322   119.679
52817.000   4314.000   -55.382   119.700
52818.000   5472.000   -55.443   119.721
52819.000   5325.000   -55.503   119.742
52820.000   4559.000   -55.564   119.763
52821.000   5208.000   -55.624   119.784
52822.000   3876.000   -55.685   119.805
52823.000   3399.000   -55.745   119.827
52824.000   3239.000   -55.806   119.848
52825.000   2891.000   -55.866   119.870
52826.000   2772.000   -55.927   119.891
52827.000   2752.000   -55.987   119.913
52828.000   2780.000   -56.048   119.934
52829.000   2659.000   -56.108   119.956
52830.000   2503.000   -56.169   119.978
52831.000   2397.000   -56.229   120.000
52832.000   2324.000   -56.289   120.022
52833.000   2407.000   -56.350   120.044
52834.000   2320.000   -56.410   120.067
52835.000   2277.000   -56.471   120.089
52836.000   2038.000   -56.531   120.111
52837.000   1948.000   -56.592   120.134
52838.000   1917.000   -56.652   120.156
52839.000   1905.000   -56.712   120.179
52840.000   1936.000   -56.773   120.202
52841.000   1845.000   -56.833   120.224
52842.000   1852.000   -56.894   120.247
52843.000   1785.000   -56.954   120.270
52844.000   1905.000   -57.014   120.293
52845.000   1794.000   -57.075   120.316
52846.000   1785.000   -57.135   120.340
52847.000   1877.000   -57.195   120.363
52848.000   1819.000   -57.256   120.387
52849.000   1821.000   -57.316   120.410
52850.000   1869.000   -57.376   120.434
52851.000   1837.000   -57.437   120.457
52852.000   1832.000   -57.497   120.481
52853.000   1792.000   -57.557   120.505
52854.000   1843.000   -57.618   120.529
52855.000   1825.000   -57.678   120.553
52856.000   1834.000   -57.738   120.577
52857.000   1870.000   -57.799   120.601
52858.000   1819.000   -57.859   120.626
52859.000   1746.000   -57.919   120.650
52860.000   1822.000   -57.979   120.675
52861.000   1779.000   -58.040   120.699
52862.000   1792.000   -58.100   120.724
52863.000   1768.000   -58.160   120.749
52864.000   1884.000   -58.220   120.774
52865.000   1778.000   -58.281   120.799
52866.000   1760.000   -58.341   120.824
52867.000   1743.000   -58.401   120.849
52868.000   1789.000   -58.461   120.875
52869.000   1909.000   -58.521   120.900
52870.000   1791.000   -58.582   120.926
52871.000   1799.000   -58.642   120.951
52872.000   1719.000   -58.702   120.977
52873.000   1799.000   -58.762   121.003
52874.000   1758.000   -58.822   121.029
52875.000   1774.000   -58.882   121.055
52876.000   1760.000   -58.942   121.081
52877.000   1807.000   -59.003   121.107
52878.000   1791.000   -59.063   121.134
52879.000   1809.000   -59.123   121.160
52880.000   1781.000   -59.183   121.187
52881.000   1766.000   -59.243   121.213
52882.000   1700.000   -59.303   121.240
52883.000   1776.000   -59.363   121.267
52884.000   1783.000   -59.423   121.294
52885.000   1800.000   -59.483   121.321
52886.000   1745.000   -59.543   121.348
52887.000   1787.000   -59.603   121.376
52888.000   1791.000   -59.664   121.403
52889.000   1747.000   -59.724   121.431
52890.000   1738.000   -59.784   121.459
52891.000   1735.000   -59.844   121.486
52892.000   1805.000   -59.904   121.514
52893.000   1788.000   -59.964   121.542
52894.000   1737.000   -60.024   121.570
52895.000   1758.000   -60.084   121.599
52896.000   1742.000   -60.144   121.627
52897.000   1759.000   -60.204   121.656
52898.000   1841.000   -60.263   121.684
52899.000   1723.000   -60.323   121.713
52900.000   1803.000   -60.383   121.742
52901.000   1744.000   -60.443   121.771
52902.000   1762.000   -60.503   121.800
52903.000   1817.000   -60.563   121.829
52904.000   1738.000   -60.623   121.859
52905.000   1705.000   -60.683   121.888
52906.000   1785.000   -60.743   121.918
52907.000   1886.000   -60.803   121.947
52908.000   1777.000   -60.863   121.977
52909.000   1825.000   -60.922   122.007
52910.000   1837.000   -60.982   122.037
52911.000   1822.000   -61.042   122.068
52912.000   1835.000   -61.102   122.098
52913.000   1742.000   -61.162   122.128
52914.000   1814.000   -61.222   122.159
52915.000   1710.000   -61.281   122.190
52916.000   1701.000   -61.341   122.221
52917.000   1732.000   -61.401   122.252
52918.000   1767.000   -61.461   122.283
52919.000   1689.000   -61.520   122.314
52920.000   1687.000   -61.580   122.346
52921.000   1805.000   -61.640   122.377
52922.000   1774.000   -61.700   122.409
52923.000   1686.000   -61.759   122.441
52924.000   1783.000   -61.819   122.473
52925.000   1733.000   -61.879   122.505
52926.000   1775.000   -61.938   122.537
52927.000   1713.000   -61.998   122.570
52928.000   1756.000   -62.058   122.602
52929.000   1742.000   -62.118   122.635
52930.000   1769.000   -62.177   122.668
52931.000   1753.000   -62.237   122.701
52932.000   1773.000   -62.296   122.734
52933.000   1732.000   -62.356   122.767
52934.000   1692.000   -62.416   122.801
52935.000   1747.000   -62.475   122.834
52936.000   1721.000   -62.535   122.868
52937.000   1737.000   -62.594   122.902
52938.000   1716.000   -62.654   122.936
52939.000   1680.000   -62.714   122.970
52940.000   1720.000   -62.773   123.004
52941.000   1786.000   -62.833   123.039
52942.000   1644.000   -62.892   123.074
52943.000   1715.000   -62.952   123.108
52944.000   1822.000   -63.011   123.143
52945.000   1709.000   -63.071   123.179
52946.000   1750.000   -63.130   123.214
52947.000   1751.000   -63.189   123.249
52948.000   1745.000   -63.249   123.285
52949.000   1666.000   -63.308   123.321
52950.000   1719.000   -63.368   123.357
52951.000   1657.000   -63.427   123.393
52952.000   1739.000   -63.487   123.429
52953.000   1708.000   -63.546   123.466
52954.000   1720.000   -63.605   123.502
52955.000   1732.000   -63.665   123.539
52956.000   1786.000   -63.724   123.576
52957.000   1731.000   -63.783   123.613
52958.000   1823.000   -63.843   123.650
52959.000   1732.000   -63.902   123.688
52960.000   1718.000   -63.961   123.726
52961.000   1819.000   -64.021   123.763
52962.000   1704.000   -64.080   123.801
52963.000   1803.000   -64.139   123.840
52964.000   1757.000   -64.198   123.878
52965.000   1723.000   -64.258   123.917
52966.000   1669.000   -64.317   123.955
52967.000   1700.000   -64.376   123.994
52968.000   1769.000   -64.435   124.033
52969.000   1704.000   -64.494   124.073
52970.000   1702.000   -64.554   124.112
52971.000   1748.000   -64.613   124.152
52972.000   1763.000   -64.672   124.192
52973.000   1725.000   -64.731   124.232
52974.000   1729.000   -64.790   124.272
52975.000   1677.000   -64.849   124.313
52976.000   1653.000   -64.908   124.353
52977.000   1724.000   -64.967   124.394
52978.000   1695.000   -65.027   124.435
52979.000   1797.000   -65.086   124.476
52980.000   1737.000   -65.145   124.518
52981.000   1707.000   -65.204   124.559
52982.000   1804.000   -65.263   124.601
52983.000   1791.000   -65.322   124.643
52984.000   1749.000   -65.381   124.686
52985.000   1736.000   -65.440   124.728
52986.000   1693.000   -65.498   124.771
52987.000   1729.000   -65.557   124.814
52988.000   1709.000   -65.616   124.857
52989.000   1744.000   -65.675   124.900
52990.000   1778.000   -65.734   124.944
52991.000   1663.000   -65.793   124.987
52992.000   1751.000   -65.852   125.031
52993.000   1816.000   -65.911   125.076
52994.000   1729.000   -65.969   125.120
52995.000   1691.000   -66.028   125.165
52996.000   1791.000   -66.087   125.209
52997.000   1822.000   -66.146   125.255
52998.000   1731.000   -66.205   125.300
52999.000   1762.000   -66.263   125.345
53000.000   1759.000   -66.322   125.391
53001.000   1723.000   -66.381   125.437
53002.000   1731.000   -66.439   125.484
53003.000   1781.000   -66.498   125.530
53004.000   1677.000   -66.557   125.577
53005.000   1689.000   -66.615   125.624
53006.000   1718.000   -66.674   125.671
53007.000   1769.000   -66.733   125.718
53008.000   1759.000   -66.791   125.766
53009.000   1689.000   -66.850   125.814
53010.000   1705.000   -66.908   125.862
53011.000   1781.000   -66.967   125.911
53012.000   1723.000   -67.025   125.959
53013.000   1721.000   -67.084   126.008
53014.000   1683.000   -67.142   126.058
53015.000   1665.000   -67.201   126.107
53016.000   1700.000   -67.259   126.157
53017.000   1798.000   -67.318   126.207
53018.000   1676.000   -67.376   126.257
53019.000   1805.000   -67.434   126.308
53020.000   1796.000   -67.493   126.358
53021.000   1775.000   -67.551   126.409
53022.000   1767.000   -67.609   126.461
53023.000   1749.000   -67.668   126.512
53024.000   1745.000   -67.726   126.564
53025.000   1700.000   -67.784   126.617
53026.000   1757.000   -67.843   126.669
53027.000   1736.000   -67.901   126.722
53028.000   1811.000   -67.959   126.775
53029.000   1756.000   -68.017   126.828
53030.000   1682.000   -68.075   126.882
53031.000   1733.000   -68.133   126.936
53032.000   1746.000   -68.192   126.990
53033.000   1725.000   -68.250   127.044
53034.000   1754.000   -68.308   127.099
53035.000   1842.000   -68.366   127.154
53036.000   1725.000   -68.424   127.209
53037.000   1695.000   -68.482   127.265
53038.000   1726.000   -68.540   127.321
53039.000   1719.000   -68.598   127.377
53040.000   1714.000   -68.656   127.434
53041.000   1681.000   -68.714   127.491
53042.000   1743.000   -68.772   127.548
53043.000   1736.000   -68.829   127.606
53044.000   1816.000   -68.887   127.664
53045.000   1769.000   -68.945   127.722
53046.000   1780.000   -69.003   127.780
53047.000   1726.000   -69.061   127.839
53048.000   1742.000   -69.119   127.899
53049.000   1759.000   -69.176   127.958
53050.000   1749.000   -69.234   128.018
53051.000   1799.000   -69.292   128.078
53052.000   1685.000   -69.349   128.139
53053.000   1776.000   -69.407   128.200
53054.000   1794.000   -69.465   128.261
53055.000   1692.000   -69.522   128.323
53056.000   1711.000   -69.580   128.385
53057.000   1717.000   -69.637   128.447
53058.000   1737.000   -69.695   128.510
53059.000   1682.000   -69.752   128.573
53060.000   1722.000   -69.810   128.636
53061.000   1742.000   -69.867   128.700
53062.000   1778.000   -69.925   128.764
53063.000   1718.000   -69.982   128.828
53064.000   1755.000   -70.039   128.893
53065.000   1838.000   -70.097   128.959
53066.000   1705.000   -70.154   129.024
53067.000   1777.000   -70.211   129.090
53068.000   1823.000   -70.269   129.157
53069.000   1755.000   -70.326   129.224
53070.000   1730.000   -70.383   129.291
53071.000   1753.000   -70.440   129.359
53072.000   1702.000   -70.497   129.427
53073.000   1741.000   -70.554   129.495
53074.000   1766.000   -70.611   129.564
53075.000   1816.000   -70.668   129.633
53076.000   1785.000   -70.725   129.703
53077.000   1758.000   -70.782   129.773
53078.000   1722.000   -70.839   129.844
53079.000   1802.000   -70.896   129.915
53080.000   1802.000   -70.953   129.986
53081.000   1729.000   -71.010   130.058
53082.000   1740.000   -71.067   130.130
53083.000   1787.000   -71.124   130.203
53084.000   1715.000   -71.180   130.276
53085.000   1816.000   -71.237   130.350
53086.000   1831.000   -71.294   130.424
53087.000   1713.000   -71.351   130.498
53088.000   1769.000   -71.407   130.573
53089.000   1753.000   -71.464   130.649
53090.000   1749.000   -71.520   130.725
53091.000   1685.000   -71.577   130.801
53092.000   1750.000   -71.633   130.878
53093.000   1791.000   -71.690   130.955
53094.000   1774.000   -71.746   131.033
53095.000   1727.000   -71.803   131.112
53096.000   1780.000   -71.859   131.190
53097.000   1731.000   -71.915   131.270
53098.000   1724.000   -71.972   131.350
53099.000   1689.000   -72.028   131.430
53100.000   1797.000   -72.084   131.511
53101.000   1801.000   -72.140   131.592
53102.000   1785.000   -72.196   131.674
53103.000   1804.000   -72.252   131.756
53104.000   1646.000   -72.308   131.839
53105.000   1719.000   -72.364   131.923
53106.000   1727.000   -72.420   132.007
53107.000   1755.000   -72.476   132.092
53108.000   1700.000   -72.532   132.177
53109.000   1746.000   -72.588   132.262
53110.000   1731.000   -72.644   132.349
53111.000   1742.000   -72.700   132.435
53112.000   1790.000   -72.755   132.523
53113.000   1768.000   -72.811   132.611
53114.000   1736.000   -72.867   132.699
53115.000   1753.000   -72.922   132.788
53116.000   1664.000   -72.978   132.878
53117.000   1732.000   -73.034   132.968
53118.000   1804.000   -73.089   133.059
53119.000   1779.000   -73.144   133.151
53120.000   1740.000   -73.200   133.243
53121.000   1758.000   -73.255   133.336
53122.000   1746.000   -73.310   133.429
53123.000   1745.000   -73.366   133.523
53124.000   1785.000   -73.421   133.618
53125.000   1796.000   -73.476   133.713
53126.000   1752.000   -73.531   133.809
53127.000   1866.000   -73.586   133.905
53128.000   1846.000   -73.641   134.003
53129.000   1809.000   -73.696   134.101
53130.000   1745.000   -73.751   134.199
53131.000   1736.000   -73.806   134.298
53132.000   1737.000   -73.861   134.398
53133.000   1693.000   -73.915   134.499
53134.000   1763.000   -73.970   134.600
53135.000   1763.000   -74.025   134.702
53136.000   1775.000   -74.079   134.805
53137.000   1735.000   -74.134   134.908
53138.000   1734.000   -74.189   135.013
53139.000   1757.000   -74.243   135.117
53140.000   1722.000   -74.297   135.223
53141.000   1819.000   -74.352   135.329
53142.000   1752.000   -74.406   135.437
53143.000   1817.000   -74.460   135.544
53144.000   1719.000   -74.514   135.653
53145.000   1788.000   -74.568   135.762
53146.000   1771.000   -74.622   135.873
53147.000   1768.000   -74.676   135.984
53148.000   1681.000   -74.730   136.095
53149.000   1793.000   -74.784   136.208
53150.000   1762.000   -74.838   136.321
53151.000   1848.000   -74.892   136.436
53152.000   1760.000   -74.945   136.551
53153.000   1817.000   -74.999   136.666
53154.000   1757.000   -75.053   136.783
53155.000   1767.000   -75.106   136.901
53156.000   1728.000   -75.160   137.019
53157.000   1835.000   -75.213   137.138
53158.000   1790.000   -75.266   137.258
53159.000   1721.000   -75.319   137.379
53160.000   1795.000   -75.373   137.501
53161.000   1736.000   -75.426   137.624
53162.000   1800.000   -75.479   137.748
53163.000   1710.000   -75.532   137.873
53164.000   1732.000   -75.584   137.998
53165.000   1825.000   -75.637   138.125
53166.000   1778.000   -75.690   138.252
53167.000   1768.000   -75.743   138.380
53168.000   1664.000   -75.795   138.510
53169.000   1679.000   -75.848   138.640
53170.000   1730.000   -75.900   138.771
53171.000   1789.000   -75.953   138.904
53172.000   1770.000   -76.005   139.037
53173.000   1769.000   -76.057   139.171
53174.000   1762.000   -76.109   139.307
53175.000   1781.000   -76.161   139.443
53176.000   1765.000   -76.213   139.580
53177.000   1725.000   -76.265   139.719
53178.000   1759.000   -76.317   139.858
53179.000   1797.000   -76.369   139.999
53180.000   1745.000   -76.420   140.140
53181.000   1787.000   -76.472   140.283
53182.000   1847.000   -76.523   140.427
53183.000   1829.000   -76.575   140.572
53184.000   1782.000   -76.626   140.718
53185.000   1756.000   -76.677   140.865
53186.000   1704.000   -76.728   141.014
53187.000   1802.000   -76.779   141.163
53188.000   1718.000   -76.830   141.314
53189.000   1717.000   -76.881   141.466
53190.000   1740.000   -76.932   141.619
53191.000   1769.000   -76.982   141.773
53192.000   1688.000   -77.033   141.928
53193.000   1820.000   -77.083   142.085
53194.000   1677.000   -77.134   142.243
53195.000   1761.000   -77.184   142.402
53196.000   1767.000   -77.234   142.563
53197.000   1771.000   -77.284   142.724
53198.000   1766.000   -77.334   142.887
53199.000   1696.000   -77.384   143.052
53200.000   1777.000   -77.434   143.217
53201.000   1825.000   -77.483   143.384
53202.000   1728.000   -77.533   143.552
53203.000   1743.000   -77.582   143.722
53204.000   1754.000   -77.631   143.893
53205.000   1755.000   -77.681   144.065
53206.000   1691.000   -77.730   144.239
53207.000   1813.000   -77.779   144.414
53208.000   1758.000   -77.827   144.591
53209.000   1748.000   -77.876   144.769
53210.000   1798.000   -77.925   144.948
53211.000   1792.000   -77.973   145.129
53212.000   1791.000   -78.021   145.312
53213.000   1736.000   -78.070   145.495
53214.000   1750.000   -78.118   145.681
53215.000   1758.000   -78.166   145.868
53216.000   1791.000   -78.213   146.056
53217.000   1824.000   -78.261   146.246
53218.000   1759.000   -78.309   146.438
53219.000   1739.000   -78.356   146.631
53220.000   1740.000   -78.403   146.825
53221.000   1823.000   -78.451   147.022
53222.000   1745.000   -78.498   147.220
53223.000   1695.000   -78.545   147.419
53224.000   1764.000   -78.591   147.620
53225.000   1823.000   -78.638   147.823
53226.000   1822.000   -78.684   148.028
53227.000   1718.000   -78.731   148.234
53228.000   1743.000   -78.777   148.442
53229.000   1746.000   -78.823   148.652
53230.000   1781.000   -78.869   148.863
53231.000   1727.000   -78.914   149.076
53232.000   1741.000   -78.960   149.291
53233.000   1785.000   -79.005   149.508
53234.000   1718.000   -79.050   149.726
53235.000   1829.000   -79.096   149.947
53236.000   1739.000   -79.140   150.169
53237.000   1725.000   -79.185   150.393
53238.000   1751.000   -79.230   150.619
53239.000   1783.000   -79.274   150.847
53240.000   1764.000   -79.318   151.076
53241.000   1759.000   -79.362   151.308
53242.000   1709.000   -79.406   151.542
53243.000   1782.000   -79.450   151.777
53244.000   1765.000   -79.493   152.014
53245.000   1735.000   -79.537   152.254
53246.000   1761.000   -79.580   152.495
53247.000   1748.000   -79.623   152.739
53248.000   1722.000   -79.665   152.984
53249.000   1749.000   -79.708   153.232
53250.000   1730.000   -79.750   153.481
53251.000   1765.000   -79.792   153.733
53252.000   1756.000   -79.834   153.987
53253.000   1742.000   -79.876   154.243
53254.000   1756.000   -79.918   154.501
53255.000   1811.000   -79.959   154.761
53256.000   1741.000   -80.000   155.023
53257.000   1801.000   -80.041   155.288
53258.000   1701.000   -80.082   155.554
53259.000   1790.000   -80.122   155.823
53260.000   1834.000   -80.163   156.094
53261.000   1777.000   -80.203   156.368
53262.000   1710.000   -80.242   156.643
53263.000   1692.000   -80.282   156.921
53264.000   1819.000   -80.321   157.201
53265.000   1826.000   -80.360   157.484
53266.000   1818.000   -80.399   157.768
53267.000   1731.000   -80.438   158.055
53268.000   1822.000   -80.476   158.345
53269.000   1714.000   -80.514   158.636
53270.000   1791.000   -80.552   158.930
53271.000   1825.000   -80.590   159.227
53272.000   1677.000   -80.627   159.526
53273.000   1751.000   -80.664   159.827
53274.000   1771.000   -80.701   160.130
53275.000   1745.000   -80.738   160.436
53276.000   1788.000   -80.774   160.745
53277.000   1828.000   -80.810   161.056
53278.000   1711.000   -80.846   161.369
53279.000   1747.000   -80.881   161.685
53280.000   1767.000   -80.917   162.003
53281.000   1750.000   -80.952   162.324
53282.000   1783.000   -80.986   162.647
53283.000   1789.000   -81.020   162.973
53284.000   1703.000   -81.055   163.301
53285.000   1751.000   -81.088   163.632
53286.000   1770.000   -81.122   163.965
53287.000   1696.000   -81.155   164.301
53288.000   1738.000   -81.188   164.639
53289.000   1796.000   -81.220   164.980
53290.000   1857.000   -81.252   165.324
53291.000   1714.000   -81.284   165.669
53292.000   1797.000   -81.316   166.018
53293.000   1774.000   -81.347   166.369
53294.000   1742.000   -81.378   166.722
53295.000   1751.000   -81.409   167.078
53296.000   1748.000   -81.439   167.437
53297.000   1807.000   -81.469   167.798
53298.000   1766.000   -81.498   168.162
53299.000   1777.000   -81.527   168.528
53300.000   1801.000   -81.556   168.897
53301.000   1809.000   -81.585   169.268
53302.000   1733.000   -81.613   169.642
53303.000   1766.000   -81.641   170.018
53304.000   1721.000   -81.668   170.397
53305.000   1760.000   -81.695   170.778
53306.000   1752.000   -81.722   171.162
53307.000   1724.000   -81.748   171.548
53308.000   1715.000   -81.774   171.937
53309.000   1741.000   -81.800   172.328
53310.000   1705.000   -81.825   172.722
53311.000   1839.000   -81.849   173.118
53312.000   1740.000   -81.874   173.516
53313.000   1787.000   -81.898   173.917
53314.000   1738.000   -81.921   174.320
53315.000   1797.000   -81.944   174.725
53316.000   1681.000   -81.967   175.133
53317.000   1831.000   -81.990   175.543
53318.000   1778.000   -82.011   175.956
53319.000   1694.000   -82.033   176.371
53320.000   1732.000   -82.054   176.787
53321.000   1774.000   -82.075   177.206
53322.000   1762.000   -82.095   177.628
53323.000   1722.000   -82.115   178.051
53324.000   1796.000   -82.134   178.477
53325.000   1791.000   -82.153   178.904
53326.000   1789.000   -82.171   179.334
53327.000   1753.000   -82.189   179.766
53328.000   1784.000   -82.207   -179.801
53329.000   1813.000   -82.224   -179.365
53330.000   1814.000   -82.241   -178.928
53331.000   1816.000   -82.257   -178.488
53332.000   1830.000   -82.273   -178.047
53333.000   1831.000   -82.288   -177.604
53334.000   1732.000   -82.303   -177.159
53335.000   1763.000   -82.317   -176.713
53336.000   1717.000   -82.331   -176.265
53337.000   1742.000   -82.344   -175.815
53338.000   1767.000   -82.357   -175.364
53339.000   1758.000   -82.370   -174.911
53340.000   1812.000   -82.382   -174.457
53341.000   1796.000   -82.393   -174.002
53342.000   1755.000   -82.404   -173.545
53343.000   1804.000   -82.415   -173.086
53344.000   1802.000   -82.425   -172.627
53345.000   1748.000   -82.434   -172.166
53346.000   1840.000   -82.443   -171.705
53347.000   1776.000   -82.452   -171.242
53348.000   1814.000   -82.460   -170.778
53349.000   1708.000   -82.467   -170.313
53350.000   1769.000   -82.475   -169.847
53351.000   1808.000   -82.481   -169.380
53352.000   1817.000   -82.487   -168.913
53353.000   1783.000   -82.493   -168.445
53354.000   1792.000   -82.498   -167.976
53355.000   1823.000   -82.502   -167.507
53356.000   1829.000   -82.506   -167.037
53357.000   1775.000   -82.510   -166.566
53358.000   1860.000   -82.513   -166.096
53359.000   1814.000   -82.515   -165.624
53360.000   1843.000   -82.517   -165.153
53361.000   1855.000   -82.519   -164.681
53362.000   1892.000   -82.520   -164.209
