Time range: [ 18:48:37.000  19:36:33.000 ]
Time range duration: 47.0 min, 56.0 sec
Longitude range: [ -44.076  123.76 ]
67717.000   1773.000   82.520   -44.076
67718.000   1835.000   82.520   -43.599
67719.000   1670.000   82.520   -43.123
67720.000   1800.000   82.519   -42.646
67721.000   1739.000   82.518   -42.170
67722.000   1799.000   82.516   -41.694
67723.000   1729.000   82.513   -41.218
67724.000   1698.000   82.510   -40.742
67725.000   1741.000   82.507   -40.267
67726.000   1694.000   82.503   -39.792
67727.000   1764.000   82.498   -39.318
67728.000   1763.000   82.493   -38.845
67729.000   1720.000   82.488   -38.372
67730.000   1804.000   82.482   -37.900
67731.000   1761.000   82.475   -37.429
67732.000   1763.000   82.468   -36.958
67733.000   1717.000   82.461   -36.489
67734.000   1776.000   82.452   -36.020
67735.000   1601.000   82.444   -35.552
67736.000   1721.000   82.435   -35.086
67737.000   1840.000   82.425   -34.621
67738.000   1747.000   82.415   -34.157
67739.000   1653.000   82.404   -33.694
67740.000   1645.000   82.393   -33.232
67741.000   1734.000   82.382   -32.772
67742.000   1654.000   82.370   -32.314
67743.000   1671.000   82.357   -31.857
67744.000   1781.000   82.344   -31.401
67745.000   1626.000   82.330   -30.947
67746.000   1637.000   82.316   -30.495
67747.000   1727.000   82.302   -30.044
67748.000   1678.000   82.287   -29.595
67749.000   1780.000   82.271   -29.148
67750.000   1780.000   82.255   -28.702
67751.000   1691.000   82.239   -28.259
67752.000   1752.000   82.222   -27.817
67753.000   1719.000   82.205   -27.378
67754.000   1694.000   82.187   -26.940
67755.000   1634.000   82.169   -26.504
67756.000   1681.000   82.150   -26.071
67757.000   1729.000   82.131   -25.639
67758.000   1742.000   82.111   -25.210
67759.000   1746.000   82.091   -24.783
67760.000   1771.000   82.071   -24.358
67761.000   1789.000   82.050   -23.935
67762.000   1682.000   82.028   -23.515
67763.000   1718.000   82.006   -23.096
67764.000   1734.000   81.984   -22.680
67765.000   1672.000   81.962   -22.267
67766.000   1707.000   81.938   -21.856
67767.000   1639.000   81.915   -21.447
67768.000   1752.000   81.891   -21.040
67769.000   1677.000   81.867   -20.636
67770.000   1731.000   81.842   -20.235
67771.000   1616.000   81.817   -19.835
67772.000   1692.000   81.791   -19.439
67773.000   1705.000   81.766   -19.044
67774.000   1653.000   81.739   -18.653
67775.000   1680.000   81.713   -18.264
67776.000   1725.000   81.685   -17.877
67777.000   1744.000   81.658   -17.493
67778.000   1711.000   81.630   -17.111
67779.000   1724.000   81.602   -16.732
67780.000   1673.000   81.573   -16.356
67781.000   1723.000   81.545   -15.982
67782.000   1730.000   81.515   -15.611
67783.000   1698.000   81.486   -15.242
67784.000   1783.000   81.456   -14.876
67785.000   1712.000   81.425   -14.512
67786.000   1668.000   81.395   -14.151
67787.000   1730.000   81.364   -13.793
67788.000   1720.000   81.332   -13.437
67789.000   1712.000   81.300   -13.084
67790.000   1706.000   81.268   -12.733
67791.000   1685.000   81.236   -12.385
67792.000   1769.000   81.203   -12.040
67793.000   1730.000   81.170   -11.697
67794.000   1672.000   81.137   -11.356
67795.000   1750.000   81.103   -11.019
67796.000   1715.000   81.070   -10.684
67797.000   1745.000   81.035   -10.351
67798.000   1650.000   81.001   -10.021
67799.000   1633.000   80.966   -9.694
67800.000   1692.000   80.931   -9.369
67801.000   1637.000   80.895   -9.046
67802.000   1639.000   80.860   -8.726
67803.000   1620.000   80.824   -8.409
67804.000   1654.000   80.787   -8.094
67805.000   1696.000   80.751   -7.782
67806.000   1698.000   80.714   -7.472
67807.000   1709.000   80.677   -7.164
67808.000   1687.000   80.639   -6.859
67809.000   1656.000   80.602   -6.557
67810.000   1688.000   80.564   -6.257
67811.000   1696.000   80.526   -5.959
67812.000   1741.000   80.487   -5.664
67813.000   1643.000   80.448   -5.371
67814.000   1760.000   80.410   -5.080
67815.000   1700.000   80.370   -4.792
67816.000   1690.000   80.331   -4.507
67817.000   1751.000   80.291   -4.223
67818.000   1625.000   80.251   -3.942
67819.000   1651.000   80.211   -3.663
67820.000   1728.000   80.171   -3.387
67821.000   1638.000   80.130   -3.113
67822.000   1626.000   80.089   -2.841
67823.000   1660.000   80.048   -2.571
67824.000   1682.000   80.007   -2.303
67825.000   1762.000   79.966   -2.038
67826.000   1784.000   79.924   -1.775
67827.000   1681.000   79.882   -1.514
67828.000   1703.000   79.840   -1.256
67829.000   1725.000   79.798   -0.999
67830.000   1724.000   79.755   -0.745
67831.000   1671.000   79.712   -0.492
67832.000   1765.000   79.669   -0.242
67833.000   1725.000   79.626   00.006
67834.000   1630.000   79.583   00.252
67835.000   1667.000   79.539   00.496
67836.000   1693.000   79.496   00.738
67837.000   1736.000   79.452   00.978
67838.000   1674.000   79.408   01.216
67839.000   1678.000   79.363   01.451
67840.000   1651.000   79.319   01.685
67841.000   1650.000   79.274   01.917
67842.000   1606.000   79.229   02.147
67843.000   1739.000   79.184   02.376
67844.000   1668.000   79.139   02.602
67845.000   1692.000   79.094   02.826
67846.000   1686.000   79.048   03.049
67847.000   1686.000   79.003   03.269
67848.000   1687.000   78.957   03.488
67849.000   1741.000   78.911   03.705
67850.000   1653.000   78.865   03.920
67851.000   1685.000   78.818   04.133
67852.000   1723.000   78.772   04.345
67853.000   1726.000   78.725   04.555
67854.000   1639.000   78.679   04.763
67855.000   1656.000   78.632   04.969
67856.000   1697.000   78.585   05.174
67857.000   1609.000   78.537   05.377
67858.000   1751.000   78.490   05.578
67859.000   1734.000   78.443   05.777
67860.000   1712.000   78.395   05.975
67861.000   1732.000   78.347   06.172
67862.000   1706.000   78.299   06.366
67863.000   1696.000   78.251   06.559
67864.000   1678.000   78.203   06.751
67865.000   1657.000   78.155   06.941
67866.000   1762.000   78.106   07.129
67867.000   1699.000   78.058   07.316
67868.000   1723.000   78.009   07.501
67869.000   1693.000   77.960   07.685
67870.000   1695.000   77.911   07.867
67871.000   1686.000   77.862   08.048
67872.000   1680.000   77.813   08.228
67873.000   1769.000   77.763   08.405
67874.000   1701.000   77.714   08.582
67875.000   1639.000   77.664   08.757
67876.000   1649.000   77.615   08.931
67877.000   1747.000   77.565   09.103
67878.000   1656.000   77.515   09.274
67879.000   1743.000   77.465   09.443
67880.000   1675.000   77.415   09.611
67881.000   1656.000   77.365   09.778
67882.000   1716.000   77.314   09.943
67883.000   1668.000   77.264   10.107
67884.000   1707.000   77.213   10.270
67885.000   1728.000   77.163   10.432
67886.000   1761.000   77.112   10.592
67887.000   1675.000   77.061   10.751
67888.000   1660.000   77.010   10.908
67889.000   1709.000   76.959   11.065
67890.000   1651.000   76.908   11.220
67891.000   1608.000   76.856   11.374
67892.000   1650.000   76.805   11.527
67893.000   1694.000   76.754   11.678
67894.000   1661.000   76.702   11.829
67895.000   1640.000   76.650   11.978
67896.000   1677.000   76.599   12.126
67897.000   1708.000   76.547   12.273
67898.000   1648.000   76.495   12.419
67899.000   1695.000   76.443   12.563
67900.000   1749.000   76.391   12.707
67901.000   1718.000   76.339   12.849
67902.000   1651.000   76.286   12.990
67903.000   1727.000   76.234   13.131
67904.000   1721.000   76.182   13.270
67905.000   1724.000   76.129   13.408
67906.000   1597.000   76.077   13.545
67907.000   1703.000   76.024   13.681
67908.000   1755.000   75.971   13.816
67909.000   1706.000   75.918   13.950
67910.000   1748.000   75.865   14.083
67911.000   1583.000   75.812   14.215
67912.000   1709.000   75.759   14.346
67913.000   1699.000   75.706   14.476
67914.000   1638.000   75.653   14.605
67915.000   1664.000   75.600   14.733
67916.000   1671.000   75.546   14.860
67917.000   1699.000   75.493   14.986
67918.000   1685.000   75.439   15.111
67919.000   1666.000   75.386   15.235
67920.000   1641.000   75.332   15.359
67921.000   1756.000   75.278   15.481
67922.000   1685.000   75.225   15.602
67923.000   1715.000   75.171   15.723
67924.000   1635.000   75.117   15.843
67925.000   1714.000   75.063   15.962
67926.000   1647.000   75.009   16.080
67927.000   1678.000   74.955   16.197
67928.000   1722.000   74.900   16.313
67929.000   1691.000   74.846   16.429
67930.000   1682.000   74.792   16.543
67931.000   1713.000   74.738   16.657
67932.000   1679.000   74.683   16.770
67933.000   1702.000   74.629   16.882
67934.000   1613.000   74.574   16.994
67935.000   1657.000   74.519   17.104
67936.000   1775.000   74.465   17.214
67937.000   1773.000   74.410   17.323
67938.000   1686.000   74.355   17.431
67939.000   1697.000   74.300   17.539
67940.000   1677.000   74.246   17.645
67941.000   1710.000   74.191   17.751
67942.000   1714.000   74.136   17.857
67943.000   1727.000   74.081   17.961
67944.000   1775.000   74.025   18.065
67945.000   1676.000   73.970   18.168
67946.000   1815.000   73.915   18.270
67947.000   1808.000   73.860   18.372
67948.000   1830.000   73.804   18.473
67949.000   1916.000   73.749   18.573
67950.000   2074.000   73.694   18.672
67951.000   2078.000   73.638   18.771
67952.000   2273.000   73.583   18.869
67953.000   2344.000   73.527   18.967
67954.000   2449.000   73.471   19.064
67955.000   2594.000   73.416   19.160
67956.000   2797.000   73.360   19.255
67957.000   3463.000   73.304   19.350
67958.000   4095.000   73.248   19.444
67959.000   4735.000   73.192   19.538
67960.000   5021.000   73.137   19.631
67961.000   6947.000   73.081   19.723
67962.000   3399.000   73.025   19.815
67963.000   3193.000   72.969   19.906
67964.000   3084.000   72.912   19.996
67965.000   3160.000   72.856   20.086
67966.000   3242.000   72.800   20.176
67967.000   3673.000   72.744   20.264
67968.000   3775.000   72.688   20.352
67969.000   3614.000   72.631   20.440
67970.000   3507.000   72.575   20.527
67971.000   3276.000   72.519   20.613
67972.000   3318.000   72.462   20.699
67973.000   3281.000   72.406   20.784
67974.000   3202.000   72.349   20.869
67975.000   3364.000   72.293   20.953
67976.000   3415.000   72.236   21.037
67977.000   3457.000   72.179   21.120
67978.000   3559.000   72.123   21.202
67979.000   3534.000   72.066   21.284
67980.000   3692.000   72.009   21.366
67981.000   3626.000   71.952   21.447
67982.000   3725.000   71.896   21.527
67983.000   3535.000   71.839   21.607
67984.000   3449.000   71.782   21.687
67985.000   3450.000   71.725   21.766
67986.000   3430.000   71.668   21.844
67987.000   3438.000   71.611   21.922
67988.000   3173.000   71.554   21.999
67989.000   3308.000   71.497   22.076
67990.000   3212.000   71.440   22.153
67991.000   3251.000   71.383   22.229
67992.000   3280.000   71.325   22.304
67993.000   3513.000   71.268   22.380
67994.000   3436.000   71.211   22.454
67995.000   3626.000   71.154   22.528
67996.000   3462.000   71.096   22.602
67997.000   3351.000   71.039   22.675
67998.000   3344.000   70.982   22.748
67999.000   3288.000   70.924   22.820
68000.000   3317.000   70.867   22.892
68001.000   3232.000   70.809   22.964
68002.000   3394.000   70.752   23.035
68003.000   3468.000   70.694   23.105
68004.000   3560.000   70.637   23.175
68005.000   3323.000   70.579   23.245
68006.000   3548.000   70.522   23.314
68007.000   3656.000   70.464   23.383
68008.000   3693.000   70.406   23.452
68009.000   3630.000   70.348   23.520
68010.000   3602.000   70.291   23.587
68011.000   3884.000   70.233   23.655
68012.000   3919.000   70.175   23.722
68013.000   3969.000   70.117   23.788
68014.000   3908.000   70.060   23.854
68015.000   3903.000   70.002   23.920
68016.000   3860.000   69.944   23.985
68017.000   3867.000   69.886   24.050
68018.000   3425.000   69.828   24.115
68019.000   3210.000   69.770   24.179
68020.000   3204.000   69.712   24.243
68021.000   3356.000   69.654   24.306
68022.000   3402.000   69.596   24.369
68023.000   3447.000   69.538   24.432
68024.000   3311.000   69.480   24.494
68025.000   3358.000   69.421   24.556
68026.000   3359.000   69.363   24.618
68027.000   3623.000   69.305   24.679
68028.000   3614.000   69.247   24.740
68029.000   3906.000   69.189   24.800
68030.000   4366.000   69.130   24.860
68031.000   4024.000   69.072   24.920
68032.000   4257.000   69.014   24.980
68033.000   4010.000   68.955   25.039
68034.000   3610.000   68.897   25.098
68035.000   3492.000   68.839   25.156
68036.000   3869.000   68.780   25.215
68037.000   4230.000   68.722   25.272
68038.000   4410.000   68.663   25.330
68039.000   4077.000   68.605   25.387
68040.000   3953.000   68.546   25.444
68041.000   3657.000   68.488   25.501
68042.000   3262.000   68.429   25.557
68043.000   2850.000   68.371   25.613
68044.000   2590.000   68.312   25.668
68045.000   2485.000   68.253   25.724
68046.000   2379.000   68.195   25.779
68047.000   2393.000   68.136   25.834
68048.000   2332.000   68.077   25.888
68049.000   2275.000   68.019   25.942
68050.000   2194.000   67.960   25.996
68051.000   2254.000   67.901   26.050
68052.000   2174.000   67.843   26.103
68053.000   2129.000   67.784   26.156
68054.000   2032.000   67.725   26.208
68055.000   2041.000   67.666   26.261
68056.000   2053.000   67.607   26.313
68057.000   2030.000   67.548   26.365
68058.000   2170.000   67.490   26.416
68059.000   2013.000   67.431   26.468
68060.000   2031.000   67.372   26.519
68061.000   2221.000   67.313   26.569
68062.000   2150.000   67.254   26.620
68063.000   2138.000   67.195   26.670
68064.000   2255.000   67.136   26.720
68065.000   2175.000   67.077   26.770
68066.000   2186.000   67.018   26.819
68067.000   2061.000   66.959   26.868
68068.000   2073.000   66.900   26.917
68069.000   1994.000   66.841   26.966
68070.000   1958.000   66.782   27.014
68071.000   2040.000   66.722   27.062
68072.000   1966.000   66.663   27.110
68073.000   1914.000   66.604   27.158
68074.000   1935.000   66.545   27.205
68075.000   1911.000   66.486   27.252
68076.000   1929.000   66.427   27.299
68077.000   1865.000   66.367   27.346
68078.000   1811.000   66.308   27.392
68079.000   1746.000   66.249   27.439
68080.000   1843.000   66.190   27.484
68081.000   1787.000   66.130   27.530
68082.000   1797.000   66.071   27.576
68083.000   1690.000   66.012   27.621
68084.000   1761.000   65.952   27.666
68085.000   1793.000   65.893   27.711
68086.000   1769.000   65.834   27.755
68087.000   1722.000   65.774   27.800
68088.000   1782.000   65.715   27.844
68089.000   1748.000   65.655   27.888
68090.000   1655.000   65.596   27.931
68091.000   1755.000   65.537   27.975
68092.000   1625.000   65.477   28.018
68093.000   1712.000   65.418   28.061
68094.000   1698.000   65.358   28.104
68095.000   1688.000   65.299   28.146
68096.000   1736.000   65.239   28.189
68097.000   1734.000   65.180   28.231
68098.000   1676.000   65.120   28.273
68099.000   1688.000   65.060   28.315
68100.000   1707.000   65.001   28.356
68101.000   1743.000   64.941   28.398
68102.000   1703.000   64.882   28.439
68103.000   1654.000   64.822   28.480
68104.000   1663.000   64.762   28.521
68105.000   1664.000   64.703   28.561
68106.000   1723.000   64.643   28.602
68107.000   1682.000   64.583   28.642
68108.000   1736.000   64.524   28.682
68109.000   1642.000   64.464   28.721
68110.000   1707.000   64.404   28.761
68111.000   1678.000   64.345   28.800
68112.000   1689.000   64.285   28.840
68113.000   1681.000   64.225   28.879
68114.000   1716.000   64.165   28.918
68115.000   1689.000   64.106   28.956
68116.000   1679.000   64.046   28.995
68117.000   1687.000   63.986   29.033
68118.000   1698.000   63.926   29.071
68119.000   1654.000   63.866   29.109
68120.000   1692.000   63.806   29.147
68121.000   1750.000   63.747   29.184
68122.000   1694.000   63.687   29.222
68123.000   1651.000   63.627   29.259
68124.000   1740.000   63.567   29.296
68125.000   1606.000   63.507   29.333
68126.000   1610.000   63.447   29.370
68127.000   1661.000   63.387   29.406
68128.000   1667.000   63.327   29.442
68129.000   1663.000   63.267   29.479
68130.000   1751.000   63.207   29.515
68131.000   1589.000   63.147   29.551
68132.000   1622.000   63.087   29.586
68133.000   1676.000   63.027   29.622
68134.000   1662.000   62.967   29.657
68135.000   1703.000   62.907   29.692
68136.000   1693.000   62.847   29.727
68137.000   1645.000   62.787   29.762
68138.000   1760.000   62.727   29.797
68139.000   1659.000   62.667   29.832
68140.000   1609.000   62.607   29.866
68141.000   1671.000   62.547   29.900
68142.000   1675.000   62.487   29.934
68143.000   1685.000   62.427   29.968
68144.000   1663.000   62.367   30.002
68145.000   1601.000   62.306   30.036
68146.000   1650.000   62.246   30.069
68147.000   1621.000   62.186   30.103
68148.000   1617.000   62.126   30.136
68149.000   1694.000   62.066   30.169
68150.000   1580.000   62.006   30.202
68151.000   1668.000   61.945   30.234
68152.000   1652.000   61.885   30.267
68153.000   1702.000   61.825   30.300
68154.000   1695.000   61.765   30.332
68155.000   1685.000   61.704   30.364
68156.000   1650.000   61.644   30.396
68157.000   1670.000   61.584   30.428
68158.000   1645.000   61.524   30.460
68159.000   1659.000   61.463   30.491
68160.000   1606.000   61.403   30.523
68161.000   1596.000   61.343   30.554
68162.000   1608.000   61.283   30.585
68163.000   1622.000   61.222   30.616
68164.000   1666.000   61.162   30.647
68165.000   1631.000   61.102   30.678
68166.000   1597.000   61.041   30.709
68167.000   1646.000   60.981   30.739
68168.000   1659.000   60.920   30.770
68169.000   1617.000   60.860   30.800
68170.000   1646.000   60.800   30.830
68171.000   1676.000   60.739   30.860
68172.000   1673.000   60.679   30.890
68173.000   1590.000   60.618   30.920
68174.000   1640.000   60.558   30.949
68175.000   1620.000   60.498   30.979
68176.000   1672.000   60.437   31.008
68177.000   1647.000   60.377   31.038
68178.000   1665.000   60.316   31.067
68179.000   1609.000   60.256   31.096
68180.000   1657.000   60.195   31.125
68181.000   1648.000   60.135   31.153
68182.000   1646.000   60.074   31.182
68183.000   1693.000   60.014   31.211
68184.000   1604.000   59.953   31.239
68185.000   1623.000   59.893   31.267
68186.000   1610.000   59.832   31.295
68187.000   1608.000   59.772   31.324
68188.000   1723.000   59.711   31.351
68189.000   1670.000   59.651   31.379
68190.000   1685.000   59.590   31.407
68191.000   1568.000   59.530   31.435
68192.000   1622.000   59.469   31.462
68193.000   1578.000   59.408   31.489
68194.000   1660.000   59.348   31.517
68195.000   1597.000   59.287   31.544
68196.000   1591.000   59.227   31.571
68197.000   1597.000   59.166   31.598
68198.000   1585.000   59.105   31.625
68199.000   1603.000   59.045   31.651
68200.000   1634.000   58.984   31.678
68201.000   1580.000   58.924   31.704
68202.000   1627.000   58.863   31.731
68203.000   1645.000   58.802   31.757
68204.000   1511.000   58.742   31.783
68205.000   1587.000   58.681   31.809
68206.000   1597.000   58.620   31.835
68207.000   1601.000   58.560   31.861
68208.000   1658.000   58.499   31.887
68209.000   1615.000   58.438   31.912
68210.000   1626.000   58.377   31.938
68211.000   1595.000   58.317   31.963
68212.000   1638.000   58.256   31.989
68213.000   1642.000   58.195   32.014
68214.000   1610.000   58.135   32.039
68215.000   1666.000   58.074   32.064
68216.000   1583.000   58.013   32.089
68217.000   1655.000   57.952   32.114
68218.000   1609.000   57.891   32.139
68219.000   1642.000   57.831   32.163
68220.000   1539.000   57.770   32.188
68221.000   1643.000   57.709   32.212
68222.000   1576.000   57.648   32.237
68223.000   1636.000   57.588   32.261
68224.000   1627.000   57.527   32.285
68225.000   1544.000   57.466   32.309
68226.000   1617.000   57.405   32.333
68227.000   1581.000   57.344   32.357
68228.000   1475.000   57.283   32.381
68229.000   1555.000   57.223   32.404
68230.000   1699.000   57.162   32.428
68231.000   1618.000   57.101   32.452
68232.000   1591.000   57.040   32.475
68233.000   1578.000   56.979   32.498
68234.000   1599.000   56.918   32.522
68235.000   1620.000   56.857   32.545
68236.000   1551.000   56.797   32.568
68237.000   1558.000   56.736   32.591
68238.000   1541.000   56.675   32.614
68239.000   1550.000   56.614   32.636
68240.000   1504.000   56.553   32.659
68241.000   1582.000   56.492   32.682
68242.000   1661.000   56.431   32.704
68243.000   1535.000   56.370   32.727
68244.000   1535.000   56.309   32.749
68245.000   1613.000   56.248   32.771
68246.000   1606.000   56.187   32.794
68247.000   1552.000   56.126   32.816
68248.000   1606.000   56.065   32.838
68249.000   1555.000   56.004   32.860
68250.000   1510.000   55.943   32.882
68251.000   1558.000   55.882   32.903
68252.000   1494.000   55.821   32.925
68253.000   1602.000   55.760   32.947
68254.000   1522.000   55.699   32.968
68255.000   1533.000   55.638   32.990
68256.000   1567.000   55.577   33.011
68257.000   1536.000   55.516   33.033
68258.000   1538.000   55.455   33.054
68259.000   1592.000   55.394   33.075
68260.000   1579.000   55.333   33.096
68261.000   1486.000   55.272   33.117
68262.000   1585.000   55.211   33.138
68263.000   1604.000   55.150   33.159
68264.000   1516.000   55.089   33.180
68265.000   1497.000   55.028   33.200
68266.000   1519.000   54.967   33.221
68267.000   1497.000   54.906   33.241
68268.000   1488.000   54.845   33.262
68269.000   1526.000   54.784   33.282
68270.000   1528.000   54.723   33.303
68271.000   1509.000   54.662   33.323
68272.000   1480.000   54.601   33.343
68273.000   1507.000   54.539   33.363
68274.000   1492.000   54.478   33.383
68275.000   1444.000   54.417   33.403
68276.000   1545.000   54.356   33.423
68277.000   1490.000   54.295   33.443
68278.000   1550.000   54.234   33.463
68279.000   1534.000   54.173   33.482
68280.000   1461.000   54.112   33.502
68281.000   1483.000   54.050   33.521
68282.000   1400.000   53.989   33.541
68283.000   1463.000   53.928   33.560
68284.000   1530.000   53.867   33.579
68285.000   1412.000   53.806   33.599
68286.000   1433.000   53.745   33.618
68287.000   1545.000   53.683   33.637
68288.000   1493.000   53.622   33.656
68289.000   1474.000   53.561   33.675
68290.000   1530.000   53.500   33.694
68291.000   1497.000   53.439   33.713
68292.000   1588.000   53.377   33.732
68293.000   1485.000   53.316   33.750
68294.000   1494.000   53.255   33.769
68295.000   1473.000   53.194   33.788
68296.000   1425.000   53.133   33.806
68297.000   1421.000   53.071   33.825
68298.000   1421.000   53.010   33.843
68299.000   1479.000   52.949   33.861
68300.000   1472.000   52.888   33.880
68301.000   1493.000   52.826   33.898
68302.000   1413.000   52.765   33.916
68303.000   1445.000   52.704   33.934
68304.000   1541.000   52.643   33.952
68305.000   1512.000   52.581   33.970
68306.000   1494.000   52.520   33.988
68307.000   1402.000   52.459   34.006
68308.000   1462.000   52.398   34.023
68309.000   1547.000   52.336   34.041
68310.000   1496.000   52.275   34.059
68311.000   1430.000   52.214   34.076
68312.000   1503.000   52.152   34.094
68313.000   1425.000   52.091   34.111
68314.000   1450.000   52.030   34.129
68315.000   1458.000   51.969   34.146
68316.000   1445.000   51.907   34.163
68317.000   1562.000   51.846   34.181
68318.000   1483.000   51.785   34.198
68319.000   1467.000   51.723   34.215
68320.000   1460.000   51.662   34.232
68321.000   1433.000   51.601   34.249
68322.000   1474.000   51.539   34.266
68323.000   1464.000   51.478   34.283
68324.000   1430.000   51.417   34.300
68325.000   1469.000   51.355   34.317
68326.000   1438.000   51.294   34.333
68327.000   1343.000   51.233   34.350
68328.000   1370.000   51.171   34.367
68329.000   1412.000   51.110   34.383
68330.000   1513.000   51.048   34.400
68331.000   1455.000   50.987   34.416
68332.000   1377.000   50.926   34.432
68333.000   1332.000   50.864   34.449
68334.000   1477.000   50.803   34.465
68335.000   1454.000   50.741   34.481
68336.000   1440.000   50.680   34.497
68337.000   1412.000   50.619   34.514
68338.000   1381.000   50.557   34.530
68339.000   1416.000   50.496   34.546
68340.000   1463.000   50.434   34.562
68341.000   1475.000   50.373   34.578
68342.000   1364.000   50.312   34.593
68343.000   1390.000   50.250   34.609
68344.000   1391.000   50.189   34.625
68345.000   1437.000   50.127   34.641
68346.000   1402.000   50.066   34.656
68347.000   1461.000   50.004   34.672
68348.000   1390.000   49.943   34.687
68349.000   1396.000   49.882   34.703
68350.000   1433.000   49.820   34.718
68351.000   1491.000   49.759   34.734
68352.000   1333.000   49.697   34.749
68353.000   1368.000   49.636   34.765
68354.000   1410.000   49.574   34.780
68355.000   1398.000   49.513   34.795
68356.000   1410.000   49.451   34.810
68357.000   1357.000   49.390   34.825
68358.000   1382.000   49.328   34.840
68359.000   1361.000   49.267   34.855
68360.000   1335.000   49.205   34.870
68361.000   1362.000   49.144   34.885
68362.000   1375.000   49.082   34.900
68363.000   1388.000   49.021   34.915
68364.000   1383.000   48.959   34.930
68365.000   1440.000   48.898   34.944
68366.000   1389.000   48.836   34.959
68367.000   1385.000   48.775   34.974
68368.000   1359.000   48.713   34.988
68369.000   1323.000   48.652   35.003
68370.000   1384.000   48.590   35.017
68371.000   1358.000   48.529   35.032
68372.000   1447.000   48.467   35.046
68373.000   1409.000   48.406   35.061
68374.000   1399.000   48.344   35.075
68375.000   1381.000   48.283   35.089
68376.000   1388.000   48.221   35.104
68377.000   1428.000   48.160   35.118
68378.000   1369.000   48.098   35.132
68379.000   1299.000   48.036   35.146
68380.000   1357.000   47.975   35.160
68381.000   1328.000   47.913   35.174
68382.000   1304.000   47.852   35.188
68383.000   1352.000   47.790   35.202
68384.000   1434.000   47.729   35.216
68385.000   1336.000   47.667   35.230
68386.000   1378.000   47.605   35.244
68387.000   1338.000   47.544   35.257
68388.000   1371.000   47.482   35.271
68389.000   1374.000   47.421   35.285
68390.000   1377.000   47.359   35.298
68391.000   1342.000   47.297   35.312
68392.000   1347.000   47.236   35.325
68393.000   1332.000   47.174   35.339
68394.000   1369.000   47.113   35.352
68395.000   1337.000   47.051   35.366
68396.000   1360.000   46.989   35.379
68397.000   1320.000   46.928   35.393
68398.000   1385.000   46.866   35.406
68399.000   1376.000   46.805   35.419
69360.000   1641.000   -12.998   41.168
69361.000   1756.000   -13.060   41.172
69362.000   1685.000   -13.122   41.177
69363.000   1715.000   -13.184   41.181
69364.000   1635.000   -13.247   41.186
69365.000   1714.000   -13.309   41.190
69366.000   1647.000   -13.371   41.195
69367.000   1678.000   -13.433   41.199
69368.000   1722.000   -13.496   41.204
69369.000   1691.000   -13.558   41.208
69370.000   1682.000   -13.620   41.212
69371.000   1713.000   -13.682   41.217
69372.000   1679.000   -13.745   41.221
69373.000   1702.000   -13.807   41.226
69374.000   1613.000   -13.869   41.230
69375.000   1657.000   -13.931   41.235
69376.000   1775.000   -13.994   41.239
69377.000   1773.000   -14.056   41.244
69378.000   1686.000   -14.118   41.248
69379.000   1697.000   -14.180   41.253
69380.000   1677.000   -14.242   41.257
69381.000   1710.000   -14.305   41.262
69382.000   1714.000   -14.367   41.266
69383.000   1727.000   -14.429   41.271
69384.000   1775.000   -14.491   41.275
69385.000   1676.000   -14.554   41.280
69386.000   1815.000   -14.616   41.285
69387.000   1808.000   -14.678   41.289
69388.000   1830.000   -14.740   41.294
69389.000   1916.000   -14.802   41.298
69390.000   2074.000   -14.865   41.303
69391.000   2078.000   -14.927   41.307
69392.000   2273.000   -14.989   41.312
69393.000   2344.000   -15.051   41.316
69394.000   2449.000   -15.114   41.321
69395.000   2594.000   -15.176   41.326
69396.000   2797.000   -15.238   41.330
69397.000   3463.000   -15.300   41.335
69398.000   4095.000   -15.362   41.339
69399.000   4735.000   -15.425   41.344
69400.000   5021.000   -15.487   41.349
69401.000   6947.000   -15.549   41.353
69402.000   3399.000   -15.611   41.358
69403.000   3193.000   -15.674   41.362
69404.000   3084.000   -15.736   41.367
69405.000   3160.000   -15.798   41.372
69406.000   3242.000   -15.860   41.376
69407.000   3673.000   -15.922   41.381
69408.000   3775.000   -15.985   41.386
69409.000   3614.000   -16.047   41.390
69410.000   3507.000   -16.109   41.395
69411.000   3276.000   -16.171   41.400
69412.000   3318.000   -16.233   41.404
69413.000   3281.000   -16.296   41.409
69414.000   3202.000   -16.358   41.414
69415.000   3364.000   -16.420   41.418
69416.000   3415.000   -16.482   41.423
69417.000   3457.000   -16.544   41.428
69418.000   3559.000   -16.607   41.432
69419.000   3534.000   -16.669   41.437
69420.000   3692.000   -16.731   41.442
69421.000   3626.000   -16.793   41.447
69422.000   3725.000   -16.855   41.451
69423.000   3535.000   -16.917   41.456
69424.000   3449.000   -16.980   41.461
69425.000   3450.000   -17.042   41.466
69426.000   3430.000   -17.104   41.470
69427.000   3438.000   -17.166   41.475
69428.000   3173.000   -17.228   41.480
69429.000   3308.000   -17.291   41.485
69430.000   3212.000   -17.353   41.489
69431.000   3251.000   -17.415   41.494
69432.000   3280.000   -17.477   41.499
69433.000   3513.000   -17.539   41.504
69434.000   3436.000   -17.601   41.509
69435.000   3626.000   -17.664   41.513
69436.000   3462.000   -17.726   41.518
69437.000   3351.000   -17.788   41.523
69438.000   3344.000   -17.850   41.528
69439.000   3288.000   -17.912   41.533
69440.000   3317.000   -17.974   41.537
69441.000   3232.000   -18.037   41.542
69442.000   3394.000   -18.099   41.547
69443.000   3468.000   -18.161   41.552
69444.000   3560.000   -18.223   41.557
69445.000   3323.000   -18.285   41.562
69446.000   3548.000   -18.347   41.567
69447.000   3656.000   -18.410   41.571
69448.000   3693.000   -18.472   41.576
69449.000   3630.000   -18.534   41.581
69450.000   3602.000   -18.596   41.586
69451.000   3884.000   -18.658   41.591
69452.000   3919.000   -18.720   41.596
69453.000   3969.000   -18.783   41.601
69454.000   3908.000   -18.845   41.606
69455.000   3903.000   -18.907   41.611
69456.000   3860.000   -18.969   41.616
69457.000   3867.000   -19.031   41.621
69458.000   3425.000   -19.093   41.626
69459.000   3210.000   -19.155   41.631
69460.000   3204.000   -19.218   41.636
69461.000   3356.000   -19.280   41.641
69462.000   3402.000   -19.342   41.645
69463.000   3447.000   -19.404   41.650
69464.000   3311.000   -19.466   41.655
69465.000   3358.000   -19.528   41.660
69466.000   3359.000   -19.590   41.665
69467.000   3623.000   -19.652   41.671
69468.000   3614.000   -19.715   41.676
69469.000   3906.000   -19.777   41.681
69470.000   4366.000   -19.839   41.686
69471.000   4024.000   -19.901   41.691
69472.000   4257.000   -19.963   41.696
69473.000   4010.000   -20.025   41.701
69474.000   3610.000   -20.087   41.706
69475.000   3492.000   -20.150   41.711
69476.000   3869.000   -20.212   41.716
69477.000   4230.000   -20.274   41.721
69478.000   4410.000   -20.336   41.726
69479.000   4077.000   -20.398   41.731
69480.000   3953.000   -20.460   41.736
69481.000   3657.000   -20.522   41.741
69482.000   3262.000   -20.584   41.747
69483.000   2850.000   -20.646   41.752
69484.000   2590.000   -20.709   41.757
69485.000   2485.000   -20.771   41.762
69486.000   2379.000   -20.833   41.767
69487.000   2393.000   -20.895   41.772
69488.000   2332.000   -20.957   41.777
69489.000   2275.000   -21.019   41.783
69490.000   2194.000   -21.081   41.788
69491.000   2254.000   -21.143   41.793
69492.000   2174.000   -21.205   41.798
69493.000   2129.000   -21.268   41.803
69494.000   2032.000   -21.330   41.809
69495.000   2041.000   -21.392   41.814
69496.000   2053.000   -21.454   41.819
69497.000   2030.000   -21.516   41.824
69498.000   2170.000   -21.578   41.830
69499.000   2013.000   -21.640   41.835
69500.000   2031.000   -21.702   41.840
69501.000   2221.000   -21.764   41.845
69502.000   2150.000   -21.826   41.851
69503.000   2138.000   -21.888   41.856
69504.000   2255.000   -21.951   41.861
69505.000   2175.000   -22.013   41.867
69506.000   2186.000   -22.075   41.872
69507.000   2061.000   -22.137   41.877
69508.000   2073.000   -22.199   41.883
69509.000   1994.000   -22.261   41.888
69510.000   1958.000   -22.323   41.893
69511.000   2040.000   -22.385   41.899
69512.000   1966.000   -22.447   41.904
69513.000   1914.000   -22.509   41.909
69514.000   1935.000   -22.571   41.915
69515.000   1911.000   -22.633   41.920
69516.000   1929.000   -22.695   41.925
69517.000   1865.000   -22.757   41.931
69518.000   1811.000   -22.820   41.936
69519.000   1746.000   -22.882   41.942
69520.000   1843.000   -22.944   41.947
69521.000   1787.000   -23.006   41.953
69522.000   1797.000   -23.068   41.958
69523.000   1690.000   -23.130   41.963
69524.000   1761.000   -23.192   41.969
69525.000   1793.000   -23.254   41.974
69526.000   1769.000   -23.316   41.980
69527.000   1722.000   -23.378   41.985
69528.000   1782.000   -23.440   41.991
69529.000   1748.000   -23.502   41.996
69530.000   1655.000   -23.564   42.002
69531.000   1755.000   -23.626   42.007
69532.000   1625.000   -23.688   42.013
69533.000   1712.000   -23.750   42.018
69534.000   1698.000   -23.812   42.024
69535.000   1688.000   -23.874   42.030
69536.000   1736.000   -23.936   42.035
69537.000   1734.000   -23.999   42.041
69538.000   1676.000   -24.061   42.046
69539.000   1688.000   -24.123   42.052
69540.000   1707.000   -24.185   42.058
69541.000   1743.000   -24.247   42.063
69542.000   1703.000   -24.309   42.069
69543.000   1654.000   -24.371   42.074
69544.000   1663.000   -24.433   42.080
69545.000   1664.000   -24.495   42.086
69546.000   1723.000   -24.557   42.091
69547.000   1682.000   -24.619   42.097
69548.000   1736.000   -24.681   42.103
69549.000   1642.000   -24.743   42.108
69550.000   1707.000   -24.805   42.114
69551.000   1678.000   -24.867   42.120
69552.000   1689.000   -24.929   42.126
69553.000   1681.000   -24.991   42.131
69554.000   1716.000   -25.053   42.137
69555.000   1689.000   -25.115   42.143
69556.000   1679.000   -25.177   42.149
69557.000   1687.000   -25.239   42.154
69558.000   1698.000   -25.301   42.160
69559.000   1654.000   -25.363   42.166
69560.000   1692.000   -25.425   42.172
69561.000   1750.000   -25.487   42.178
69562.000   1694.000   -25.549   42.183
69563.000   1651.000   -25.611   42.189
69564.000   1740.000   -25.673   42.195
69565.000   1606.000   -25.735   42.201
69566.000   1610.000   -25.797   42.207
69567.000   1661.000   -25.859   42.213
69568.000   1667.000   -25.921   42.219
69569.000   1663.000   -25.983   42.224
69570.000   1751.000   -26.045   42.230
69571.000   1589.000   -26.107   42.236
69572.000   1622.000   -26.169   42.242
69573.000   1676.000   -26.231   42.248
69574.000   1662.000   -26.293   42.254
69575.000   1703.000   -26.355   42.260
69576.000   1693.000   -26.417   42.266
69577.000   1645.000   -26.479   42.272
69578.000   1760.000   -26.541   42.278
69579.000   1659.000   -26.603   42.284
69580.000   1609.000   -26.665   42.290
69581.000   1671.000   -26.727   42.296
69582.000   1675.000   -26.789   42.302
69583.000   1685.000   -26.851   42.308
69584.000   1663.000   -26.913   42.314
69585.000   1601.000   -26.974   42.320
69586.000   1650.000   -27.036   42.326
69587.000   1621.000   -27.098   42.332
69588.000   1617.000   -27.160   42.339
69589.000   1694.000   -27.222   42.345
69590.000   1580.000   -27.284   42.351
69591.000   1668.000   -27.346   42.357
69592.000   1652.000   -27.408   42.363
69593.000   1702.000   -27.470   42.369
69594.000   1695.000   -27.532   42.375
69595.000   1685.000   -27.594   42.382
69596.000   1650.000   -27.656   42.388
69597.000   1670.000   -27.718   42.394
69598.000   1645.000   -27.780   42.400
69599.000   1659.000   -27.842   42.406
69600.000   1606.000   -27.904   42.413
69601.000   1596.000   -27.966   42.419
69602.000   1608.000   -28.028   42.425
69603.000   1622.000   -28.090   42.432
69604.000   1666.000   -28.151   42.438
69605.000   1631.000   -28.213   42.444
69606.000   1597.000   -28.275   42.450
69607.000   1646.000   -28.337   42.457
69608.000   1659.000   -28.399   42.463
69609.000   1617.000   -28.461   42.469
69610.000   1646.000   -28.523   42.476
69611.000   1676.000   -28.585   42.482
69612.000   1673.000   -28.647   42.489
69613.000   1590.000   -28.709   42.495
69614.000   1640.000   -28.771   42.501
69615.000   1620.000   -28.833   42.508
69616.000   1672.000   -28.894   42.514
69617.000   1647.000   -28.956   42.521
69618.000   1665.000   -29.018   42.527
69619.000   1609.000   -29.080   42.534
69620.000   1657.000   -29.142   42.540
69621.000   1648.000   -29.204   42.547
69622.000   1646.000   -29.266   42.553
69623.000   1693.000   -29.328   42.560
69624.000   1604.000   -29.390   42.566
69625.000   1623.000   -29.452   42.573
69626.000   1610.000   -29.513   42.579
69627.000   1608.000   -29.575   42.586
69628.000   1723.000   -29.637   42.592
69629.000   1670.000   -29.699   42.599
69630.000   1685.000   -29.761   42.606
69631.000   1568.000   -29.823   42.612
69632.000   1622.000   -29.885   42.619
69633.000   1578.000   -29.947   42.626
69634.000   1660.000   -30.009   42.632
69635.000   1597.000   -30.070   42.639
69636.000   1591.000   -30.132   42.646
69637.000   1597.000   -30.194   42.652
69638.000   1585.000   -30.256   42.659
69639.000   1603.000   -30.318   42.666
69640.000   1634.000   -30.380   42.673
69641.000   1580.000   -30.442   42.679
69642.000   1627.000   -30.503   42.686
69643.000   1645.000   -30.565   42.693
69644.000   1511.000   -30.627   42.700
69645.000   1587.000   -30.689   42.707
69646.000   1597.000   -30.751   42.713
69647.000   1601.000   -30.813   42.720
69648.000   1658.000   -30.875   42.727
69649.000   1615.000   -30.936   42.734
69650.000   1626.000   -30.998   42.741
69651.000   1595.000   -31.060   42.748
69652.000   1638.000   -31.122   42.755
69653.000   1642.000   -31.184   42.762
69654.000   1610.000   -31.246   42.769
69655.000   1666.000   -31.307   42.776
69656.000   1583.000   -31.369   42.782
69657.000   1655.000   -31.431   42.789
69658.000   1609.000   -31.493   42.796
69659.000   1642.000   -31.555   42.803
69660.000   1539.000   -31.617   42.811
69661.000   1643.000   -31.678   42.818
69662.000   1576.000   -31.740   42.825
69663.000   1636.000   -31.802   42.832
69664.000   1627.000   -31.864   42.839
69665.000   1544.000   -31.926   42.846
69666.000   1617.000   -31.988   42.853
69667.000   1581.000   -32.049   42.860
69668.000   1475.000   -32.111   42.867
69669.000   1555.000   -32.173   42.874
69670.000   1699.000   -32.235   42.882
69671.000   1618.000   -32.297   42.889
69672.000   1591.000   -32.358   42.896
69673.000   1578.000   -32.420   42.903
69674.000   1599.000   -32.482   42.911
69675.000   1620.000   -32.544   42.918
69676.000   1551.000   -32.606   42.925
69677.000   1558.000   -32.667   42.932
69678.000   1541.000   -32.729   42.940
69679.000   1550.000   -32.791   42.947
69680.000   1504.000   -32.853   42.954
69681.000   1582.000   -32.915   42.962
69682.000   1661.000   -32.976   42.969
69683.000   1535.000   -33.038   42.976
69684.000   1535.000   -33.100   42.984
69685.000   1613.000   -33.162   42.991
69686.000   1606.000   -33.223   42.999
69687.000   1552.000   -33.285   43.006
69688.000   1606.000   -33.347   43.014
69689.000   1555.000   -33.409   43.021
69690.000   1510.000   -33.471   43.029
69691.000   1558.000   -33.532   43.036
69692.000   1494.000   -33.594   43.044
69693.000   1602.000   -33.656   43.051
69694.000   1522.000   -33.718   43.059
69695.000   1533.000   -33.779   43.066
69696.000   1567.000   -33.841   43.074
69697.000   1536.000   -33.903   43.082
69698.000   1538.000   -33.965   43.089
69699.000   1592.000   -34.026   43.097
69700.000   1579.000   -34.088   43.105
69701.000   1486.000   -34.150   43.112
69702.000   1585.000   -34.212   43.120
69703.000   1604.000   -34.273   43.128
69704.000   1516.000   -34.335   43.135
69705.000   1497.000   -34.397   43.143
69706.000   1519.000   -34.459   43.151
69707.000   1497.000   -34.520   43.159
69708.000   1488.000   -34.582   43.167
69709.000   1526.000   -34.644   43.174
69710.000   1528.000   -34.705   43.182
69711.000   1509.000   -34.767   43.190
69712.000   1480.000   -34.829   43.198
69713.000   1507.000   -34.891   43.206
69714.000   1492.000   -34.952   43.214
69715.000   1444.000   -35.014   43.222
69716.000   1545.000   -35.076   43.230
69717.000   1490.000   -35.137   43.238
69718.000   1550.000   -35.199   43.246
69719.000   1534.000   -35.261   43.254
69720.000   1461.000   -35.323   43.262
69721.000   1483.000   -35.384   43.270
69722.000   1400.000   -35.446   43.278
69723.000   1463.000   -35.508   43.286
69724.000   1530.000   -35.569   43.294
69725.000   1412.000   -35.631   43.302
69726.000   1433.000   -35.693   43.310
69727.000   1545.000   -35.754   43.318
69728.000   1493.000   -35.816   43.326
69729.000   1474.000   -35.878   43.335
69730.000   1530.000   -35.940   43.343
69731.000   1497.000   -36.001   43.351
69732.000   1588.000   -36.063   43.359
69733.000   1485.000   -36.125   43.368
69734.000   1494.000   -36.186   43.376
69735.000   1473.000   -36.248   43.384
69736.000   1425.000   -36.310   43.393
69737.000   1421.000   -36.371   43.401
69738.000   1421.000   -36.433   43.409
69739.000   1479.000   -36.495   43.418
69740.000   1472.000   -36.556   43.426
69741.000   1493.000   -36.618   43.435
69742.000   1413.000   -36.680   43.443
69743.000   1445.000   -36.741   43.451
69744.000   1541.000   -36.803   43.460
69745.000   1512.000   -36.864   43.468
69746.000   1494.000   -36.926   43.477
69747.000   1402.000   -36.988   43.485
69748.000   1462.000   -37.049   43.494
69749.000   1547.000   -37.111   43.503
69750.000   1496.000   -37.173   43.511
69751.000   1430.000   -37.234   43.520
69752.000   1503.000   -37.296   43.529
69753.000   1425.000   -37.358   43.537
69754.000   1450.000   -37.419   43.546
69755.000   1458.000   -37.481   43.555
69756.000   1445.000   -37.542   43.563
69757.000   1562.000   -37.604   43.572
69758.000   1483.000   -37.666   43.581
69759.000   1467.000   -37.727   43.590
69760.000   1460.000   -37.789   43.598
69761.000   1433.000   -37.851   43.607
69762.000   1474.000   -37.912   43.616
69763.000   1464.000   -37.974   43.625
69764.000   1430.000   -38.035   43.634
69765.000   1469.000   -38.097   43.643
69766.000   1438.000   -38.159   43.652
69767.000   1343.000   -38.220   43.661
69768.000   1370.000   -38.282   43.670
69769.000   1412.000   -38.343   43.679
69770.000   1513.000   -38.405   43.688
69771.000   1455.000   -38.466   43.697
69772.000   1377.000   -38.528   43.706
69773.000   1332.000   -38.590   43.715
69774.000   1477.000   -38.651   43.724
69775.000   1454.000   -38.713   43.733
69776.000   1440.000   -38.774   43.743
69777.000   1412.000   -38.836   43.752
69778.000   1381.000   -38.898   43.761
69779.000   1416.000   -38.959   43.770
69780.000   1463.000   -39.021   43.780
69781.000   1475.000   -39.082   43.789
69782.000   1364.000   -39.144   43.798
69783.000   1390.000   -39.205   43.807
69784.000   1391.000   -39.267   43.817
69785.000   1437.000   -39.328   43.826
69786.000   1402.000   -39.390   43.836
69787.000   1461.000   -39.451   43.845
69788.000   1390.000   -39.513   43.854
69789.000   1396.000   -39.575   43.864
69790.000   1433.000   -39.636   43.873
69791.000   1491.000   -39.698   43.883
69792.000   1333.000   -39.759   43.893
69793.000   1368.000   -39.821   43.902
69794.000   1410.000   -39.882   43.912
69795.000   1398.000   -39.944   43.921
69796.000   1410.000   -40.005   43.931
69797.000   1357.000   -40.067   43.941
69798.000   1382.000   -40.128   43.950
69799.000   1361.000   -40.190   43.960
69800.000   1335.000   -40.251   43.970
69801.000   1362.000   -40.313   43.980
69802.000   1375.000   -40.374   43.989
69803.000   1388.000   -40.436   43.999
69804.000   1383.000   -40.497   44.009
69805.000   1440.000   -40.559   44.019
69806.000   1389.000   -40.620   44.029
69807.000   1385.000   -40.682   44.039
69808.000   1359.000   -40.743   44.049
69809.000   1323.000   -40.805   44.059
69810.000   1384.000   -40.866   44.069
69811.000   1358.000   -40.928   44.079
69812.000   1447.000   -40.989   44.089
69813.000   1409.000   -41.051   44.099
69814.000   1399.000   -41.112   44.109
69815.000   1381.000   -41.174   44.119
69816.000   1388.000   -41.235   44.129
69817.000   1428.000   -41.297   44.140
69818.000   1369.000   -41.358   44.150
69819.000   1299.000   -41.420   44.160
69820.000   1357.000   -41.481   44.170
69821.000   1328.000   -41.542   44.181
69822.000   1304.000   -41.604   44.191
69823.000   1352.000   -41.665   44.201
69824.000   1434.000   -41.727   44.212
69825.000   1336.000   -41.788   44.222
69826.000   1378.000   -41.850   44.232
69827.000   1338.000   -41.911   44.243
69828.000   1371.000   -41.973   44.253
69829.000   1374.000   -42.034   44.264
69830.000   1377.000   -42.095   44.274
69831.000   1342.000   -42.157   44.285
69832.000   1347.000   -42.218   44.296
69833.000   1332.000   -42.280   44.306
69834.000   1369.000   -42.341   44.317
69835.000   1337.000   -42.403   44.328
69836.000   1360.000   -42.464   44.338
69837.000   1320.000   -42.525   44.349
69838.000   1385.000   -42.587   44.360
69839.000   1376.000   -42.648   44.371
69840.000   2327.000   -42.710   44.382
69841.000   2315.000   -42.771   44.392
69842.000   2353.000   -42.832   44.403
69843.000   2265.000   -42.894   44.414
69844.000   2426.000   -42.955   44.425
69845.000   2335.000   -43.016   44.436
69846.000   2353.000   -43.078   44.447
69847.000   2312.000   -43.139   44.458
69848.000   2371.000   -43.201   44.469
69849.000   2320.000   -43.262   44.480
69850.000   2304.000   -43.323   44.492
69851.000   2270.000   -43.385   44.503
69852.000   2329.000   -43.446   44.514
69853.000   2283.000   -43.507   44.525
69854.000   2281.000   -43.569   44.536
69855.000   2176.000   -43.630   44.548
69856.000   2213.000   -43.692   44.559
69857.000   2172.000   -43.753   44.570
69858.000   2151.000   -43.814   44.582
69859.000   2085.000   -43.876   44.593
69860.000   2075.000   -43.937   44.605
69861.000   2151.000   -43.998   44.616
69862.000   2094.000   -44.060   44.628
69863.000   2089.000   -44.121   44.639
69864.000   2093.000   -44.182   44.651
69865.000   2054.000   -44.244   44.662
69866.000   2086.000   -44.305   44.674
69867.000   2201.000   -44.366   44.686
69868.000   2014.000   -44.428   44.697
69869.000   2049.000   -44.489   44.709
69870.000   1968.000   -44.550   44.721
69871.000   1984.000   -44.611   44.733
69872.000   1990.000   -44.673   44.745
69873.000   1957.000   -44.734   44.756
69874.000   1935.000   -44.795   44.768
69875.000   1892.000   -44.857   44.780
69876.000   1919.000   -44.918   44.792
69877.000   1901.000   -44.979   44.804
69878.000   1843.000   -45.040   44.816
69879.000   1860.000   -45.102   44.828
69880.000   1864.000   -45.163   44.841
69881.000   1910.000   -45.224   44.853
69882.000   1840.000   -45.286   44.865
69883.000   1813.000   -45.347   44.877
69884.000   1821.000   -45.408   44.889
69885.000   1796.000   -45.469   44.902
69886.000   1832.000   -45.531   44.914
69887.000   1854.000   -45.592   44.926
69888.000   1848.000   -45.653   44.939
69889.000   1742.000   -45.714   44.951
69890.000   1759.000   -45.776   44.964
69891.000   1784.000   -45.837   44.976
69892.000   1814.000   -45.898   44.989
69893.000   1688.000   -45.959   45.001
69894.000   1823.000   -46.021   45.014
69895.000   1826.000   -46.082   45.027
69896.000   1797.000   -46.143   45.039
69897.000   1861.000   -46.204   45.052
69898.000   1724.000   -46.265   45.065
69899.000   1764.000   -46.327   45.078
69900.000   1757.000   -46.388   45.090
69901.000   1826.000   -46.449   45.103
69902.000   1710.000   -46.510   45.116
69903.000   1795.000   -46.571   45.129
69904.000   1780.000   -46.633   45.142
69905.000   1667.000   -46.694   45.155
69906.000   1640.000   -46.755   45.168
69907.000   1748.000   -46.816   45.181
69908.000   1760.000   -46.877   45.195
69909.000   1665.000   -46.939   45.208
69910.000   1699.000   -47.000   45.221
69911.000   1711.000   -47.061   45.234
69912.000   1675.000   -47.122   45.248
69913.000   1659.000   -47.183   45.261
69914.000   1659.000   -47.244   45.274
69915.000   1663.000   -47.306   45.288
69916.000   1614.000   -47.367   45.301
69917.000   1629.000   -47.428   45.315
69918.000   1671.000   -47.489   45.328
69919.000   1665.000   -47.550   45.342
69920.000   1725.000   -47.611   45.356
69921.000   1649.000   -47.672   45.369
69922.000   1654.000   -47.734   45.383
69923.000   1632.000   -47.795   45.397
69924.000   1637.000   -47.856   45.410
69925.000   1669.000   -47.917   45.424
69926.000   1673.000   -47.978   45.438
69927.000   1602.000   -48.039   45.452
69928.000   1621.000   -48.100   45.466
69929.000   1619.000   -48.161   45.480
69930.000   1653.000   -48.222   45.494
69931.000   1653.000   -48.284   45.508
69932.000   1676.000   -48.345   45.522
69933.000   1568.000   -48.406   45.537
69934.000   1629.000   -48.467   45.551
69935.000   1564.000   -48.528   45.565
69936.000   1580.000   -48.589   45.579
69937.000   1591.000   -48.650   45.594
69938.000   1680.000   -48.711   45.608
69939.000   1625.000   -48.772   45.623
69940.000   1662.000   -48.833   45.637
69941.000   1566.000   -48.894   45.652
69942.000   1594.000   -48.955   45.666
69943.000   1616.000   -49.016   45.681
69944.000   1595.000   -49.077   45.696
69945.000   1609.000   -49.138   45.710
69946.000   1635.000   -49.200   45.725
69947.000   1638.000   -49.261   45.740
69948.000   1585.000   -49.322   45.755
69949.000   1642.000   -49.383   45.770
69950.000   1625.000   -49.444   45.785
69951.000   1625.000   -49.505   45.800
69952.000   1621.000   -49.566   45.815
69953.000   1586.000   -49.627   45.830
69954.000   1716.000   -49.688   45.845
69955.000   1564.000   -49.749   45.860
69956.000   1637.000   -49.810   45.876
69957.000   1721.000   -49.871   45.891
69958.000   1682.000   -49.932   45.906
69959.000   1694.000   -49.993   45.922
69960.000   1631.000   -50.054   45.937
69961.000   1660.000   -50.115   45.953
69962.000   1644.000   -50.176   45.968
69963.000   1688.000   -50.237   45.984
69964.000   1648.000   -50.297   45.999
69965.000   1657.000   -50.358   46.015
69966.000   1681.000   -50.419   46.031
69967.000   1718.000   -50.480   46.047
69968.000   1771.000   -50.541   46.062
69969.000   1673.000   -50.602   46.078
69970.000   1752.000   -50.663   46.094
69971.000   1765.000   -50.724   46.110
69972.000   1789.000   -50.785   46.126
69973.000   1787.000   -50.846   46.143
69974.000   1847.000   -50.907   46.159
69975.000   1862.000   -50.968   46.175
69976.000   1956.000   -51.029   46.191
69977.000   2032.000   -51.090   46.207
69978.000   1942.000   -51.151   46.224
69979.000   2023.000   -51.211   46.240
69980.000   2028.000   -51.272   46.257
69981.000   2118.000   -51.333   46.273
69982.000   2096.000   -51.394   46.290
69983.000   2250.000   -51.455   46.307
69984.000   2221.000   -51.516   46.323
69985.000   2221.000   -51.577   46.340
69986.000   2347.000   -51.638   46.357
69987.000   2416.000   -51.698   46.374
69988.000   2449.000   -51.759   46.391
69989.000   2466.000   -51.820   46.408
69990.000   2609.000   -51.881   46.425
69991.000   2671.000   -51.942   46.442
69992.000   2681.000   -52.003   46.459
69993.000   2795.000   -52.063   46.476
69994.000   2909.000   -52.124   46.493
69995.000   2854.000   -52.185   46.511
69996.000   2971.000   -52.246   46.528
69997.000   3034.000   -52.307   46.546
69998.000   3151.000   -52.368   46.563
69999.000   3351.000   -52.428   46.581
70000.000   3433.000   -52.489   46.598
70001.000   3537.000   -52.550   46.616
70002.000   3629.000   -52.611   46.634
70003.000   3761.000   -52.672   46.652
70004.000   3831.000   -52.732   46.670
70005.000   4039.000   -52.793   46.687
70006.000   4003.000   -52.854   46.705
70007.000   4157.000   -52.915   46.723
70008.000   4272.000   -52.975   46.742
70009.000   4292.000   -53.036   46.760
70010.000   4449.000   -53.097   46.778
70011.000   4574.000   -53.158   46.796
70012.000   4568.000   -53.218   46.815
70013.000   4753.000   -53.279   46.833
70014.000   4825.000   -53.340   46.852
70015.000   5210.000   -53.401   46.870
70016.000   5235.000   -53.461   46.889
70017.000   5424.000   -53.522   46.908
70018.000   5502.000   -53.583   46.926
70019.000   5643.000   -53.643   46.945
70020.000   5783.000   -53.704   46.964
70021.000   5982.000   -53.765   46.983
70022.000   6055.000   -53.825   47.002
70023.000   6209.000   -53.886   47.021
70024.000   6382.000   -53.947   47.040
70025.000   6545.000   -54.007   47.059
70026.000   6832.000   -54.068   47.079
70027.000   6862.000   -54.129   47.098
70028.000   7085.000   -54.189   47.118
70029.000   7223.000   -54.250   47.137
70030.000   7415.000   -54.311   47.157
70031.000   7590.000   -54.371   47.176
70032.000   7736.000   -54.432   47.196
70033.000   8137.000   -54.493   47.216
70034.000   8222.000   -54.553   47.236
70035.000   8303.000   -54.614   47.256
70036.000   8690.000   -54.674   47.276
70037.000   8985.000   -54.735   47.296
70038.000   9113.000   -54.796   47.316
70039.000   9365.000   -54.856   47.336
70040.000   9583.000   -54.917   47.356
70041.000   9863.000   -54.977   47.377
70042.000   9970.000   -55.038   47.397
70043.000   10120.000   -55.099   47.418
70044.000   10530.000   -55.159   47.438
70045.000   10820.000   -55.220   47.459
70046.000   10971.000   -55.280   47.479
70047.000   11098.000   -55.341   47.500
70048.000   11483.000   -55.401   47.521
70049.000   11592.000   -55.462   47.542
70050.000   11810.000   -55.522   47.563
70051.000   12249.000   -55.583   47.584
70052.000   12377.000   -55.643   47.605
70053.000   12714.000   -55.704   47.627
70054.000   13064.000   -55.764   47.648
70055.000   13458.000   -55.825   47.670
70056.000   13815.000   -55.885   47.691
70057.000   14100.000   -55.946   47.713
70058.000   14217.000   -56.006   47.734
70059.000   14965.000   -56.067   47.756
70060.000   15396.000   -56.127   47.778
70061.000   15327.000   -56.188   47.800
70062.000   15892.000   -56.248   47.822
70063.000   16213.000   -56.309   47.844
70064.000   16548.000   -56.369   47.866
70065.000   16831.000   -56.430   47.888
70066.000   17085.000   -56.490   47.911
70067.000   17611.000   -56.550   47.933
70068.000   17910.000   -56.611   47.955
70069.000   18197.000   -56.671   47.978
70070.000   18584.000   -56.732   48.001
70071.000   18875.000   -56.792   48.023
70072.000   19461.000   -56.852   48.046
70073.000   19670.000   -56.913   48.069
70074.000   20264.000   -56.973   48.092
70075.000   20189.000   -57.034   48.115
70076.000   20814.000   -57.094   48.139
70077.000   20889.000   -57.154   48.162
70078.000   21428.000   -57.215   48.185
70079.000   21738.000   -57.275   48.209
70080.000   21928.000   -57.335   48.232
70081.000   22442.000   -57.396   48.256
70082.000   22737.000   -57.456   48.280
70083.000   22806.000   -57.516   48.303
70084.000   23391.000   -57.577   48.327
70085.000   23729.000   -57.637   48.351
70086.000   23738.000   -57.697   48.375
70087.000   23878.000   -57.758   48.400
70088.000   24413.000   -57.818   48.424
70089.000   24463.000   -57.878   48.448
70090.000   24701.000   -57.938   48.473
70091.000   25417.000   -57.999   48.497
70092.000   25458.000   -58.059   48.522
70093.000   25694.000   -58.119   48.547
70094.000   26005.000   -58.179   48.572
70095.000   26472.000   -58.240   48.597
70096.000   26471.000   -58.300   48.622
70097.000   26915.000   -58.360   48.647
70098.000   26894.000   -58.420   48.672
70099.000   27341.000   -58.480   48.697
70100.000   27485.000   -58.541   48.723
70101.000   28101.000   -58.601   48.748
70102.000   28244.000   -58.661   48.774
70103.000   28246.000   -58.721   48.800
70104.000   28558.000   -58.781   48.826
70105.000   29323.000   -58.841   48.852
70106.000   29034.000   -58.902   48.878
70107.000   28949.000   -58.962   48.904
70108.000   29120.000   -59.022   48.930
70109.000   29371.000   -59.082   48.957
70110.000   29555.000   -59.142   48.983
70111.000   30056.000   -59.202   49.010
70112.000   30220.000   -59.262   49.037
70113.000   30457.000   -59.322   49.063
70114.000   30196.000   -59.382   49.090
70115.000   30332.000   -59.443   49.117
70116.000   30089.000   -59.503   49.145
70117.000   30454.000   -59.563   49.172
70118.000   30545.000   -59.623   49.199
70119.000   30422.000   -59.683   49.227
70120.000   30950.000   -59.743   49.254
70121.000   30964.000   -59.803   49.282
70122.000   31175.000   -59.863   49.310
70123.000   30826.000   -59.923   49.338
70124.000   31012.000   -59.983   49.366
70125.000   30895.000   -60.043   49.394
70126.000   31238.000   -60.103   49.422
70127.000   31067.000   -60.163   49.451
70128.000   31251.000   -60.223   49.479
70129.000   30921.000   -60.283   49.508
70130.000   30923.000   -60.343   49.537
70131.000   30981.000   -60.403   49.566
70132.000   30491.000   -60.462   49.595
70133.000   30937.000   -60.522   49.624
70134.000   30732.000   -60.582   49.653
70135.000   30636.000   -60.642   49.683
70136.000   30898.000   -60.702   49.712
70137.000   30455.000   -60.762   49.742
70138.000   30708.000   -60.822   49.772
70139.000   30155.000   -60.882   49.801
70140.000   30503.000   -60.942   49.831
70141.000   30340.000   -61.001   49.862
70142.000   30183.000   -61.061   49.892
70143.000   29907.000   -61.121   49.922
70144.000   29924.000   -61.181   49.953
70145.000   29686.000   -61.241   49.984
70146.000   29440.000   -61.300   50.014
70147.000   29034.000   -61.360   50.045
70148.000   28783.000   -61.420   50.076
70149.000   28535.000   -61.480   50.108
70150.000   28220.000   -61.540   50.139
70151.000   28254.000   -61.599   50.170
70152.000   27709.000   -61.659   50.202
70153.000   27511.000   -61.719   50.234
70154.000   26988.000   -61.779   50.266
70155.000   26770.000   -61.838   50.298
70156.000   26262.000   -61.898   50.330
70157.000   26111.000   -61.958   50.362
70158.000   25571.000   -62.017   50.395
70159.000   25263.000   -62.077   50.427
70160.000   24705.000   -62.137   50.460
70161.000   24624.000   -62.196   50.493
70162.000   23679.000   -62.256   50.526
70163.000   23327.000   -62.315   50.559
70164.000   23026.000   -62.375   50.593
70165.000   22650.000   -62.435   50.626
70166.000   22230.000   -62.494   50.660
70167.000   21720.000   -62.554   50.693
70168.000   21368.000   -62.613   50.727
70169.000   21048.000   -62.673   50.761
70170.000   20720.000   -62.733   50.796
70171.000   20241.000   -62.792   50.830
70172.000   19646.000   -62.852   50.865
70173.000   19339.000   -62.911   50.899
70174.000   18887.000   -62.971   50.934
70175.000   18487.000   -63.030   50.969
70176.000   18367.000   -63.090   51.005
70177.000   18586.000   -63.149   51.040
70178.000   17800.000   -63.209   51.075
70179.000   17379.000   -63.268   51.111
70180.000   17712.000   -63.327   51.147
70181.000   16990.000   -63.387   51.183
70182.000   16289.000   -63.446   51.219
70183.000   16192.000   -63.506   51.255
70184.000   16202.000   -63.565   51.292
70185.000   16655.000   -63.624   51.329
70186.000   16470.000   -63.684   51.365
70187.000   16204.000   -63.743   51.402
70188.000   16422.000   -63.802   51.440
70189.000   16004.000   -63.862   51.477
70190.000   14654.000   -63.921   51.515
70191.000   14029.000   -63.980   51.552
70192.000   13767.000   -64.040   51.590
70193.000   13349.000   -64.099   51.628
70194.000   13337.000   -64.158   51.667
70195.000   14227.000   -64.217   51.705
70196.000   14733.000   -64.277   51.744
70197.000   13360.000   -64.336   51.782
70198.000   12630.000   -64.395   51.821
70199.000   11982.000   -64.454   51.861
70200.000   11839.000   -64.513   51.900
70201.000   12089.000   -64.573   51.940
70202.000   11658.000   -64.632   51.979
70203.000   11683.000   -64.691   52.019
70204.000   11556.000   -64.750   52.059
70205.000   11446.000   -64.809   52.100
70206.000   11236.000   -64.868   52.140
70207.000   11285.000   -64.927   52.181
70208.000   11555.000   -64.986   52.222
70209.000   11724.000   -65.045   52.263
70210.000   11444.000   -65.105   52.304
70211.000   11061.000   -65.164   52.346
70212.000   10882.000   -65.223   52.387
70213.000   10623.000   -65.282   52.429
70214.000   10448.000   -65.341   52.471
70215.000   10349.000   -65.399   52.514
70216.000   10250.000   -65.458   52.556
70217.000   10289.000   -65.517   52.599
70218.000   9944.000   -65.576   52.642
70219.000   9713.000   -65.635   52.685
70220.000   9683.000   -65.694   52.729
70221.000   9951.000   -65.753   52.772
70222.000   9615.000   -65.812   52.816
70223.000   9392.000   -65.871   52.860
70224.000   9069.000   -65.930   52.904
70225.000   9199.000   -65.988   52.949
70226.000   9083.000   -66.047   52.994
70227.000   8786.000   -66.106   53.039
70228.000   8799.000   -66.165   53.084
70229.000   8761.000   -66.223   53.129
70230.000   8696.000   -66.282   53.175
70231.000   8596.000   -66.341   53.221
70232.000   8804.000   -66.400   53.267
70233.000   8495.000   -66.458   53.313
70234.000   8411.000   -66.517   53.360
70235.000   8313.000   -66.576   53.406
70236.000   8061.000   -66.634   53.453
70237.000   8154.000   -66.693   53.501
70238.000   7866.000   -66.751   53.548
70239.000   7975.000   -66.810   53.596
70240.000   7947.000   -66.869   53.644
70241.000   7662.000   -66.927   53.692
70242.000   7730.000   -66.986   53.741
70243.000   7495.000   -67.044   53.790
70244.000   7518.000   -67.103   53.839
70245.000   7506.000   -67.161   53.888
70246.000   7354.000   -67.220   53.938
70247.000   7413.000   -67.278   53.987
70248.000   7233.000   -67.336   54.038
70249.000   7007.000   -67.395   54.088
70250.000   6830.000   -67.453   54.139
70251.000   6705.000   -67.512   54.189
70252.000   6438.000   -67.570   54.241
70253.000   6408.000   -67.628   54.292
70254.000   6273.000   -67.686   54.344
70255.000   6211.000   -67.745   54.396
70256.000   5839.000   -67.803   54.448
70257.000   5782.000   -67.861   54.501
70258.000   5785.000   -67.919   54.553
70259.000   5585.000   -67.978   54.606
70260.000   5509.000   -68.036   54.660
70261.000   5327.000   -68.094   54.714
70262.000   5164.000   -68.152   54.768
70263.000   4970.000   -68.210   54.822
70264.000   4687.000   -68.268   54.876
70265.000   4390.000   -68.326   54.931
70266.000   4241.000   -68.384   54.986
70267.000   4013.000   -68.443   55.042
70268.000   3980.000   -68.501   55.098
70269.000   3859.000   -68.559   55.154
70270.000   3595.000   -68.616   55.210
70271.000   3404.000   -68.674   55.267
70272.000   3303.000   -68.732   55.324
70273.000   3207.000   -68.790   55.381
70274.000   3250.000   -68.848   55.439
70275.000   3348.000   -68.906   55.497
70276.000   2960.000   -68.964   55.555
70277.000   2565.000   -69.022   55.614
70278.000   2302.000   -69.079   55.673
70279.000   2347.000   -69.137   55.732
70280.000   2407.000   -69.195   55.792
70281.000   2302.000   -69.253   55.852
70282.000   2111.000   -69.310   55.912
70283.000   2056.000   -69.368   55.973
70284.000   1901.000   -69.426   56.034
70285.000   1915.000   -69.483   56.095
70286.000   1886.000   -69.541   56.157
70287.000   1835.000   -69.598   56.219
70288.000   1882.000   -69.656   56.282
70289.000   1871.000   -69.713   56.344
70290.000   1799.000   -69.771   56.408
70291.000   1645.000   -69.828   56.471
70292.000   1693.000   -69.886   56.535
70293.000   1609.000   -69.943   56.599
70294.000   1651.000   -70.000   56.664
70295.000   1610.000   -70.058   56.729
70296.000   1633.000   -70.115   56.794
70297.000   1566.000   -70.172   56.860
70298.000   1556.000   -70.230   56.926
70299.000   1600.000   -70.287   56.993
70300.000   1612.000   -70.344   57.060
70301.000   1550.000   -70.401   57.127
70302.000   1604.000   -70.458   57.195
70303.000   1666.000   -70.516   57.263
70304.000   1610.000   -70.573   57.332
70305.000   1636.000   -70.630   57.401
70306.000   1628.000   -70.687   57.470
70307.000   1662.000   -70.744   57.540
70308.000   1569.000   -70.801   57.610
70309.000   1640.000   -70.858   57.681
70310.000   1522.000   -70.915   57.752
70311.000   1595.000   -70.972   57.824
70312.000   1629.000   -71.028   57.896
70313.000   1693.000   -71.085   57.968
70314.000   1591.000   -71.142   58.041
70315.000   1602.000   -71.199   58.114
70316.000   1562.000   -71.255   58.188
70317.000   1618.000   -71.312   58.262
70318.000   1669.000   -71.369   58.337
70319.000   1602.000   -71.425   58.412
70320.000   1623.000   -71.482   58.488
70321.000   1530.000   -71.539   58.564
70322.000   1572.000   -71.595   58.640
70323.000   1593.000   -71.652   58.718
70324.000   1636.000   -71.708   58.795
70325.000   1597.000   -71.764   58.873
70326.000   1637.000   -71.821   58.952
70327.000   1637.000   -71.877   59.031
70328.000   1619.000   -71.933   59.110
70329.000   1508.000   -71.990   59.190
70330.000   1569.000   -72.046   59.271
70331.000   1631.000   -72.102   59.352
70332.000   1587.000   -72.158   59.433
70333.000   1561.000   -72.214   59.515
70334.000   1516.000   -72.271   59.598
70335.000   1623.000   -72.327   59.681
70336.000   1582.000   -72.383   59.765
70337.000   1725.000   -72.439   59.849
70338.000   1601.000   -72.494   59.934
70339.000   1602.000   -72.550   60.019
70340.000   1525.000   -72.606   60.105
70341.000   1628.000   -72.662   60.191
70342.000   1527.000   -72.718   60.278
70343.000   1581.000   -72.773   60.366
70344.000   1612.000   -72.829   60.454
70345.000   1549.000   -72.885   60.543
70346.000   1601.000   -72.940   60.632
70347.000   1731.000   -72.996   60.722
70348.000   1633.000   -73.051   60.812
70349.000   1601.000   -73.107   60.903
70350.000   1677.000   -73.162   60.995
70351.000   1607.000   -73.218   61.087
70352.000   1634.000   -73.273   61.180
70353.000   1637.000   -73.328   61.274
70354.000   1650.000   -73.384   61.368
70355.000   1634.000   -73.439   61.463
70356.000   1637.000   -73.494   61.558
70357.000   1604.000   -73.549   61.655
70358.000   1604.000   -73.604   61.751
70359.000   1659.000   -73.659   61.849
70360.000   1563.000   -73.714   61.947
70361.000   1619.000   -73.769   62.046
70362.000   1635.000   -73.824   62.145
70363.000   1664.000   -73.878   62.245
70364.000   1604.000   -73.933   62.346
70365.000   1537.000   -73.988   62.448
70366.000   1654.000   -74.043   62.550
70367.000   1551.000   -74.097   62.653
70368.000   1558.000   -74.152   62.757
70369.000   1621.000   -74.206   62.861
70370.000   1602.000   -74.261   62.966
70371.000   1630.000   -74.315   63.072
70372.000   1600.000   -74.369   63.179
70373.000   1611.000   -74.423   63.286
70374.000   1572.000   -74.478   63.394
70375.000   1610.000   -74.532   63.503
70376.000   1632.000   -74.586   63.613
70377.000   1623.000   -74.640   63.723
70378.000   1564.000   -74.694   63.834
70379.000   1634.000   -74.748   63.946
70380.000   1598.000   -74.802   64.059
70381.000   1645.000   -74.855   64.173
70382.000   1581.000   -74.909   64.287
70383.000   1655.000   -74.963   64.403
70384.000   1588.000   -75.016   64.519
70385.000   1574.000   -75.070   64.636
70386.000   1635.000   -75.123   64.754
70387.000   1596.000   -75.177   64.872
70388.000   1621.000   -75.230   64.992
70389.000   1638.000   -75.283   65.112
70390.000   1630.000   -75.337   65.233
70391.000   1597.000   -75.390   65.356
70392.000   1638.000   -75.443   65.479
70393.000   1534.000   -75.496   65.603
70394.000   1583.000   -75.549   65.728
70395.000   1628.000   -75.602   65.854
70396.000   1628.000   -75.654   65.980
70397.000   1598.000   -75.707   66.108
70398.000   1609.000   -75.760   66.237
70399.000   1566.000   -75.812   66.367
70400.000   1657.000   -75.865   66.497
70401.000   1669.000   -75.917   66.629
70402.000   1575.000   -75.970   66.761
70403.000   1683.000   -76.022   66.895
70404.000   1545.000   -76.074   67.030
70405.000   1643.000   -76.126   67.165
70406.000   1610.000   -76.178   67.302
70407.000   1521.000   -76.230   67.440
70408.000   1648.000   -76.282   67.578
70409.000   1554.000   -76.334   67.718
70410.000   1601.000   -76.385   67.859
70411.000   1560.000   -76.437   68.001
70412.000   1592.000   -76.488   68.144
70413.000   1606.000   -76.540   68.288
70414.000   1649.000   -76.591   68.434
70415.000   1671.000   -76.643   68.580
70416.000   1555.000   -76.694   68.728
70417.000   1689.000   -76.745   68.877
70418.000   1580.000   -76.796   69.026
70419.000   1674.000   -76.847   69.177
70420.000   1594.000   -76.897   69.330
70421.000   1601.000   -76.948   69.483
70422.000   1554.000   -76.999   69.638
70423.000   1651.000   -77.049   69.794
70424.000   1542.000   -77.100   69.951
70425.000   1571.000   -77.150   70.109
70426.000   1556.000   -77.200   70.269
70427.000   1624.000   -77.250   70.429
70428.000   1490.000   -77.300   70.592
70429.000   1642.000   -77.350   70.755
70430.000   1589.000   -77.400   70.920
70431.000   1577.000   -77.450   71.086
70432.000   1600.000   -77.499   71.253
70433.000   1599.000   -77.549   71.422
70434.000   1485.000   -77.598   71.592
70435.000   1633.000   -77.647   71.763
70436.000   1669.000   -77.696   71.936
70437.000   1670.000   -77.745   72.110
70438.000   1627.000   -77.794   72.286
70439.000   1629.000   -77.843   72.463
70440.000   1639.000   -77.892   72.642
70441.000   1626.000   -77.940   72.822
70442.000   1579.000   -77.989   73.003
70443.000   1554.000   -78.037   73.186
70444.000   1545.000   -78.085   73.370
70445.000   1603.000   -78.133   73.556
70446.000   1598.000   -78.181   73.743
70447.000   1578.000   -78.229   73.932
70448.000   1572.000   -78.277   74.123
70449.000   1607.000   -78.324   74.315
70450.000   1579.000   -78.372   74.508
70451.000   1572.000   -78.419   74.704
70452.000   1584.000   -78.466   74.901
70453.000   1602.000   -78.513   75.099
70454.000   1666.000   -78.560   75.299
70455.000   1650.000   -78.606   75.501
70456.000   1664.000   -78.653   75.704
70457.000   1573.000   -78.699   75.909
70458.000   1667.000   -78.746   76.116
70459.000   1567.000   -78.792   76.325
70460.000   1650.000   -78.838   76.535
70461.000   1647.000   -78.884   76.747
70462.000   1577.000   -78.929   76.961
70463.000   1595.000   -78.975   77.176
70464.000   1685.000   -79.020   77.393
70465.000   1561.000   -79.065   77.613
70466.000   1605.000   -79.110   77.833
70467.000   1617.000   -79.155   78.056
70468.000   1615.000   -79.200   78.281
70469.000   1643.000   -79.244   78.507
70470.000   1640.000   -79.288   78.736
70471.000   1598.000   -79.333   78.966
70472.000   1598.000   -79.377   79.198
70473.000   1530.000   -79.420   79.433
70474.000   1583.000   -79.464   79.669
70475.000   1689.000   -79.507   79.907
70476.000   1604.000   -79.551   80.147
70477.000   1631.000   -79.594   80.389
70478.000   1610.000   -79.637   80.633
70479.000   1640.000   -79.679   80.879
70480.000   1658.000   -79.722   81.128
70481.000   1665.000   -79.764   81.378
70482.000   1644.000   -79.806   81.630
70483.000   1642.000   -79.848   81.885
70484.000   1629.000   -79.890   82.141
70485.000   1652.000   -79.931   82.400
70486.000   1641.000   -79.973   82.661
70487.000   1571.000   -80.014   82.924
70488.000   1567.000   -80.054   83.189
70489.000   1556.000   -80.095   83.456
70490.000   1618.000   -80.135   83.726
70491.000   1596.000   -80.176   83.998
70492.000   1604.000   -80.216   84.272
70493.000   1562.000   -80.255   84.548
70494.000   1635.000   -80.295   84.827
70495.000   1627.000   -80.334   85.108
70496.000   1677.000   -80.373   85.391
70497.000   1715.000   -80.412   85.676
70498.000   1595.000   -80.450   85.964
70499.000   1686.000   -80.489   86.254
70500.000   1721.000   -80.527   86.547
70501.000   1655.000   -80.565   86.841
70502.000   1644.000   -80.602   87.139
70503.000   1583.000   -80.639   87.438
70504.000   1632.000   -80.676   87.740
70505.000   1628.000   -80.713   88.045
70506.000   1660.000   -80.750   88.352
70507.000   1659.000   -80.786   88.661
70508.000   1596.000   -80.822   88.973
70509.000   1594.000   -80.858   89.287
70510.000   1652.000   -80.893   89.603
70511.000   1675.000   -80.928   89.922
70512.000   1627.000   -80.963   90.244
70513.000   1699.000   -80.997   90.568
70514.000   1710.000   -81.032   90.895
70515.000   1609.000   -81.066   91.224
70516.000   1638.000   -81.099   91.555
70517.000   1623.000   -81.133   91.889
70518.000   1625.000   -81.166   92.226
70519.000   1622.000   -81.198   92.565
70520.000   1753.000   -81.231   92.907
70521.000   1609.000   -81.263   93.251
70522.000   1716.000   -81.295   93.598
70523.000   1622.000   -81.326   93.947
70524.000   1652.000   -81.357   94.299
70525.000   1666.000   -81.388   94.653
70526.000   1628.000   -81.419   95.010
70527.000   1633.000   -81.449   95.370
70528.000   1613.000   -81.478   95.732
70529.000   1644.000   -81.508   96.096
70530.000   1658.000   -81.537   96.463
70531.000   1666.000   -81.566   96.833
70532.000   1661.000   -81.594   97.205
70533.000   1645.000   -81.622   97.579
70534.000   1669.000   -81.650   97.956
70535.000   1644.000   -81.677   98.336
70536.000   1669.000   -81.704   98.718
70537.000   1596.000   -81.730   99.103
70538.000   1756.000   -81.757   99.490
70539.000   1648.000   -81.782   99.879
70540.000   1588.000   -81.808   100.271
70541.000   1624.000   -81.833   100.666
70542.000   1671.000   -81.857   101.062
70543.000   1649.000   -81.882   101.462
70544.000   1615.000   -81.906   101.863
70545.000   1642.000   -81.929   102.267
70546.000   1641.000   -81.952   102.673
70547.000   1645.000   -81.975   103.082
70548.000   1683.000   -81.997   103.493
70549.000   1620.000   -82.019   103.906
70550.000   1624.000   -82.040   104.322
70551.000   1689.000   -82.061   104.739
70552.000   1699.000   -82.081   105.159
70553.000   1638.000   -82.101   105.581
70554.000   1659.000   -82.121   106.005
70555.000   1572.000   -82.140   106.431
70556.000   1700.000   -82.159   106.860
70557.000   1728.000   -82.177   107.290
70558.000   1665.000   -82.195   107.722
70559.000   1662.000   -82.213   108.157
70560.000   1645.000   -82.230   108.593
70561.000   1653.000   -82.246   109.031
70562.000   1693.000   -82.262   109.471
70563.000   1674.000   -82.278   109.913
70564.000   1678.000   -82.293   110.356
70565.000   1738.000   -82.308   110.802
70566.000   1644.000   -82.322   111.248
70567.000   1681.000   -82.335   111.697
70568.000   1629.000   -82.349   112.147
70569.000   1731.000   -82.361   112.599
70570.000   1672.000   -82.374   113.052
70571.000   1636.000   -82.386   113.507
70572.000   1688.000   -82.397   113.963
70573.000   1688.000   -82.408   114.420
70574.000   1691.000   -82.418   114.879
70575.000   1695.000   -82.428   115.339
70576.000   1749.000   -82.437   115.800
70577.000   1725.000   -82.446   116.262
70578.000   1714.000   -82.455   116.725
70579.000   1632.000   -82.462   117.190
70580.000   1708.000   -82.470   117.655
70581.000   1677.000   -82.477   118.121
70582.000   1625.000   -82.483   118.588
70583.000   1679.000   -82.489   119.055
70584.000   1686.000   -82.494   119.524
70585.000   1690.000   -82.499   119.993
70586.000   1662.000   -82.504   120.462
70587.000   1722.000   -82.507   120.932
70588.000   1675.000   -82.511   121.403
70589.000   1663.000   -82.514   121.874
70590.000   1670.000   -82.516   122.345
70591.000   1745.000   -82.518   122.817
70592.000   1734.000   -82.519   123.289
70593.000   1704.000   -82.520   123.760
