Time range: [ 14:49:23.000  15:40:00.000 ]
Time range duration: 50.0 min, 37.0 sec
Longitude range: [ 133.0  168.0 ]
53363.000   1099.000   617.000   168.000   -82.520   -163.737
53364.000   1163.000   591.000   149.000   -82.520   -163.265
53365.000   1174.000   603.000   166.000   -82.520   -162.794
53366.000   1173.000   546.000   153.000   -82.518   -162.322
53367.000   1294.000   618.000   149.000   -82.517   -161.850
53368.000   1334.000   636.000   158.000   -82.515   -161.379
53369.000   1339.000   566.000   178.000   -82.512   -160.908
53370.000   1362.000   541.000   146.000   -82.509   -160.437
53371.000   1318.000   600.000   163.000   -82.505   -159.967
53372.000   1343.000   610.000   175.000   -82.501   -159.497
53373.000   1284.000   577.000   143.000   -82.497   -159.027
53374.000   1313.000   615.000   185.000   -82.492   -158.559
53375.000   1365.000   593.000   175.000   -82.486   -158.091
53376.000   1368.000   581.000   159.000   -82.480   -157.623
53377.000   1435.000   574.000   145.000   -82.473   -157.157
53378.000   1506.000   579.000   146.000   -82.466   -156.691
53379.000   1592.000   570.000   133.000   -82.458   -156.227
53380.000   1658.000   576.000   185.000   -82.450   -155.763
53381.000   1620.000   560.000   155.000   -82.441   -155.300
53382.000   1746.000   588.000   140.000   -82.432   -154.839
53383.000   1776.000   608.000   168.000   -82.423   -154.378
53384.000   1759.000   555.000   137.000   -82.412   -153.919
53385.000   1758.000   598.000   147.000   -82.402   -153.461
53386.000   1869.000   584.000   164.000   -82.391   -153.004
53387.000   1841.000   599.000   150.000   -82.379   -152.549
53388.000   1816.000   613.000   167.000   -82.367   -152.095
53389.000   1889.000   604.000   157.000   -82.355   -151.642
53390.000   1905.000   602.000   165.000   -82.342   -151.192
53391.000   1967.000   606.000   147.000   -82.328   -150.742
53392.000   2016.000   663.000   153.000   -82.314   -150.294
53393.000   2060.000   610.000   162.000   -82.300   -149.848
53394.000   2167.000   647.000   164.000   -82.285   -149.404
53395.000   2164.000   682.000   182.000   -82.269   -148.961
53396.000   2337.000   676.000   154.000   -82.253   -148.520
53397.000   2385.000   678.000   174.000   -82.237   -148.081
53398.000   2529.000   720.000   168.000   -82.220   -147.644
53399.000   2655.000   671.000   174.000   -82.203   -147.209
53400.000   2662.000   662.000   164.000   -82.185   -146.776
53401.000   2973.000   741.000   146.000   -82.167   -146.344
53402.000   2940.000   757.000   152.000   -82.149   -145.915
53403.000   2990.000   783.000   168.000   -82.130   -145.488
53404.000   3030.000   796.000   164.000   -82.110   -145.063
53405.000   2953.000   792.000   175.000   -82.090   -144.640
53406.000   3084.000   728.000   160.000   -82.070   -144.219
53407.000   2897.000   773.000   168.000   -82.049   -143.800
53408.000   2897.000   737.000   176.000   -82.028   -143.384
53409.000   2933.000   714.000   168.000   -82.007   -142.969
53410.000   2908.000   759.000   165.000   -81.985   -142.557
53411.000   2870.000   757.000   160.000   -81.962   -142.148
53412.000   2945.000   739.000   144.000   -81.939   -141.740
53413.000   2968.000   742.000   159.000   -81.916   -141.335
53414.000   2897.000   733.000   156.000   -81.892   -140.932
53415.000   3016.000   700.000   163.000   -81.868   -140.532
53416.000   2928.000   770.000   156.000   -81.844   -140.134
53417.000   3026.000   727.000   150.000   -81.819   -139.739
53418.000   3026.000   718.000   165.000   -81.794   -139.345
53419.000   2979.000   719.000   135.000   -81.768   -138.955
53420.000   3135.000   703.000   148.000   -81.742   -138.566
53421.000   3263.000   726.000   143.000   -81.716   -138.181
53422.000   3164.000   743.000   174.000   -81.689   -137.797
53423.000   3144.000   732.000   146.000   -81.662   -137.416
53424.000   3073.000   740.000   162.000   -81.634   -137.038
53425.000   3257.000   767.000   158.000   -81.607   -136.662
53426.000   3337.000   789.000   151.000   -81.578   -136.289
53427.000   3592.000   888.000   175.000   -81.550   -135.918
53428.000   3753.000   795.000   146.000   -81.521   -135.550
53429.000   3722.000   844.000   155.000   -81.491   -135.184
53430.000   3874.000   861.000   158.000   -81.462   -134.821
53431.000   4021.000   875.000   172.000   -81.432   -134.460
53432.000   3958.000   857.000   168.000   -81.402   -134.102
53433.000   4039.000   826.000   166.000   -81.371   -133.747
53434.000   4218.000   911.000   170.000   -81.340   -133.393
53435.000   4373.000   917.000   189.000   -81.309   -133.043
53436.000   4395.000   1014.000   163.000   -81.277   -132.695
53437.000   4512.000   993.000   195.000   -81.245   -132.349
53438.000   4713.000   1059.000   185.000   -81.213   -132.007
53439.000   4942.000   1145.000   206.000   -81.180   -131.666
53440.000   5073.000   1201.000   200.000   -81.147   -131.328
53441.000   5222.000   1170.000   191.000   -81.114   -130.993
53442.000   5296.000   1266.000   203.000   -81.080   -130.660
53443.000   5336.000   1217.000   227.000   -81.047   -130.330
53444.000   5498.000   1298.000   214.000   -81.012   -130.002
53445.000   5292.000   1301.000   208.000   -80.978   -129.677
53446.000   5538.000   1439.000   262.000   -80.943   -129.354
53447.000   5529.000   1499.000   230.000   -80.908   -129.034
53448.000   5736.000   1587.000   242.000   -80.873   -128.716
53449.000   5968.000   1542.000   235.000   -80.837   -128.401
53450.000   6416.000   1567.000   222.000   -80.802   -128.088
53451.000   6665.000   1651.000   290.000   -80.765   -127.777
53452.000   6840.000   1746.000   312.000   -80.729   -127.469
53453.000   6785.000   1966.000   346.000   -80.692   -127.164
53454.000   6713.000   1939.000   276.000   -80.655   -126.860
53455.000   6767.000   1898.000   301.000   -80.618   -126.560
53456.000   6994.000   1822.000   269.000   -80.581   -126.261
53457.000   6939.000   1887.000   242.000   -80.543   -125.965
53458.000   7073.000   1868.000   244.000   -80.505   -125.672
53459.000   7119.000   1935.000   267.000   -80.467   -125.380
53460.000   7139.000   2043.000   259.000   -80.428   -125.091
53461.000   7123.000   1946.000   303.000   -80.390   -124.805
53462.000   7249.000   1808.000   225.000   -80.351   -124.520
53463.000   7356.000   1807.000   221.000   -80.312   -124.238
53464.000   7450.000   1886.000   226.000   -80.272   -123.959
53465.000   7434.000   1974.000   201.000   -80.233   -123.681
53466.000   7244.000   1971.000   199.000   -80.193   -123.406
53467.000   7496.000   1929.000   205.000   -80.153   -123.133
53468.000   7501.000   1971.000   213.000   -80.112   -122.863
53469.000   7670.000   1927.000   229.000   -80.072   -122.594
53470.000   7832.000   2000.000   227.000   -80.031   -122.328
53471.000   7684.000   1935.000   212.000   -79.990   -122.064
53472.000   7745.000   1933.000   240.000   -79.949   -121.802
53473.000   7524.000   1978.000   225.000   -79.907   -121.542
53474.000   7822.000   2045.000   208.000   -79.866   -121.284
53475.000   8097.000   2097.000   241.000   -79.824   -121.029
53476.000   7983.000   2001.000   227.000   -79.782   -120.776
53477.000   8327.000   2050.000   226.000   -79.740   -120.524
53478.000   8088.000   2053.000   231.000   -79.697   -120.275
53479.000   8317.000   2027.000   235.000   -79.655   -120.028
53480.000   8247.000   2169.000   227.000   -79.612   -119.783
53481.000   8428.000   2243.000   245.000   -79.569   -119.540
53482.000   8517.000   2242.000   234.000   -79.526   -119.299
53483.000   8679.000   2129.000   225.000   -79.482   -119.060
53484.000   8718.000   2190.000   196.000   -79.439   -118.822
53485.000   8764.000   2117.000   210.000   -79.395   -118.587
53486.000   8740.000   2147.000   238.000   -79.351   -118.354
53487.000   9046.000   2305.000   190.000   -79.307   -118.123
53488.000   9213.000   2282.000   183.000   -79.263   -117.893
53489.000   9327.000   2317.000   214.000   -79.218   -117.666
53490.000   9330.000   2282.000   223.000   -79.173   -117.440
53491.000   9564.000   2480.000   204.000   -79.129   -117.217
53492.000   9915.000   2448.000   217.000   -79.084   -116.995
53493.000   9732.000   2531.000   224.000   -79.039   -116.775
53494.000   10316.000   2589.000   236.000   -78.993   -116.557
53495.000   10201.000   2629.000   229.000   -78.948   -116.340
53496.000   10387.000   2707.000   205.000   -78.902   -116.126
53497.000   10471.000   2766.000   252.000   -78.856   -115.913
53498.000   10803.000   2880.000   239.000   -78.811   -115.702
53499.000   10940.000   2887.000   251.000   -78.764   -115.492
53500.000   11072.000   2932.000   268.000   -78.718   -115.285
53501.000   11119.000   3027.000   228.000   -78.672   -115.079
53502.000   11362.000   3094.000   288.000   -78.625   -114.874
53503.000   11777.000   3091.000   270.000   -78.579   -114.672
53504.000   11912.000   3360.000   295.000   -78.532   -114.471
53505.000   12184.000   3309.000   330.000   -78.485   -114.272
53506.000   12482.000   3415.000   318.000   -78.438   -114.074
53507.000   12822.000   3612.000   354.000   -78.391   -113.878
53508.000   13101.000   3745.000   365.000   -78.343   -113.684
53509.000   13314.000   3848.000   413.000   -78.296   -113.491
53510.000   13580.000   3984.000   409.000   -78.248   -113.300
53511.000   13795.000   4008.000   430.000   -78.200   -113.110
53512.000   14232.000   4040.000   455.000   -78.152   -112.922
53513.000   14721.000   4425.000   420.000   -78.104   -112.735
53514.000   15305.000   4524.000   450.000   -78.056   -112.550
53515.000   15310.000   4588.000   485.000   -78.008   -112.367
53516.000   15184.000   4769.000   526.000   -77.960   -112.184
53517.000   15233.000   4794.000   574.000   -77.911   -112.004
53518.000   15139.000   5114.000   621.000   -77.862   -111.825
53519.000   15286.000   5076.000   663.000   -77.814   -111.647
53520.000   5393.000   5307.000   618.000   -77.765   -111.470
53521.000   5462.000   5431.000   656.000   -77.716   -111.296
53522.000   5617.000   5565.000   694.000   -77.667   -111.122
53523.000   5684.000   5896.000   656.000   -77.617   -110.950
53524.000   5774.000   5896.000   697.000   -77.568   -110.779
53525.000   5859.000   6068.000   738.000   -77.518   -110.610
53526.000   5955.000   6087.000   747.000   -77.469   -110.442
53527.000   6077.000   6362.000   779.000   -77.419   -110.275
53528.000   6067.000   6466.000   834.000   -77.369   -110.110
53529.000   6346.000   6665.000   842.000   -77.320   -109.946
53530.000   6382.000   6936.000   847.000   -77.269   -109.783
53531.000   6443.000   6984.000   870.000   -77.219   -109.621
53532.000   6267.000   7085.000   909.000   -77.169   -109.461
53533.000   6491.000   7296.000   967.000   -77.119   -109.302
53534.000   6673.000   7525.000   1029.000   -77.068   -109.145
53535.000   6636.000   7670.000   1076.000   -77.018   -108.988
53536.000   6655.000   7964.000   1157.000   -76.967   -108.833
53537.000   6659.000   8096.000   1158.000   -76.917   -108.679
53538.000   6709.000   8211.000   1210.000   -76.866   -108.526
53539.000   6717.000   8382.000   1271.000   -76.815   -108.374
53540.000   6865.000   8616.000   1362.000   -76.764   -108.224
53541.000   6684.000   8698.000   1479.000   -76.713   -108.075
53542.000   6634.000   9011.000   1489.000   -76.662   -107.926
53543.000   6574.000   9130.000   1555.000   -76.610   -107.779
53544.000   6621.000   9367.000   1716.000   -76.559   -107.634
53545.000   6706.000   9625.000   1614.000   -76.508   -107.489
53546.000   6600.000   9741.000   1750.000   -76.456   -107.345
53547.000   6666.000   9830.000   1804.000   -76.404   -107.203
53548.000   6733.000   10116.000   1976.000   -76.353   -107.061
53549.000   6698.000   10245.000   2083.000   -76.301   -106.921
53550.000   6487.000   10311.000   2001.000   -76.249   -106.782
53551.000   6550.000   10522.000   2144.000   -76.197   -106.643
53552.000   6328.000   10766.000   2270.000   -76.145   -106.506
53553.000   6319.000   10658.000   2231.000   -76.093   -106.370
53554.000   6308.000   10771.000   2387.000   -76.041   -106.235
53555.000   6258.000   10970.000   2523.000   -75.988   -106.101
53556.000   6267.000   11262.000   2624.000   -75.936   -105.968
53557.000   6138.000   11304.000   2728.000   -75.884   -105.836
53558.000   6126.000   11669.000   2767.000   -75.831   -105.704
53559.000   6096.000   11562.000   2944.000   -75.779   -105.574
53560.000   5879.000   11685.000   2973.000   -75.726   -105.445
53561.000   5923.000   11717.000   2940.000   -75.673   -105.317
53562.000   5708.000   11909.000   3237.000   -75.620   -105.190
53563.000   5628.000   11964.000   3321.000   -75.567   -105.063
53564.000   5440.000   12368.000   3352.000   -75.514   -104.938
53565.000   5501.000   12190.000   3508.000   -75.461   -104.813
53566.000   5446.000   12138.000   3549.000   -75.408   -104.690
53567.000   5217.000   12399.000   3753.000   -75.355   -104.567
53568.000   5202.000   12489.000   3731.000   -75.302   -104.445
53569.000   5210.000   12465.000   3858.000   -75.249   -104.325
53570.000   5008.000   12412.000   3952.000   -75.195   -104.205
53571.000   4944.000   12431.000   4099.000   -75.142   -104.086
53572.000   4937.000   12493.000   4242.000   -75.088   -103.967
53573.000   4891.000   12711.000   4231.000   -75.035   -103.850
53574.000   4878.000   12463.000   4381.000   -74.981   -103.733
53575.000   4550.000   12522.000   4378.000   -74.927   -103.618
53576.000   4572.000   12524.000   4382.000   -74.874   -103.503
53577.000   4473.000   12241.000   4427.000   -74.820   -103.389
53578.000   4414.000   12263.000   4527.000   -74.766   -103.275
53579.000   4293.000   12129.000   4642.000   -74.712   -103.163
53580.000   4297.000   12293.000   4721.000   -74.658   -103.051
53581.000   4256.000   12127.000   4723.000   -74.604   -102.941
53582.000   4213.000   12133.000   4695.000   -74.550   -102.831
53583.000   4111.000   11983.000   4674.000   -74.496   -102.721
53584.000   3958.000   11894.000   4747.000   -74.441   -102.613
53585.000   4077.000   11758.000   4732.000   -74.387   -102.505
53586.000   4058.000   11665.000   4757.000   -74.333   -102.398
53587.000   3978.000   11593.000   4683.000   -74.278   -102.292
53588.000   3796.000   11626.000   4797.000   -74.224   -102.186
53589.000   3803.000   11264.000   4857.000   -74.169   -102.082
53590.000   3721.000   11200.000   4800.000   -74.115   -101.977
53591.000   3698.000   11232.000   4894.000   -74.060   -101.874
53592.000   3703.000   11065.000   4693.000   -74.005   -101.772
53593.000   3533.000   10998.000   4675.000   -73.951   -101.670
53594.000   3480.000   10701.000   4722.000   -73.896   -101.568
53595.000   3473.000   10613.000   4665.000   -73.841   -101.468
53596.000   3322.000   10504.000   4621.000   -73.786   -101.368
53597.000   3332.000   10375.000   4591.000   -73.731   -101.269
53598.000   3326.000   10371.000   4612.000   -73.676   -101.171
53599.000   3274.000   9967.000   4607.000   -73.621   -101.073
53600.000   3227.000   10094.000   4476.000   -73.566   -100.976
53601.000   3110.000   9799.000   4455.000   -73.511   -100.879
53602.000   3140.000   9541.000   4399.000   -73.456   -100.783
53603.000   3088.000   9546.000   4437.000   -73.401   -100.688
53604.000   3137.000   9260.000   4318.000   -73.345   -100.594
53605.000   2939.000   9139.000   4247.000   -73.290   -100.500
53606.000   2954.000   8792.000   4107.000   -73.235   -100.407
53607.000   2942.000   8771.000   4016.000   -73.179   -100.314
53608.000   2990.000   8502.000   3975.000   -73.124   -100.222
53609.000   2829.000   8374.000   3915.000   -73.068   -100.131
53610.000   2753.000   8017.000   3876.000   -73.013   -100.040
53611.000   2613.000   7906.000   3780.000   -72.957   -99.950
53612.000   2592.000   7798.000   3679.000   -72.901   -99.860
53613.000   2645.000   7680.000   3661.000   -72.846   -99.771
53614.000   2656.000   7353.000   3410.000   -72.790   -99.683
53615.000   2600.000   7309.000   3444.000   -72.734   -99.595
53616.000   2609.000   6880.000   3463.000   -72.678   -99.507
53617.000   2445.000   6958.000   3217.000   -72.622   -99.421
53618.000   2392.000   6642.000   3071.000   -72.566   -99.335
53619.000   2335.000   6498.000   3177.000   -72.511   -99.249
53620.000   2263.000   6304.000   3035.000   -72.455   -99.164
53621.000   2281.000   6091.000   2878.000   -72.399   -99.079
53622.000   2212.000   6015.000   2792.000   -72.342   -98.996
53623.000   2182.000   5831.000   2771.000   -72.286   -98.912
53624.000   2149.000   5545.000   2677.000   -72.230   -98.829
53625.000   2142.000   5605.000   2607.000   -72.174   -98.747
53626.000   2075.000   5285.000   2484.000   -72.118   -98.665
53627.000   2101.000   5190.000   2414.000   -72.062   -98.584
53628.000   1955.000   5081.000   2408.000   -72.005   -98.503
53629.000   2000.000   4866.000   2344.000   -71.949   -98.423
53630.000   1952.000   4938.000   2400.000   -71.893   -98.343
53631.000   1987.000   4758.000   2270.000   -71.836   -98.264
53632.000   1979.000   4542.000   2221.000   -71.780   -98.185
53633.000   1893.000   4573.000   2122.000   -71.723   -98.107
53634.000   1882.000   4521.000   2076.000   -71.667   -98.029
53635.000   1819.000   4328.000   2125.000   -71.610   -97.952
53636.000   1783.000   4221.000   1880.000   -71.554   -97.875
53637.000   1728.000   4086.000   1891.000   -71.497   -97.799
53638.000   1815.000   4000.000   1921.000   -71.440   -97.723
53639.000   1736.000   3792.000   1776.000   -71.384   -97.647
53640.000   1786.000   3808.000   1810.000   -71.327   -97.573
53641.000   1727.000   3768.000   1801.000   -71.270   -97.498
53642.000   1658.000   3559.000   1727.000   -71.213   -97.424
53643.000   1613.000   3467.000   1681.000   -71.156   -97.351
53644.000   1604.000   3421.000   1581.000   -71.100   -97.277
53645.000   1681.000   3321.000   1564.000   -71.043   -97.205
53646.000   1646.000   3330.000   1440.000   -70.986   -97.133
53647.000   1540.000   3201.000   1476.000   -70.929   -97.061
53648.000   1479.000   3030.000   1456.000   -70.872   -96.989
53649.000   1535.000   2965.000   1296.000   -70.815   -96.919
53650.000   1438.000   2916.000   1337.000   -70.758   -96.848
53651.000   1538.000   2800.000   1304.000   -70.701   -96.778
53652.000   1474.000   2724.000   1248.000   -70.644   -96.708
53653.000   1461.000   2615.000   1191.000   -70.586   -96.639
53654.000   1452.000   2481.000   1133.000   -70.529   -96.570
53655.000   1398.000   2439.000   1071.000   -70.472   -96.502
53656.000   1420.000   2370.000   1073.000   -70.415   -96.434
53657.000   1436.000   2176.000   996.000   -70.358   -96.366
53658.000   1409.000   2175.000   956.000   -70.300   -96.299
53659.000   1380.000   2133.000   930.000   -70.243   -96.233
53660.000   1337.000   2003.000   815.000   -70.186   -96.166
53661.000   1297.000   1982.000   892.000   -70.128   -96.100
53662.000   1373.000   1827.000   789.000   -70.071   -96.035
53663.000   1278.000   1798.000   795.000   -70.013   -95.969
53664.000   1304.000   1730.000   734.000   -69.956   -95.904
53665.000   1163.000   1601.000   703.000   -69.898   -95.840
53666.000   1249.000   1637.000   683.000   -69.841   -95.776
53667.000   1310.000   1541.000   627.000   -69.783   -95.712
53668.000   1225.000   1455.000   606.000   -69.726   -95.649
53669.000   1208.000   1324.000   555.000   -69.668   -95.586
53670.000   1138.000   1279.000   593.000   -69.611   -95.523
53671.000   1162.000   1378.000   523.000   -69.553   -95.461
53672.000   1126.000   1279.000   473.000   -69.495   -95.399
53673.000   1204.000   1177.000   467.000   -69.438   -95.337
53674.000   1081.000   1145.000   431.000   -69.380   -95.276
53675.000   1130.000   1054.000   412.000   -69.322   -95.215
53676.000   1100.000   1027.000   416.000   -69.264   -95.155
53677.000   1139.000   973.000   348.000   -69.207   -95.095
53678.000   1114.000   977.000   353.000   -69.149   -95.035
53679.000   1056.000   868.000   340.000   -69.091   -94.975
53680.000   1066.000   879.000   314.000   -69.033   -94.916
53681.000   1118.000   898.000   310.000   -68.975   -94.857
53682.000   1082.000   796.000   311.000   -68.917   -94.799
53683.000   1054.000   802.000   277.000   -68.859   -94.741
53684.000   1042.000   759.000   273.000   -68.801   -94.683
53685.000   1034.000   712.000   255.000   -68.743   -94.625
53686.000   1023.000   741.000   236.000   -68.685   -94.568
53687.000   989.000   711.000   219.000   -68.627   -94.511
53688.000   1024.000   661.000   233.000   -68.569   -94.455
53689.000   1022.000   695.000   220.000   -68.511   -94.399
53690.000   1067.000   650.000   202.000   -68.453   -94.343
53691.000   1021.000   654.000   195.000   -68.395   -94.287
53692.000   1056.000   610.000   201.000   -68.337   -94.232
53693.000   1051.000   591.000   190.000   -68.279   -94.177
53694.000   1035.000   600.000   185.000   -68.220   -94.122
53695.000   989.000   608.000   183.000   -68.162   -94.067
53696.000   1053.000   572.000   166.000   -68.104   -94.013
53697.000   1094.000   594.000   169.000   -68.046   -93.959
53698.000   1020.000   582.000   157.000   -67.987   -93.906
53699.000   977.000   535.000   175.000   -67.929   -93.853
53700.000   986.000   545.000   157.000   -67.871   -93.800
53701.000   1052.000   515.000   152.000   -67.813   -93.747
53702.000   994.000   514.000   137.000   -67.754   -93.695
53703.000   967.000   560.000   149.000   -67.696   -93.642
53704.000   1010.000   506.000   180.000   -67.637   -93.591
53705.000   1010.000   554.000   140.000   -67.579   -93.539
53706.000   1070.000   545.000   145.000   -67.521   -93.488
53707.000   997.000   575.000   141.000   -67.462   -93.437
53708.000   1025.000   549.000   146.000   -67.404   -93.386
53709.000   996.000   504.000   151.000   -67.345   -93.335
53710.000   1005.000   490.000   145.000   -67.287   -93.285
53711.000   978.000   548.000   140.000   -67.228   -93.235
53712.000   1018.000   543.000   135.000   -67.169   -93.186
53713.000   988.000   494.000   168.000   -67.111   -93.136
53714.000   976.000   466.000   162.000   -67.052   -93.087
53715.000   1038.000   526.000   141.000   -66.994   -93.038
53716.000   976.000   488.000   140.000   -66.935   -92.989
53717.000   992.000   538.000   139.000   -66.876   -92.941
53718.000   1021.000   523.000   134.000   -66.818   -92.893
53719.000   993.000   496.000   144.000   -66.759   -92.845
53720.000   935.000   485.000   136.000   -66.700   -92.797
53721.000   1019.000   525.000   130.000   -66.642   -92.750
53722.000   1003.000   542.000   126.000   -66.583   -92.703
53723.000   998.000   470.000   147.000   -66.524   -92.656
53724.000   1015.000   502.000   146.000   -66.465   -92.609
53725.000   1055.000   481.000   137.000   -66.407   -92.563
53726.000   997.000   493.000   139.000   -66.348   -92.516
53727.000   1039.000   458.000   146.000   -66.289   -92.470
53728.000   959.000   451.000   157.000   -66.230   -92.425
53729.000   997.000   502.000   146.000   -66.171   -92.379
53730.000   1033.000   547.000   162.000   -66.112   -92.334
53731.000   1051.000   507.000   117.000   -66.054   -92.289
53732.000   1090.000   496.000   134.000   -65.995   -92.244
53733.000   1001.000   456.000   144.000   -65.936   -92.199
53734.000   1027.000   491.000   144.000   -65.877   -92.155
53735.000   1061.000   510.000   125.000   -65.818   -92.111
53736.000   1038.000   512.000   146.000   -65.759   -92.067
53737.000   1098.000   510.000   122.000   -65.700   -92.023
53738.000   1030.000   500.000   139.000   -65.641   -91.980
53739.000   1043.000   521.000   141.000   -65.582   -91.936
53740.000   1057.000   489.000   136.000   -65.523   -91.893
53741.000   1043.000   536.000   141.000   -65.464   -91.850
53742.000   1016.000   549.000   141.000   -65.405   -91.808
53743.000   1054.000   468.000   119.000   -65.346   -91.765
53744.000   1106.000   481.000   150.000   -65.287   -91.723
53745.000   1141.000   513.000   134.000   -65.227   -91.681
53746.000   1132.000   508.000   144.000   -65.168   -91.639
53747.000   1100.000   532.000   153.000   -65.109   -91.598
53748.000   1150.000   493.000   139.000   -65.050   -91.556
53749.000   1127.000   520.000   136.000   -64.991   -91.515
53750.000   1146.000   542.000   138.000   -64.932   -91.474
53751.000   1191.000   489.000   129.000   -64.872   -91.433
53752.000   1107.000   490.000   129.000   -64.813   -91.392
53753.000   1144.000   511.000   121.000   -64.754   -91.352
53754.000   1179.000   555.000   125.000   -64.695   -91.312
53755.000   1162.000   540.000   125.000   -64.636   -91.272
53756.000   1173.000   513.000   151.000   -64.576   -91.232
53757.000   1228.000   528.000   148.000   -64.517   -91.192
53758.000   1137.000   483.000   120.000   -64.458   -91.153
53759.000   1266.000   533.000   149.000   -64.398   -91.114
53760.000   1287.000   491.000   130.000   -64.339   -91.074
53761.000   1212.000   534.000   144.000   -64.280   -91.036
53762.000   1191.000   549.000   148.000   -64.220   -90.997
53763.000   1300.000   546.000   137.000   -64.161   -90.958
53764.000   1229.000   493.000   119.000   -64.102   -90.920
53765.000   1301.000   495.000   137.000   -64.042   -90.882
53766.000   1343.000   532.000   135.000   -63.983   -90.844
53767.000   1286.000   572.000   120.000   -63.923   -90.806
53768.000   1330.000   558.000   144.000   -63.864   -90.768
53769.000   1410.000   545.000   123.000   -63.804   -90.731
53770.000   1434.000   584.000   127.000   -63.745   -90.694
53771.000   1450.000   581.000   141.000   -63.686   -90.656
53772.000   1503.000   560.000   127.000   -63.626   -90.620
53773.000   1472.000   600.000   124.000   -63.567   -90.583
53774.000   1490.000   580.000   132.000   -63.507   -90.546
53775.000   1565.000   548.000   128.000   -63.448   -90.510
53776.000   1563.000   581.000   141.000   -63.388   -90.473
53777.000   1604.000   568.000   119.000   -63.328   -90.437
53778.000   1714.000   625.000   122.000   -63.269   -90.401
53779.000   1638.000   631.000   126.000   -63.209   -90.366
53780.000   1699.000   656.000   123.000   -63.150   -90.330
53781.000   1691.000   737.000   119.000   -63.090   -90.295
53782.000   1728.000   688.000   131.000   -63.031   -90.259
53783.000   1753.000   684.000   136.000   -62.971   -90.224
53784.000   1781.000   657.000   112.000   -62.911   -90.189
53785.000   1763.000   693.000   120.000   -62.852   -90.154
53786.000   1824.000   745.000   123.000   -62.792   -90.120
53787.000   1886.000   746.000   145.000   -62.732   -90.085
53788.000   1870.000   727.000   112.000   -62.673   -90.051
53789.000   1953.000   747.000   130.000   -62.613   -90.017
53790.000   1933.000   721.000   120.000   -62.553   -89.983
53791.000   2124.000   794.000   108.000   -62.494   -89.949
53792.000   2065.000   776.000   123.000   -62.434   -89.915
53793.000   2154.000   774.000   117.000   -62.374   -89.882
53794.000   2131.000   818.000   123.000   -62.314   -89.848
53795.000   2224.000   794.000   130.000   -62.255   -89.815
53796.000   2200.000   808.000   126.000   -62.195   -89.782
53797.000   2272.000   841.000   109.000   -62.135   -89.749
53798.000   2309.000   847.000   115.000   -62.075   -89.716
53799.000   2274.000   879.000   130.000   -62.016   -89.683
53800.000   2238.000   934.000   123.000   -61.956   -89.651
53801.000   2328.000   896.000   127.000   -61.896   -89.618
53802.000   2254.000   931.000   125.000   -61.836   -89.586
53803.000   2350.000   926.000   111.000   -61.776   -89.554
53804.000   2338.000   967.000   112.000   -61.716   -89.522
53805.000   2464.000   919.000   126.000   -61.657   -89.490
53806.000   2264.000   922.000   101.000   -61.597   -89.459
53807.000   2372.000   976.000   116.000   -61.537   -89.427
53808.000   2370.000   892.000   126.000   -61.477   -89.396
53809.000   2327.000   922.000   124.000   -61.417   -89.364
53810.000   2327.000   931.000   109.000   -61.357   -89.333
53811.000   2257.000   869.000   137.000   -61.297   -89.302
53812.000   2239.000   902.000   127.000   -61.237   -89.271
53813.000   2186.000   957.000   133.000   -61.177   -89.241
53814.000   2106.000   926.000   100.000   -61.117   -89.210
53815.000   2062.000   869.000   112.000   -61.057   -89.179
53816.000   2036.000   820.000   96.000   -60.997   -89.149
53817.000   1903.000   835.000   124.000   -60.937   -89.119
53818.000   1929.000   783.000   126.000   -60.877   -89.089
53819.000   1850.000   802.000   124.000   -60.817   -89.059
53820.000   1912.000   783.000   102.000   -60.757   -89.029
53821.000   1776.000   783.000   104.000   -60.697   -88.999
53822.000   1740.000   716.000   123.000   -60.637   -88.970
53823.000   1717.000   701.000   100.000   -60.577   -88.940
53824.000   1729.000   710.000   107.000   -60.517   -88.911
53825.000   1632.000   663.000   128.000   -60.457   -88.882
53826.000   1629.000   657.000   111.000   -60.397   -88.853
53827.000   1558.000   695.000   114.000   -60.337   -88.824
53828.000   1590.000   633.000   148.000   -60.277   -88.795
53829.000   1487.000   684.000   113.000   -60.217   -88.766
53830.000   1582.000   668.000   122.000   -60.157   -88.737
53831.000   1499.000   657.000   108.000   -60.097   -88.709
53832.000   1443.000   623.000   82.000   -60.037   -88.680
53833.000   1463.000   604.000   123.000   -59.976   -88.652
53834.000   1410.000   591.000   120.000   -59.916   -88.624
53835.000   1400.000   595.000   111.000   -59.856   -88.596
53836.000   1398.000   584.000   119.000   -59.796   -88.568
53837.000   1381.000   610.000   124.000   -59.736   -88.540
53838.000   1420.000   579.000   107.000   -59.676   -88.513
53839.000   1337.000   557.000   114.000   -59.615   -88.485
53840.000   1346.000   590.000   118.000   -59.555   -88.458
53841.000   1308.000   546.000   83.000   -59.495   -88.430
53842.000   1338.000   568.000   119.000   -59.435   -88.403
53843.000   1334.000   522.000   104.000   -59.375   -88.376
53844.000   1359.000   558.000   127.000   -59.314   -88.349
53845.000   1315.000   498.000   127.000   -59.254   -88.322
53846.000   1353.000   501.000   114.000   -59.194   -88.295
53847.000   1470.000   486.000   116.000   -59.134   -88.269
53848.000   1411.000   534.000   98.000   -59.073   -88.242
53849.000   1428.000   534.000   127.000   -59.013   -88.216
53850.000   1424.000   511.000   118.000   -58.953   -88.189
53851.000   1425.000   469.000   107.000   -58.893   -88.163
53852.000   1414.000   510.000   99.000   -58.832   -88.137
53853.000   1371.000   509.000   135.000   -58.772   -88.111
53854.000   1407.000   485.000   117.000   -58.712   -88.085
53855.000   1403.000   486.000   118.000   -58.651   -88.059
53856.000   1436.000   523.000   104.000   -58.591   -88.033
53857.000   1536.000   436.000   121.000   -58.531   -88.008
53858.000   1506.000   465.000   93.000   -58.470   -87.982
53859.000   1601.000   468.000   116.000   -58.410   -87.957
53860.000   1645.000   501.000   112.000   -58.350   -87.932
53861.000   1616.000   429.000   106.000   -58.289   -87.906
53862.000   1727.000   486.000   123.000   -58.229   -87.881
53863.000   1720.000   497.000   116.000   -58.169   -87.856
53864.000   1757.000   471.000   120.000   -58.108   -87.831
53865.000   1687.000   497.000   104.000   -58.048   -87.806
53866.000   1810.000   432.000   105.000   -57.987   -87.782
53867.000   1777.000   472.000   117.000   -57.927   -87.757
53868.000   1701.000   445.000   129.000   -57.866   -87.733
53869.000   1804.000   436.000   121.000   -57.806   -87.708
53870.000   1795.000   472.000   107.000   -57.746   -87.684
53871.000   1811.000   484.000   103.000   -57.685   -87.659
53872.000   1866.000   443.000   115.000   -57.625   -87.635
53873.000   1871.000   483.000   120.000   -57.564   -87.611
53874.000   1989.000   489.000   101.000   -57.504   -87.587
53875.000   1997.000   468.000   90.000   -57.443   -87.563
53876.000   2061.000   462.000   104.000   -57.383   -87.540
53877.000   2130.000   416.000   106.000   -57.322   -87.516
53878.000   2260.000   457.000   116.000   -57.262   -87.492
53879.000   2338.000   486.000   130.000   -57.201   -87.469
53880.000   2359.000   436.000   110.000   -57.141   -87.445
53881.000   2570.000   490.000   108.000   -57.080   -87.422
53882.000   2486.000   390.000   127.000   -57.020   -87.399
53883.000   2594.000   395.000   122.000   -56.959   -87.376
53884.000   2606.000   458.000   115.000   -56.899   -87.353
53885.000   2577.000   464.000   94.000   -56.838   -87.330
53886.000   2643.000   443.000   109.000   -56.778   -87.307
53887.000   2499.000   433.000   114.000   -56.717   -87.284
53888.000   2518.000   425.000   116.000   -56.657   -87.261
53889.000   2515.000   467.000   106.000   -56.596   -87.239
53890.000   2511.000   447.000   111.000   -56.535   -87.216
53891.000   2514.000   441.000   99.000   -56.475   -87.194
53892.000   2540.000   428.000   114.000   -56.414   -87.171
53893.000   2542.000   429.000   116.000   -56.354   -87.149
53894.000   2537.000   440.000   99.000   -56.293   -87.127
53895.000   2651.000   387.000   124.000   -56.232   -87.105
53896.000   2517.000   422.000   105.000   -56.172   -87.083
53897.000   2581.000   466.000   119.000   -56.111   -87.061
53898.000   2643.000   441.000   117.000   -56.051   -87.039
53899.000   2560.000   447.000   112.000   -55.990   -87.017
53900.000   2698.000   423.000   107.000   -55.929   -86.995
53901.000   2735.000   403.000   105.000   -55.869   -86.974
53902.000   2726.000   414.000   109.000   -55.808   -86.952
53903.000   2722.000   416.000   112.000   -55.747   -86.931
53904.000   2616.000   427.000   103.000   -55.687   -86.909
53905.000   2757.000   433.000   119.000   -55.626   -86.888
53906.000   2907.000   411.000   109.000   -55.565   -86.867
53907.000   3058.000   440.000   126.000   -55.505   -86.846
53908.000   3143.000   472.000   102.000   -55.444   -86.824
53909.000   3118.000   434.000   119.000   -55.383   -86.803
53910.000   3272.000   426.000   104.000   -55.323   -86.783
53911.000   3331.000   404.000   126.000   -55.262   -86.762
53912.000   3300.000   424.000   121.000   -55.201   -86.741
53913.000   3360.000   427.000   129.000   -55.140   -86.720
53914.000   3439.000   445.000   117.000   -55.080   -86.700
53915.000   3592.000   410.000   99.000   -55.019   -86.679
53916.000   3618.000   450.000   93.000   -54.958   -86.659
53917.000   3678.000   476.000   127.000   -54.897   -86.638
53918.000   3782.000   461.000   107.000   -54.837   -86.618
53919.000   4005.000   440.000   91.000   -54.776   -86.598
53920.000   4062.000   440.000   120.000   -54.715   -86.577
53921.000   4235.000   454.000   137.000   -54.654   -86.557
53922.000   4285.000   425.000   109.000   -54.594   -86.537
53923.000   4238.000   460.000   90.000   -54.533   -86.517
53924.000   4302.000   457.000   116.000   -54.472   -86.497
53925.000   4195.000   417.000   103.000   -54.411   -86.478
53926.000   4342.000   417.000   101.000   -54.350   -86.458
53927.000   4342.000   425.000   104.000   -54.290   -86.438
53928.000   4524.000   440.000   111.000   -54.229   -86.418
53929.000   4706.000   437.000   138.000   -54.168   -86.399
53930.000   5063.000   437.000   97.000   -54.107   -86.379
53931.000   5122.000   450.000   114.000   -54.046   -86.360
53932.000   5231.000   449.000   119.000   -53.985   -86.341
53933.000   5209.000   410.000   102.000   -53.925   -86.321
53934.000   5171.000   447.000   120.000   -53.864   -86.302
53935.000   5249.000   424.000   106.000   -53.803   -86.283
53936.000   5340.000   429.000   120.000   -53.742   -86.264
53937.000   5353.000   429.000   108.000   -53.681   -86.245
53938.000   5579.000   443.000   109.000   -53.620   -86.226
53939.000   5446.000   427.000   109.000   -53.559   -86.207
53940.000   5361.000   396.000   97.000   -53.499   -86.188
53941.000   5406.000   417.000   100.000   -53.438   -86.170
53942.000   5632.000   430.000   108.000   -53.377   -86.151
53943.000   5722.000   464.000   90.000   -53.316   -86.132
53944.000   5715.000   410.000   120.000   -53.255   -86.114
53945.000   5634.000   450.000   98.000   -53.194   -86.095
53946.000   5487.000   441.000   107.000   -53.133   -86.077
53947.000   5723.000   425.000   110.000   -53.072   -86.059
53948.000   5699.000   395.000   112.000   -53.011   -86.040
53949.000   5915.000   422.000   124.000   -52.950   -86.022
53950.000   5980.000   457.000   106.000   -52.889   -86.004
53951.000   5935.000   426.000   96.000   -52.829   -85.986
53952.000   5957.000   448.000   97.000   -52.768   -85.968
53953.000   5761.000   497.000   107.000   -52.707   -85.950
53954.000   6025.000   459.000   108.000   -52.646   -85.932
53955.000   6130.000   442.000   110.000   -52.585   -85.914
53956.000   6081.000   444.000   98.000   -52.524   -85.896
53957.000   6352.000   442.000   96.000   -52.463   -85.879
53958.000   6220.000   435.000   92.000   -52.402   -85.861
53959.000   6454.000   441.000   93.000   -52.341   -85.843
53960.000   6352.000   423.000   91.000   -52.280   -85.826
53961.000   6570.000   426.000   99.000   -52.219   -85.808
53962.000   6497.000   459.000   111.000   -52.158   -85.791
53963.000   6736.000   451.000   86.000   -52.097   -85.774
53964.000   6779.000   433.000   95.000   -52.036   -85.756
53965.000   6823.000   438.000   100.000   -51.975   -85.739
53966.000   6935.000   462.000   115.000   -51.914   -85.722
53967.000   7029.000   459.000   85.000   -51.853   -85.705
53968.000   7106.000   442.000   85.000   -51.792   -85.688
53969.000   7138.000   447.000   115.000   -51.731   -85.671
53970.000   7149.000   413.000   110.000   -51.670   -85.654
53971.000   7255.000   475.000   115.000   -51.609   -85.637
53972.000   7535.000   476.000   118.000   -51.548   -85.620
53973.000   7362.000   476.000   94.000   -51.487   -85.603
53974.000   7801.000   439.000   104.000   -51.425   -85.586
53975.000   7704.000   460.000   104.000   -51.364   -85.570
53976.000   7796.000   455.000   101.000   -51.303   -85.553
53977.000   7920.000   466.000   88.000   -51.242   -85.536
53978.000   8159.000   504.000   103.000   -51.181   -85.520
53979.000   8288.000   527.000   113.000   -51.120   -85.503
53980.000   8433.000   489.000   92.000   -51.059   -85.487
53981.000   8475.000   486.000   115.000   -50.998   -85.471
53982.000   8677.000   502.000   91.000   -50.937   -85.454
53983.000   8920.000   558.000   114.000   -50.876   -85.438
53984.000   9046.000   527.000   113.000   -50.815   -85.422
53985.000   9127.000   516.000   105.000   -50.753   -85.406
53986.000   9434.000   542.000   98.000   -50.692   -85.390
53987.000   9613.000   490.000   98.000   -50.631   -85.374
53988.000   9740.000   555.000   114.000   -50.570   -85.358
53989.000   9911.000   535.000   97.000   -50.509   -85.342
53990.000   10016.000   524.000   76.000   -50.448   -85.326
53991.000   10275.000   547.000   95.000   -50.387   -85.310
53992.000   10470.000   490.000   105.000   -50.326   -85.294
53993.000   10798.000   546.000   91.000   -50.264   -85.278
53994.000   11186.000   537.000   107.000   -50.203   -85.263
53995.000   11382.000   511.000   100.000   -50.142   -85.247
53996.000   11194.000   499.000   103.000   -50.081   -85.231
53997.000   11076.000   532.000   81.000   -50.020   -85.216
53998.000   10957.000   481.000   97.000   -49.959   -85.200
53999.000   11014.000   508.000   101.000   -49.897   -85.185
54480.000   5830.000   4671.000   292.000   -20.121   -80.988
54481.000   5909.000   4796.000   308.000   -20.059   -80.983
54482.000   6117.000   4879.000   278.000   -19.997   -80.978
54483.000   6224.000   5109.000   298.000   -19.934   -80.973
54484.000   6252.000   5189.000   279.000   -19.872   -80.968
54485.000   6277.000   5313.000   306.000   -19.809   -80.963
54486.000   6419.000   5298.000   297.000   -19.747   -80.958
54487.000   6541.000   5521.000   322.000   -19.685   -80.953
54488.000   6614.000   5572.000   305.000   -19.622   -80.947
54489.000   6767.000   5700.000   286.000   -19.560   -80.942
54490.000   6872.000   5894.000   319.000   -19.497   -80.937
54491.000   6869.000   5934.000   298.000   -19.435   -80.932
54492.000   6750.000   6003.000   312.000   -19.372   -80.927
54493.000   6971.000   6185.000   315.000   -19.310   -80.922
54494.000   7128.000   6334.000   276.000   -19.248   -80.917
54495.000   7121.000   6376.000   269.000   -19.185   -80.912
54496.000   7086.000   6586.000   315.000   -19.123   -80.907
54497.000   7210.000   6708.000   314.000   -19.060   -80.902
54498.000   7188.000   6809.000   303.000   -18.998   -80.897
54499.000   7234.000   6807.000   307.000   -18.935   -80.892
54500.000   7339.000   7023.000   312.000   -18.873   -80.887
54501.000   7196.000   7111.000   275.000   -18.811   -80.882
54502.000   7107.000   7263.000   331.000   -18.748   -80.877
54503.000   7151.000   7223.000   280.000   -18.686   -80.872
54504.000   7099.000   7437.000   304.000   -18.623   -80.867
54505.000   7065.000   7642.000   300.000   -18.561   -80.862
54506.000   7072.000   7658.000   303.000   -18.498   -80.858
54507.000   7054.000   7621.000   302.000   -18.436   -80.853
54508.000   7177.000   7921.000   307.000   -18.373   -80.848
54509.000   7083.000   7948.000   294.000   -18.311   -80.843
54510.000   6920.000   7889.000   303.000   -18.249   -80.838
54511.000   6996.000   8021.000   316.000   -18.186   -80.833
54512.000   6796.000   8259.000   315.000   -18.124   -80.828
54513.000   6835.000   8017.000   332.000   -18.061   -80.823
54514.000   6741.000   8100.000   294.000   -17.999   -80.818
54515.000   6662.000   8261.000   283.000   -17.936   -80.813
54516.000   6694.000   8379.000   284.000   -17.874   -80.808
54517.000   6648.000   8330.000   299.000   -17.811   -80.804
54518.000   6625.000   8534.000   302.000   -17.749   -80.799
54519.000   6536.000   8483.000   297.000   -17.686   -80.794
54520.000   6374.000   8527.000   269.000   -17.624   -80.789
54521.000   6343.000   8434.000   270.000   -17.562   -80.784
54522.000   6139.000   8434.000   307.000   -17.499   -80.779
54523.000   6134.000   8558.000   318.000   -17.437   -80.775
54524.000   5924.000   8750.000   293.000   -17.374   -80.770
54525.000   5957.000   8608.000   309.000   -17.312   -80.765
54526.000   5880.000   8449.000   320.000   -17.249   -80.760
54527.000   5671.000   8600.000   271.000   -17.187   -80.755
54528.000   5610.000   8651.000   311.000   -17.124   -80.750
54529.000   5550.000   8616.000   295.000   -17.062   -80.746
54530.000   5407.000   8400.000   295.000   -16.999   -80.741
54531.000   5369.000   8588.000   285.000   -16.937   -80.736
54532.000   5321.000   8630.000   291.000   -16.874   -80.731
54533.000   5267.000   8652.000   252.000   -16.812   -80.727
54534.000   5254.000   8410.000   254.000   -16.749   -80.722
54535.000   4976.000   8438.000   315.000   -16.687   -80.717
54536.000   5050.000   8351.000   293.000   -16.624   -80.712
54537.000   4938.000   8102.000   274.000   -16.562   -80.708
54538.000   4830.000   8180.000   287.000   -16.499   -80.703
54539.000   4693.000   8048.000   282.000   -16.437   -80.698
54540.000   4641.000   8086.000   306.000   -16.375   -80.693
54541.000   4541.000   8054.000   272.000   -16.312   -80.689
54542.000   4570.000   8009.000   257.000   -16.250   -80.684
54543.000   4428.000   7829.000   305.000   -16.187   -80.679
54544.000   4443.000   7818.000   283.000   -16.125   -80.674
54545.000   4485.000   7622.000   302.000   -16.062   -80.670
54546.000   4356.000   7641.000   248.000   -16.000   -80.665
54547.000   4337.000   7640.000   288.000   -15.937   -80.660
54548.000   4204.000   7470.000   306.000   -15.875   -80.656
54549.000   4177.000   7232.000   262.000   -15.812   -80.651
54550.000   4046.000   7337.000   276.000   -15.750   -80.646
54551.000   3994.000   7291.000   257.000   -15.687   -80.642
54552.000   3993.000   7136.000   267.000   -15.625   -80.637
54553.000   3865.000   7097.000   269.000   -15.562   -80.632
54554.000   3778.000   6880.000   266.000   -15.500   -80.628
54555.000   3719.000   6850.000   260.000   -15.437   -80.623
54556.000   3724.000   6699.000   260.000   -15.375   -80.618
54557.000   3666.000   6696.000   263.000   -15.312   -80.614
54558.000   3319.000   6654.000   283.000   -15.250   -80.609
54559.000   3256.000   6310.000   282.000   -15.187   -80.604
54560.000   3315.000   6438.000   279.000   -15.125   -80.600
54561.000   3191.000   6248.000   266.000   -15.062   -80.595
54562.000   3203.000   6102.000   250.000   -14.999   -80.591
54563.000   3148.000   6110.000   211.000   -14.937   -80.586
54564.000   3156.000   5951.000   233.000   -14.874   -80.581
54565.000   2965.000   5811.000   247.000   -14.812   -80.577
54566.000   2956.000   5653.000   261.000   -14.749   -80.572
54567.000   2885.000   5600.000   237.000   -14.687   -80.568
54568.000   2896.000   5406.000   252.000   -14.624   -80.563
54569.000   2833.000   5269.000   255.000   -14.562   -80.558
54570.000   2760.000   5163.000   258.000   -14.499   -80.554
54571.000   2662.000   5073.000   274.000   -14.437   -80.549
54572.000   2603.000   5007.000   278.000   -14.374   -80.545
54573.000   2710.000   4932.000   246.000   -14.312   -80.540
54574.000   2624.000   4756.000   233.000   -14.249   -80.536
54575.000   2543.000   4696.000   229.000   -14.187   -80.531
54576.000   2518.000   4427.000   236.000   -14.124   -80.526
54577.000   2452.000   4436.000   256.000   -14.062   -80.522
54578.000   2393.000   4270.000   206.000   -13.999   -80.517
54579.000   2313.000   4244.000   222.000   -13.937   -80.513
54580.000   2277.000   4016.000   234.000   -13.874   -80.508
54581.000   2275.000   3980.000   223.000   -13.812   -80.504
54582.000   2151.000   3939.000   245.000   -13.749   -80.499
54583.000   2129.000   3733.000   235.000   -13.686   -80.495
54584.000   2146.000   3628.000   220.000   -13.624   -80.490
54585.000   2099.000   3654.000   214.000   -13.561   -80.486
54586.000   2092.000   3486.000   205.000   -13.499   -80.481
54587.000   2080.000   3441.000   221.000   -13.436   -80.477
54588.000   1943.000   3354.000   214.000   -13.374   -80.472
54589.000   1957.000   3173.000   202.000   -13.311   -80.468
54590.000   1932.000   3273.000   221.000   -13.249   -80.463
54591.000   1903.000   3195.000   229.000   -13.186   -80.459
54592.000   1928.000   3077.000   191.000   -13.124   -80.454
54593.000   1779.000   2992.000   219.000   -13.061   -80.450
54594.000   1873.000   3022.000   222.000   -12.998   -80.445
54595.000   1758.000   2930.000   202.000   -12.936   -80.441
54596.000   1730.000   2894.000   201.000   -12.873   -80.436
54597.000   1632.000   2743.000   194.000   -12.811   -80.432
54598.000   1757.000   2669.000   227.000   -12.748   -80.428
54599.000   1679.000   2571.000   194.000   -12.686   -80.423
54600.000   1732.000   2622.000   216.000   -12.623   -80.419
54601.000   1640.000   2607.000   178.000   -12.561   -80.414
54602.000   1584.000   2392.000   180.000   -12.498   -80.410
54603.000   1622.000   2332.000   196.000   -12.436   -80.405
54604.000   1545.000   2339.000   173.000   -12.373   -80.401
54605.000   1567.000   2250.000   184.000   -12.310   -80.397
54606.000   1540.000   2285.000   177.000   -12.248   -80.392
54607.000   1490.000   2172.000   188.000   -12.185   -80.388
54608.000   1422.000   2070.000   211.000   -12.123   -80.383
54609.000   1439.000   2088.000   206.000   -12.060   -80.379
54610.000   1422.000   2063.000   224.000   -11.998   -80.374
54611.000   1439.000   1986.000   165.000   -11.935   -80.370
54612.000   1373.000   1869.000   201.000   -11.872   -80.366
54613.000   1417.000   1861.000   211.000   -11.810   -80.361
54614.000   1391.000   1752.000   176.000   -11.747   -80.357
54615.000   1284.000   1748.000   161.000   -11.685   -80.353
54616.000   1330.000   1715.000   165.000   -11.622   -80.348
54617.000   1364.000   1543.000   191.000   -11.560   -80.344
54618.000   1313.000   1597.000   187.000   -11.497   -80.339
54619.000   1261.000   1507.000   168.000   -11.434   -80.335
54620.000   1261.000   1451.000   174.000   -11.372   -80.331
54621.000   1254.000   1420.000   171.000   -11.309   -80.326
54622.000   1164.000   1337.000   160.000   -11.247   -80.322
54623.000   1154.000   1297.000   174.000   -11.184   -80.318
54624.000   1146.000   1254.000   165.000   -11.122   -80.313
54625.000   1055.000   1182.000   155.000   -11.059   -80.309
54626.000   1194.000   1205.000   167.000   -10.996   -80.305
54627.000   1163.000   1178.000   166.000   -10.934   -80.300
54628.000   1129.000   1118.000   165.000   -10.871   -80.296
54629.000   1068.000   1003.000   156.000   -10.809   -80.292
54630.000   1048.000   996.000   144.000   -10.746   -80.287
54631.000   1058.000   1105.000   149.000   -10.684   -80.283
54632.000   1048.000   1036.000   159.000   -10.621   -80.279
54633.000   1035.000   962.000   143.000   -10.558   -80.274
54634.000   1033.000   914.000   142.000   -10.496   -80.270
54635.000   969.000   852.000   157.000   -10.433   -80.266
54636.000   1003.000   841.000   138.000   -10.371   -80.261
54637.000   1030.000   784.000   145.000   -10.308   -80.257
54638.000   988.000   774.000   156.000   -10.245   -80.253
54639.000   1012.000   760.000   141.000   -10.183   -80.248
54640.000   966.000   724.000   159.000   -10.120   -80.244
54641.000   972.000   763.000   156.000   -10.058   -80.240
54642.000   942.000   662.000   139.000   -9.995   -80.236
54643.000   908.000   711.000   135.000   -9.932   -80.231
54644.000   907.000   674.000   145.000   -9.870   -80.227
54645.000   897.000   629.000   131.000   -9.807   -80.223
54646.000   963.000   670.000   123.000   -9.745   -80.218
54647.000   874.000   663.000   138.000   -9.682   -80.214
54648.000   894.000   619.000   125.000   -9.619   -80.210
54649.000   859.000   650.000   130.000   -9.557   -80.206
54650.000   922.000   622.000   123.000   -9.494   -80.201
54651.000   897.000   608.000   131.000   -9.432   -80.197
54652.000   918.000   539.000   136.000   -9.369   -80.193
54653.000   913.000   536.000   134.000   -9.306   -80.189
54654.000   853.000   577.000   115.000   -9.244   -80.184
54655.000   823.000   558.000   143.000   -9.181   -80.180
54656.000   873.000   534.000   124.000   -9.119   -80.176
54657.000   870.000   561.000   142.000   -9.056   -80.172
54658.000   816.000   552.000   109.000   -8.993   -80.167
54659.000   899.000   520.000   124.000   -8.931   -80.163
54660.000   822.000   506.000   97.000   -8.868   -80.159
54661.000   880.000   493.000   120.000   -8.806   -80.155
54662.000   908.000   481.000   114.000   -8.743   -80.150
54663.000   838.000   536.000   98.000   -8.680   -80.146
54664.000   866.000   485.000   126.000   -8.618   -80.142
54665.000   843.000   506.000   109.000   -8.555   -80.138
54666.000   835.000   508.000   94.000   -8.493   -80.134
54667.000   868.000   570.000   132.000   -8.430   -80.129
54668.000   873.000   526.000   100.000   -8.367   -80.125
54669.000   862.000   520.000   116.000   -8.305   -80.121
54670.000   810.000   474.000   114.000   -8.242   -80.117
54671.000   815.000   497.000   107.000   -8.179   -80.113
54672.000   817.000   509.000   103.000   -8.117   -80.108
54673.000   790.000   458.000   102.000   -8.054   -80.104
54674.000   820.000   440.000   112.000   -7.992   -80.100
54675.000   814.000   516.000   90.000   -7.929   -80.096
54676.000   791.000   484.000   102.000   -7.866   -80.092
54677.000   811.000   505.000   98.000   -7.804   -80.087
54678.000   864.000   519.000   118.000   -7.741   -80.083
54679.000   819.000   465.000   103.000   -7.678   -80.079
54680.000   763.000   437.000   103.000   -7.616   -80.075
54681.000   830.000   490.000   109.000   -7.553   -80.071
54682.000   851.000   525.000   90.000   -7.491   -80.066
54683.000   794.000   419.000   95.000   -7.428   -80.062
54684.000   817.000   490.000   114.000   -7.365   -80.058
54685.000   802.000   471.000   105.000   -7.303   -80.054
54686.000   823.000   443.000   92.000   -7.240   -80.050
54687.000   839.000   425.000   99.000   -7.177   -80.046
54688.000   855.000   430.000   94.000   -7.115   -80.041
54689.000   787.000   478.000   101.000   -7.052   -80.037
54690.000   845.000   502.000   101.000   -6.990   -80.033
54691.000   851.000   466.000   103.000   -6.927   -80.029
54692.000   836.000   467.000   94.000   -6.864   -80.025
54693.000   807.000   434.000   93.000   -6.802   -80.021
54694.000   839.000   447.000   86.000   -6.739   -80.017
54695.000   856.000   458.000   89.000   -6.676   -80.012
54696.000   830.000   447.000   94.000   -6.614   -80.008
54697.000   830.000   464.000   80.000   -6.551   -80.004
54698.000   858.000   444.000   92.000   -6.488   -80.000
54699.000   842.000   490.000   89.000   -6.426   -79.996
54700.000   844.000   457.000   94.000   -6.363   -79.992
54701.000   894.000   483.000   92.000   -6.301   -79.988
54702.000   821.000   489.000   88.000   -6.238   -79.983
54703.000   864.000   421.000   92.000   -6.175   -79.979
54704.000   879.000   445.000   93.000   -6.113   -79.975
54705.000   873.000   472.000   84.000   -6.050   -79.971
54706.000   895.000   481.000   92.000   -5.987   -79.967
54707.000   901.000   477.000   93.000   -5.925   -79.963
54708.000   976.000   476.000   83.000   -5.862   -79.959
54709.000   935.000   490.000   103.000   -5.799   -79.954
54710.000   943.000   512.000   97.000   -5.737   -79.950
54711.000   892.000   442.000   105.000   -5.674   -79.946
54712.000   951.000   464.000   88.000   -5.611   -79.942
54713.000   953.000   471.000   98.000   -5.549   -79.938
54714.000   976.000   504.000   92.000   -5.486   -79.934
54715.000   927.000   505.000   85.000   -5.424   -79.930
54716.000   1016.000   472.000   88.000   -5.361   -79.926
54717.000   997.000   478.000   83.000   -5.298   -79.922
54718.000   997.000   428.000   94.000   -5.236   -79.917
54719.000   1005.000   483.000   88.000   -5.173   -79.913
54720.000   1012.000   475.000   105.000   -5.110   -79.909
54721.000   996.000   477.000   89.000   -5.048   -79.905
54722.000   1010.000   527.000   89.000   -4.985   -79.901
54723.000   1089.000   516.000   87.000   -4.922   -79.897
54724.000   1113.000   475.000   77.000   -4.860   -79.893
54725.000   1049.000   467.000   90.000   -4.797   -79.889
54726.000   1102.000   502.000   93.000   -4.734   -79.885
54727.000   1100.000   528.000   91.000   -4.672   -79.881
54728.000   1143.000   515.000   94.000   -4.609   -79.876
54729.000   1184.000   506.000   107.000   -4.546   -79.872
54730.000   1250.000   567.000   97.000   -4.484   -79.868
54731.000   1202.000   568.000   86.000   -4.421   -79.864
54732.000   1234.000   523.000   84.000   -4.358   -79.860
54733.000   1260.000   557.000   100.000   -4.296   -79.856
54734.000   1280.000   589.000   105.000   -4.233   -79.852
54735.000   1365.000   525.000   79.000   -4.170   -79.848
54736.000   1366.000   561.000   77.000   -4.108   -79.844
54737.000   1352.000   547.000   93.000   -4.045   -79.840
54738.000   1481.000   573.000   85.000   -3.982   -79.836
54739.000   1448.000   594.000   79.000   -3.920   -79.832
54740.000   1465.000   615.000   86.000   -3.857   -79.827
54741.000   1474.000   689.000   81.000   -3.794   -79.823
54742.000   1537.000   670.000   90.000   -3.732   -79.819
54743.000   1577.000   646.000   88.000   -3.669   -79.815
54744.000   1607.000   607.000   90.000   -3.606   -79.811
54745.000   1584.000   667.000   89.000   -3.544   -79.807
54746.000   1597.000   684.000   78.000   -3.481   -79.803
54747.000   1666.000   697.000   88.000   -3.418   -79.799
54748.000   1711.000   691.000   77.000   -3.356   -79.795
54749.000   1786.000   687.000   80.000   -3.293   -79.791
54750.000   1731.000   686.000   83.000   -3.230   -79.787
54751.000   1861.000   750.000   89.000   -3.168   -79.783
54752.000   1849.000   748.000   87.000   -3.105   -79.779
54753.000   1948.000   729.000   85.000   -3.042   -79.775
54754.000   1906.000   772.000   73.000   -2.980   -79.771
54755.000   2023.000   770.000   66.000   -2.917   -79.766
54756.000   2054.000   796.000   83.000   -2.854   -79.762
54757.000   2023.000   810.000   83.000   -2.792   -79.758
54758.000   2044.000   832.000   88.000   -2.729   -79.754
54759.000   2132.000   841.000   73.000   -2.666   -79.750
54760.000   2064.000   867.000   105.000   -2.604   -79.746
54761.000   2066.000   867.000   71.000   -2.541   -79.742
54762.000   2069.000   882.000   79.000   -2.478   -79.738
54763.000   2143.000   885.000   81.000   -2.416   -79.734
54764.000   2109.000   928.000   94.000   -2.353   -79.730
54765.000   2231.000   905.000   101.000   -2.290   -79.726
54766.000   2084.000   882.000   77.000   -2.228   -79.722
54767.000   2110.000   930.000   70.000   -2.165   -79.718
54768.000   2140.000   867.000   103.000   -2.102   -79.714
54769.000   2114.000   886.000   77.000   -2.040   -79.710
54770.000   2049.000   874.000   65.000   -1.977   -79.706
54771.000   2032.000   824.000   80.000   -1.914   -79.702
54772.000   1953.000   867.000   86.000   -1.852   -79.698
54773.000   1939.000   934.000   74.000   -1.789   -79.694
54774.000   1888.000   885.000   95.000   -1.726   -79.689
54775.000   1907.000   860.000   84.000   -1.664   -79.685
54776.000   1799.000   782.000   100.000   -1.601   -79.681
54777.000   1734.000   815.000   78.000   -1.538   -79.677
54778.000   1708.000   760.000   78.000   -1.476   -79.673
54779.000   1595.000   788.000   75.000   -1.413   -79.669
54780.000   1655.000   752.000   76.000   -1.350   -79.665
54781.000   1578.000   754.000   106.000   -1.287   -79.661
54782.000   1521.000   668.000   82.000   -1.225   -79.657
54783.000   1493.000   673.000   74.000   -1.162   -79.653
54784.000   1476.000   668.000   91.000   -1.099   -79.649
54785.000   1358.000   660.000   90.000   -1.037   -79.645
54786.000   1394.000   619.000   82.000   -0.974   -79.641
54787.000   1330.000   652.000   94.000   -0.911   -79.637
54788.000   1332.000   606.000   71.000   -0.849   -79.633
54789.000   1295.000   605.000   77.000   -0.786   -79.629
54790.000   1317.000   654.000   105.000   -0.723   -79.625
54791.000   1277.000   617.000   73.000   -0.661   -79.621
54792.000   1270.000   593.000   91.000   -0.598   -79.617
54793.000   1230.000   578.000   87.000   -0.535   -79.613
54794.000   1247.000   556.000   72.000   -0.473   -79.609
54795.000   1127.000   562.000   76.000   -0.410   -79.605
54796.000   1110.000   545.000   81.000   -0.347   -79.600
54797.000   1073.000   569.000   100.000   -0.285   -79.596
54798.000   1077.000   553.000   77.000   -0.222   -79.592
54799.000   1066.000   503.000   93.000   -0.159   -79.588
54800.000   1095.000   556.000   82.000   -0.096   -79.584
54801.000   1002.000   516.000   88.000   -0.034   -79.580
54802.000   1069.000   514.000   74.000   00.029   -79.576
54803.000   1062.000   485.000   97.000   00.092   -79.572
54804.000   1088.000   516.000   91.000   00.154   -79.568
54805.000   987.000   483.000   85.000   00.217   -79.564
54806.000   1072.000   469.000   79.000   00.280   -79.560
54807.000   1023.000   494.000   81.000   00.342   -79.556
54808.000   973.000   486.000   73.000   00.405   -79.552
54809.000   921.000   500.000   77.000   00.468   -79.548
54810.000   924.000   495.000   71.000   00.530   -79.544
54811.000   1008.000   447.000   100.000   00.593   -79.540
54812.000   970.000   443.000   84.000   00.656   -79.536
54813.000   903.000   484.000   77.000   00.719   -79.532
54814.000   928.000   460.000   87.000   00.781   -79.528
54815.000   891.000   463.000   102.000   00.844   -79.524
54816.000   982.000   494.000   78.000   00.907   -79.520
54817.000   928.000   422.000   76.000   00.969   -79.516
54818.000   934.000   446.000   83.000   01.032   -79.512
54819.000   929.000   446.000   86.000   01.095   -79.508
54820.000   876.000   462.000   91.000   01.157   -79.503
54821.000   920.000   439.000   76.000   01.220   -79.499
54822.000   849.000   463.000   82.000   01.283   -79.495
54823.000   897.000   455.000   58.000   01.346   -79.491
54824.000   893.000   428.000   79.000   01.408   -79.487
54825.000   849.000   485.000   76.000   01.471   -79.483
54826.000   866.000   419.000   89.000   01.534   -79.479
54827.000   850.000   444.000   76.000   01.596   -79.475
54828.000   837.000   440.000   90.000   01.659   -79.471
54829.000   866.000   407.000   93.000   01.722   -79.467
54830.000   870.000   450.000   78.000   01.784   -79.463
54831.000   842.000   476.000   79.000   01.847   -79.459
54832.000   836.000   419.000   82.000   01.910   -79.455
54833.000   819.000   446.000   96.000   01.973   -79.451
54834.000   857.000   449.000   86.000   02.035   -79.447
54835.000   894.000   449.000   74.000   02.098   -79.443
54836.000   793.000   439.000   99.000   02.161   -79.439
54837.000   823.000   399.000   95.000   02.223   -79.435
54838.000   833.000   426.000   88.000   02.286   -79.431
54839.000   840.000   446.000   88.000   02.349   -79.427
54840.000   805.000   388.000   86.000   02.411   -79.422
54841.000   804.000   447.000   78.000   02.474   -79.418
54842.000   808.000   360.000   88.000   02.537   -79.414
54843.000   817.000   361.000   69.000   02.600   -79.410
54844.000   832.000   443.000   88.000   02.662   -79.406
54845.000   839.000   444.000   76.000   02.725   -79.402
54846.000   865.000   412.000   96.000   02.788   -79.398
54847.000   783.000   413.000   105.000   02.850   -79.394
54848.000   786.000   403.000   84.000   02.913   -79.390
54849.000   828.000   458.000   99.000   02.976   -79.386
54850.000   839.000   418.000   78.000   03.038   -79.382
54851.000   797.000   405.000   84.000   03.101   -79.378
54852.000   784.000   411.000   90.000   03.164   -79.374
54853.000   801.000   384.000   86.000   03.227   -79.370
54854.000   817.000   406.000   76.000   03.289   -79.366
54855.000   789.000   392.000   82.000   03.352   -79.362
54856.000   818.000   393.000   74.000   03.415   -79.357
54857.000   786.000   473.000   83.000   03.477   -79.353
54858.000   775.000   404.000   92.000   03.540   -79.349
54859.000   831.000   416.000   81.000   03.603   -79.345
54860.000   816.000   417.000   95.000   03.665   -79.341
54861.000   769.000   390.000   79.000   03.728   -79.337
54862.000   747.000   394.000   104.000   03.791   -79.333
54863.000   844.000   384.000   88.000   03.854   -79.329
54864.000   771.000   409.000   67.000   03.916   -79.325
54865.000   752.000   393.000   82.000   03.979   -79.321
54866.000   823.000   390.000   75.000   04.042   -79.317
54867.000   819.000   392.000   86.000   04.104   -79.313
54868.000   748.000   442.000   83.000   04.167   -79.308
54869.000   794.000   403.000   99.000   04.230   -79.304
54870.000   777.000   401.000   82.000   04.293   -79.300
54871.000   773.000   401.000   84.000   04.355   -79.296
54872.000   810.000   396.000   93.000   04.418   -79.292
54873.000   777.000   391.000   88.000   04.481   -79.288
54874.000   788.000   416.000   92.000   04.543   -79.284
54875.000   790.000   401.000   68.000   04.606   -79.280
54876.000   783.000   418.000   74.000   04.669   -79.276
54877.000   795.000   439.000   83.000   04.732   -79.272
54878.000   761.000   443.000   78.000   04.794   -79.268
54879.000   779.000   404.000   76.000   04.857   -79.263
54880.000   827.000   411.000   96.000   04.920   -79.259
54881.000   814.000   419.000   80.000   04.982   -79.255
54882.000   829.000   411.000   75.000   05.045   -79.251
54883.000   783.000   420.000   81.000   05.108   -79.247
54884.000   755.000   410.000   72.000   05.170   -79.243
54885.000   750.000   403.000   81.000   05.233   -79.239
54886.000   810.000   410.000   88.000   05.296   -79.235
54887.000   770.000   415.000   94.000   05.359   -79.231
54888.000   780.000   400.000   89.000   05.421   -79.226
54889.000   790.000   413.000   78.000   05.484   -79.222
54890.000   766.000   403.000   94.000   05.547   -79.218
54891.000   795.000   419.000   65.000   05.609   -79.214
54892.000   824.000   424.000   87.000   05.672   -79.210
54893.000   805.000   391.000   79.000   05.735   -79.206
54894.000   773.000   399.000   73.000   05.798   -79.202
54895.000   805.000   391.000   81.000   05.860   -79.198
54896.000   807.000   407.000   96.000   05.923   -79.193
54897.000   763.000   402.000   82.000   05.986   -79.189
54898.000   855.000   416.000   93.000   06.048   -79.185
54899.000   821.000   425.000   110.000   06.111   -79.181
54900.000   848.000   394.000   87.000   06.174   -79.177
54901.000   780.000   411.000   81.000   06.236   -79.173
54902.000   842.000   396.000   95.000   06.299   -79.169
54903.000   826.000   444.000   80.000   06.362   -79.164
54904.000   835.000   393.000   80.000   06.425   -79.160
54905.000   838.000   418.000   86.000   06.487   -79.156
54906.000   848.000   387.000   86.000   06.550   -79.152
54907.000   806.000   413.000   76.000   06.613   -79.148
54908.000   17701.000   400.000   94.000   06.675   -79.144
54909.000   22341.000   374.000   107.000   06.738   -79.140
54910.000   2527.000   425.000   81.000   06.801   -79.135
54911.000   23374.000   417.000   88.000   06.864   -79.131
54912.000   1143.000   422.000   85.000   06.926   -79.127
54913.000   1139.000   481.000   85.000   06.989   -79.123
54914.000   1114.000   422.000   89.000   07.052   -79.119
54915.000   1153.000   412.000   89.000   07.114   -79.115
54916.000   1179.000   424.000   88.000   07.177   -79.110
54917.000   1202.000   433.000   72.000   07.240   -79.106
54918.000   1242.000   401.000   76.000   07.303   -79.102
54919.000   1342.000   422.000   85.000   07.365   -79.098
54920.000   1223.000   405.000   95.000   07.428   -79.094
54921.000   1279.000   396.000   78.000   07.491   -79.089
54922.000   1270.000   458.000   81.000   07.553   -79.085
54923.000   1300.000   430.000   86.000   07.616   -79.081
54924.000   1331.000   410.000   92.000   07.679   -79.077
54925.000   1376.000   413.000   87.000   07.741   -79.073
54926.000   1437.000   450.000   80.000   07.804   -79.068
54927.000   1326.000   454.000   92.000   07.867   -79.064
54928.000   1303.000   412.000   110.000   07.930   -79.060
54929.000   1282.000   420.000   87.000   07.992   -79.056
54930.000   1242.000   407.000   88.000   08.055   -79.052
54931.000   1283.000   442.000   73.000   08.118   -79.047
54932.000   1246.000   454.000   81.000   08.180   -79.043
54933.000   1219.000   443.000   74.000   08.243   -79.039
54934.000   1248.000   415.000   76.000   08.306   -79.035
54935.000   1178.000   430.000   94.000   08.369   -79.031
54936.000   1280.000   445.000   80.000   08.431   -79.026
54937.000   1343.000   441.000   98.000   08.494   -79.022
54938.000   1275.000   475.000   87.000   08.557   -79.018
54939.000   1386.000   527.000   99.000   08.619   -79.014
54940.000   1440.000   484.000   81.000   08.682   -79.009
54941.000   1497.000   492.000   73.000   08.745   -79.005
54942.000   1425.000   478.000   96.000   08.807   -79.001
54943.000   1388.000   547.000   62.000   08.870   -78.997
54944.000   1469.000   513.000   70.000   08.933   -78.992
54945.000   1399.000   493.000   83.000   08.996   -78.988
54946.000   1401.000   532.000   89.000   09.058   -78.984
54947.000   1382.000   503.000   94.000   09.121   -78.980
54948.000   1274.000   534.000   88.000   09.184   -78.975
54949.000   1431.000   495.000   94.000   09.246   -78.971
54950.000   1368.000   505.000   78.000   09.309   -78.967
54951.000   1332.000   490.000   100.000   09.372   -78.963
54952.000   1333.000   477.000   93.000   09.435   -78.958
54953.000   1298.000   529.000   89.000   09.497   -78.954
54954.000   1296.000   527.000   90.000   09.560   -78.950
54955.000   1314.000   517.000   94.000   09.623   -78.946
54956.000   1246.000   498.000   95.000   09.685   -78.941
54957.000   1261.000   528.000   79.000   09.748   -78.937
54958.000   1259.000   470.000   71.000   09.811   -78.933
54959.000   1260.000   488.000   91.000   09.873   -78.928
55440.000   880.000   485.000   133.000   39.939   -75.942
55441.000   986.000   520.000   163.000   40.001   -75.932
55442.000   973.000   473.000   132.000   40.064   -75.922
55443.000   893.000   495.000   131.000   40.126   -75.912
55444.000   959.000   462.000   131.000   40.188   -75.902
55445.000   954.000   472.000   119.000   40.250   -75.893
55446.000   963.000   507.000   120.000   40.312   -75.883
55447.000   951.000   491.000   131.000   40.374   -75.873
55448.000   950.000   453.000   136.000   40.436   -75.863
55449.000   953.000   482.000   145.000   40.498   -75.853
55450.000   942.000   489.000   133.000   40.561   -75.843
55451.000   939.000   485.000   118.000   40.623   -75.833
55452.000   900.000   480.000   129.000   40.685   -75.823
55453.000   969.000   484.000   165.000   40.747   -75.812
55454.000   957.000   532.000   129.000   40.809   -75.802
55455.000   895.000   542.000   144.000   40.871   -75.792
55456.000   975.000   493.000   142.000   40.933   -75.782
55457.000   946.000   480.000   131.000   40.995   -75.772
55458.000   952.000   465.000   128.000   41.057   -75.762
55459.000   974.000   500.000   131.000   41.120   -75.751
55460.000   974.000   503.000   151.000   41.182   -75.741
55461.000   979.000   509.000   142.000   41.244   -75.731
55462.000   970.000   510.000   129.000   41.306   -75.720
55463.000   938.000   506.000   139.000   41.368   -75.710
55464.000   938.000   479.000   149.000   41.430   -75.700
55465.000   960.000   481.000   141.000   41.492   -75.689
55466.000   932.000   492.000   136.000   41.554   -75.679
55467.000   970.000   445.000   122.000   41.616   -75.668
55468.000   968.000   484.000   118.000   41.678   -75.658
55469.000   952.000   471.000   130.000   41.740   -75.647
55470.000   924.000   472.000   144.000   41.802   -75.637
55471.000   984.000   508.000   134.000   41.865   -75.626
55472.000   979.000   510.000   136.000   41.927   -75.615
55473.000   946.000   474.000   124.000   41.989   -75.605
55474.000   987.000   546.000   143.000   42.051   -75.594
55475.000   936.000   498.000   127.000   42.113   -75.583
55476.000   956.000   484.000   136.000   42.175   -75.573
55477.000   946.000   553.000   149.000   42.237   -75.562
55478.000   1014.000   486.000   151.000   42.299   -75.551
55479.000   975.000   525.000   125.000   42.361   -75.540
55480.000   949.000   529.000   146.000   42.423   -75.529
55481.000   929.000   519.000   152.000   42.485   -75.519
55482.000   900.000   525.000   156.000   42.547   -75.508
55483.000   956.000   475.000   130.000   42.609   -75.497
55484.000   984.000   513.000   127.000   42.671   -75.486
55485.000   980.000   501.000   161.000   42.733   -75.475
55486.000   904.000   489.000   126.000   42.795   -75.464
55487.000   921.000   493.000   144.000   42.857   -75.453
55488.000   972.000   483.000   138.000   42.919   -75.442
55489.000   926.000   495.000   125.000   42.981   -75.430
55490.000   946.000   498.000   136.000   43.043   -75.419
55491.000   972.000   528.000   138.000   43.105   -75.408
55492.000   1035.000   483.000   157.000   43.167   -75.397
55493.000   972.000   525.000   123.000   43.229   -75.386
55494.000   988.000   461.000   134.000   43.291   -75.374
55495.000   1001.000   512.000   142.000   43.353   -75.363
55496.000   939.000   509.000   133.000   43.415   -75.352
55497.000   935.000   480.000   163.000   43.477   -75.340
55498.000   940.000   536.000   146.000   43.539   -75.329
55499.000   1004.000   527.000   141.000   43.601   -75.317
55500.000   994.000   536.000   127.000   43.663   -75.306
55501.000   1010.000   464.000   137.000   43.725   -75.295
55502.000   958.000   512.000   153.000   43.787   -75.283
55503.000   1020.000   520.000   132.000   43.849   -75.271
55504.000   1023.000   553.000   148.000   43.911   -75.260
55505.000   1026.000   536.000   131.000   43.973   -75.248
55506.000   1016.000   535.000   137.000   44.035   -75.237
55507.000   1002.000   520.000   176.000   44.097   -75.225
55508.000   1005.000   509.000   163.000   44.159   -75.213
55509.000   960.000   502.000   131.000   44.221   -75.201
55510.000   965.000   496.000   151.000   44.283   -75.190
55511.000   1039.000   481.000   145.000   44.345   -75.178
55512.000   942.000   519.000   168.000   44.407   -75.166
55513.000   937.000   549.000   158.000   44.469   -75.154
55514.000   1010.000   499.000   122.000   44.531   -75.142
55515.000   1017.000   510.000   137.000   44.593   -75.130
55516.000   992.000   509.000   132.000   44.655   -75.118
55517.000   1005.000   527.000   147.000   44.717   -75.106
55518.000   1021.000   550.000   163.000   44.779   -75.094
55519.000   967.000   520.000   135.000   44.841   -75.082
55520.000   1002.000   529.000   153.000   44.903   -75.070
55521.000   994.000   513.000   162.000   44.964   -75.058
55522.000   979.000   547.000   136.000   45.026   -75.045
55523.000   970.000   517.000   143.000   45.088   -75.033
55524.000   991.000   554.000   168.000   45.150   -75.021
55525.000   952.000   506.000   152.000   45.212   -75.008
55526.000   934.000   518.000   127.000   45.274   -74.996
55527.000   991.000   534.000   144.000   45.336   -74.984
55528.000   965.000   532.000   156.000   45.398   -74.971
55529.000   925.000   526.000   131.000   45.460   -74.959
55530.000   991.000   555.000   170.000   45.522   -74.946
55531.000   950.000   535.000   167.000   45.584   -74.934
55532.000   941.000   521.000   153.000   45.645   -74.921
55533.000   945.000   560.000   165.000   45.707   -74.909
55534.000   1044.000   536.000   180.000   45.769   -74.896
55535.000   999.000   515.000   174.000   45.831   -74.883
55536.000   969.000   578.000   164.000   45.893   -74.871
55537.000   968.000   522.000   143.000   45.955   -74.858
55538.000   979.000   603.000   171.000   46.017   -74.845
55539.000   1047.000   637.000   168.000   46.079   -74.832
55540.000   998.000   619.000   192.000   46.140   -74.819
55541.000   1044.000   541.000   173.000   46.202   -74.806
55542.000   1018.000   563.000   180.000   46.264   -74.793
55543.000   1004.000   630.000   206.000   46.326   -74.781
55544.000   969.000   630.000   181.000   46.388   -74.767
55545.000   1003.000   628.000   202.000   46.450   -74.754
55546.000   971.000   621.000   201.000   46.512   -74.741
55547.000   1046.000   630.000   189.000   46.573   -74.728
55548.000   1058.000   623.000   199.000   46.635   -74.715
55549.000   1080.000   669.000   220.000   46.697   -74.702
55550.000   1053.000   647.000   217.000   46.759   -74.689
55551.000   1098.000   715.000   241.000   46.821   -74.675
55552.000   1122.000   745.000   240.000   46.883   -74.662
55553.000   1108.000   702.000   260.000   46.944   -74.649
55554.000   1098.000   739.000   233.000   47.006   -74.635
55555.000   1090.000   760.000   239.000   47.068   -74.622
55556.000   1110.000   787.000   259.000   47.130   -74.608
55557.000   1084.000   802.000   279.000   47.192   -74.595
55558.000   1114.000   809.000   293.000   47.253   -74.581
55559.000   1215.000   831.000   301.000   47.315   -74.567
55560.000   1156.000   868.000   285.000   47.377   -74.554
55561.000   1123.000   896.000   295.000   47.439   -74.540
55562.000   1122.000   848.000   313.000   47.501   -74.526
55563.000   1125.000   961.000   311.000   47.562   -74.512
55564.000   1209.000   933.000   377.000   47.624   -74.499
55565.000   1190.000   956.000   343.000   47.686   -74.485
55566.000   1241.000   1050.000   365.000   47.748   -74.471
55567.000   1289.000   994.000   356.000   47.810   -74.457
55568.000   1271.000   1038.000   385.000   47.871   -74.443
55569.000   1276.000   1064.000   414.000   47.933   -74.429
55570.000   1282.000   1074.000   399.000   47.995   -74.415
55571.000   1292.000   1165.000   415.000   48.057   -74.401
55572.000   1364.000   1173.000   410.000   48.118   -74.386
55573.000   1319.000   1207.000   477.000   48.180   -74.372
55574.000   1374.000   1221.000   466.000   48.242   -74.358
55575.000   1373.000   1195.000   482.000   48.304   -74.344
55576.000   1424.000   1234.000   459.000   48.365   -74.329
55577.000   1284.000   1330.000   521.000   48.427   -74.315
55578.000   1390.000   1358.000   530.000   48.489   -74.300
55579.000   1380.000   1352.000   592.000   48.551   -74.286
55580.000   1392.000   1388.000   553.000   48.612   -74.271
55581.000   1460.000   1387.000   571.000   48.674   -74.257
55582.000   1392.000   1437.000   586.000   48.736   -74.242
55583.000   1548.000   1473.000   647.000   48.797   -74.228
55584.000   1499.000   1506.000   602.000   48.859   -74.213
55585.000   1472.000   1477.000   639.000   48.921   -74.198
55586.000   1513.000   1579.000   681.000   48.983   -74.183
55587.000   1491.000   1607.000   660.000   49.044   -74.168
55588.000   1535.000   1694.000   646.000   49.106   -74.153
55589.000   1573.000   1692.000   675.000   49.168   -74.139
55590.000   1666.000   1659.000   740.000   49.229   -74.124
55591.000   1566.000   1780.000   723.000   49.291   -74.108
55592.000   1701.000   1834.000   725.000   49.353   -74.093
55593.000   1628.000   1861.000   740.000   49.414   -74.078
55594.000   1757.000   1860.000   827.000   49.476   -74.063
55595.000   1735.000   1924.000   769.000   49.538   -74.048
55596.000   1772.000   1970.000   828.000   49.599   -74.032
55597.000   1838.000   1910.000   807.000   49.661   -74.017
55598.000   1790.000   2009.000   842.000   49.723   -74.002
55599.000   1815.000   1973.000   853.000   49.784   -73.986
55600.000   1864.000   2070.000   868.000   49.846   -73.971
55601.000   1912.000   2076.000   878.000   49.908   -73.955
55602.000   1874.000   2129.000   917.000   49.969   -73.940
55603.000   1942.000   2264.000   966.000   50.031   -73.924
55604.000   1965.000   2275.000   985.000   50.092   -73.908
55605.000   1997.000   2364.000   918.000   50.154   -73.893
55606.000   2006.000   2397.000   1016.000   50.216   -73.877
55607.000   2014.000   2480.000   1037.000   50.277   -73.861
55608.000   2150.000   2520.000   1029.000   50.339   -73.845
55609.000   2122.000   2622.000   1064.000   50.401   -73.829
55610.000   2170.000   2605.000   1090.000   50.462   -73.813
55611.000   2175.000   2660.000   1180.000   50.524   -73.797
55612.000   2196.000   2797.000   1166.000   50.585   -73.781
55613.000   2261.000   2770.000   1215.000   50.647   -73.765
55614.000   2335.000   2914.000   1185.000   50.709   -73.749
55615.000   2342.000   2869.000   1213.000   50.770   -73.732
55616.000   2453.000   3033.000   1275.000   50.832   -73.716
55617.000   2520.000   3006.000   1236.000   50.893   -73.700
55618.000   2596.000   3149.000   1312.000   50.955   -73.683
55619.000   2486.000   3279.000   1343.000   51.016   -73.667
55620.000   2568.000   3361.000   1389.000   51.078   -73.650
55621.000   2588.000   3324.000   1303.000   51.140   -73.634
55622.000   2688.000   3378.000   1480.000   51.201   -73.617
55623.000   2671.000   3516.000   1456.000   51.263   -73.600
55624.000   2743.000   3559.000   1428.000   51.324   -73.584
55625.000   2859.000   3634.000   1531.000   51.386   -73.567
55626.000   2844.000   3711.000   1508.000   51.447   -73.550
55627.000   2972.000   3732.000   1557.000   51.509   -73.533
55628.000   3028.000   3769.000   1576.000   51.570   -73.516
55629.000   3013.000   3933.000   1565.000   51.632   -73.499
55630.000   3048.000   3897.000   1576.000   51.693   -73.482
55631.000   3210.000   3852.000   1603.000   51.755   -73.465
55632.000   3268.000   4043.000   1570.000   51.816   -73.447
55633.000   3106.000   4162.000   1612.000   51.878   -73.430
55634.000   3312.000   4097.000   1631.000   51.939   -73.413
55635.000   3253.000   4102.000   1681.000   52.001   -73.395
55636.000   3389.000   4291.000   1686.000   52.062   -73.378
55637.000   3329.000   4304.000   1656.000   52.124   -73.361
55638.000   3515.000   4366.000   1676.000   52.185   -73.343
55639.000   3604.000   4330.000   1698.000   52.247   -73.325
55640.000   3598.000   4477.000   1689.000   52.308   -73.308
55641.000   3567.000   4465.000   1721.000   52.370   -73.290
55642.000   3777.000   4600.000   1718.000   52.431   -73.272
55643.000   3924.000   4659.000   1757.000   52.493   -73.254
55644.000   3973.000   4577.000   1706.000   52.554   -73.236
55645.000   3978.000   4637.000   1679.000   52.615   -73.218
55646.000   3970.000   4739.000   1718.000   52.677   -73.200
55647.000   4107.000   4827.000   1708.000   52.738   -73.182
55648.000   4112.000   4685.000   1686.000   52.800   -73.164
55649.000   4424.000   4785.000   1650.000   52.861   -73.146
55650.000   4318.000   4851.000   1651.000   52.923   -73.127
55651.000   4529.000   4898.000   1644.000   52.984   -73.109
55652.000   4560.000   4797.000   1684.000   53.045   -73.091
55653.000   4503.000   5013.000   1651.000   53.107   -73.072
55654.000   4766.000   4863.000   1617.000   53.168   -73.054
55655.000   4745.000   5039.000   1657.000   53.230   -73.035
55656.000   4965.000   5019.000   1639.000   53.291   -73.016
55657.000   4961.000   5039.000   1637.000   53.352   -72.997
55658.000   5101.000   4989.000   1571.000   53.414   -72.979
55659.000   5118.000   5105.000   1590.000   53.475   -72.960
55660.000   5297.000   5165.000   1580.000   53.537   -72.941
55661.000   5409.000   5076.000   1547.000   53.598   -72.922
55662.000   5731.000   5206.000   1572.000   53.659   -72.903
55663.000   5678.000   5187.000   1481.000   53.721   -72.884
55664.000   5804.000   5234.000   1504.000   53.782   -72.864
55665.000   6021.000   5155.000   1462.000   53.843   -72.845
55666.000   6052.000   5301.000   1513.000   53.905   -72.826
55667.000   6356.000   5257.000   1431.000   53.966   -72.806
55668.000   6403.000   5197.000   1444.000   54.027   -72.787
55669.000   6417.000   5386.000   1380.000   54.089   -72.767
55670.000   6461.000   5342.000   1361.000   54.150   -72.747
55671.000   6594.000   5144.000   1349.000   54.211   -72.728
55672.000   6784.000   5125.000   1250.000   54.273   -72.708
55673.000   6898.000   5075.000   1281.000   54.334   -72.688
55674.000   7260.000   5039.000   1246.000   54.395   -72.668
55675.000   7530.000   4973.000   1152.000   54.456   -72.648
55676.000   7738.000   4971.000   1136.000   54.518   -72.628
55677.000   7855.000   4819.000   1068.000   54.579   -72.608
55678.000   7800.000   4898.000   1099.000   54.640   -72.588
55679.000   7667.000   4888.000   1069.000   54.702   -72.567
55680.000   7922.000   4816.000   1005.000   54.763   -72.547
55681.000   7909.000   4650.000   1016.000   54.824   -72.527
55682.000   8081.000   4654.000   978.000   54.885   -72.506
55683.000   8012.000   4496.000   910.000   54.947   -72.486
55684.000   8332.000   4655.000   890.000   55.008   -72.465
55685.000   8516.000   4559.000   866.000   55.069   -72.444
55686.000   8657.000   4527.000   855.000   55.130   -72.423
55687.000   8749.000   4475.000   858.000   55.191   -72.403
55688.000   8656.000   4301.000   809.000   55.253   -72.382
55689.000   8702.000   4282.000   829.000   55.314   -72.360
55690.000   8433.000   4303.000   735.000   55.375   -72.339
55691.000   8442.000   4188.000   693.000   55.436   -72.318
55692.000   8373.000   4002.000   702.000   55.497   -72.297
55693.000   8379.000   3949.000   673.000   55.559   -72.276
55694.000   8513.000   3973.000   626.000   55.620   -72.254
55695.000   8930.000   3827.000   643.000   55.681   -72.233
55696.000   8981.000   3843.000   587.000   55.742   -72.211
55697.000   9070.000   3834.000   572.000   55.803   -72.189
55698.000   9611.000   3883.000   559.000   55.864   -72.168
55699.000   9945.000   3863.000   523.000   55.926   -72.146
55700.000   10579.000   3752.000   504.000   55.987   -72.124
55701.000   10283.000   3701.000   477.000   56.048   -72.102
55702.000   10335.000   3617.000   471.000   56.109   -72.080
55703.000   10861.000   3595.000   470.000   56.170   -72.058
55704.000   10266.000   3565.000   474.000   56.231   -72.035
55705.000   9797.000   3348.000   481.000   56.292   -72.013
55706.000   9925.000   3349.000   409.000   56.353   -71.991
55707.000   10202.000   3345.000   386.000   56.415   -71.968
55708.000   10437.000   3316.000   366.000   56.476   -71.945
55709.000   10341.000   3278.000   416.000   56.537   -71.923
55710.000   10546.000   3219.000   383.000   56.598   -71.900
55711.000   10537.000   3310.000   387.000   56.659   -71.877
55712.000   10566.000   3339.000   379.000   56.720   -71.854
55713.000   10699.000   3230.000   389.000   56.781   -71.831
55714.000   10676.000   3283.000   383.000   56.842   -71.808
55715.000   10925.000   3201.000   418.000   56.903   -71.785
55716.000   11796.000   3230.000   403.000   56.964   -71.762
55717.000   11097.000   3103.000   393.000   57.025   -71.738
55718.000   10480.000   3051.000   362.000   57.086   -71.715
55719.000   10858.000   2934.000   345.000   57.147   -71.691
55720.000   11061.000   3009.000   352.000   57.208   -71.667
55721.000   11090.000   2855.000   308.000   57.269   -71.644
55722.000   10522.000   2818.000   307.000   57.330   -71.620
55723.000   9842.000   2615.000   243.000   57.391   -71.596
55724.000   10034.000   2618.000   293.000   57.452   -71.572
55725.000   9712.000   2506.000   275.000   57.513   -71.548
55726.000   9840.000   2599.000   243.000   57.574   -71.524
55727.000   9344.000   2512.000   292.000   57.635   -71.499
55728.000   9263.000   2410.000   251.000   57.696   -71.475
55729.000   8956.000   2296.000   235.000   57.757   -71.450
55730.000   9065.000   2283.000   268.000   57.818   -71.426
55731.000   8893.000   2305.000   269.000   57.879   -71.401
55732.000   8774.000   2281.000   281.000   57.940   -71.376
55733.000   8575.000   2197.000   253.000   58.001   -71.351
55734.000   8758.000   2269.000   265.000   58.062   -71.326
55735.000   8585.000   2130.000   232.000   58.123   -71.301
55736.000   8338.000   2041.000   229.000   58.183   -71.276
55737.000   8201.000   2107.000   213.000   58.244   -71.251
55738.000   8206.000   2012.000   216.000   58.305   -71.225
55739.000   8077.000   2051.000   207.000   58.366   -71.200
55740.000   7898.000   1962.000   210.000   58.427   -71.174
55741.000   7653.000   1853.000   195.000   58.488   -71.149
55742.000   7675.000   1906.000   195.000   58.549   -71.123
55743.000   7319.000   1699.000   204.000   58.609   -71.097
55744.000   7174.000   1677.000   212.000   58.670   -71.071
55745.000   7247.000   1753.000   179.000   58.731   -71.045
55746.000   7165.000   1699.000   194.000   58.792   -71.019
55747.000   7164.000   1683.000   183.000   58.853   -70.992
55748.000   7156.000   1756.000   175.000   58.914   -70.966
55749.000   6771.000   1666.000   192.000   58.974   -70.939
55750.000   6836.000   1723.000   205.000   59.035   -70.913
55751.000   6754.000   1641.000   196.000   59.096   -70.886
55752.000   6582.000   1635.000   198.000   59.157   -70.859
55753.000   6566.000   1656.000   189.000   59.217   -70.832
55754.000   6478.000   1620.000   181.000   59.278   -70.805
55755.000   6517.000   1603.000   211.000   59.339   -70.778
55756.000   6441.000   1623.000   185.000   59.400   -70.750
55757.000   6506.000   1661.000   188.000   59.460   -70.723
55758.000   6387.000   1642.000   207.000   59.521   -70.695
55759.000   6292.000   1624.000   214.000   59.582   -70.668
55760.000   6267.000   1639.000   205.000   59.643   -70.640
55761.000   6021.000   1669.000   189.000   59.703   -70.612
55762.000   6206.000   1559.000   184.000   59.764   -70.584
55763.000   6013.000   1590.000   217.000   59.825   -70.556
55764.000   6229.000   1636.000   210.000   59.885   -70.528
55765.000   6099.000   1555.000   213.000   59.946   -70.499
55766.000   5937.000   1571.000   174.000   60.007   -70.471
55767.000   5855.000   1607.000   197.000   60.067   -70.442
55768.000   5695.000   1495.000   220.000   60.128   -70.414
55769.000   5660.000   1487.000   202.000   60.188   -70.385
55770.000   5558.000   1665.000   247.000   60.249   -70.356
55771.000   5767.000   1661.000   239.000   60.310   -70.327
55772.000   5788.000   1717.000   232.000   60.370   -70.298
55773.000   5991.000   1682.000   220.000   60.431   -70.268
55774.000   7018.000   1752.000   226.000   60.491   -70.239
55775.000   6297.000   1740.000   254.000   60.552   -70.209
55776.000   5495.000   1557.000   254.000   60.613   -70.180
55777.000   5484.000   1617.000   254.000   60.673   -70.150
55778.000   5577.000   1587.000   262.000   60.734   -70.120
55779.000   5654.000   1685.000   267.000   60.794   -70.090
55780.000   5471.000   1762.000   297.000   60.855   -70.060
55781.000   5472.000   1739.000   290.000   60.915   -70.029
55782.000   5607.000   1738.000   268.000   60.976   -69.999
55783.000   5491.000   1751.000   272.000   61.036   -69.968
55784.000   5615.000   1697.000   281.000   61.097   -69.937
55785.000   5490.000   1747.000   265.000   61.157   -69.906
55786.000   5273.000   1700.000   280.000   61.218   -69.875
55787.000   5236.000   1477.000   234.000   61.278   -69.844
55788.000   5153.000   1508.000   247.000   61.339   -69.813
55789.000   5143.000   1467.000   249.000   61.399   -69.782
55790.000   4971.000   1479.000   212.000   61.459   -69.750
55791.000   4844.000   1432.000   211.000   61.520   -69.718
55792.000   4957.000   1348.000   194.000   61.580   -69.687
55793.000   4845.000   1283.000   231.000   61.641   -69.655
55794.000   4977.000   1436.000   196.000   61.701   -69.622
55795.000   4750.000   1387.000   241.000   61.761   -69.590
55796.000   4879.000   1569.000   281.000   61.822   -69.558
55797.000   4911.000   1527.000   287.000   61.882   -69.525
55798.000   4968.000   1524.000   218.000   61.943   -69.493
55799.000   4976.000   1383.000   243.000   62.003   -69.460
55800.000   4826.000   1348.000   213.000   62.063   -69.427
55801.000   4633.000   1222.000   217.000   62.123   -69.394
55802.000   4699.000   1128.000   197.000   62.184   -69.360
55803.000   4600.000   1197.000   182.000   62.244   -69.327
55804.000   4504.000   1207.000   187.000   62.304   -69.293
55805.000   4566.000   1151.000   183.000   62.365   -69.260
55806.000   4478.000   1133.000   187.000   62.425   -69.226
55807.000   4603.000   1119.000   201.000   62.485   -69.192
55808.000   4512.000   1126.000   170.000   62.545   -69.158
55809.000   4459.000   1061.000   182.000   62.606   -69.123
55810.000   4591.000   1113.000   179.000   62.666   -69.089
55811.000   4603.000   1140.000   157.000   62.726   -69.054
55812.000   4662.000   1161.000   180.000   62.786   -69.019
55813.000   4608.000   1097.000   183.000   62.846   -68.984
55814.000   4707.000   1007.000   198.000   62.907   -68.949
55815.000   4530.000   1086.000   164.000   62.967   -68.914
55816.000   4597.000   1048.000   181.000   63.027   -68.878
55817.000   4490.000   1026.000   154.000   63.087   -68.843
55818.000   4475.000   978.000   161.000   63.147   -68.807
55819.000   4457.000   983.000   176.000   63.207   -68.771
55820.000   4363.000   982.000   202.000   63.267   -68.735
55821.000   4226.000   964.000   151.000   63.327   -68.699
55822.000   4191.000   942.000   167.000   63.387   -68.662
55823.000   4011.000   929.000   195.000   63.448   -68.626
55824.000   4039.000   883.000   178.000   63.508   -68.589
55825.000   3911.000   874.000   172.000   63.568   -68.552
55826.000   3918.000   939.000   202.000   63.628   -68.515
55827.000   3741.000   860.000   195.000   63.688   -68.477
55828.000   3772.000   918.000   189.000   63.748   -68.440
55829.000   3596.000   915.000   184.000   63.808   -68.402
55830.000   3674.000   829.000   169.000   63.868   -68.364
55831.000   3560.000   839.000   141.000   63.928   -68.326
55832.000   3613.000   834.000   171.000   63.987   -68.288
55833.000   3527.000   854.000   161.000   64.047   -68.250
55834.000   3489.000   797.000   175.000   64.107   -68.211
55835.000   3388.000   821.000   154.000   64.167   -68.173
55836.000   3372.000   787.000   181.000   64.227   -68.134
55837.000   3333.000   775.000   165.000   64.287   -68.095
55838.000   3312.000   754.000   154.000   64.347   -68.055
55839.000   3169.000   737.000   162.000   64.407   -68.016
55840.000   3260.000   753.000   145.000   64.467   -67.976
55841.000   3283.000   778.000   171.000   64.526   -67.936
55842.000   3445.000   830.000   131.000   64.586   -67.896
55843.000   3848.000   824.000   170.000   64.646   -67.856
55844.000   4357.000   827.000   172.000   64.706   -67.815
55845.000   4802.000   830.000   149.000   64.766   -67.775
55846.000   5217.000   833.000   191.000   64.825   -67.734
55847.000   6061.000   905.000   139.000   64.885   -67.693
55848.000   6630.000   903.000   155.000   64.945   -67.651
55849.000   7317.000   931.000   145.000   65.005   -67.610
55850.000   7319.000   945.000   148.000   65.064   -67.568
55851.000   6753.000   873.000   147.000   65.124   -67.526
55852.000   6357.000   902.000   150.000   65.184   -67.484
55853.000   5141.000   936.000   152.000   65.243   -67.442
55854.000   4718.000   833.000   164.000   65.303   -67.400
55855.000   4690.000   844.000   183.000   65.362   -67.357
55856.000   4710.000   812.000   142.000   65.422   -67.314
55857.000   4860.000   803.000   146.000   65.482   -67.271
55858.000   4535.000   855.000   175.000   65.541   -67.228
55859.000   4737.000   805.000   143.000   65.601   -67.184
55860.000   4549.000   783.000   160.000   65.660   -67.140
55861.000   4288.000   752.000   158.000   65.720   -67.096
55862.000   3926.000   750.000   153.000   65.779   -67.052
55863.000   3697.000   729.000   169.000   65.839   -67.007
55864.000   3536.000   742.000   167.000   65.898   -66.963
55865.000   3252.000   736.000   148.000   65.958   -66.918
55866.000   3234.000   795.000   136.000   66.017   -66.873
55867.000   3009.000   703.000   150.000   66.077   -66.827
55868.000   2769.000   695.000   163.000   66.136   -66.782
55869.000   2666.000   689.000   130.000   66.196   -66.736
55870.000   2630.000   657.000   172.000   66.255   -66.690
55871.000   2579.000   638.000   162.000   66.314   -66.644
55872.000   2502.000   673.000   151.000   66.374   -66.597
55873.000   2567.000   668.000   179.000   66.433   -66.550
55874.000   2531.000   613.000   151.000   66.492   -66.503
55875.000   2355.000   640.000   146.000   66.552   -66.456
55876.000   2304.000   691.000   158.000   66.611   -66.408
55877.000   2359.000   630.000   177.000   66.670   -66.361
55878.000   2268.000   652.000   152.000   66.729   -66.313
55879.000   2254.000   650.000   169.000   66.789   -66.264
55880.000   2173.000   617.000   151.000   66.848   -66.216
55881.000   2008.000   600.000   173.000   66.907   -66.167
55882.000   1976.000   615.000   140.000   66.966   -66.118
55883.000   1914.000   651.000   162.000   67.025   -66.069
55884.000   1937.000   638.000   163.000   67.084   -66.019
55885.000   1802.000   612.000   162.000   67.144   -65.969
55886.000   1866.000   590.000   153.000   67.203   -65.919
55887.000   1770.000   640.000   157.000   67.262   -65.869
55888.000   1766.000   604.000   171.000   67.321   -65.818
55889.000   1762.000   582.000   170.000   67.380   -65.768
55890.000   1837.000   618.000   169.000   67.439   -65.716
55891.000   1701.000   635.000   141.000   67.498   -65.665
55892.000   1660.000   598.000   153.000   67.557   -65.613
55893.000   1691.000   614.000   175.000   67.616   -65.561
55894.000   1808.000   632.000   146.000   67.675   -65.509
55895.000   1987.000   623.000   170.000   67.734   -65.457
55896.000   2188.000   604.000   151.000   67.793   -65.404
55897.000   2379.000   629.000   149.000   67.851   -65.351
55898.000   2610.000   611.000   155.000   67.910   -65.297
55899.000   2664.000   563.000   159.000   67.969   -65.244
55900.000   2638.000   610.000   152.000   68.028   -65.190
55901.000   2200.000   620.000   146.000   68.087   -65.135
55902.000   2120.000   575.000   143.000   68.146   -65.081
55903.000   1940.000   573.000   156.000   68.204   -65.026
55904.000   1962.000   584.000   151.000   68.263   -64.971
55905.000   1853.000   591.000   173.000   68.322   -64.915
55906.000   1901.000   602.000   155.000   68.380   -64.859
55907.000   1874.000   636.000   163.000   68.439   -64.803
55908.000   2171.000   632.000   148.000   68.498   -64.747
55909.000   1943.000   651.000   158.000   68.556   -64.690
55910.000   1864.000   615.000   188.000   68.615   -64.633
55911.000   1791.000   594.000   161.000   68.673   -64.576
55912.000   1541.000   582.000   157.000   68.732   -64.518
55913.000   1456.000   573.000   146.000   68.791   -64.460
55914.000   1497.000   590.000   188.000   68.849   -64.402
55915.000   1403.000   615.000   175.000   68.908   -64.343
55916.000   1423.000   610.000   174.000   68.966   -64.284
55917.000   1461.000   621.000   152.000   69.024   -64.224
55918.000   1353.000   571.000   144.000   69.083   -64.165
55919.000   1406.000   587.000   146.000   69.141   -64.105
56400.000   880.000   485.000   133.000   77.057   58.886
