Time range: [ 12:25:43.000  13:16:00.000 ]
Time range duration: 50.0 min, 17.0 sec
Longitude range: [ -90.498  52.242 ]
44743.000   2026.000   82.520   52.242
44744.000   2074.000   82.520   52.719
44745.000   2020.000   82.520   53.196
44746.000   1976.000   82.519   53.672
44747.000   2052.000   82.518   54.148
44748.000   2058.000   82.516   54.625
44749.000   2075.000   82.513   55.100
44750.000   2042.000   82.510   55.576
44751.000   2090.000   82.506   56.051
44752.000   2023.000   82.502   56.526
44753.000   2074.000   82.498   57.000
44754.000   2014.000   82.493   57.473
44755.000   1993.000   82.487   57.946
44756.000   2011.000   82.481   58.418
44757.000   2004.000   82.474   58.889
44758.000   1972.000   82.467   59.360
44759.000   2072.000   82.459   59.829
44760.000   2022.000   82.451   60.297
44761.000   2046.000   82.443   60.765
44762.000   1937.000   82.433   61.231
44763.000   2017.000   82.424   61.696
44764.000   1965.000   82.413   62.160
44765.000   1985.000   82.403   62.623
44766.000   2016.000   82.392   63.084
44767.000   1984.000   82.380   63.544
44768.000   1950.000   82.368   64.002
44769.000   2040.000   82.355   64.459
44770.000   2059.000   82.342   64.914
44771.000   1990.000   82.328   65.368
44772.000   2008.000   82.314   65.820
44773.000   2050.000   82.300   66.271
44774.000   1940.000   82.284   66.720
44775.000   1998.000   82.269   67.167
44776.000   1990.000   82.253   67.612
44777.000   2006.000   82.236   68.055
44778.000   2027.000   82.219   68.496
44779.000   2025.000   82.202   68.936
44780.000   1889.000   82.184   69.373
44781.000   1854.000   82.166   69.808
44782.000   1929.000   82.147   70.242
44783.000   2004.000   82.128   70.673
44784.000   1953.000   82.108   71.102
44785.000   1980.000   82.088   71.529
44786.000   2054.000   82.067   71.953
44787.000   1960.000   82.046   72.376
44788.000   2002.000   82.025   72.796
44789.000   1988.000   82.003   73.214
44790.000   1928.000   81.981   73.629
44791.000   1928.000   81.958   74.043
44792.000   2022.000   81.935   74.454
44793.000   1986.000   81.911   74.862
44794.000   1964.000   81.887   75.268
44795.000   2056.000   81.863   75.672
44796.000   2083.000   81.838   76.073
44797.000   2034.000   81.813   76.472
44798.000   1949.000   81.788   76.868
44799.000   2030.000   81.762   77.262
44800.000   1987.000   81.735   77.653
44801.000   2032.000   81.708   78.042
44802.000   2029.000   81.681   78.429
44803.000   1994.000   81.654   78.812
44804.000   1975.000   81.626   79.194
44805.000   1976.000   81.598   79.572
44806.000   2052.000   81.569   79.948
44807.000   2018.000   81.540   80.322
44808.000   1882.000   81.511   80.693
44809.000   1934.000   81.481   81.061
44810.000   1963.000   81.451   81.427
44811.000   1917.000   81.421   81.790
44812.000   1975.000   81.390   82.151
44813.000   2021.000   81.359   82.509
44814.000   2004.000   81.327   82.864
44815.000   2010.000   81.296   83.217
44816.000   1955.000   81.264   83.567
44817.000   1996.000   81.231   83.915
44818.000   2023.000   81.198   84.260
44819.000   1960.000   81.165   84.602
44820.000   1951.000   81.132   84.942
44821.000   1910.000   81.098   85.280
44822.000   1999.000   81.064   85.614
44823.000   1956.000   81.030   85.947
44824.000   1969.000   80.995   86.276
44825.000   2068.000   80.960   86.603
44826.000   2059.000   80.925   86.928
44827.000   2015.000   80.890   87.250
44828.000   1996.000   80.854   87.569
44829.000   1953.000   80.818   87.886
44830.000   1969.000   80.782   88.201
44831.000   2014.000   80.745   88.513
44832.000   1991.000   80.708   88.822
44833.000   1969.000   80.671   89.130
44834.000   1911.000   80.634   89.434
44835.000   1959.000   80.596   89.736
44836.000   2011.000   80.558   90.036
44837.000   2044.000   80.520   90.333
44838.000   2034.000   80.481   90.628
44839.000   2027.000   80.442   90.921
44840.000   1915.000   80.404   91.211
44841.000   2021.000   80.364   91.499
44842.000   2008.000   80.325   91.784
44843.000   2003.000   80.285   92.067
44844.000   1936.000   80.245   92.348
44845.000   2066.000   80.205   92.626
44846.000   1933.000   80.165   92.903
44847.000   1942.000   80.124   93.176
44848.000   1899.000   80.083   93.448
44849.000   1963.000   80.042   93.717
44850.000   2005.000   80.001   93.985
44851.000   1933.000   79.959   94.249
44852.000   1953.000   79.917   94.512
44853.000   1949.000   79.875   94.773
44854.000   2048.000   79.833   95.031
44855.000   1972.000   79.791   95.287
44856.000   2005.000   79.748   95.541
44857.000   2000.000   79.706   95.793
44858.000   1992.000   79.663   96.043
44859.000   2044.000   79.619   96.291
44860.000   2039.000   79.576   96.537
44861.000   1961.000   79.532   96.780
44862.000   2023.000   79.489   97.022
44863.000   1957.000   79.445   97.261
44864.000   1974.000   79.401   97.499
44865.000   1997.000   79.356   97.735
44866.000   2023.000   79.312   97.968
44867.000   1989.000   79.267   98.200
44868.000   1987.000   79.222   98.430
44869.000   2024.000   79.177   98.658
44870.000   1983.000   79.132   98.884
44871.000   2012.000   79.087   99.108
44872.000   1984.000   79.041   99.330
44873.000   2017.000   78.996   99.550
44874.000   1955.000   78.950   99.769
44875.000   2110.000   78.904   99.985
44876.000   2080.000   78.858   100.200
44877.000   2049.000   78.811   100.413
44878.000   1981.000   78.765   100.624
44879.000   2105.000   78.718   100.834
44880.000   2438.000   78.671   101.042
44881.000   2504.000   78.624   101.248
44882.000   2467.000   78.577   101.452
44883.000   2442.000   78.530   101.655
44884.000   2515.000   78.483   101.856
44885.000   2419.000   78.435   102.055
44886.000   2461.000   78.387   102.253
44887.000   2499.000   78.340   102.449
44888.000   2522.000   78.292   102.643
44889.000   2586.000   78.244   102.836
44890.000   2528.000   78.195   103.028
44891.000   2688.000   78.147   103.217
44892.000   2661.000   78.099   103.405
44893.000   2746.000   78.050   103.592
44894.000   2715.000   78.001   103.777
44895.000   2693.000   77.952   103.961
44896.000   2617.000   77.903   104.143
44897.000   2678.000   77.854   104.323
44898.000   2763.000   77.805   104.502
44899.000   2654.000   77.756   104.680
44900.000   2706.000   77.706   104.856
44901.000   2744.000   77.657   105.031
44902.000   2741.000   77.607   105.204
44903.000   2729.000   77.557   105.376
44904.000   2773.000   77.507   105.547
44905.000   2912.000   77.457   105.716
44906.000   3192.000   77.407   105.884
44907.000   3284.000   77.357   106.051
44908.000   3528.000   77.306   106.216
44909.000   3518.000   77.256   106.380
44910.000   3784.000   77.205   106.542
44911.000   3966.000   77.155   106.704
44912.000   3996.000   77.104   106.864
44913.000   4208.000   77.053   107.022
44914.000   4327.000   77.002   107.180
44915.000   4331.000   76.951   107.336
44916.000   4356.000   76.900   107.491
44917.000   4403.000   76.848   107.645
44918.000   4249.000   76.797   107.797
44919.000   4405.000   76.746   107.949
44920.000   4496.000   76.694   108.099
44921.000   4487.000   76.642   108.248
44922.000   4295.000   76.591   108.396
44923.000   4610.000   76.539   108.543
44924.000   4760.000   76.487   108.688
44925.000   4730.000   76.435   108.833
44926.000   4651.000   76.383   108.976
44927.000   4843.000   76.330   109.118
44928.000   5118.000   76.278   109.259
44929.000   5019.000   76.226   109.400
44930.000   4881.000   76.173   109.539
44931.000   5067.000   76.121   109.676
44932.000   5250.000   76.068   109.813
44933.000   5557.000   76.016   109.949
44934.000   5948.000   75.963   110.084
44935.000   6244.000   75.910   110.218
44936.000   6206.000   75.857   110.351
44937.000   6541.000   75.804   110.482
44938.000   6254.000   75.751   110.613
44939.000   6206.000   75.698   110.743
44940.000   6471.000   75.645   110.872
44941.000   6974.000   75.591   111.000
44942.000   6591.000   75.538   111.127
44943.000   6569.000   75.484   111.253
44944.000   6800.000   75.431   111.378
44945.000   7150.000   75.377   111.502
44946.000   8077.000   75.324   111.625
44947.000   7905.000   75.270   111.747
44948.000   7907.000   75.216   111.869
44949.000   8067.000   75.162   111.989
44950.000   8138.000   75.108   112.109
44951.000   8183.000   75.054   112.227
44952.000   8399.000   75.000   112.345
44953.000   8555.000   74.946   112.462
44954.000   8811.000   74.892   112.578
44955.000   9020.000   74.838   112.694
44956.000   9120.000   74.783   112.808
44957.000   8041.000   74.729   112.922
44958.000   7084.000   74.674   113.035
44959.000   7265.000   74.620   113.147
44960.000   7354.000   74.565   113.258
44961.000   7340.000   74.511   113.369
44962.000   7490.000   74.456   113.478
44963.000   7873.000   74.401   113.587
44964.000   8181.000   74.347   113.695
44965.000   8487.000   74.292   113.803
44966.000   8203.000   74.237   113.909
44967.000   8250.000   74.182   114.015
44968.000   8049.000   74.127   114.120
44969.000   9121.000   74.072   114.224
44970.000   9606.000   74.017   114.328
44971.000   12343.000   73.961   114.431
44972.000   11449.000   73.906   114.533
44973.000   9332.000   73.851   114.635
44974.000   9988.000   73.796   114.735
44975.000   11519.000   73.740   114.836
44976.000   9757.000   73.685   114.935
44977.000   9014.000   73.629   115.034
44978.000   8972.000   73.574   115.132
44979.000   9458.000   73.518   115.229
44980.000   9993.000   73.462   115.326
44981.000   10274.000   73.407   115.422
44982.000   10318.000   73.351   115.517
44983.000   10467.000   73.295   115.612
44984.000   10769.000   73.239   115.706
44985.000   10769.000   73.183   115.800
44986.000   11071.000   73.128   115.892
44987.000   10905.000   73.072   115.985
44988.000   10482.000   73.016   116.076
44989.000   10732.000   72.960   116.167
44990.000   10649.000   72.903   116.258
44991.000   10447.000   72.847   116.347
44992.000   10644.000   72.791   116.437
44993.000   10375.000   72.735   116.525
44994.000   10171.000   72.679   116.613
44995.000   10147.000   72.622   116.701
44996.000   10000.000   72.566   116.788
44997.000   10248.000   72.509   116.874
44998.000   10117.000   72.453   116.960
44999.000   10125.000   72.397   117.045
45000.000   10285.000   72.340   117.129
45001.000   10166.000   72.283   117.214
45002.000   10091.000   72.227   117.297
45003.000   10554.000   72.170   117.380
45004.000   10691.000   72.114   117.463
45005.000   10837.000   72.057   117.544
45006.000   11221.000   72.000   117.626
45007.000   11222.000   71.943   117.707
45008.000   11292.000   71.886   117.787
45009.000   11326.000   71.830   117.867
45010.000   11353.000   71.773   117.946
45011.000   11830.000   71.716   118.025
45012.000   12072.000   71.659   118.104
45013.000   12660.000   71.602   118.181
45014.000   12751.000   71.545   118.259
45015.000   13132.000   71.488   118.336
45016.000   13384.000   71.430   118.412
45017.000   13342.000   71.373   118.488
45018.000   13796.000   71.316   118.563
45019.000   13832.000   71.259   118.638
45020.000   13948.000   71.202   118.713
45021.000   13955.000   71.144   118.787
45022.000   14209.000   71.087   118.861
45023.000   14617.000   71.030   118.934
45024.000   14549.000   70.972   119.007
45025.000   14711.000   70.915   119.079
45026.000   14997.000   70.857   119.151
45027.000   15897.000   70.800   119.222
45028.000   15776.000   70.742   119.293
45029.000   15894.000   70.685   119.363
45030.000   16849.000   70.627   119.434
45031.000   16608.000   70.570   119.503
45032.000   16820.000   70.512   119.572
45033.000   16666.000   70.454   119.641
45034.000   16806.000   70.397   119.710
45035.000   17377.000   70.339   119.778
45036.000   16766.000   70.281   119.845
45037.000   16867.000   70.224   119.913
45038.000   17007.000   70.166   119.979
45039.000   17898.000   70.108   120.046
45040.000   17096.000   70.050   120.112
45041.000   17127.000   69.992   120.177
45042.000   17437.000   69.934   120.243
45043.000   17556.000   69.876   120.307
45044.000   17156.000   69.818   120.372
45045.000   16828.000   69.760   120.436
45046.000   16644.000   69.702   120.500
45047.000   16480.000   69.644   120.563
45048.000   16905.000   69.586   120.626
45049.000   16968.000   69.528   120.689
45050.000   17016.000   69.470   120.751
45051.000   16756.000   69.412   120.813
45052.000   16062.000   69.354   120.874
45053.000   16337.000   69.295   120.936
45054.000   16117.000   69.237   120.996
45055.000   16281.000   69.179   121.057
45056.000   15967.000   69.121   121.117
45057.000   16026.000   69.062   121.177
45058.000   16180.000   69.004   121.236
45059.000   15878.000   68.946   121.296
45060.000   15983.000   68.887   121.354
45061.000   15496.000   68.829   121.413
45062.000   15412.000   68.771   121.471
45063.000   15453.000   68.712   121.529
45064.000   15266.000   68.654   121.586
45065.000   15040.000   68.595   121.643
45066.000   14780.000   68.537   121.700
45067.000   14907.000   68.478   121.757
45068.000   14612.000   68.420   121.813
45069.000   14318.000   68.361   121.869
45070.000   14312.000   68.302   121.924
45071.000   14187.000   68.244   121.980
45072.000   13937.000   68.185   122.035
45073.000   13605.000   68.126   122.089
45074.000   13579.000   68.068   122.144
45075.000   13059.000   68.009   122.198
45076.000   13307.000   67.950   122.252
45077.000   13013.000   67.892   122.305
45078.000   13047.000   67.833   122.358
45079.000   12701.000   67.774   122.411
45080.000   12229.000   67.715   122.464
45081.000   11984.000   67.656   122.516
45082.000   12067.000   67.598   122.568
45083.000   11872.000   67.539   122.620
45084.000   11647.000   67.480   122.672
45085.000   11396.000   67.421   122.723
45086.000   11166.000   67.362   122.774
45087.000   11108.000   67.303   122.825
45088.000   10710.000   67.244   122.875
45089.000   10700.000   67.185   122.925
45090.000   10404.000   67.126   122.975
45091.000   10354.000   67.067   123.025
45092.000   10001.000   67.008   123.074
45093.000   9803.000   66.949   123.123
45094.000   9594.000   66.890   123.172
45095.000   9364.000   66.831   123.221
45096.000   9187.000   66.772   123.269
45097.000   8800.000   66.713   123.317
45098.000   8702.000   66.654   123.365
45099.000   8359.000   66.594   123.413
45100.000   8300.000   66.535   123.460
45101.000   8193.000   66.476   123.507
45102.000   7716.000   66.417   123.554
45103.000   7917.000   66.358   123.601
45104.000   7425.000   66.298   123.647
45105.000   7205.000   66.239   123.693
45106.000   6876.000   66.180   123.739
45107.000   6731.000   66.120   123.785
45108.000   6777.000   66.061   123.830
45109.000   6582.000   66.002   123.875
45110.000   6222.000   65.942   123.920
45111.000   6121.000   65.883   123.965
45112.000   6158.000   65.824   124.010
45113.000   5912.000   65.764   124.054
45114.000   5681.000   65.705   124.098
45115.000   5585.000   65.646   124.142
45116.000   5383.000   65.586   124.185
45117.000   5237.000   65.527   124.229
45118.000   5219.000   65.467   124.272
45119.000   4937.000   65.408   124.315
45120.000   4838.000   65.348   124.358
45121.000   4666.000   65.289   124.400
45122.000   4602.000   65.229   124.443
45123.000   4474.000   65.170   124.485
45124.000   4391.000   65.110   124.527
45125.000   4287.000   65.050   124.569
45126.000   4188.000   64.991   124.610
45127.000   4141.000   64.931   124.651
45128.000   3997.000   64.872   124.693
45129.000   3814.000   64.812   124.734
45130.000   3822.000   64.752   124.774
45131.000   3707.000   64.693   124.815
45132.000   3663.000   64.633   124.855
45133.000   3448.000   64.573   124.895
45134.000   3528.000   64.514   124.935
45135.000   3407.000   64.454   124.975
45136.000   3352.000   64.394   125.015
45137.000   3266.000   64.335   125.054
45138.000   3139.000   64.275   125.093
45139.000   3248.000   64.215   125.132
45140.000   3137.000   64.155   125.171
45141.000   3077.000   64.095   125.210
45142.000   3057.000   64.036   125.248
45143.000   2895.000   63.976   125.286
45144.000   2894.000   63.916   125.324
45145.000   2872.000   63.856   125.362
45146.000   2740.000   63.796   125.400
45147.000   2711.000   63.736   125.437
45148.000   2801.000   63.677   125.475
45149.000   2667.000   63.617   125.512
45150.000   2632.000   63.557   125.549
45151.000   2649.000   63.497   125.586
45152.000   2573.000   63.437   125.623
45153.000   2694.000   63.377   125.659
45154.000   2531.000   63.317   125.695
45155.000   2440.000   63.257   125.732
45156.000   2526.000   63.197   125.768
45157.000   2417.000   63.137   125.803
45158.000   2357.000   63.077   125.839
45159.000   2388.000   63.017   125.875
45160.000   2330.000   62.957   125.910
45161.000   2334.000   62.897   125.945
45162.000   2250.000   62.837   125.980
45163.000   2305.000   62.777   126.015
45164.000   2201.000   62.717   126.050
45165.000   2200.000   62.657   126.084
45166.000   2243.000   62.597   126.119
45167.000   2085.000   62.537   126.153
45168.000   2193.000   62.477   126.187
45169.000   2148.000   62.416   126.221
45170.000   2085.000   62.356   126.255
45171.000   2085.000   62.296   126.288
45172.000   2134.000   62.236   126.322
45173.000   2104.000   62.176   126.355
45174.000   2048.000   62.116   126.388
45175.000   2085.000   62.055   126.421
45176.000   2082.000   61.995   126.454
45177.000   2013.000   61.935   126.487
45178.000   2017.000   61.875   126.519
45179.000   2017.000   61.815   126.552
45180.000   1951.000   61.754   126.584
45181.000   1932.000   61.694   126.616
45182.000   2016.000   61.634   126.648
45183.000   2018.000   61.574   126.680
45184.000   1955.000   61.513   126.712
45185.000   1971.000   61.453   126.744
45186.000   1979.000   61.393   126.775
45187.000   1990.000   61.333   126.806
45188.000   1968.000   61.272   126.838
45189.000   1982.000   61.212   126.869
45190.000   1997.000   61.152   126.899
45191.000   2089.000   61.091   126.930
45192.000   1974.000   61.031   126.961
45193.000   2044.000   60.970   126.991
45194.000   1960.000   60.910   127.022
45195.000   1934.000   60.850   127.052
45196.000   2009.000   60.789   127.082
45197.000   2040.000   60.729   127.112
45198.000   1993.000   60.669   127.142
45199.000   2067.000   60.608   127.172
45200.000   1936.000   60.548   127.201
45201.000   1971.000   60.487   127.231
45202.000   1947.000   60.427   127.260
45203.000   1977.000   60.366   127.290
45204.000   2025.000   60.306   127.319
45205.000   1921.000   60.245   127.348
45206.000   2012.000   60.185   127.376
45207.000   1970.000   60.124   127.405
45208.000   2066.000   60.064   127.434
45209.000   2009.000   60.004   127.462
45210.000   1990.000   59.943   127.491
45211.000   1982.000   59.882   127.519
45212.000   1978.000   59.822   127.547
45213.000   1953.000   59.761   127.575
45214.000   1962.000   59.701   127.603
45215.000   1911.000   59.640   127.631
45216.000   2016.000   59.580   127.659
45217.000   2044.000   59.519   127.686
45218.000   1952.000   59.459   127.714
45219.000   1978.000   59.398   127.741
45220.000   2074.000   59.337   127.768
45221.000   2040.000   59.277   127.795
45222.000   2056.000   59.216   127.822
45223.000   2049.000   59.156   127.849
45224.000   2038.000   59.095   127.876
45225.000   2192.000   59.034   127.903
45226.000   2091.000   58.974   127.929
45227.000   2185.000   58.913   127.956
45228.000   2249.000   58.852   127.982
45229.000   2180.000   58.792   128.008
45230.000   2307.000   58.731   128.035
45231.000   2257.000   58.670   128.061
45232.000   2254.000   58.610   128.087
45233.000   2317.000   58.549   128.112
45234.000   2227.000   58.488   128.138
45235.000   2345.000   58.428   128.164
45236.000   2392.000   58.367   128.189
45237.000   2402.000   58.306   128.215
45238.000   2363.000   58.245   128.240
45239.000   2430.000   58.185   128.265
45240.000   2478.000   58.124   128.290
45241.000   2478.000   58.063   128.315
45242.000   2537.000   58.002   128.340
45243.000   2550.000   57.942   128.365
45244.000   2571.000   57.881   128.390
45245.000   2623.000   57.820   128.414
45246.000   2602.000   57.759   128.439
45247.000   2620.000   57.699   128.463
45248.000   2668.000   57.638   128.488
45249.000   2731.000   57.577   128.512
45250.000   2939.000   57.516   128.536
45251.000   2838.000   57.455   128.560
45252.000   2900.000   57.394   128.584
45253.000   2963.000   57.334   128.608
45254.000   3002.000   57.273   128.632
45255.000   3060.000   57.212   128.655
45256.000   3068.000   57.151   128.679
45257.000   3133.000   57.090   128.703
45258.000   3193.000   57.029   128.726
45259.000   3285.000   56.969   128.749
45260.000   3300.000   56.908   128.773
45261.000   3083.000   56.847   128.796
45262.000   2886.000   56.786   128.819
45263.000   2968.000   56.725   128.842
45264.000   2925.000   56.664   128.865
45265.000   2961.000   56.603   128.887
45266.000   3063.000   56.542   128.910
45267.000   3153.000   56.481   128.933
45268.000   3217.000   56.420   128.955
45269.000   3467.000   56.359   128.978
45270.000   3224.000   56.298   129.000
45271.000   3268.000   56.238   129.022
45272.000   3244.000   56.177   129.044
45273.000   3478.000   56.116   129.067
45274.000   3606.000   56.055   129.089
45275.000   4170.000   55.994   129.111
45276.000   3912.000   55.933   129.132
45277.000   3428.000   55.872   129.154
45278.000   3423.000   55.811   129.176
45279.000   4028.000   55.750   129.198
45280.000   3541.000   55.689   129.219
45281.000   3581.000   55.628   129.241
45282.000   3477.000   55.567   129.262
45283.000   3473.000   55.506   129.283
45284.000   3595.000   55.445   129.304
45285.000   3740.000   55.384   129.326
45286.000   3951.000   55.323   129.347
45287.000   3935.000   55.262   129.368
45288.000   3862.000   55.201   129.389
45289.000   4017.000   55.139   129.409
45290.000   4097.000   55.078   129.430
45291.000   3961.000   55.017   129.451
45292.000   4064.000   54.956   129.471
45293.000   4052.000   54.895   129.492
45294.000   4135.000   54.834   129.512
45295.000   4104.000   54.773   129.533
45296.000   3946.000   54.712   129.553
45297.000   4008.000   54.651   129.573
45298.000   3839.000   54.590   129.593
45299.000   3898.000   54.529   129.614
45300.000   3928.000   54.467   129.634
45301.000   3887.000   54.406   129.654
45302.000   4052.000   54.345   129.673
45303.000   3866.000   54.284   129.693
45304.000   4019.000   54.223   129.713
45305.000   3970.000   54.162   129.733
45306.000   3964.000   54.101   129.752
45307.000   4015.000   54.040   129.772
45308.000   4116.000   53.978   129.791
45309.000   4188.000   53.917   129.811
45310.000   4312.000   53.856   129.830
45311.000   4459.000   53.795   129.849
45312.000   4371.000   53.734   129.868
45313.000   4369.000   53.673   129.887
45314.000   4417.000   53.611   129.906
45315.000   4496.000   53.550   129.925
45316.000   4776.000   53.489   129.944
45317.000   4770.000   53.428   129.963
45318.000   4948.000   53.367   129.982
45319.000   4975.000   53.305   130.001
45320.000   5129.000   53.244   130.019
45321.000   5067.000   53.183   130.038
45322.000   5144.000   53.122   130.056
45323.000   5102.000   53.060   130.075
45324.000   5173.000   52.999   130.093
45325.000   5275.000   52.938   130.111
45326.000   5323.000   52.877   130.130
45327.000   5316.000   52.815   130.148
45328.000   5406.000   52.754   130.166
45329.000   5485.000   52.693   130.184
45330.000   5647.000   52.632   130.202
45331.000   5890.000   52.570   130.220
45332.000   5690.000   52.509   130.238
45333.000   5906.000   52.448   130.256
45334.000   5892.000   52.387   130.274
45335.000   6042.000   52.325   130.291
45336.000   5879.000   52.264   130.309
45337.000   5741.000   52.203   130.326
45338.000   5946.000   52.141   130.344
45339.000   6227.000   52.080   130.361
45340.000   5835.000   52.019   130.379
45341.000   5995.000   51.958   130.396
45342.000   5797.000   51.896   130.413
45343.000   6059.000   51.835   130.431
45344.000   5904.000   51.774   130.448
45345.000   5889.000   51.712   130.465
45346.000   5956.000   51.651   130.482
45347.000   6025.000   51.590   130.499
45348.000   5685.000   51.528   130.516
45349.000   5760.000   51.467   130.533
45350.000   5484.000   51.406   130.550
45351.000   5548.000   51.344   130.566
45352.000   5473.000   51.283   130.583
45353.000   5714.000   51.221   130.600
45354.000   5476.000   51.160   130.616
45355.000   5461.000   51.099   130.633
45356.000   5181.000   51.037   130.649
45357.000   5175.000   50.976   130.666
45358.000   5228.000   50.915   130.682
45359.000   5203.000   50.853   130.699
45840.000   1012.000   21.040   135.070
45841.000   1030.000   20.977   135.075
45842.000   1036.000   20.915   135.081
45843.000   1063.000   20.853   135.086
45844.000   1026.000   20.790   135.091
45845.000   1022.000   20.728   135.096
45846.000   1021.000   20.666   135.101
45847.000   1029.000   20.603   135.106
45848.000   1069.000   20.541   135.112
45849.000   1091.000   20.479   135.117
45850.000   972.000   20.416   135.122
45851.000   1042.000   20.354   135.127
45852.000   1013.000   20.292   135.132
45853.000   1057.000   20.229   135.137
45854.000   1017.000   20.167   135.142
45855.000   1090.000   20.105   135.147
45856.000   1109.000   20.042   135.153
45857.000   997.000   19.980   135.158
45858.000   1012.000   19.918   135.163
45859.000   1082.000   19.855   135.168
45860.000   1056.000   19.793   135.173
45861.000   1052.000   19.731   135.178
45862.000   1047.000   19.668   135.183
45863.000   1050.000   19.606   135.188
45864.000   1065.000   19.544   135.193
45865.000   945.000   19.481   135.198
45866.000   1096.000   19.419   135.203
45867.000   1037.000   19.357   135.208
45868.000   1013.000   19.294   135.213
45869.000   1037.000   19.232   135.218
45870.000   1095.000   19.170   135.223
45871.000   1075.000   19.107   135.228
45872.000   1058.000   19.045   135.233
45873.000   996.000   18.983   135.238
45874.000   1092.000   18.920   135.243
45875.000   969.000   18.858   135.248
45876.000   1014.000   18.796   135.253
45877.000   1087.000   18.733   135.258
45878.000   1065.000   18.671   135.263
45879.000   1021.000   18.609   135.268
45880.000   969.000   18.546   135.273
45881.000   1078.000   18.484   135.278
45882.000   1024.000   18.421   135.283
45883.000   1022.000   18.359   135.288
45884.000   1026.000   18.297   135.292
45885.000   1017.000   18.234   135.297
45886.000   1026.000   18.172   135.302
45887.000   1025.000   18.110   135.307
45888.000   1027.000   18.047   135.312
45889.000   1052.000   17.985   135.317
45890.000   1078.000   17.923   135.322
45891.000   1021.000   17.860   135.327
45892.000   993.000   17.798   135.331
45893.000   1020.000   17.736   135.336
45894.000   1007.000   17.673   135.341
45895.000   1041.000   17.611   135.346
45896.000   1077.000   17.548   135.351
45897.000   1069.000   17.486   135.356
45898.000   1082.000   17.424   135.360
45899.000   1014.000   17.361   135.365
45900.000   1057.000   17.299   135.370
45901.000   1096.000   17.237   135.375
45902.000   1040.000   17.174   135.380
45903.000   1012.000   17.112   135.384
45904.000   1010.000   17.050   135.389
45905.000   1057.000   16.987   135.394
45906.000   1069.000   16.925   135.399
45907.000   1003.000   16.862   135.404
45908.000   1038.000   16.800   135.408
45909.000   1050.000   16.738   135.413
45910.000   1024.000   16.675   135.418
45911.000   1103.000   16.613   135.423
45912.000   1034.000   16.551   135.427
45913.000   1097.000   16.488   135.432
45914.000   1042.000   16.426   135.437
45915.000   1049.000   16.363   135.441
45916.000   1082.000   16.301   135.446
45917.000   1101.000   16.239   135.451
45918.000   988.000   16.176   135.456
45919.000   1032.000   16.114   135.460
45920.000   1067.000   16.052   135.465
45921.000   1110.000   15.989   135.470
45922.000   1006.000   15.927   135.474
45923.000   1037.000   15.864   135.479
45924.000   1034.000   15.802   135.484
45925.000   1048.000   15.740   135.488
45926.000   1050.000   15.677   135.493
45927.000   1078.000   15.615   135.498
45928.000   1020.000   15.553   135.502
45929.000   1089.000   15.490   135.507
45930.000   1114.000   15.428   135.511
45931.000   1023.000   15.365   135.516
45932.000   1054.000   15.303   135.521
45933.000   1063.000   15.241   135.525
45934.000   1109.000   15.178   135.530
45935.000   1174.000   15.116   135.535
45936.000   1151.000   15.054   135.539
45937.000   1039.000   14.991   135.544
45938.000   1112.000   14.929   135.548
45939.000   974.000   14.866   135.553
45940.000   994.000   14.804   135.558
45941.000   991.000   14.742   135.562
45942.000   1062.000   14.679   135.567
45943.000   1003.000   14.617   135.571
45944.000   1025.000   14.554   135.576
45945.000   1050.000   14.492   135.580
45946.000   1067.000   14.430   135.585
45947.000   1053.000   14.367   135.589
45948.000   987.000   14.305   135.594
45949.000   1033.000   14.243   135.599
45950.000   1053.000   14.180   135.603
45951.000   1070.000   14.118   135.608
45952.000   1071.000   14.055   135.612
45953.000   1044.000   13.993   135.617
45954.000   1067.000   13.931   135.621
45955.000   1040.000   13.868   135.626
45956.000   1029.000   13.806   135.630
45957.000   1004.000   13.743   135.635
45958.000   987.000   13.681   135.639
45959.000   1041.000   13.619   135.644
45960.000   1008.000   13.556   135.648
45961.000   1027.000   13.494   135.653
45962.000   982.000   13.431   135.657
45963.000   1042.000   13.369   135.662
45964.000   1080.000   13.307   135.666
45965.000   1022.000   13.244   135.670
45966.000   1017.000   13.182   135.675
45967.000   1049.000   13.120   135.679
45968.000   970.000   13.057   135.684
45969.000   1050.000   12.995   135.688
45970.000   1005.000   12.932   135.693
45971.000   995.000   12.870   135.697
45972.000   1091.000   12.808   135.702
45973.000   1047.000   12.745   135.706
45974.000   1081.000   12.683   135.710
45975.000   1004.000   12.620   135.715
45976.000   1042.000   12.558   135.719
45977.000   1031.000   12.496   135.724
45978.000   1087.000   12.433   135.728
45979.000   1004.000   12.371   135.732
45980.000   1011.000   12.308   135.737
45981.000   1048.000   12.246   135.741
45982.000   1020.000   12.184   135.746
45983.000   1064.000   12.121   135.750
45984.000   1019.000   12.059   135.754
45985.000   1033.000   11.996   135.759
45986.000   1057.000   11.934   135.763
45987.000   969.000   11.872   135.768
45988.000   1074.000   11.809   135.772
45989.000   1050.000   11.747   135.776
45990.000   979.000   11.684   135.781
45991.000   1114.000   11.622   135.785
45992.000   1033.000   11.560   135.789
45993.000   977.000   11.497   135.794
45994.000   1057.000   11.435   135.798
45995.000   967.000   11.372   135.802
45996.000   995.000   11.310   135.807
45997.000   1043.000   11.248   135.811
45998.000   1067.000   11.185   135.815
45999.000   1032.000   11.123   135.820
46000.000   1053.000   11.060   135.824
46001.000   1046.000   10.998   135.828
46002.000   1010.000   10.936   135.833
46003.000   1021.000   10.873   135.837
46004.000   1093.000   10.811   135.841
46005.000   1013.000   10.748   135.846
46006.000   994.000   10.686   135.850
46007.000   1125.000   10.624   135.854
46008.000   1002.000   10.561   135.858
46009.000   1017.000   10.499   135.863
46010.000   973.000   10.436   135.867
46011.000   1075.000   10.374   135.871
46012.000   1052.000   10.312   135.876
46013.000   1006.000   10.249   135.880
46014.000   1035.000   10.187   135.884
46015.000   1067.000   10.124   135.888
46016.000   1061.000   10.062   135.893
46017.000   1029.000   10.000   135.897
46018.000   1004.000   09.937   135.901
46019.000   1052.000   09.875   135.905
46020.000   1005.000   09.812   135.910
46021.000   1052.000   09.750   135.914
46022.000   1055.000   09.688   135.918
46023.000   1028.000   09.625   135.922
46024.000   1041.000   09.563   135.927
46025.000   1025.000   09.500   135.931
46026.000   1049.000   09.438   135.935
46027.000   980.000   09.376   135.939
46028.000   1074.000   09.313   135.944
46029.000   1045.000   09.251   135.948
46030.000   1041.000   09.188   135.952
46031.000   1060.000   09.126   135.956
46032.000   997.000   09.064   135.960
46033.000   1114.000   09.001   135.965
46034.000   1029.000   08.939   135.969
46035.000   1017.000   08.876   135.973
46036.000   1114.000   08.814   135.977
46037.000   1030.000   08.752   135.982
46038.000   1053.000   08.689   135.986
46039.000   1106.000   08.627   135.990
46040.000   1038.000   08.564   135.994
46041.000   1063.000   08.502   135.998
46042.000   1038.000   08.439   136.002
46043.000   1124.000   08.377   136.007
46044.000   990.000   08.315   136.011
46045.000   1060.000   08.252   136.015
46046.000   1063.000   08.190   136.019
46047.000   1039.000   08.127   136.023
46048.000   1074.000   08.065   136.028
46049.000   1044.000   08.003   136.032
46050.000   1083.000   07.940   136.036
46051.000   1040.000   07.878   136.040
46052.000   1089.000   07.815   136.044
46053.000   988.000   07.753   136.048
46054.000   1082.000   07.691   136.053
46055.000   991.000   07.628   136.057
46056.000   1010.000   07.566   136.061
46057.000   993.000   07.503   136.065
46058.000   1007.000   07.441   136.069
46059.000   1043.000   07.379   136.073
46060.000   1040.000   07.316   136.077
46061.000   1033.000   07.254   136.082
46062.000   1006.000   07.191   136.086
46063.000   1009.000   07.129   136.090
46064.000   1034.000   07.067   136.094
46065.000   1010.000   07.004   136.098
46066.000   1117.000   06.942   136.102
46067.000   1012.000   06.879   136.106
46068.000   998.000   06.817   136.110
46069.000   1042.000   06.754   136.115
46070.000   1077.000   06.692   136.119
46071.000   1001.000   06.630   136.123
46072.000   968.000   06.567   136.127
46073.000   1064.000   06.505   136.131
46074.000   1025.000   06.442   136.135
46075.000   1077.000   06.380   136.139
46076.000   1055.000   06.318   136.143
46077.000   998.000   06.255   136.147
46078.000   1064.000   06.193   136.152
46079.000   1023.000   06.130   136.156
46080.000   1047.000   06.068   136.160
46081.000   1080.000   06.006   136.164
46082.000   996.000   05.943   136.168
46083.000   1012.000   05.881   136.172
46084.000   1050.000   05.818   136.176
46085.000   1015.000   05.756   136.180
46086.000   1066.000   05.694   136.184
46087.000   1070.000   05.631   136.188
46088.000   1097.000   05.569   136.192
46089.000   1031.000   05.506   136.197
46090.000   1018.000   05.444   136.201
46091.000   1071.000   05.382   136.205
46092.000   1028.000   05.319   136.209
46093.000   1061.000   05.257   136.213
46094.000   1005.000   05.194   136.217
46095.000   1028.000   05.132   136.221
46096.000   1052.000   05.070   136.225
46097.000   1064.000   05.007   136.229
46098.000   1028.000   04.945   136.233
46099.000   1019.000   04.882   136.237
46100.000   1042.000   04.820   136.241
46101.000   1013.000   04.757   136.245
46102.000   1038.000   04.695   136.249
46103.000   1056.000   04.633   136.254
46104.000   998.000   04.570   136.258
46105.000   1038.000   04.508   136.262
46106.000   1043.000   04.445   136.266
46107.000   1042.000   04.383   136.270
46108.000   1046.000   04.321   136.274
46109.000   1102.000   04.258   136.278
46110.000   1035.000   04.196   136.282
46111.000   1021.000   04.133   136.286
46112.000   1052.000   04.071   136.290
46113.000   1019.000   04.009   136.294
46114.000   1053.000   03.946   136.298
46115.000   1017.000   03.884   136.302
46116.000   1038.000   03.821   136.306
46117.000   1074.000   03.759   136.310
46118.000   1029.000   03.697   136.314
46119.000   1029.000   03.634   136.318
46120.000   1048.000   03.572   136.322
46121.000   1021.000   03.509   136.326
46122.000   1018.000   03.447   136.330
46123.000   1041.000   03.385   136.334
46124.000   1042.000   03.322   136.338
46125.000   1051.000   03.260   136.342
46126.000   1021.000   03.197   136.347
46127.000   1041.000   03.135   136.351
46128.000   994.000   03.073   136.355
46129.000   1030.000   03.010   136.359
46130.000   1048.000   02.948   136.363
46131.000   1030.000   02.885   136.367
46132.000   1048.000   02.823   136.371
46133.000   1027.000   02.761   136.375
46134.000   1040.000   02.698   136.379
46135.000   1066.000   02.636   136.383
46136.000   1030.000   02.573   136.387
46137.000   1023.000   02.511   136.391
46138.000   996.000   02.449   136.395
46139.000   1028.000   02.386   136.399
46140.000   1013.000   02.324   136.403
46141.000   1039.000   02.261   136.407
46142.000   1024.000   02.199   136.411
46143.000   1028.000   02.137   136.415
46144.000   1012.000   02.074   136.419
46145.000   1038.000   02.012   136.423
46146.000   1043.000   01.949   136.427
46147.000   981.000   01.887   136.431
46148.000   1070.000   01.825   136.435
46149.000   1033.000   01.762   136.439
46150.000   1014.000   01.700   136.443
46151.000   1000.000   01.637   136.447
46152.000   1047.000   01.575   136.451
46153.000   1029.000   01.513   136.455
46154.000   1047.000   01.450   136.459
46155.000   1036.000   01.388   136.463
46156.000   1047.000   01.325   136.467
46157.000   1029.000   01.263   136.471
46158.000   1028.000   01.201   136.475
46159.000   1006.000   01.138   136.479
46160.000   1044.000   01.076   136.483
46161.000   1063.000   01.013   136.487
46162.000   1094.000   00.951   136.491
46163.000   1015.000   00.889   136.495
46164.000   1037.000   00.826   136.499
46165.000   1030.000   00.764   136.503
46166.000   1053.000   00.702   136.507
46167.000   1006.000   00.639   136.511
46168.000   999.000   00.577   136.515
46169.000   1026.000   00.514   136.519
46170.000   1016.000   00.452   136.523
46171.000   1021.000   00.390   136.527
46172.000   1105.000   00.327   136.531
46173.000   996.000   00.265   136.535
46174.000   1023.000   00.202   136.539
46175.000   1051.000   00.140   136.543
46176.000   1083.000   00.078   136.547
46177.000   970.000   00.015   136.551
46178.000   1013.000   -0.047   136.555
46179.000   1025.000   -0.110   136.559
46180.000   1066.000   -0.172   136.563
46181.000   999.000   -0.234   136.567
46182.000   1014.000   -0.297   136.571
46183.000   1033.000   -0.359   136.575
46184.000   1114.000   -0.421   136.579
46185.000   1043.000   -0.484   136.583
46186.000   968.000   -0.546   136.587
46187.000   1008.000   -0.609   136.591
46188.000   1008.000   -0.671   136.595
46189.000   1045.000   -0.733   136.599
46190.000   1039.000   -0.796   136.603
46191.000   1056.000   -0.858   136.607
46192.000   1045.000   -0.921   136.611
46193.000   1036.000   -0.983   136.615
46194.000   1056.000   -1.045   136.619
46195.000   983.000   -1.108   136.623
46196.000   1043.000   -1.170   136.627
46197.000   1026.000   -1.232   136.631
46198.000   981.000   -1.295   136.635
46199.000   1054.000   -1.357   136.639
46200.000   1039.000   -1.420   136.643
46201.000   1043.000   -1.482   136.647
46202.000   1050.000   -1.544   136.651
46203.000   1083.000   -1.607   136.655
46204.000   1074.000   -1.669   136.659
46205.000   1046.000   -1.732   136.663
46206.000   1052.000   -1.794   136.667
46207.000   997.000   -1.856   136.671
46208.000   1031.000   -1.919   136.675
46209.000   1073.000   -1.981   136.679
46210.000   1067.000   -2.043   136.683
46211.000   1038.000   -2.106   136.687
46212.000   1014.000   -2.168   136.691
46213.000   1053.000   -2.231   136.695
46214.000   1018.000   -2.293   136.699
46215.000   964.000   -2.355   136.703
46216.000   1073.000   -2.418   136.707
46217.000   1004.000   -2.480   136.711
46218.000   1051.000   -2.542   136.715
46219.000   1010.000   -2.605   136.719
46220.000   1074.000   -2.667   136.723
46221.000   1045.000   -2.730   136.727
46222.000   1010.000   -2.792   136.731
46223.000   1057.000   -2.854   136.735
46224.000   1079.000   -2.917   136.739
46225.000   1017.000   -2.979   136.743
46226.000   1018.000   -3.041   136.748
46227.000   1075.000   -3.104   136.752
46228.000   984.000   -3.166   136.756
46229.000   1007.000   -3.228   136.760
46230.000   1088.000   -3.291   136.764
46231.000   1009.000   -3.353   136.768
46232.000   1032.000   -3.416   136.772
46233.000   1027.000   -3.478   136.776
46234.000   977.000   -3.540   136.780
46235.000   1041.000   -3.603   136.784
46236.000   1032.000   -3.665   136.788
46237.000   1039.000   -3.727   136.792
46238.000   1040.000   -3.790   136.796
46239.000   1006.000   -3.852   136.800
46240.000   1039.000   -3.914   136.804
46241.000   1030.000   -3.977   136.808
46242.000   1018.000   -4.039   136.812
46243.000   1041.000   -4.102   136.816
46244.000   1048.000   -4.164   136.820
46245.000   1030.000   -4.226   136.824
46246.000   1032.000   -4.289   136.828
46247.000   1110.000   -4.351   136.832
46248.000   1009.000   -4.413   136.836
46249.000   1054.000   -4.476   136.840
46250.000   1079.000   -4.538   136.844
46251.000   1044.000   -4.600   136.848
46252.000   1056.000   -4.663   136.852
46253.000   1085.000   -4.725   136.856
46254.000   1019.000   -4.787   136.861
46255.000   1021.000   -4.850   136.865
46256.000   1061.000   -4.912   136.869
46257.000   1026.000   -4.975   136.873
46258.000   1072.000   -5.037   136.877
46259.000   1027.000   -5.099   136.881
46260.000   1005.000   -5.162   136.885
46261.000   1036.000   -5.224   136.889
46262.000   1061.000   -5.286   136.893
46263.000   1070.000   -5.349   136.897
46264.000   1057.000   -5.411   136.901
46265.000   1043.000   -5.473   136.905
46266.000   961.000   -5.536   136.909
46267.000   1048.000   -5.598   136.913
46268.000   1056.000   -5.660   136.917
46269.000   1059.000   -5.723   136.922
46270.000   1041.000   -5.785   136.926
46271.000   1082.000   -5.847   136.930
46272.000   1037.000   -5.910   136.934
46273.000   1037.000   -5.972   136.938
46274.000   1076.000   -6.034   136.942
46275.000   1046.000   -6.097   136.946
46276.000   1097.000   -6.159   136.950
46277.000   976.000   -6.221   136.954
46278.000   1035.000   -6.284   136.958
46279.000   1068.000   -6.346   136.962
46280.000   1006.000   -6.408   136.967
46281.000   994.000   -6.471   136.971
46282.000   1031.000   -6.533   136.975
46283.000   1013.000   -6.595   136.979
46284.000   1030.000   -6.658   136.983
46285.000   1066.000   -6.720   136.987
46286.000   1049.000   -6.782   136.991
46287.000   1087.000   -6.845   136.995
46288.000   1007.000   -6.907   136.999
46289.000   1017.000   -6.969   137.004
46290.000   1087.000   -7.032   137.008
46291.000   1130.000   -7.094   137.012
46292.000   1074.000   -7.156   137.016
46293.000   1084.000   -7.219   137.020
46294.000   1082.000   -7.281   137.024
46295.000   1055.000   -7.343   137.028
46296.000   1043.000   -7.406   137.032
46297.000   1046.000   -7.468   137.037
46298.000   1022.000   -7.530   137.041
46299.000   1041.000   -7.593   137.045
46300.000   1010.000   -7.655   137.049
46301.000   1043.000   -7.717   137.053
46302.000   967.000   -7.780   137.057
46303.000   999.000   -7.842   137.061
46304.000   1035.000   -7.904   137.066
46305.000   1052.000   -7.967   137.070
46306.000   1019.000   -8.029   137.074
46307.000   1060.000   -8.091   137.078
46308.000   982.000   -8.154   137.082
46309.000   1068.000   -8.216   137.086
46310.000   1079.000   -8.278   137.090
46311.000   1098.000   -8.341   137.095
46312.000   1071.000   -8.403   137.099
46313.000   1107.000   -8.465   137.103
46314.000   1057.000   -8.528   137.107
46315.000   1059.000   -8.590   137.111
46316.000   1084.000   -8.652   137.116
46317.000   1068.000   -8.715   137.120
46318.000   1044.000   -8.777   137.124
46319.000   996.000   -8.839   137.128
46320.000   1030.000   -8.901   137.132
46321.000   1040.000   -8.964   137.136
46322.000   1002.000   -9.026   137.141
46323.000   1015.000   -9.088   137.145
46324.000   1083.000   -9.151   137.149
46325.000   1121.000   -9.213   137.153
46326.000   1056.000   -9.275   137.157
46327.000   1004.000   -9.338   137.162
46328.000   1039.000   -9.400   137.166
46329.000   1017.000   -9.462   137.170
46330.000   987.000   -9.524   137.174
46331.000   1064.000   -9.587   137.179
46332.000   1049.000   -9.649   137.183
46333.000   978.000   -9.711   137.187
46334.000   1047.000   -9.774   137.191
46335.000   1043.000   -9.836   137.196
46336.000   1049.000   -9.898   137.200
46337.000   1029.000   -9.961   137.204
46338.000   1045.000   -10.023   137.208
46339.000   1069.000   -10.085   137.212
46340.000   1075.000   -10.147   137.217
46341.000   1067.000   -10.210   137.221
46342.000   1075.000   -10.272   137.225
46343.000   994.000   -10.334   137.230
46344.000   1047.000   -10.397   137.234
46345.000   976.000   -10.459   137.238
46346.000   1058.000   -10.521   137.242
46347.000   1037.000   -10.584   137.247
46348.000   1029.000   -10.646   137.251
46349.000   1048.000   -10.708   137.255
46350.000   1048.000   -10.770   137.259
46351.000   1012.000   -10.833   137.264
46352.000   1079.000   -10.895   137.268
46353.000   1008.000   -10.957   137.272
46354.000   1060.000   -11.020   137.277
46355.000   1050.000   -11.082   137.281
46356.000   1045.000   -11.144   137.285
46357.000   1071.000   -11.206   137.290
46358.000   1044.000   -11.269   137.294
46359.000   1042.000   -11.331   137.298
46360.000   1051.000   -11.393   137.302
46361.000   1065.000   -11.455   137.307
46362.000   1067.000   -11.518   137.311
46363.000   1026.000   -11.580   137.315
46364.000   1089.000   -11.642   137.320
46365.000   1103.000   -11.705   137.324
46366.000   1041.000   -11.767   137.328
46367.000   1074.000   -11.829   137.333
46368.000   1003.000   -11.891   137.337
46369.000   1039.000   -11.954   137.342
46370.000   1036.000   -12.016   137.346
46371.000   1072.000   -12.078   137.350
46372.000   1069.000   -12.140   137.355
46373.000   1086.000   -12.203   137.359
46374.000   1051.000   -12.265   137.363
46375.000   1073.000   -12.327   137.368
46376.000   1050.000   -12.390   137.372
46377.000   1088.000   -12.452   137.377
46378.000   993.000   -12.514   137.381
46379.000   1062.000   -12.576   137.385
46380.000   1088.000   -12.639   137.390
46381.000   1022.000   -12.701   137.394
46382.000   1074.000   -12.763   137.398
46383.000   1064.000   -12.825   137.403
46384.000   1150.000   -12.888   137.407
46385.000   1028.000   -12.950   137.412
46386.000   1104.000   -13.012   137.416
46387.000   1075.000   -13.074   137.421
46388.000   1041.000   -13.137   137.425
46389.000   1099.000   -13.199   137.429
46390.000   1126.000   -13.261   137.434
46391.000   1104.000   -13.323   137.438
46392.000   1093.000   -13.386   137.443
46393.000   1040.000   -13.448   137.447
46394.000   1085.000   -13.510   137.452
46395.000   1008.000   -13.572   137.456
46396.000   1037.000   -13.635   137.461
46397.000   1096.000   -13.697   137.465
46398.000   1100.000   -13.759   137.470
46399.000   1067.000   -13.821   137.474
46400.000   1085.000   -13.884   137.479
46401.000   1095.000   -13.946   137.483
46402.000   1084.000   -14.008   137.488
46403.000   1070.000   -14.070   137.492
46404.000   1095.000   -14.132   137.497
46405.000   1082.000   -14.195   137.501
46406.000   1118.000   -14.257   137.506
46407.000   1041.000   -14.319   137.510
46408.000   1064.000   -14.381   137.515
46409.000   1054.000   -14.444   137.519
46410.000   1096.000   -14.506   137.524
46411.000   1079.000   -14.568   137.528
46412.000   1073.000   -14.630   137.533
46413.000   1088.000   -14.693   137.537
46414.000   1119.000   -14.755   137.542
46415.000   1056.000   -14.817   137.546
46416.000   1082.000   -14.879   137.551
46417.000   1071.000   -14.941   137.555
46418.000   1120.000   -15.004   137.560
46419.000   1045.000   -15.066   137.565
46420.000   1036.000   -15.128   137.569
46421.000   1068.000   -15.190   137.574
46422.000   1035.000   -15.253   137.578
46423.000   1067.000   -15.315   137.583
46424.000   1074.000   -15.377   137.588
46425.000   1098.000   -15.439   137.592
46426.000   1136.000   -15.501   137.597
46427.000   1100.000   -15.564   137.601
46428.000   1099.000   -15.626   137.606
46429.000   1089.000   -15.688   137.611
46430.000   1088.000   -15.750   137.615
46431.000   1062.000   -15.812   137.620
46432.000   1127.000   -15.875   137.625
46433.000   1083.000   -15.937   137.629
46434.000   1105.000   -15.999   137.634
46435.000   1089.000   -16.061   137.639
46436.000   1085.000   -16.124   137.643
46437.000   1075.000   -16.186   137.648
46438.000   1149.000   -16.248   137.653
46439.000   1099.000   -16.310   137.657
46440.000   1091.000   -16.372   137.662
46441.000   1074.000   -16.435   137.667
46442.000   1143.000   -16.497   137.671
46443.000   1099.000   -16.559   137.676
46444.000   1125.000   -16.621   137.681
46445.000   1099.000   -16.683   137.685
46446.000   1107.000   -16.745   137.690
46447.000   1104.000   -16.808   137.695
46448.000   1176.000   -16.870   137.700
46449.000   1084.000   -16.932   137.704
46450.000   1151.000   -16.994   137.709
46451.000   1106.000   -17.056   137.714
46452.000   1151.000   -17.119   137.719
46453.000   1084.000   -17.181   137.723
46454.000   1120.000   -17.243   137.728
46455.000   1060.000   -17.305   137.733
46456.000   1134.000   -17.367   137.738
46457.000   1119.000   -17.430   137.742
46458.000   1050.000   -17.492   137.747
46459.000   1140.000   -17.554   137.752
46460.000   1055.000   -17.616   137.757
46461.000   1072.000   -17.678   137.762
46462.000   1113.000   -17.740   137.766
46463.000   1097.000   -17.803   137.771
46464.000   1095.000   -17.865   137.776
46465.000   1093.000   -17.927   137.781
46466.000   1108.000   -17.989   137.786
46467.000   1113.000   -18.051   137.791
46468.000   1103.000   -18.113   137.795
46469.000   1120.000   -18.176   137.800
46470.000   1117.000   -18.238   137.805
46471.000   1141.000   -18.300   137.810
46472.000   1117.000   -18.362   137.815
46473.000   1110.000   -18.424   137.820
46474.000   1154.000   -18.486   137.825
46475.000   1076.000   -18.549   137.830
46476.000   1148.000   -18.611   137.834
46477.000   1121.000   -18.673   137.839
46478.000   1131.000   -18.735   137.844
46479.000   1118.000   -18.797   137.849
46480.000   1111.000   -18.859   137.854
46481.000   1070.000   -18.921   137.859
46482.000   1125.000   -18.984   137.864
46483.000   1190.000   -19.046   137.869
46484.000   1132.000   -19.108   137.874
46485.000   1148.000   -19.170   137.879
46486.000   1126.000   -19.232   137.884
46487.000   1088.000   -19.294   137.889
46488.000   1093.000   -19.356   137.894
46489.000   1163.000   -19.419   137.899
46490.000   1068.000   -19.481   137.904
46491.000   1110.000   -19.543   137.909
46492.000   1072.000   -19.605   137.914
46493.000   1152.000   -19.667   137.919
46494.000   1146.000   -19.729   137.924
46495.000   1163.000   -19.791   137.929
46496.000   1053.000   -19.854   137.934
46497.000   1102.000   -19.916   137.939
46498.000   1074.000   -19.978   137.944
46499.000   1134.000   -20.040   137.949
46500.000   1186.000   -20.102   137.954
46501.000   1125.000   -20.164   137.959
46502.000   1153.000   -20.226   137.964
46503.000   1110.000   -20.288   137.969
46504.000   1123.000   -20.351   137.974
46505.000   1145.000   -20.413   137.980
46506.000   1142.000   -20.475   137.985
46507.000   1088.000   -20.537   137.990
46508.000   1131.000   -20.599   137.995
46509.000   1179.000   -20.661   138.000
46510.000   1139.000   -20.723   138.005
46511.000   1165.000   -20.785   138.010
46512.000   1150.000   -20.847   138.016
46513.000   1115.000   -20.910   138.021
46514.000   1075.000   -20.972   138.026
46515.000   1112.000   -21.034   138.031
46516.000   1164.000   -21.096   138.036
46517.000   1187.000   -21.158   138.041
46518.000   1203.000   -21.220   138.047
46519.000   1197.000   -21.282   138.052
46520.000   1160.000   -21.344   138.057
46521.000   1090.000   -21.406   138.062
46522.000   1159.000   -21.469   138.067
46523.000   1167.000   -21.531   138.073
46524.000   1188.000   -21.593   138.078
46525.000   1159.000   -21.655   138.083
46526.000   1137.000   -21.717   138.089
46527.000   1193.000   -21.779   138.094
46528.000   1168.000   -21.841   138.099
46529.000   1160.000   -21.903   138.104
46530.000   1104.000   -21.965   138.110
46531.000   1193.000   -22.027   138.115
46532.000   1201.000   -22.089   138.120
46533.000   1227.000   -22.151   138.126
46534.000   1144.000   -22.214   138.131
46535.000   1184.000   -22.276   138.136
46536.000   1198.000   -22.338   138.142
46537.000   1098.000   -22.400   138.147
46538.000   1192.000   -22.462   138.152
46539.000   1171.000   -22.524   138.158
46540.000   1249.000   -22.586   138.163
46541.000   1205.000   -22.648   138.168
46542.000   1216.000   -22.710   138.174
46543.000   1167.000   -22.772   138.179
46544.000   1171.000   -22.834   138.185
46545.000   1151.000   -22.896   138.190
46546.000   1158.000   -22.958   138.196
46547.000   1126.000   -23.020   138.201
46548.000   1225.000   -23.083   138.206
46549.000   1150.000   -23.145   138.212
46550.000   1178.000   -23.207   138.217
46551.000   1174.000   -23.269   138.223
46552.000   1196.000   -23.331   138.228
46553.000   1147.000   -23.393   138.234
46554.000   1134.000   -23.455   138.239
46555.000   1149.000   -23.517   138.245
46556.000   1200.000   -23.579   138.250
46557.000   1168.000   -23.641   138.256
46558.000   1148.000   -23.703   138.261
46559.000   1199.000   -23.765   138.267
46560.000   1196.000   -23.827   138.273
46561.000   1090.000   -23.889   138.278
46562.000   1223.000   -23.951   138.284
46563.000   1191.000   -24.013   138.289
46564.000   1188.000   -24.075   138.295
46565.000   1229.000   -24.137   138.300
46566.000   1208.000   -24.199   138.306
46567.000   1226.000   -24.261   138.312
46568.000   1216.000   -24.323   138.317
46569.000   1235.000   -24.385   138.323
46570.000   1196.000   -24.447   138.329
46571.000   1260.000   -24.510   138.334
46572.000   1194.000   -24.572   138.340
46573.000   1142.000   -24.634   138.346
46574.000   1200.000   -24.696   138.351
46575.000   1196.000   -24.758   138.357
46576.000   1221.000   -24.820   138.363
46577.000   1145.000   -24.882   138.368
46578.000   1215.000   -24.944   138.374
46579.000   1181.000   -25.006   138.380
46580.000   1210.000   -25.068   138.386
46581.000   1224.000   -25.130   138.391
46582.000   1226.000   -25.192   138.397
46583.000   1203.000   -25.254   138.403
46584.000   1251.000   -25.316   138.409
46585.000   1267.000   -25.378   138.415
46586.000   1208.000   -25.440   138.420
46587.000   1183.000   -25.502   138.426
46588.000   1256.000   -25.564   138.432
46589.000   1242.000   -25.626   138.438
46590.000   1329.000   -25.688   138.444
46591.000   1246.000   -25.750   138.450
46592.000   1230.000   -25.812   138.455
46593.000   1292.000   -25.874   138.461
46594.000   1240.000   -25.936   138.467
46595.000   1224.000   -25.998   138.473
46596.000   1165.000   -26.060   138.479
46597.000   1314.000   -26.122   138.485
46598.000   1265.000   -26.184   138.491
46599.000   1292.000   -26.246   138.497
46600.000   1325.000   -26.308   138.503
46601.000   1273.000   -26.370   138.509
46602.000   1292.000   -26.432   138.515
46603.000   1262.000   -26.494   138.521
46604.000   1311.000   -26.556   138.527
46605.000   1262.000   -26.617   138.533
46606.000   1177.000   -26.679   138.539
46607.000   1210.000   -26.741   138.545
46608.000   1230.000   -26.803   138.551
46609.000   1217.000   -26.865   138.557
46610.000   1242.000   -26.927   138.563
46611.000   1263.000   -26.989   138.569
46612.000   1221.000   -27.051   138.575
46613.000   1300.000   -27.113   138.581
46614.000   1270.000   -27.175   138.587
46615.000   1275.000   -27.237   138.593
46616.000   1277.000   -27.299   138.599
46617.000   1291.000   -27.361   138.606
46618.000   1255.000   -27.423   138.612
46619.000   1254.000   -27.485   138.618
46620.000   1383.000   -27.547   138.624
46621.000   1240.000   -27.609   138.630
46622.000   1264.000   -27.671   138.636
46623.000   1300.000   -27.733   138.643
46624.000   1284.000   -27.795   138.649
46625.000   1290.000   -27.857   138.655
46626.000   1312.000   -27.919   138.661
46627.000   1236.000   -27.980   138.668
46628.000   1310.000   -28.042   138.674
46629.000   1296.000   -28.104   138.680
46630.000   1272.000   -28.166   138.686
46631.000   1313.000   -28.228   138.693
46632.000   1348.000   -28.290   138.699
46633.000   1327.000   -28.352   138.705
46634.000   1291.000   -28.414   138.712
46635.000   1358.000   -28.476   138.718
46636.000   1354.000   -28.538   138.724
46637.000   1379.000   -28.600   138.731
46638.000   1432.000   -28.662   138.737
46639.000   1314.000   -28.724   138.744
46640.000   1413.000   -28.785   138.750
46641.000   1327.000   -28.847   138.756
46642.000   1392.000   -28.909   138.763
46643.000   1405.000   -28.971   138.769
46644.000   1342.000   -29.033   138.776
46645.000   1373.000   -29.095   138.782
46646.000   1342.000   -29.157   138.789
46647.000   1438.000   -29.219   138.795
46648.000   1356.000   -29.281   138.802
46649.000   1325.000   -29.343   138.808
46650.000   1384.000   -29.404   138.815
46651.000   1376.000   -29.466   138.821
46652.000   1347.000   -29.528   138.828
46653.000   1419.000   -29.590   138.835
46654.000   1358.000   -29.652   138.841
46655.000   1382.000   -29.714   138.848
46656.000   1430.000   -29.776   138.854
46657.000   1490.000   -29.838   138.861
46658.000   1501.000   -29.900   138.868
46659.000   1428.000   -29.961   138.874
46660.000   1401.000   -30.023   138.881
46661.000   1448.000   -30.085   138.888
46662.000   1379.000   -30.147   138.894
46663.000   1359.000   -30.209   138.901
46664.000   1419.000   -30.271   138.908
46665.000   1353.000   -30.333   138.915
46666.000   1420.000   -30.395   138.921
46667.000   1367.000   -30.456   138.928
46668.000   1415.000   -30.518   138.935
46669.000   1353.000   -30.580   138.942
46670.000   1356.000   -30.642   138.949
46671.000   1381.000   -30.704   138.955
46672.000   1413.000   -30.766   138.962
46673.000   1440.000   -30.828   138.969
46674.000   1333.000   -30.889   138.976
46675.000   1398.000   -30.951   138.983
46676.000   1426.000   -31.013   138.990
46677.000   1435.000   -31.075   138.997
46678.000   1477.000   -31.137   139.003
46679.000   1437.000   -31.199   139.010
46680.000   1407.000   -31.261   139.017
46681.000   1405.000   -31.322   139.024
46682.000   1422.000   -31.384   139.031
46683.000   1425.000   -31.446   139.038
46684.000   1382.000   -31.508   139.045
46685.000   1430.000   -31.570   139.052
46686.000   1398.000   -31.632   139.059
46687.000   1445.000   -31.693   139.066
46688.000   1455.000   -31.755   139.073
46689.000   1378.000   -31.817   139.081
46690.000   1454.000   -31.879   139.088
46691.000   1333.000   -31.941   139.095
46692.000   1460.000   -32.002   139.102
46693.000   1379.000   -32.064   139.109
46694.000   1360.000   -32.126   139.116
46695.000   1399.000   -32.188   139.123
46696.000   1506.000   -32.250   139.131
46697.000   1471.000   -32.311   139.138
46698.000   1476.000   -32.373   139.145
46699.000   1482.000   -32.435   139.152
46700.000   1469.000   -32.497   139.159
46701.000   1442.000   -32.559   139.167
46702.000   1456.000   -32.620   139.174
46703.000   1464.000   -32.682   139.181
46704.000   1473.000   -32.744   139.189
46705.000   1443.000   -32.806   139.196
46706.000   1462.000   -32.868   139.203
46707.000   1554.000   -32.929   139.211
46708.000   1481.000   -32.991   139.218
46709.000   1489.000   -33.053   139.225
46710.000   1456.000   -33.115   139.233
46711.000   1415.000   -33.177   139.240
46712.000   1485.000   -33.238   139.248
46713.000   1490.000   -33.300   139.255
46714.000   1471.000   -33.362   139.263
46715.000   1525.000   -33.424   139.270
46716.000   1437.000   -33.485   139.278
46717.000   1512.000   -33.547   139.285
46718.000   1556.000   -33.609   139.293
46719.000   1483.000   -33.671   139.300
46720.000   1571.000   -33.732   139.308
46721.000   1485.000   -33.794   139.315
46722.000   1453.000   -33.856   139.323
46723.000   1529.000   -33.918   139.331
46724.000   1472.000   -33.979   139.338
46725.000   1443.000   -34.041   139.346
46726.000   1559.000   -34.103   139.354
46727.000   1529.000   -34.165   139.361
46728.000   1556.000   -34.226   139.369
46729.000   1542.000   -34.288   139.377
46730.000   1570.000   -34.350   139.384
46731.000   1580.000   -34.412   139.392
46732.000   1522.000   -34.473   139.400
46733.000   1504.000   -34.535   139.408
46734.000   1552.000   -34.597   139.416
46735.000   1544.000   -34.659   139.423
46736.000   1590.000   -34.720   139.431
46737.000   1548.000   -34.782   139.439
46738.000   1537.000   -34.844   139.447
46739.000   1649.000   -34.906   139.455
46740.000   1508.000   -34.967   139.463
46741.000   1578.000   -35.029   139.471
46742.000   1627.000   -35.091   139.479
46743.000   1557.000   -35.152   139.487
46744.000   1572.000   -35.214   139.495
46745.000   1573.000   -35.276   139.503
46746.000   1519.000   -35.337   139.511
46747.000   1597.000   -35.399   139.519
46748.000   1602.000   -35.461   139.527
46749.000   1520.000   -35.523   139.535
46750.000   1568.000   -35.584   139.543
46751.000   1565.000   -35.646   139.551
46752.000   1633.000   -35.708   139.559
46753.000   1599.000   -35.769   139.567
46754.000   1734.000   -35.831   139.576
46755.000   1637.000   -35.893   139.584
46756.000   1620.000   -35.954   139.592
46757.000   1633.000   -36.016   139.600
46758.000   1613.000   -36.078   139.609
46759.000   1595.000   -36.139   139.617
46760.000   1689.000   -36.201   139.625
46761.000   1603.000   -36.263   139.633
46762.000   1624.000   -36.324   139.642
46763.000   1682.000   -36.386   139.650
46764.000   1574.000   -36.448   139.658
46765.000   1669.000   -36.509   139.667
46766.000   1743.000   -36.571   139.675
46767.000   1675.000   -36.633   139.684
46768.000   1713.000   -36.694   139.692
46769.000   1658.000   -36.756   139.701
46770.000   1759.000   -36.818   139.709
46771.000   1708.000   -36.879   139.718
46772.000   1714.000   -36.941   139.726
46773.000   1728.000   -37.003   139.735
46774.000   1690.000   -37.064   139.743
46775.000   1760.000   -37.126   139.752
46776.000   1737.000   -37.188   139.760
46777.000   1778.000   -37.249   139.769
46778.000   1697.000   -37.311   139.778
46779.000   1660.000   -37.372   139.786
46780.000   1678.000   -37.434   139.795
46781.000   1826.000   -37.496   139.804
46782.000   1807.000   -37.557   139.813
46783.000   1823.000   -37.619   139.821
46784.000   1850.000   -37.681   139.830
46785.000   1829.000   -37.742   139.839
46786.000   1898.000   -37.804   139.848
46787.000   1888.000   -37.865   139.857
46788.000   1970.000   -37.927   139.866
46789.000   1980.000   -37.989   139.874
46790.000   2005.000   -38.050   139.883
46791.000   1930.000   -38.112   139.892
46792.000   1982.000   -38.173   139.901
46793.000   2017.000   -38.235   139.910
46794.000   2071.000   -38.297   139.919
46795.000   2044.000   -38.358   139.928
46796.000   2069.000   -38.420   139.937
46797.000   2148.000   -38.481   139.946
46798.000   2105.000   -38.543   139.955
46799.000   2164.000   -38.605   139.965
46800.000   2201.000   -38.666   139.974
46801.000   2141.000   -38.728   139.983
46802.000   2164.000   -38.789   139.992
46803.000   2156.000   -38.851   140.001
46804.000   2090.000   -38.912   140.010
46805.000   2179.000   -38.974   140.020
46806.000   2160.000   -39.036   140.029
46807.000   2161.000   -39.097   140.038
46808.000   2136.000   -39.159   140.048
46809.000   2151.000   -39.220   140.057
46810.000   2090.000   -39.282   140.066
46811.000   2191.000   -39.343   140.076
46812.000   2167.000   -39.405   140.085
46813.000   2111.000   -39.466   140.094
46814.000   2125.000   -39.528   140.104
46815.000   2193.000   -39.589   140.113
46816.000   2149.000   -39.651   140.123
46817.000   2145.000   -39.713   140.132
46818.000   2111.000   -39.774   140.142
46819.000   2165.000   -39.836   140.152
46820.000   2154.000   -39.897   140.161
46821.000   2200.000   -39.959   140.171
46822.000   2084.000   -40.020   140.181
46823.000   2136.000   -40.082   140.190
46824.000   2097.000   -40.143   140.200
46825.000   2103.000   -40.205   140.210
46826.000   2098.000   -40.266   140.219
46827.000   2150.000   -40.328   140.229
46828.000   2121.000   -40.389   140.239
46829.000   2001.000   -40.451   140.249
46830.000   2098.000   -40.512   140.259
46831.000   2063.000   -40.574   140.269
46832.000   2081.000   -40.635   140.278
46833.000   2121.000   -40.697   140.288
46834.000   2028.000   -40.758   140.298
46835.000   2048.000   -40.820   140.308
46836.000   2030.000   -40.881   140.318
46837.000   2105.000   -40.943   140.328
46838.000   2070.000   -41.004   140.338
46839.000   2171.000   -41.066   140.349
46840.000   2049.000   -41.127   140.359
46841.000   2068.000   -41.189   140.369
46842.000   2147.000   -41.250   140.379
46843.000   2201.000   -41.312   140.389
46844.000   2050.000   -41.373   140.399
46845.000   2081.000   -41.434   140.410
46846.000   2063.000   -41.496   140.420
46847.000   2057.000   -41.557   140.430
46848.000   2088.000   -41.619   140.441
46849.000   2092.000   -41.680   140.451
46850.000   2055.000   -41.742   140.461
46851.000   2021.000   -41.803   140.472
46852.000   1978.000   -41.865   140.482
46853.000   2047.000   -41.926   140.493
46854.000   2126.000   -41.987   140.503
46855.000   2091.000   -42.049   140.514
46856.000   1976.000   -42.110   140.524
46857.000   1984.000   -42.172   140.535
46858.000   2050.000   -42.233   140.545
46859.000   2140.000   -42.295   140.556
46860.000   2031.000   -42.356   140.567
46861.000   2074.000   -42.417   140.577
46862.000   2126.000   -42.479   140.588
46863.000   2028.000   -42.540   140.599
46864.000   2139.000   -42.602   140.610
46865.000   2073.000   -42.663   140.620
46866.000   1973.000   -42.724   140.631
46867.000   2054.000   -42.786   140.642
46868.000   2159.000   -42.847   140.653
46869.000   2029.000   -42.909   140.664
46870.000   2069.000   -42.970   140.675
46871.000   2021.000   -43.031   140.686
46872.000   2092.000   -43.093   140.697
46873.000   2104.000   -43.154   140.708
46874.000   2120.000   -43.216   140.719
46875.000   2142.000   -43.277   140.730
46876.000   2117.000   -43.338   140.741
46877.000   2082.000   -43.400   140.753
46878.000   2039.000   -43.461   140.764
46879.000   2089.000   -43.522   140.775
46880.000   2131.000   -43.584   140.786
46881.000   2112.000   -43.645   140.798
46882.000   2147.000   -43.706   140.809
46883.000   2124.000   -43.768   140.820
46884.000   2226.000   -43.829   140.832
46885.000   2169.000   -43.890   140.843
46886.000   2164.000   -43.952   140.855
46887.000   2159.000   -44.013   140.866
46888.000   2137.000   -44.074   140.878
46889.000   2104.000   -44.136   140.889
46890.000   2206.000   -44.197   140.901
46891.000   2194.000   -44.258   140.912
46892.000   2203.000   -44.320   140.924
46893.000   2219.000   -44.381   140.936
46894.000   2193.000   -44.442   140.947
46895.000   2312.000   -44.504   140.959
46896.000   2210.000   -44.565   140.971
46897.000   2295.000   -44.626   140.983
46898.000   2262.000   -44.688   140.995
46899.000   2372.000   -44.749   141.006
46900.000   2421.000   -44.810   141.018
46901.000   2421.000   -44.871   141.030
46902.000   2419.000   -44.933   141.042
46903.000   2402.000   -44.994   141.054
46904.000   2467.000   -45.055   141.066
46905.000   2601.000   -45.117   141.079
46906.000   2536.000   -45.178   141.091
46907.000   2577.000   -45.239   141.103
46908.000   2574.000   -45.300   141.115
46909.000   2614.000   -45.362   141.127
46910.000   2640.000   -45.423   141.140
46911.000   2715.000   -45.484   141.152
46912.000   2794.000   -45.545   141.164
46913.000   2780.000   -45.607   141.177
46914.000   2833.000   -45.668   141.189
46915.000   2847.000   -45.729   141.201
46916.000   2901.000   -45.790   141.214
46917.000   3053.000   -45.852   141.226
46918.000   3003.000   -45.913   141.239
46919.000   3083.000   -45.974   141.252
46920.000   3147.000   -46.035   141.264
46921.000   3218.000   -46.097   141.277
46922.000   3159.000   -46.158   141.290
46923.000   3319.000   -46.219   141.302
46924.000   3435.000   -46.280   141.315
46925.000   3361.000   -46.341   141.328
46926.000   3587.000   -46.403   141.341
46927.000   3555.000   -46.464   141.354
46928.000   3687.000   -46.525   141.367
46929.000   3676.000   -46.586   141.380
46930.000   3759.000   -46.647   141.393
46931.000   3860.000   -46.709   141.406
46932.000   3935.000   -46.770   141.419
46933.000   4031.000   -46.831   141.432
46934.000   4040.000   -46.892   141.445
46935.000   4237.000   -46.953   141.458
46936.000   4303.000   -47.015   141.471
46937.000   4337.000   -47.076   141.485
46938.000   4389.000   -47.137   141.498
46939.000   4572.000   -47.198   141.511
46940.000   4534.000   -47.259   141.525
46941.000   4604.000   -47.320   141.538
46942.000   4743.000   -47.382   141.552
46943.000   4898.000   -47.443   141.565
46944.000   4938.000   -47.504   141.579
46945.000   5135.000   -47.565   141.592
46946.000   5128.000   -47.626   141.606
46947.000   5290.000   -47.687   141.620
46948.000   5491.000   -47.748   141.633
46949.000   5495.000   -47.809   141.647
46950.000   5658.000   -47.871   141.661
46951.000   5695.000   -47.932   141.675
46952.000   5680.000   -47.993   141.689
46953.000   5966.000   -48.054   141.703
46954.000   6109.000   -48.115   141.717
46955.000   6102.000   -48.176   141.731
46956.000   6276.000   -48.237   141.745
46957.000   6395.000   -48.298   141.759
46958.000   6559.000   -48.359   141.773
46959.000   6711.000   -48.421   141.787
46960.000   6777.000   -48.482   141.802
46961.000   7109.000   -48.543   141.816
46962.000   7268.000   -48.604   141.830
46963.000   7344.000   -48.665   141.845
46964.000   7528.000   -48.726   141.859
46965.000   7577.000   -48.787   141.873
46966.000   7619.000   -48.848   141.888
46967.000   7877.000   -48.909   141.902
46968.000   7956.000   -48.970   141.917
46969.000   8219.000   -49.031   141.932
46970.000   8369.000   -49.092   141.946
46971.000   8482.000   -49.153   141.961
46972.000   8877.000   -49.214   141.976
46973.000   9075.000   -49.275   141.991
46974.000   9335.000   -49.336   142.006
46975.000   9296.000   -49.397   142.021
46976.000   9661.000   -49.458   142.036
46977.000   9706.000   -49.519   142.051
46978.000   9801.000   -49.580   142.066
46979.000   9874.000   -49.641   142.081
46980.000   10141.000   -49.702   142.096
46981.000   9929.000   -49.763   142.111
46982.000   10547.000   -49.824   142.126
46983.000   10174.000   -49.885   142.142
46984.000   10206.000   -49.946   142.157
46985.000   10504.000   -50.007   142.173
46986.000   10695.000   -50.068   142.188
46987.000   10934.000   -50.129   142.203
46988.000   11142.000   -50.190   142.219
46989.000   11303.000   -50.251   142.235
46990.000   11643.000   -50.312   142.250
46991.000   11595.000   -50.373   142.266
46992.000   11229.000   -50.434   142.282
46993.000   11366.000   -50.495   142.298
46994.000   11655.000   -50.556   142.313
46995.000   11613.000   -50.617   142.329
46996.000   11621.000   -50.678   142.345
46997.000   11806.000   -50.739   142.361
46998.000   11720.000   -50.800   142.377
46999.000   12003.000   -50.861   142.394
47000.000   12567.000   -50.922   142.410
47001.000   13209.000   -50.983   142.426
47002.000   12422.000   -51.043   142.442
47003.000   12014.000   -51.104   142.459
47004.000   12236.000   -51.165   142.475
47005.000   12820.000   -51.226   142.491
47006.000   12345.000   -51.287   142.508
47007.000   12664.000   -51.348   142.525
47008.000   13285.000   -51.409   142.541
47009.000   12781.000   -51.470   142.558
47010.000   13126.000   -51.531   142.575
47011.000   13238.000   -51.591   142.591
47012.000   14522.000   -51.652   142.608
47013.000   13851.000   -51.713   142.625
47014.000   15465.000   -51.774   142.642
47015.000   14518.000   -51.835   142.659
47016.000   11573.000   -51.896   142.676
47017.000   12638.000   -51.957   142.693
47018.000   13694.000   -52.017   142.710
47019.000   13182.000   -52.078   142.728
47020.000   14114.000   -52.139   142.745
47021.000   13680.000   -52.200   142.762
47022.000   13332.000   -52.261   142.780
47023.000   12228.000   -52.321   142.797
47024.000   11328.000   -52.382   142.815
47025.000   11373.000   -52.443   142.832
47026.000   13014.000   -52.504   142.850
47027.000   13475.000   -52.565   142.868
47028.000   14535.000   -52.625   142.885
47029.000   16546.000   -52.686   142.903
47030.000   22401.000   -52.747   142.921
47031.000   30411.000   -52.808   142.939
47032.000   30400.000   -52.869   142.957
47033.000   22910.000   -52.929   142.975
47034.000   22436.000   -52.990   142.993
47035.000   33837.000   -53.051   143.011
47036.000   39671.000   -53.112   143.030
47037.000   36406.000   -53.172   143.048
47038.000   33155.000   -53.233   143.066
47039.000   33972.000   -53.294   143.085
47040.000   32253.000   -53.355   143.103
47041.000   26508.000   -53.415   143.122
47042.000   24096.000   -53.476   143.141
47043.000   29007.000   -53.537   143.159
47044.000   29533.000   -53.597   143.178
47045.000   29174.000   -53.658   143.197
47046.000   25828.000   -53.719   143.216
47047.000   25957.000   -53.779   143.235
47048.000   29195.000   -53.840   143.254
47049.000   29160.000   -53.901   143.273
47050.000   26182.000   -53.962   143.292
47051.000   24518.000   -54.022   143.311
47052.000   26391.000   -54.083   143.331
47053.000   28289.000   -54.143   143.350
47054.000   21219.000   -54.204   143.369
47055.000   21235.000   -54.265   143.389
47056.000   21997.000   -54.325   143.409
47057.000   21219.000   -54.386   143.428
47058.000   19218.000   -54.447   143.448
47059.000   17390.000   -54.507   143.468
47060.000   17152.000   -54.568   143.488
47061.000   15985.000   -54.629   143.508
47062.000   14837.000   -54.689   143.528
47063.000   14031.000   -54.750   143.548
47064.000   15015.000   -54.810   143.568
47065.000   18378.000   -54.871   143.588
47066.000   21579.000   -54.932   143.608
47067.000   19773.000   -54.992   143.629
47068.000   19945.000   -55.053   143.649
47069.000   22948.000   -55.113   143.670
47070.000   19020.000   -55.174   143.690
47071.000   15853.000   -55.234   143.711
47072.000   16006.000   -55.295   143.732
47073.000   13073.000   -55.355   143.753
47074.000   9869.000   -55.416   143.773
47075.000   8066.000   -55.477   143.794
47076.000   6586.000   -55.537   143.815
47077.000   5903.000   -55.598   143.837
47078.000   5583.000   -55.658   143.858
47079.000   5256.000   -55.719   143.879
47080.000   4948.000   -55.779   143.900
47081.000   4578.000   -55.840   143.922
47082.000   4448.000   -55.900   143.943
47083.000   4432.000   -55.961   143.965
47084.000   4720.000   -56.021   143.987
47085.000   4861.000   -56.082   144.008
47086.000   4693.000   -56.142   144.030
47087.000   4752.000   -56.202   144.052
47088.000   6388.000   -56.263   144.074
47089.000   9768.000   -56.323   144.096
47090.000   10177.000   -56.384   144.119
47091.000   7913.000   -56.444   144.141
47092.000   5319.000   -56.505   144.163
47093.000   7784.000   -56.565   144.186
47094.000   6142.000   -56.625   144.208
47095.000   4524.000   -56.686   144.231
47096.000   5454.000   -56.746   144.253
47097.000   2667.000   -56.807   144.276
47098.000   2584.000   -56.867   144.299
47099.000   2477.000   -56.927   144.322
47100.000   2466.000   -56.988   144.345
47101.000   2546.000   -57.048   144.368
47102.000   2312.000   -57.109   144.391
47103.000   2289.000   -57.169   144.415
47104.000   2315.000   -57.229   144.438
47105.000   2279.000   -57.290   144.461
47106.000   2222.000   -57.350   144.485
47107.000   2206.000   -57.410   144.509
47108.000   2300.000   -57.471   144.532
47109.000   2162.000   -57.531   144.556
47110.000   2254.000   -57.591   144.580
47111.000   2161.000   -57.652   144.604
47112.000   2119.000   -57.712   144.628
47113.000   2210.000   -57.772   144.653
47114.000   2184.000   -57.832   144.677
47115.000   2168.000   -57.893   144.701
47116.000   2137.000   -57.953   144.726
47117.000   2184.000   -58.013   144.750
47118.000   2155.000   -58.073   144.775
47119.000   2019.000   -58.134   144.800
47120.000   2137.000   -58.194   144.825
47121.000   2087.000   -58.254   144.850
47122.000   2101.000   -58.314   144.875
47123.000   2026.000   -58.375   144.900
47124.000   2019.000   -58.435   144.925
47125.000   1959.000   -58.495   144.951
47126.000   2049.000   -58.555   144.976
47127.000   2066.000   -58.615   145.002
47128.000   1944.000   -58.675   145.028
47129.000   1945.000   -58.736   145.053
47130.000   1903.000   -58.796   145.079
47131.000   1887.000   -58.856   145.105
47132.000   2030.000   -58.916   145.131
47133.000   1959.000   -58.976   145.158
47134.000   1987.000   -59.036   145.184
47135.000   2021.000   -59.096   145.210
47136.000   1926.000   -59.157   145.237
47137.000   1937.000   -59.217   145.263
47138.000   1932.000   -59.277   145.290
47139.000   1862.000   -59.337   145.317
47140.000   1997.000   -59.397   145.344
47141.000   1857.000   -59.457   145.371
47142.000   1899.000   -59.517   145.398
47143.000   1854.000   -59.577   145.426
47144.000   1939.000   -59.637   145.453
47145.000   1906.000   -59.697   145.481
47146.000   1795.000   -59.757   145.508
47147.000   1877.000   -59.817   145.536
47148.000   1783.000   -59.877   145.564
47149.000   1832.000   -59.937   145.592
47150.000   1866.000   -59.997   145.620
47151.000   1843.000   -60.057   145.648
47152.000   1788.000   -60.117   145.676
47153.000   1888.000   -60.177   145.705
47154.000   1885.000   -60.237   145.733
47155.000   1834.000   -60.297   145.762
47156.000   1838.000   -60.357   145.791
47157.000   1821.000   -60.417   145.820
47158.000   1830.000   -60.477   145.849
47159.000   1854.000   -60.537   145.878
47160.000   1731.000   -60.597   145.907
47161.000   1811.000   -60.657   145.937
47162.000   1881.000   -60.717   145.966
47163.000   1740.000   -60.776   145.996
47164.000   1778.000   -60.836   146.026
47165.000   1716.000   -60.896   146.056
47166.000   1815.000   -60.956   146.086
47167.000   1795.000   -61.016   146.116
47168.000   1835.000   -61.076   146.146
47169.000   1842.000   -61.135   146.177
47170.000   1775.000   -61.195   146.207
47171.000   1816.000   -61.255   146.238
47172.000   1780.000   -61.315   146.269
47173.000   1745.000   -61.375   146.300
47174.000   1724.000   -61.434   146.331
47175.000   1755.000   -61.494   146.362
47176.000   1741.000   -61.554   146.394
47177.000   1775.000   -61.614   146.425
47178.000   1693.000   -61.673   146.457
47179.000   1733.000   -61.733   146.489
47180.000   1763.000   -61.793   146.521
47181.000   1695.000   -61.853   146.553
47182.000   1738.000   -61.912   146.585
47183.000   1793.000   -61.972   146.617
47184.000   1783.000   -62.032   146.650
47185.000   1664.000   -62.091   146.682
47186.000   1808.000   -62.151   146.715
47187.000   1764.000   -62.211   146.748
47188.000   1710.000   -62.270   146.781
47189.000   1766.000   -62.330   146.814
47190.000   1804.000   -62.389   146.848
47191.000   1815.000   -62.449   146.881
47192.000   1735.000   -62.509   146.915
47193.000   1730.000   -62.568   146.949
47194.000   1750.000   -62.628   146.983
47195.000   1657.000   -62.687   147.017
47196.000   1747.000   -62.747   147.051
47197.000   1722.000   -62.806   147.086
47198.000   1772.000   -62.866   147.120
47199.000   1745.000   -62.925   147.155
47200.000   1686.000   -62.985   147.190
47201.000   1731.000   -63.044   147.225
47202.000   1678.000   -63.104   147.260
47203.000   1704.000   -63.163   147.296
47204.000   1688.000   -63.223   147.331
47205.000   1809.000   -63.282   147.367
47206.000   1768.000   -63.342   147.403
47207.000   1743.000   -63.401   147.439
47208.000   1668.000   -63.461   147.475
47209.000   1597.000   -63.520   147.511
47210.000   1708.000   -63.579   147.548
47211.000   1690.000   -63.639   147.585
47212.000   1656.000   -63.698   147.622
47213.000   1701.000   -63.757   147.659
47214.000   1697.000   -63.817   147.696
47215.000   1759.000   -63.876   147.733
47216.000   1720.000   -63.935   147.771
47217.000   1748.000   -63.995   147.809
47218.000   1726.000   -64.054   147.847
47219.000   1724.000   -64.113   147.885
47220.000   1697.000   -64.172   147.923
47221.000   1747.000   -64.232   147.961
47222.000   1629.000   -64.291   148.000
47223.000   1733.000   -64.350   148.039
47224.000   1745.000   -64.409   148.078
47225.000   1727.000   -64.468   148.117
47226.000   1678.000   -64.528   148.157
47227.000   1698.000   -64.587   148.196
47228.000   1672.000   -64.646   148.236
47229.000   1713.000   -64.705   148.276
47230.000   1713.000   -64.764   148.316
47231.000   1699.000   -64.823   148.356
47232.000   1689.000   -64.882   148.397
47233.000   1671.000   -64.942   148.438
47234.000   1734.000   -65.001   148.479
47235.000   1713.000   -65.060   148.520
47236.000   1681.000   -65.119   148.561
47237.000   1690.000   -65.178   148.603
47238.000   1670.000   -65.237   148.645
47239.000   1724.000   -65.296   148.687
47240.000   1728.000   -65.355   148.729
47241.000   1728.000   -65.414   148.771
47242.000   1638.000   -65.473   148.814
47243.000   1773.000   -65.532   148.857
47244.000   1729.000   -65.590   148.900
47245.000   1689.000   -65.649   148.943
47246.000   1689.000   -65.708   148.986
47247.000   1681.000   -65.767   149.030
47248.000   1679.000   -65.826   149.074
47249.000   1748.000   -65.885   149.118
47250.000   1670.000   -65.944   149.162
47251.000   1672.000   -66.002   149.207
47252.000   1688.000   -66.061   149.252
47253.000   1669.000   -66.120   149.297
47254.000   1707.000   -66.179   149.342
47255.000   1694.000   -66.237   149.387
47256.000   1716.000   -66.296   149.433
47257.000   1709.000   -66.355   149.479
47258.000   1770.000   -66.414   149.525
47259.000   1696.000   -66.472   149.571
47260.000   1780.000   -66.531   149.618
47261.000   1644.000   -66.590   149.665
47262.000   1768.000   -66.648   149.712
47263.000   1726.000   -66.707   149.759
47264.000   1618.000   -66.765   149.807
47265.000   1746.000   -66.824   149.855
47266.000   1744.000   -66.883   149.903
47267.000   1751.000   -66.941   149.951
47268.000   1749.000   -67.000   150.000
47269.000   1697.000   -67.058   150.049
47270.000   1689.000   -67.117   150.098
47271.000   1680.000   -67.175   150.147
47272.000   1720.000   -67.234   150.197
47273.000   1778.000   -67.292   150.247
47274.000   1756.000   -67.350   150.297
47275.000   1752.000   -67.409   150.347
47276.000   1748.000   -67.467   150.398
47277.000   1827.000   -67.525   150.449
47278.000   1712.000   -67.584   150.500
47279.000   1759.000   -67.642   150.552
47760.000   29360.000   -78.553   -90.498
