Time range: [ 23:35:48.000  23:55:59.000 ]
Time range duration: 20.0 min, 11.0 sec
Longitude range: [ -116.071  -32.811 ]
84948.000   1701.000   82.520   -116.071
84949.000   1675.000   82.520   -115.595
84950.000   1768.000   82.520   -115.118
84951.000   1638.000   82.519   -114.642
84952.000   1639.000   82.517   -114.165
84953.000   1666.000   82.515   -113.689
84954.000   1692.000   82.512   -113.214
84955.000   1676.000   82.509   -112.738
84956.000   1701.000   82.505   -112.263
84957.000   1582.000   82.501   -111.789
84958.000   1634.000   82.496   -111.315
84959.000   1656.000   82.491   -110.842
84960.000   1654.000   82.485   -110.369
84961.000   1678.000   82.479   -109.897
84962.000   1682.000   82.472   -109.426
84963.000   1621.000   82.465   -108.956
84964.000   1625.000   82.457   -108.487
84965.000   1648.000   82.449   -108.019
84966.000   1659.000   82.440   -107.552
84967.000   1668.000   82.431   -107.086
84968.000   1686.000   82.421   -106.621
84969.000   1652.000   82.411   -106.158
84970.000   1676.000   82.400   -105.695
84971.000   1573.000   82.389   -105.235
84972.000   1649.000   82.377   -104.775
84973.000   1647.000   82.365   -104.317
84974.000   1659.000   82.352   -103.861
84975.000   1641.000   82.338   -103.406
84976.000   1631.000   82.325   -102.952
84977.000   1619.000   82.310   -102.500
84978.000   1690.000   82.296   -102.051
84979.000   1680.000   82.281   -101.602
84980.000   1657.000   82.265   -101.156
84981.000   1631.000   82.249   -100.711
84982.000   1696.000   82.232   -100.268
84983.000   1640.000   82.215   -99.828
84984.000   1635.000   82.198   -99.389
84985.000   1722.000   82.180   -98.952
84986.000   1664.000   82.161   -98.517
84987.000   1667.000   82.142   -98.084
84988.000   1580.000   82.123   -97.654
84989.000   1624.000   82.103   -97.225
84990.000   1680.000   82.083   -96.799
84991.000   1643.000   82.062   -96.375
84992.000   1649.000   82.041   -95.953
84993.000   1636.000   82.020   -95.533
84994.000   1606.000   81.998   -95.116
84995.000   1629.000   81.975   -94.701
84996.000   1626.000   81.952   -94.289
84997.000   1671.000   81.929   -93.878
84998.000   1635.000   81.905   -93.470
84999.000   1649.000   81.881   -93.065
85000.000   1649.000   81.857   -92.662
85001.000   1634.000   81.832   -92.261
85002.000   1613.000   81.807   -91.863
85003.000   1657.000   81.781   -91.467
85004.000   1619.000   81.755   -91.074
85005.000   1606.000   81.729   -90.683
85006.000   1689.000   81.702   -90.295
85007.000   1667.000   81.675   -89.910
85008.000   1646.000   81.647   -89.527
85009.000   1652.000   81.619   -89.146
85010.000   1700.000   81.591   -88.768
85011.000   1614.000   81.562   -88.393
85012.000   1624.000   81.533   -88.020
85013.000   1705.000   81.503   -87.649
85014.000   1627.000   81.474   -87.282
85015.000   1586.000   81.444   -86.917
85016.000   1681.000   81.413   -86.554
85017.000   1682.000   81.382   -86.194
85018.000   1690.000   81.351   -85.837
85019.000   1642.000   81.320   -85.482
85020.000   1636.000   81.288   -85.130
85021.000   1666.000   81.256   -84.780
85022.000   1669.000   81.223   -84.433
85023.000   1694.000   81.190   -84.089
85024.000   1633.000   81.157   -83.747
85025.000   1656.000   81.124   -83.408
85026.000   1696.000   81.090   -83.071
85027.000   1666.000   81.056   -82.737
85028.000   1624.000   81.022   -82.405
85029.000   1612.000   80.987   -82.076
85030.000   1630.000   80.952   -81.750
85031.000   1661.000   80.917   -81.426
85032.000   1596.000   80.881   -81.105
85033.000   1661.000   80.845   -80.786
85034.000   1657.000   80.809   -80.469
85035.000   1577.000   80.773   -80.155
85036.000   1706.000   80.736   -79.844
85037.000   1602.000   80.699   -79.535
85038.000   1609.000   80.662   -79.229
85039.000   1621.000   80.624   -78.925
85040.000   1708.000   80.587   -78.623
85041.000   1683.000   80.549   -78.324
85042.000   1654.000   80.510   -78.027
85043.000   1664.000   80.472   -77.733
85044.000   1633.000   80.433   -77.441
85045.000   1675.000   80.394   -77.152
85046.000   1593.000   80.355   -76.864
85047.000   1645.000   80.315   -76.580
85048.000   1652.000   80.275   -76.297
85049.000   1651.000   80.235   -76.017
85050.000   1645.000   80.195   -75.739
85051.000   1672.000   80.155   -75.463
85052.000   1654.000   80.114   -75.190
85053.000   1662.000   80.073   -74.919
85054.000   1647.000   80.032   -74.650
85055.000   1617.000   79.991   -74.384
85056.000   1669.000   79.949   -74.119
85057.000   1687.000   79.907   -73.857
85058.000   1640.000   79.865   -73.597
85059.000   1661.000   79.823   -73.339
85060.000   1623.000   79.781   -73.084
85061.000   1663.000   79.738   -72.830
85062.000   1686.000   79.695   -72.579
85063.000   1673.000   79.652   -72.329
85064.000   1688.000   79.609   -72.082
85065.000   1629.000   79.566   -71.837
85066.000   1718.000   79.522   -71.594
85067.000   1682.000   79.478   -71.353
85068.000   1651.000   79.434   -71.114
85069.000   1565.000   79.390   -70.877
85070.000   1705.000   79.346   -70.641
85071.000   1649.000   79.301   -70.408
85072.000   1697.000   79.256   -70.177
85073.000   1723.000   79.212   -69.948
85074.000   1712.000   79.166   -69.720
85075.000   1650.000   79.121   -69.495
85076.000   1677.000   79.076   -69.271
85077.000   1714.000   79.030   -69.050
85078.000   1673.000   78.985   -68.830
85079.000   1621.000   78.939   -68.612
85080.000   1638.000   78.893   -68.396
85081.000   1627.000   78.846   -68.181
85082.000   1642.000   78.800   -67.969
85083.000   1602.000   78.754   -67.758
85084.000   1650.000   78.707   -67.549
85085.000   1678.000   78.660   -67.341
85086.000   1608.000   78.613   -67.136
85087.000   1596.000   78.566   -66.932
85088.000   1608.000   78.519   -66.729
85089.000   1622.000   78.471   -66.529
85090.000   1691.000   78.424   -66.330
85091.000   1652.000   78.376   -66.133
85092.000   1678.000   78.328   -65.937
85093.000   1707.000   78.280   -65.743
85094.000   1608.000   78.232   -65.550
85095.000   1668.000   78.184   -65.359
85096.000   1656.000   78.135   -65.170
85097.000   1694.000   78.087   -64.982
85098.000   1679.000   78.038   -64.796
85099.000   1648.000   77.990   -64.612
85100.000   1660.000   77.941   -64.428
85101.000   1647.000   77.892   -64.247
85102.000   1621.000   77.843   -64.066
85103.000   1650.000   77.793   -63.888
85104.000   1629.000   77.744   -63.710
85105.000   1680.000   77.694   -63.534
85106.000   1649.000   77.645   -63.360
85107.000   1613.000   77.595   -63.187
85108.000   1647.000   77.545   -63.015
85109.000   1659.000   77.495   -62.845
85110.000   1638.000   77.445   -62.676
85111.000   1637.000   77.395   -62.509
85112.000   1637.000   77.345   -62.342
85113.000   1721.000   77.294   -62.178
85114.000   1620.000   77.244   -62.014
85115.000   1602.000   77.193   -61.852
85116.000   1609.000   77.143   -61.691
85117.000   1620.000   77.092   -61.531
85118.000   1680.000   77.041   -61.373
85119.000   1649.000   76.990   -61.215
85120.000   1656.000   76.939   -61.060
85121.000   1609.000   76.888   -60.905
85122.000   1665.000   76.836   -60.751
85123.000   1667.000   76.785   -60.599
85124.000   1610.000   76.733   -60.448
85125.000   1707.000   76.682   -60.298
85126.000   1644.000   76.630   -60.149
85127.000   1643.000   76.578   -60.002
85128.000   1729.000   76.526   -59.855
85129.000   1571.000   76.474   -59.710
85130.000   1607.000   76.422   -59.566
85131.000   1670.000   76.370   -59.423
85132.000   1670.000   76.318   -59.281
85133.000   1674.000   76.266   -59.140
85134.000   1687.000   76.213   -59.000
85135.000   1757.000   76.161   -58.861
85136.000   1681.000   76.108   -58.724
85137.000   1618.000   76.056   -58.587
85138.000   1643.000   76.003   -58.451
85139.000   1545.000   75.950   -58.317
85140.000   1661.000   75.897   -58.183
85141.000   1618.000   75.845   -58.051
85142.000   1662.000   75.791   -57.919
85143.000   1704.000   75.738   -57.789
85144.000   1646.000   75.685   -57.659
85145.000   1663.000   75.632   -57.530
85146.000   1666.000   75.579   -57.403
85147.000   1629.000   75.525   -57.276
85148.000   1679.000   75.472   -57.150
85149.000   1743.000   75.418   -57.026
85150.000   1649.000   75.365   -56.902
85151.000   1703.000   75.311   -56.779
85152.000   1642.000   75.257   -56.657
85153.000   1605.000   75.203   -56.536
85154.000   1590.000   75.150   -56.415
85155.000   1601.000   75.096   -56.296
85156.000   1633.000   75.042   -56.177
85157.000   1676.000   74.988   -56.060
85158.000   1628.000   74.933   -55.943
85159.000   1647.000   74.879   -55.827
85160.000   1674.000   74.825   -55.712
85161.000   1653.000   74.771   -55.597
85162.000   1636.000   74.716   -55.484
85163.000   1637.000   74.662   -55.371
85164.000   1676.000   74.607   -55.260
85165.000   1638.000   74.553   -55.148
85166.000   1689.000   74.498   -55.038
85167.000   1642.000   74.443   -54.929
85168.000   1604.000   74.389   -54.820
85169.000   1673.000   74.334   -54.712
85170.000   1648.000   74.279   -54.605
85171.000   1680.000   74.224   -54.499
85172.000   1651.000   74.169   -54.393
85173.000   1667.000   74.114   -54.288
85174.000   1639.000   74.059   -54.184
85175.000   1668.000   74.004   -54.080
85176.000   1631.000   73.949   -53.978
85177.000   1630.000   73.893   -53.876
85178.000   1691.000   73.838   -53.774
85179.000   1650.000   73.783   -53.674
85180.000   1626.000   73.727   -53.574
85181.000   1724.000   73.672   -53.474
85182.000   1641.000   73.616   -53.376
85183.000   1623.000   73.561   -53.278
85184.000   1632.000   73.505   -53.181
85185.000   1683.000   73.450   -53.084
85186.000   1686.000   73.394   -52.988
85187.000   1653.000   73.338   -52.893
85188.000   1656.000   73.282   -52.799
85189.000   1656.000   73.226   -52.705
85190.000   1625.000   73.171   -52.611
85191.000   1715.000   73.115   -52.519
85192.000   1683.000   73.059   -52.426
85193.000   1621.000   73.003   -52.335
85194.000   1622.000   72.947   -52.244
85195.000   1716.000   72.890   -52.154
85196.000   1620.000   72.834   -52.064
85197.000   1619.000   72.778   -51.975
85198.000   1639.000   72.722   -51.887
85199.000   1617.000   72.666   -51.799
85200.000   1679.000   72.609   -51.712
85201.000   1672.000   72.553   -51.625
85202.000   1641.000   72.496   -51.539
85203.000   1633.000   72.440   -51.453
85204.000   1662.000   72.384   -51.368
85205.000   1650.000   72.327   -51.283
85206.000   1646.000   72.270   -51.200
85207.000   1658.000   72.214   -51.116
85208.000   1686.000   72.157   -51.033
85209.000   1670.000   72.101   -50.951
85210.000   1682.000   72.044   -50.869
85211.000   1668.000   71.987   -50.788
85212.000   1688.000   71.930   -50.707
85213.000   1709.000   71.873   -50.627
85214.000   1660.000   71.817   -50.547
85215.000   1668.000   71.760   -50.468
85216.000   1682.000   71.703   -50.389
85217.000   1576.000   71.646   -50.311
85218.000   1644.000   71.589   -50.233
85219.000   1627.000   71.532   -50.156
85220.000   1641.000   71.475   -50.079
85221.000   1711.000   71.417   -50.003
85222.000   1686.000   71.360   -49.927
85223.000   1576.000   71.303   -49.852
85224.000   1733.000   71.246   -49.777
85225.000   1674.000   71.189   -49.702
85226.000   1659.000   71.131   -49.628
85227.000   1703.000   71.074   -49.555
85228.000   1661.000   71.017   -49.482
85229.000   1675.000   70.959   -49.409
85230.000   1658.000   70.902   -49.337
85231.000   1613.000   70.844   -49.265
85232.000   1647.000   70.787   -49.194
85233.000   1674.000   70.729   -49.123
85234.000   1672.000   70.672   -49.053
85235.000   1707.000   70.614   -48.983
85236.000   1646.000   70.557   -48.913
85237.000   1644.000   70.499   -48.844
85238.000   1689.000   70.441   -48.775
85239.000   1669.000   70.384   -48.707
85240.000   1648.000   70.326   -48.639
85241.000   1681.000   70.268   -48.572
85242.000   1641.000   70.210   -48.505
85243.000   1637.000   70.153   -48.438
85244.000   1660.000   70.095   -48.372
85245.000   1709.000   70.037   -48.306
85246.000   1652.000   69.979   -48.240
85247.000   1624.000   69.921   -48.175
85248.000   1685.000   69.863   -48.110
85249.000   1677.000   69.805   -48.046
85250.000   1654.000   69.747   -47.982
85251.000   1774.000   69.689   -47.918
85252.000   1760.000   69.631   -47.855
85253.000   1622.000   69.573   -47.792
85254.000   1693.000   69.515   -47.729
85255.000   1690.000   69.457   -47.667
85256.000   1745.000   69.399   -47.605
85257.000   1681.000   69.341   -47.544
85258.000   1722.000   69.282   -47.483
85259.000   1696.000   69.224   -47.422
85260.000   1780.000   69.166   -47.362
85261.000   1694.000   69.108   -47.302
85262.000   1693.000   69.049   -47.242
85263.000   1766.000   68.991   -47.183
85264.000   1770.000   68.933   -47.124
85265.000   1714.000   68.874   -47.065
85266.000   1731.000   68.816   -47.006
85267.000   1684.000   68.757   -46.948
85268.000   1646.000   68.699   -46.891
85269.000   1635.000   68.641   -46.833
85270.000   1683.000   68.582   -46.776
85271.000   1730.000   68.524   -46.719
85272.000   1680.000   68.465   -46.663
85273.000   1724.000   68.406   -46.607
85274.000   1659.000   68.348   -46.551
85275.000   1752.000   68.289   -46.495
85276.000   1694.000   68.231   -46.440
85277.000   1729.000   68.172   -46.385
85278.000   1752.000   68.113   -46.331
85279.000   1705.000   68.055   -46.276
85280.000   1718.000   67.996   -46.222
85281.000   1697.000   67.937   -46.169
85282.000   1748.000   67.879   -46.115
85283.000   1720.000   67.820   -46.062
85284.000   1722.000   67.761   -46.009
85285.000   1831.000   67.702   -45.957
85286.000   1756.000   67.643   -45.904
85287.000   1712.000   67.584   -45.852
85288.000   1773.000   67.526   -45.801
85289.000   1730.000   67.467   -45.749
85290.000   1703.000   67.408   -45.698
85291.000   1805.000   67.349   -45.647
85292.000   1781.000   67.290   -45.596
85293.000   1729.000   67.231   -45.546
85294.000   1761.000   67.172   -45.496
85295.000   1786.000   67.113   -45.446
85296.000   1818.000   67.054   -45.396
85297.000   1835.000   66.995   -45.347
85298.000   1691.000   66.936   -45.298
85299.000   1786.000   66.877   -45.249
85300.000   1680.000   66.818   -45.201
85301.000   1712.000   66.759   -45.153
85302.000   1736.000   66.700   -45.104
85303.000   1832.000   66.640   -45.057
85304.000   1766.000   66.581   -45.009
85305.000   1743.000   66.522   -44.962
85306.000   1854.000   66.463   -44.915
85307.000   1705.000   66.404   -44.868
85308.000   1719.000   66.344   -44.821
85309.000   1837.000   66.285   -44.775
85310.000   1888.000   66.226   -44.729
85311.000   1880.000   66.167   -44.683
85312.000   1837.000   66.107   -44.638
85313.000   1839.000   66.048   -44.592
85314.000   1749.000   65.989   -44.547
85315.000   1883.000   65.929   -44.502
85316.000   1881.000   65.870   -44.457
85317.000   1959.000   65.811   -44.413
85318.000   1959.000   65.751   -44.369
85319.000   2184.000   65.692   -44.325
85320.000   2148.000   65.632   -44.281
85321.000   2393.000   65.573   -44.237
85322.000   2418.000   65.514   -44.194
85323.000   1970.000   65.454   -44.151
85324.000   1968.000   65.395   -44.108
85325.000   1903.000   65.335   -44.065
85326.000   2986.000   65.276   -44.022
85327.000   3447.000   65.216   -43.980
85328.000   3270.000   65.157   -43.938
85329.000   1912.000   65.097   -43.896
85330.000   3274.000   65.037   -43.854
85331.000   2947.000   64.978   -43.813
85332.000   2425.000   64.918   -43.772
85333.000   2634.000   64.859   -43.731
85334.000   2633.000   64.799   -43.690
85335.000   2649.000   64.739   -43.649
85336.000   2861.000   64.680   -43.609
85337.000   2965.000   64.620   -43.568
85338.000   4386.000   64.560   -43.528
85339.000   4388.000   64.501   -43.488
85340.000   2831.000   64.441   -43.449
85341.000   2750.000   64.381   -43.409
85342.000   2543.000   64.322   -43.370
85343.000   2732.000   64.262   -43.331
85344.000   2760.000   64.202   -43.292
85345.000   2942.000   64.142   -43.253
85346.000   3045.000   64.082   -43.214
85347.000   3067.000   64.023   -43.176
85348.000   3124.000   63.963   -43.138
85349.000   2636.000   63.903   -43.100
85350.000   3000.000   63.843   -43.062
85351.000   3093.000   63.783   -43.024
85352.000   3050.000   63.723   -42.987
85353.000   3206.000   63.664   -42.949
85354.000   3059.000   63.604   -42.912
85355.000   6170.000   63.544   -42.875
85356.000   5025.000   63.484   -42.838
85357.000   5353.000   63.424   -42.802
85358.000   4677.000   63.364   -42.765
85359.000   4650.000   63.304   -42.729
85360.000   4684.000   63.244   -42.693
85361.000   4669.000   63.184   -42.657
85362.000   4679.000   63.124   -42.621
85363.000   4549.000   63.064   -42.585
85364.000   5431.000   63.004   -42.550
85365.000   6084.000   62.944   -42.515
85366.000   6729.000   62.884   -42.480
85367.000   5459.000   62.824   -42.445
85368.000   4864.000   62.764   -42.410
85369.000   5532.000   62.704   -42.375
85370.000   5422.000   62.644   -42.341
85371.000   5389.000   62.584   -42.306
85372.000   5691.000   62.524   -42.272
85373.000   5693.000   62.464   -42.238
85374.000   5952.000   62.404   -42.204
85375.000   6337.000   62.343   -42.170
85376.000   5930.000   62.283   -42.137
85377.000   4938.000   62.223   -42.103
85378.000   3709.000   62.163   -42.070
85379.000   3608.000   62.103   -42.037
85380.000   3854.000   62.043   -42.004
85381.000   4293.000   61.982   -41.971
85382.000   3837.000   61.922   -41.938
85383.000   3120.000   61.862   -41.906
85384.000   2997.000   61.802   -41.873
85385.000   3051.000   61.742   -41.841
85386.000   3130.000   61.681   -41.809
85387.000   3009.000   61.621   -41.777
85388.000   3161.000   61.561   -41.745
85389.000   2827.000   61.501   -41.713
85390.000   2698.000   61.440   -41.682
85391.000   2783.000   61.380   -41.651
85392.000   2795.000   61.320   -41.619
85393.000   2766.000   61.259   -41.588
85394.000   2825.000   61.199   -41.557
85395.000   3027.000   61.139   -41.526
85396.000   2944.000   61.078   -41.495
85397.000   3499.000   61.018   -41.465
85398.000   3137.000   60.958   -41.434
85399.000   2682.000   60.897   -41.404
85400.000   2574.000   60.837   -41.374
85401.000   2555.000   60.777   -41.344
85402.000   3012.000   60.716   -41.314
85403.000   3840.000   60.656   -41.284
85404.000   3449.000   60.595   -41.254
85405.000   3477.000   60.535   -41.225
85406.000   3531.000   60.474   -41.195
85407.000   3035.000   60.414   -41.166
85408.000   2606.000   60.354   -41.137
85409.000   2310.000   60.293   -41.107
85410.000   2456.000   60.233   -41.078
85411.000   2450.000   60.172   -41.050
85412.000   2701.000   60.112   -41.021
85413.000   2926.000   60.051   -40.992
85414.000   2950.000   59.991   -40.964
85415.000   2946.000   59.930   -40.935
85416.000   3225.000   59.870   -40.907
85417.000   3515.000   59.809   -40.879
85418.000   3578.000   59.749   -40.851
85419.000   3516.000   59.688   -40.823
85420.000   3152.000   59.628   -40.795
85421.000   2685.000   59.567   -40.768
85422.000   2531.000   59.506   -40.740
85423.000   6624.000   59.446   -40.713
85424.000   18666.000   59.385   -40.685
85425.000   24447.000   59.325   -40.658
85426.000   3895.000   59.264   -40.631
85427.000   5448.000   59.203   -40.604
85428.000   6636.000   59.143   -40.577
85429.000   12352.000   59.082   -40.551
85430.000   16297.000   59.022   -40.524
85431.000   14374.000   58.961   -40.497
85432.000   11438.000   58.900   -40.471
85433.000   14224.000   58.840   -40.445
85434.000   16626.000   58.779   -40.418
85435.000   15279.000   58.718   -40.392
85436.000   15380.000   58.658   -40.366
85437.000   13473.000   58.597   -40.340
85438.000   9595.000   58.536   -40.314
85439.000   10460.000   58.476   -40.289
85440.000   15609.000   58.415   -40.263
85441.000   5539.000   58.354   -40.238
85442.000   5395.000   58.293   -40.212
85443.000   4073.000   58.233   -40.187
85444.000   5385.000   58.172   -40.162
85445.000   5056.000   58.111   -40.137
85446.000   6183.000   58.051   -40.112
85447.000   4668.000   57.990   -40.087
85448.000   2240.000   57.929   -40.062
85449.000   2141.000   57.868   -40.037
85450.000   2262.000   57.807   -40.013
85451.000   2153.000   57.747   -39.988
85452.000   2109.000   57.686   -39.964
85453.000   2174.000   57.625   -39.939
85454.000   2120.000   57.564   -39.915
85455.000   2192.000   57.504   -39.891
85456.000   2178.000   57.443   -39.867
85457.000   2065.000   57.382   -39.843
85458.000   2116.000   57.321   -39.819
85459.000   2051.000   57.260   -39.796
85460.000   2081.000   57.199   -39.772
85461.000   2113.000   57.139   -39.748
85462.000   2073.000   57.078   -39.725
85463.000   2032.000   57.017   -39.701
85464.000   2070.000   56.956   -39.678
85465.000   2077.000   56.895   -39.655
85466.000   1918.000   56.834   -39.632
85467.000   2096.000   56.773   -39.609
85468.000   2080.000   56.712   -39.586
85469.000   2072.000   56.651   -39.563
85470.000   2066.000   56.591   -39.540
85471.000   1999.000   56.530   -39.518
85472.000   2034.000   56.469   -39.495
85473.000   2045.000   56.408   -39.472
85474.000   2002.000   56.347   -39.450
85475.000   2046.000   56.286   -39.428
85476.000   2037.000   56.225   -39.405
85477.000   2013.000   56.164   -39.383
85478.000   1996.000   56.103   -39.361
85479.000   2001.000   56.042   -39.339
85480.000   1903.000   55.981   -39.317
85481.000   2027.000   55.920   -39.295
85482.000   2016.000   55.859   -39.274
85483.000   1901.000   55.798   -39.252
85484.000   1917.000   55.737   -39.230
85485.000   2017.000   55.676   -39.209
85486.000   1976.000   55.615   -39.187
85487.000   1921.000   55.554   -39.166
85488.000   1913.000   55.493   -39.145
85489.000   1953.000   55.432   -39.123
85490.000   1935.000   55.371   -39.102
85491.000   1951.000   55.310   -39.081
85492.000   2066.000   55.249   -39.060
85493.000   1928.000   55.188   -39.039
85494.000   1960.000   55.127   -39.019
85495.000   1866.000   55.066   -38.998
85496.000   1916.000   55.005   -38.977
85497.000   1842.000   54.944   -38.957
85498.000   1887.000   54.883   -38.936
85499.000   1988.000   54.822   -38.916
85500.000   1920.000   54.761   -38.895
85501.000   1873.000   54.700   -38.875
85502.000   1907.000   54.638   -38.855
85503.000   1945.000   54.577   -38.835
85504.000   1898.000   54.516   -38.815
85505.000   1843.000   54.455   -38.795
85506.000   1848.000   54.394   -38.775
85507.000   1896.000   54.333   -38.755
85508.000   1820.000   54.272   -38.735
85509.000   1958.000   54.211   -38.715
85510.000   1855.000   54.149   -38.696
85511.000   1900.000   54.088   -38.676
85512.000   1871.000   54.027   -38.657
85513.000   1942.000   53.966   -38.637
85514.000   1875.000   53.905   -38.618
85515.000   1776.000   53.844   -38.599
85516.000   1875.000   53.783   -38.579
85517.000   1762.000   53.721   -38.560
85518.000   1847.000   53.660   -38.541
85519.000   1800.000   53.599   -38.522
85520.000   1909.000   53.538   -38.503
85521.000   1880.000   53.477   -38.484
85522.000   1875.000   53.415   -38.465
85523.000   1916.000   53.354   -38.447
85524.000   1845.000   53.293   -38.428
85525.000   1814.000   53.232   -38.409
85526.000   1887.000   53.171   -38.391
85527.000   1806.000   53.109   -38.372
85528.000   1879.000   53.048   -38.354
85529.000   1750.000   52.987   -38.335
85530.000   1805.000   52.926   -38.317
85531.000   1825.000   52.864   -38.299
85532.000   1843.000   52.803   -38.281
85533.000   1831.000   52.742   -38.263
85534.000   1766.000   52.681   -38.244
85535.000   1803.000   52.619   -38.226
85536.000   1731.000   52.558   -38.209
85537.000   1783.000   52.497   -38.191
85538.000   1781.000   52.436   -38.173
85539.000   1790.000   52.374   -38.155
85540.000   1841.000   52.313   -38.137
85541.000   1733.000   52.252   -38.120
85542.000   1793.000   52.191   -38.102
85543.000   1848.000   52.129   -38.085
85544.000   1809.000   52.068   -38.067
85545.000   1817.000   52.007   -38.050
85546.000   1757.000   51.945   -38.033
85547.000   1825.000   51.884   -38.015
85548.000   1690.000   51.823   -37.998
85549.000   1755.000   51.761   -37.981
85550.000   1640.000   51.700   -37.964
85551.000   1687.000   51.639   -37.947
85552.000   1756.000   51.577   -37.930
85553.000   1738.000   51.516   -37.913
85554.000   1735.000   51.455   -37.896
85555.000   1748.000   51.393   -37.879
85556.000   1629.000   51.332   -37.862
85557.000   1672.000   51.271   -37.846
85558.000   1751.000   51.209   -37.829
85559.000   1721.000   51.148   -37.813
85560.000   1719.000   51.087   -37.796
85561.000   1659.000   51.025   -37.780
85562.000   1660.000   50.964   -37.763
85563.000   1734.000   50.902   -37.747
85564.000   1654.000   50.841   -37.730
85565.000   1780.000   50.780   -37.714
85566.000   1608.000   50.718   -37.698
85567.000   1671.000   50.657   -37.682
85568.000   1597.000   50.596   -37.666
85569.000   1656.000   50.534   -37.650
85570.000   1711.000   50.473   -37.634
85571.000   1669.000   50.411   -37.618
85572.000   1636.000   50.350   -37.602
85573.000   1694.000   50.288   -37.586
85574.000   1628.000   50.227   -37.570
85575.000   1643.000   50.166   -37.554
85576.000   1649.000   50.104   -37.539
85577.000   1657.000   50.043   -37.523
85578.000   1678.000   49.981   -37.508
85579.000   1605.000   49.920   -37.492
85580.000   1577.000   49.858   -37.476
85581.000   1710.000   49.797   -37.461
85582.000   1623.000   49.736   -37.446
85583.000   1608.000   49.674   -37.430
85584.000   1572.000   49.613   -37.415
85585.000   1624.000   49.551   -37.400
85586.000   1640.000   49.490   -37.385
85587.000   1644.000   49.428   -37.369
85588.000   1646.000   49.367   -37.354
85589.000   1595.000   49.305   -37.339
85590.000   1635.000   49.244   -37.324
85591.000   1626.000   49.182   -37.309
85592.000   1594.000   49.121   -37.294
85593.000   1643.000   49.059   -37.280
85594.000   1593.000   48.998   -37.265
85595.000   1615.000   48.936   -37.250
85596.000   1580.000   48.875   -37.235
85597.000   1708.000   48.813   -37.221
85598.000   1812.000   48.752   -37.206
85599.000   1831.000   48.690   -37.191
85600.000   1726.000   48.629   -37.177
85601.000   1685.000   48.567   -37.162
85602.000   1848.000   48.506   -37.148
85603.000   1799.000   48.444   -37.134
85604.000   1707.000   48.383   -37.119
85605.000   1679.000   48.321   -37.105
85606.000   1585.000   48.259   -37.091
85607.000   1620.000   48.198   -37.076
85608.000   1621.000   48.136   -37.062
85609.000   1557.000   48.075   -37.048
85610.000   1569.000   48.013   -37.034
85611.000   1652.000   47.952   -37.020
85612.000   1546.000   47.890   -37.006
85613.000   1534.000   47.829   -36.992
85614.000   1537.000   47.767   -36.978
85615.000   1575.000   47.705   -36.964
85616.000   1586.000   47.644   -36.950
85617.000   1536.000   47.582   -36.937
85618.000   1559.000   47.521   -36.923
85619.000   1550.000   47.459   -36.909
85620.000   1540.000   47.398   -36.896
85621.000   1524.000   47.336   -36.882
85622.000   1588.000   47.274   -36.868
85623.000   1541.000   47.213   -36.855
85624.000   1509.000   47.151   -36.841
85625.000   1485.000   47.090   -36.828
85626.000   1524.000   47.028   -36.814
85627.000   1541.000   46.966   -36.801
85628.000   1544.000   46.905   -36.788
85629.000   1484.000   46.843   -36.774
85630.000   1452.000   46.782   -36.761
85631.000   1506.000   46.720   -36.748
85632.000   1530.000   46.658   -36.735
85633.000   1525.000   46.597   -36.722
85634.000   1493.000   46.535   -36.709
85635.000   1540.000   46.473   -36.695
85636.000   1475.000   46.412   -36.682
85637.000   1552.000   46.350   -36.669
85638.000   1438.000   46.288   -36.657
85639.000   1511.000   46.227   -36.644
85640.000   1518.000   46.165   -36.631
85641.000   1438.000   46.103   -36.618
85642.000   1516.000   46.042   -36.605
85643.000   1457.000   45.980   -36.592
85644.000   1475.000   45.918   -36.580
85645.000   1511.000   45.857   -36.567
85646.000   1470.000   45.795   -36.554
85647.000   1481.000   45.733   -36.542
85648.000   1463.000   45.672   -36.529
85649.000   1425.000   45.610   -36.517
85650.000   1461.000   45.548   -36.504
85651.000   1365.000   45.487   -36.492
85652.000   1481.000   45.425   -36.479
85653.000   1476.000   45.363   -36.467
85654.000   1451.000   45.302   -36.455
85655.000   1481.000   45.240   -36.442
85656.000   1410.000   45.178   -36.430
85657.000   1417.000   45.117   -36.418
85658.000   1427.000   45.055   -36.406
85659.000   1422.000   44.993   -36.393
85660.000   1402.000   44.931   -36.381
85661.000   1434.000   44.870   -36.369
85662.000   1370.000   44.808   -36.357
85663.000   1414.000   44.746   -36.345
85664.000   1413.000   44.685   -36.333
85665.000   1417.000   44.623   -36.321
85666.000   1390.000   44.561   -36.309
85667.000   1434.000   44.499   -36.297
85668.000   1383.000   44.438   -36.285
85669.000   1423.000   44.376   -36.274
85670.000   1431.000   44.314   -36.262
85671.000   1407.000   44.252   -36.250
85672.000   1428.000   44.191   -36.238
85673.000   1422.000   44.129   -36.227
85674.000   1358.000   44.067   -36.215
85675.000   1381.000   44.005   -36.203
85676.000   1391.000   43.944   -36.192
85677.000   1376.000   43.882   -36.180
85678.000   1308.000   43.820   -36.169
85679.000   1405.000   43.758   -36.157
85680.000   1355.000   43.697   -36.146
85681.000   1298.000   43.635   -36.134
85682.000   1325.000   43.573   -36.123
85683.000   1338.000   43.511   -36.112
85684.000   1391.000   43.450   -36.100
85685.000   1396.000   43.388   -36.089
85686.000   1377.000   43.326   -36.078
85687.000   1470.000   43.264   -36.066
85688.000   1316.000   43.202   -36.055
85689.000   1359.000   43.141   -36.044
85690.000   1345.000   43.079   -36.033
85691.000   1350.000   43.017   -36.022
85692.000   1327.000   42.955   -36.011
85693.000   1351.000   42.894   -36.000
85694.000   1407.000   42.832   -35.989
85695.000   1403.000   42.770   -35.978
85696.000   1342.000   42.708   -35.967
85697.000   1330.000   42.646   -35.956
85698.000   1397.000   42.584   -35.945
85699.000   1383.000   42.523   -35.934
85700.000   1309.000   42.461   -35.923
85701.000   1363.000   42.399   -35.912
85702.000   1318.000   42.337   -35.901
85703.000   1324.000   42.275   -35.891
85704.000   1315.000   42.214   -35.880
85705.000   1363.000   42.152   -35.869
85706.000   1394.000   42.090   -35.859
85707.000   1332.000   42.028   -35.848
85708.000   1267.000   41.966   -35.837
85709.000   1302.000   41.904   -35.827
85710.000   1290.000   41.843   -35.816
85711.000   1356.000   41.781   -35.806
85712.000   1324.000   41.719   -35.795
85713.000   1259.000   41.657   -35.785
85714.000   1339.000   41.595   -35.774
85715.000   1330.000   41.533   -35.764
85716.000   1283.000   41.471   -35.753
85717.000   1268.000   41.410   -35.743
85718.000   1315.000   41.348   -35.733
85719.000   1229.000   41.286   -35.722
85720.000   1308.000   41.224   -35.712
85721.000   1292.000   41.162   -35.702
85722.000   1287.000   41.100   -35.692
85723.000   1303.000   41.038   -35.681
85724.000   1350.000   40.977   -35.671
85725.000   1306.000   40.915   -35.661
85726.000   1327.000   40.853   -35.651
85727.000   1311.000   40.791   -35.641
85728.000   1277.000   40.729   -35.631
85729.000   1282.000   40.667   -35.621
85730.000   1342.000   40.605   -35.611
85731.000   1240.000   40.543   -35.601
85732.000   1309.000   40.482   -35.591
85733.000   1283.000   40.420   -35.581
85734.000   1283.000   40.358   -35.571
85735.000   1244.000   40.296   -35.561
85736.000   1270.000   40.234   -35.551
85737.000   1242.000   40.172   -35.541
85738.000   1284.000   40.110   -35.532
85739.000   1277.000   40.048   -35.522
85740.000   1278.000   39.986   -35.512
85741.000   1260.000   39.924   -35.502
85742.000   1238.000   39.862   -35.493
85743.000   1237.000   39.801   -35.483
85744.000   1270.000   39.739   -35.473
85745.000   1272.000   39.677   -35.464
85746.000   1238.000   39.615   -35.454
85747.000   1244.000   39.553   -35.445
85748.000   1198.000   39.491   -35.435
85749.000   1244.000   39.429   -35.425
85750.000   1265.000   39.367   -35.416
85751.000   1201.000   39.305   -35.406
85752.000   1265.000   39.243   -35.397
85753.000   1265.000   39.181   -35.388
85754.000   1244.000   39.119   -35.378
85755.000   1229.000   39.057   -35.369
85756.000   1246.000   38.996   -35.359
85757.000   1291.000   38.934   -35.350
85758.000   1267.000   38.872   -35.341
85759.000   1208.000   38.810   -35.331
85760.000   1225.000   38.748   -35.322
85761.000   1192.000   38.686   -35.313
85762.000   1198.000   38.624   -35.304
85763.000   1212.000   38.562   -35.295
85764.000   1249.000   38.500   -35.285
85765.000   1243.000   38.438   -35.276
85766.000   1233.000   38.376   -35.267
85767.000   1182.000   38.314   -35.258
85768.000   1211.000   38.252   -35.249
85769.000   1149.000   38.190   -35.240
85770.000   1236.000   38.128   -35.231
85771.000   1188.000   38.066   -35.222
85772.000   1210.000   38.004   -35.213
85773.000   1215.000   37.942   -35.204
85774.000   1239.000   37.880   -35.195
85775.000   1245.000   37.818   -35.186
85776.000   1218.000   37.756   -35.177
85777.000   1249.000   37.694   -35.168
85778.000   1198.000   37.632   -35.159
85779.000   1227.000   37.570   -35.150
85780.000   1187.000   37.508   -35.142
85781.000   1202.000   37.446   -35.133
85782.000   1261.000   37.384   -35.124
85783.000   1262.000   37.322   -35.115
85784.000   1224.000   37.260   -35.107
85785.000   1215.000   37.198   -35.098
85786.000   1215.000   37.136   -35.089
85787.000   1272.000   37.074   -35.080
85788.000   1197.000   37.012   -35.072
85789.000   1235.000   36.950   -35.063
85790.000   1202.000   36.888   -35.055
85791.000   1178.000   36.826   -35.046
85792.000   1223.000   36.764   -35.037
85793.000   1194.000   36.702   -35.029
85794.000   1237.000   36.640   -35.020
85795.000   1174.000   36.578   -35.012
85796.000   1189.000   36.516   -35.003
85797.000   1224.000   36.454   -34.995
85798.000   1213.000   36.392   -34.986
85799.000   1189.000   36.330   -34.978
85800.000   1184.000   36.268   -34.970
85801.000   1146.000   36.206   -34.961
85802.000   1145.000   36.144   -34.953
85803.000   1187.000   36.082   -34.944
85804.000   1226.000   36.020   -34.936
85805.000   1144.000   35.958   -34.928
85806.000   1142.000   35.896   -34.920
85807.000   1187.000   35.834   -34.911
85808.000   1174.000   35.772   -34.903
85809.000   1112.000   35.710   -34.895
85810.000   1194.000   35.648   -34.887
85811.000   1190.000   35.586   -34.878
85812.000   1146.000   35.524   -34.870
85813.000   1173.000   35.462   -34.862
85814.000   1193.000   35.400   -34.854
85815.000   1172.000   35.338   -34.846
85816.000   1139.000   35.276   -34.838
85817.000   1174.000   35.213   -34.830
85818.000   1137.000   35.151   -34.822
85819.000   1150.000   35.089   -34.814
85820.000   1151.000   35.027   -34.806
85821.000   1177.000   34.965   -34.798
85822.000   1123.000   34.903   -34.790
85823.000   1166.000   34.841   -34.782
85824.000   1236.000   34.779   -34.774
85825.000   1144.000   34.717   -34.766
85826.000   1123.000   34.655   -34.758
85827.000   1120.000   34.593   -34.750
85828.000   1107.000   34.531   -34.742
85829.000   1132.000   34.469   -34.734
85830.000   1164.000   34.407   -34.726
85831.000   1141.000   34.345   -34.718
85832.000   1225.000   34.282   -34.711
85833.000   1127.000   34.220   -34.703
85834.000   1066.000   34.158   -34.695
85835.000   1134.000   34.096   -34.687
85836.000   1193.000   34.034   -34.680
85837.000   1115.000   33.972   -34.672
85838.000   1101.000   33.910   -34.664
85839.000   1101.000   33.848   -34.657
85840.000   1122.000   33.786   -34.649
85841.000   1167.000   33.724   -34.641
85842.000   1060.000   33.662   -34.634
85843.000   1191.000   33.599   -34.626
85844.000   1071.000   33.537   -34.618
85845.000   1209.000   33.475   -34.611
85846.000   1123.000   33.413   -34.603
85847.000   1110.000   33.351   -34.596
85848.000   1197.000   33.289   -34.588
85849.000   1096.000   33.227   -34.581
85850.000   1123.000   33.165   -34.573
85851.000   1107.000   33.103   -34.566
85852.000   1094.000   33.041   -34.558
85853.000   1067.000   32.978   -34.551
85854.000   1131.000   32.916   -34.543
85855.000   1100.000   32.854   -34.536
85856.000   1115.000   32.792   -34.528
85857.000   1114.000   32.730   -34.521
85858.000   1096.000   32.668   -34.514
85859.000   1109.000   32.606   -34.506
85860.000   1076.000   32.544   -34.499
85861.000   1100.000   32.481   -34.492
85862.000   1114.000   32.419   -34.484
85863.000   1112.000   32.357   -34.477
85864.000   1151.000   32.295   -34.470
85865.000   1086.000   32.233   -34.463
85866.000   1123.000   32.171   -34.455
85867.000   1069.000   32.109   -34.448
85868.000   1123.000   32.047   -34.441
85869.000   1084.000   31.984   -34.434
85870.000   1141.000   31.922   -34.427
85871.000   1078.000   31.860   -34.419
85872.000   1068.000   31.798   -34.412
85873.000   1060.000   31.736   -34.405
85874.000   1071.000   31.674   -34.398
85875.000   1077.000   31.612   -34.391
85876.000   1078.000   31.549   -34.384
85877.000   1049.000   31.487   -34.377
85878.000   1068.000   31.425   -34.370
85879.000   1050.000   31.363   -34.363
85880.000   1150.000   31.301   -34.356
85881.000   1036.000   31.239   -34.349
85882.000   1077.000   31.177   -34.342
85883.000   1122.000   31.114   -34.335
85884.000   1006.000   31.052   -34.328
85885.000   1068.000   30.990   -34.321
85886.000   1072.000   30.928   -34.314
85887.000   1129.000   30.866   -34.307
85888.000   1025.000   30.804   -34.300
85889.000   1077.000   30.741   -34.293
85890.000   1012.000   30.679   -34.286
85891.000   1045.000   30.617   -34.279
85892.000   1031.000   30.555   -34.272
85893.000   1006.000   30.493   -34.265
85894.000   1080.000   30.431   -34.259
85895.000   1117.000   30.368   -34.252
85896.000   1043.000   30.306   -34.245
85897.000   1092.000   30.244   -34.238
85898.000   1048.000   30.182   -34.231
85899.000   1007.000   30.120   -34.225
85900.000   1052.000   30.058   -34.218
85901.000   1075.000   29.995   -34.211
85902.000   1045.000   29.933   -34.204
85903.000   1024.000   29.871   -34.198
85904.000   1075.000   29.809   -34.191
85905.000   1064.000   29.747   -34.184
85906.000   1058.000   29.684   -34.178
85907.000   1046.000   29.622   -34.171
85908.000   1005.000   29.560   -34.164
85909.000   1088.000   29.498   -34.158
85910.000   1032.000   29.436   -34.151
85911.000   1054.000   29.374   -34.145
85912.000   1018.000   29.311   -34.138
85913.000   1088.000   29.249   -34.131
85914.000   1027.000   29.187   -34.125
85915.000   1014.000   29.125   -34.118
85916.000   1043.000   29.063   -34.112
85917.000   1057.000   29.000   -34.105
85918.000   1028.000   28.938   -34.099
85919.000   1049.000   28.876   -34.092
85920.000   1012.000   28.814   -34.086
85921.000   1010.000   28.752   -34.079
85922.000   1094.000   28.689   -34.073
85923.000   1083.000   28.627   -34.066
85924.000   1059.000   28.565   -34.060
85925.000   1060.000   28.503   -34.054
85926.000   1039.000   28.441   -34.047
85927.000   1045.000   28.378   -34.041
85928.000   1021.000   28.316   -34.034
85929.000   1091.000   28.254   -34.028
85930.000   1016.000   28.192   -34.022
85931.000   1075.000   28.129   -34.015
85932.000   960.000   28.067   -34.009
85933.000   1010.000   28.005   -34.003
85934.000   1036.000   27.943   -33.996
85935.000   1019.000   27.881   -33.990
85936.000   1003.000   27.818   -33.984
85937.000   1051.000   27.756   -33.978
85938.000   1011.000   27.694   -33.971
85939.000   1077.000   27.632   -33.965
85940.000   1015.000   27.569   -33.959
85941.000   999.000   27.507   -33.953
85942.000   1045.000   27.445   -33.946
85943.000   1004.000   27.383   -33.940
85944.000   979.000   27.321   -33.934
85945.000   1067.000   27.258   -33.928
85946.000   1078.000   27.196   -33.922
85947.000   1016.000   27.134   -33.915
85948.000   1010.000   27.072   -33.909
85949.000   1033.000   27.009   -33.903
85950.000   1062.000   26.947   -33.897
85951.000   970.000   26.885   -33.891
85952.000   985.000   26.823   -33.885
85953.000   1043.000   26.760   -33.879
85954.000   1045.000   26.698   -33.873
85955.000   1023.000   26.636   -33.867
85956.000   1033.000   26.574   -33.861
85957.000   1081.000   26.511   -33.854
85958.000   1034.000   26.449   -33.848
85959.000   1030.000   26.387   -33.842
85960.000   1030.000   26.325   -33.836
85961.000   992.000   26.262   -33.830
85962.000   1081.000   26.200   -33.824
85963.000   952.000   26.138   -33.818
85964.000   1010.000   26.076   -33.812
85965.000   1015.000   26.013   -33.807
85966.000   948.000   25.951   -33.801
85967.000   1029.000   25.889   -33.795
85968.000   1045.000   25.827   -33.789
85969.000   1022.000   25.764   -33.783
85970.000   959.000   25.702   -33.777
85971.000   1028.000   25.640   -33.771
85972.000   996.000   25.578   -33.765
85973.000   1021.000   25.515   -33.759
85974.000   1030.000   25.453   -33.753
85975.000   1040.000   25.391   -33.748
85976.000   997.000   25.329   -33.742
85977.000   1007.000   25.266   -33.736
85978.000   1021.000   25.204   -33.730
85979.000   1020.000   25.142   -33.724
85980.000   1039.000   25.080   -33.718
85981.000   987.000   25.017   -33.713
85982.000   972.000   24.955   -33.707
85983.000   1027.000   24.893   -33.701
85984.000   1050.000   24.831   -33.695
85985.000   1043.000   24.768   -33.690
85986.000   969.000   24.706   -33.684
85987.000   1032.000   24.644   -33.678
85988.000   1004.000   24.581   -33.672
85989.000   956.000   24.519   -33.667
85990.000   996.000   24.457   -33.661
85991.000   1040.000   24.395   -33.655
85992.000   956.000   24.332   -33.650
85993.000   953.000   24.270   -33.644
85994.000   1037.000   24.208   -33.638
85995.000   1024.000   24.145   -33.633
85996.000   1053.000   24.083   -33.627
85997.000   1046.000   24.021   -33.621
85998.000   1003.000   23.959   -33.616
85999.000   1037.000   23.896   -33.610
86000.000   999.000   23.834   -33.605
86001.000   994.000   23.772   -33.599
86002.000   998.000   23.710   -33.593
86003.000   1000.000   23.647   -33.588
86004.000   995.000   23.585   -33.582
86005.000   982.000   23.523   -33.577
86006.000   1018.000   23.460   -33.571
86007.000   988.000   23.398   -33.566
86008.000   968.000   23.336   -33.560
86009.000   1018.000   23.273   -33.554
86010.000   1007.000   23.211   -33.549
86011.000   1016.000   23.149   -33.543
86012.000   1025.000   23.087   -33.538
86013.000   960.000   23.024   -33.532
86014.000   1000.000   22.962   -33.527
86015.000   997.000   22.900   -33.522
86016.000   1017.000   22.837   -33.516
86017.000   971.000   22.775   -33.511
86018.000   979.000   22.713   -33.505
86019.000   1014.000   22.650   -33.500
86020.000   1022.000   22.588   -33.494
86021.000   1002.000   22.526   -33.489
86022.000   1065.000   22.464   -33.484
86023.000   997.000   22.401   -33.478
86024.000   1036.000   22.339   -33.473
86025.000   982.000   22.277   -33.467
86026.000   920.000   22.214   -33.462
86027.000   980.000   22.152   -33.457
86028.000   998.000   22.090   -33.451
86029.000   1011.000   22.027   -33.446
86030.000   994.000   21.965   -33.441
86031.000   968.000   21.903   -33.435
86032.000   1045.000   21.841   -33.430
86033.000   990.000   21.778   -33.425
86034.000   956.000   21.716   -33.419
86035.000   1010.000   21.654   -33.414
86036.000   1008.000   21.591   -33.409
86037.000   968.000   21.529   -33.403
86038.000   1018.000   21.467   -33.398
86039.000   1032.000   21.404   -33.393
86040.000   990.000   21.342   -33.388
86041.000   982.000   21.280   -33.382
86042.000   999.000   21.217   -33.377
86043.000   1000.000   21.155   -33.372
86044.000   956.000   21.093   -33.367
86045.000   998.000   21.030   -33.361
86046.000   975.000   20.968   -33.356
86047.000   998.000   20.906   -33.351
86048.000   986.000   20.843   -33.346
86049.000   942.000   20.781   -33.341
86050.000   961.000   20.719   -33.335
86051.000   967.000   20.656   -33.330
86052.000   990.000   20.594   -33.325
86053.000   1035.000   20.532   -33.320
86054.000   1002.000   20.469   -33.315
86055.000   1046.000   20.407   -33.310
86056.000   961.000   20.345   -33.305
86057.000   1033.000   20.282   -33.299
86058.000   951.000   20.220   -33.294
86059.000   920.000   20.158   -33.289
86060.000   1016.000   20.095   -33.284
86061.000   989.000   20.033   -33.279
86062.000   932.000   19.971   -33.274
86063.000   983.000   19.908   -33.269
86064.000   970.000   19.846   -33.264
86065.000   987.000   19.784   -33.259
86066.000   984.000   19.721   -33.254
86067.000   948.000   19.659   -33.249
86068.000   919.000   19.597   -33.244
86069.000   919.000   19.534   -33.238
86070.000   978.000   19.472   -33.233
86071.000   989.000   19.410   -33.228
86072.000   1000.000   19.347   -33.223
86073.000   967.000   19.285   -33.218
86074.000   1029.000   19.223   -33.213
86075.000   952.000   19.160   -33.208
86076.000   975.000   19.098   -33.203
86077.000   964.000   19.036   -33.198
86078.000   915.000   18.973   -33.193
86079.000   964.000   18.911   -33.188
86080.000   982.000   18.849   -33.184
86081.000   996.000   18.786   -33.179
86082.000   943.000   18.724   -33.174
86083.000   973.000   18.662   -33.169
86084.000   975.000   18.599   -33.164
86085.000   987.000   18.537   -33.159
86086.000   1037.000   18.475   -33.154
86087.000   1029.000   18.412   -33.149
86088.000   1009.000   18.350   -33.144
86089.000   937.000   18.288   -33.139
86090.000   993.000   18.225   -33.134
86091.000   943.000   18.163   -33.129
86092.000   972.000   18.101   -33.124
86093.000   1001.000   18.038   -33.120
86094.000   983.000   17.976   -33.115
86095.000   955.000   17.913   -33.110
86096.000   1020.000   17.851   -33.105
86097.000   1002.000   17.789   -33.100
86098.000   973.000   17.726   -33.095
86099.000   953.000   17.664   -33.090
86100.000   1019.000   17.602   -33.086
86101.000   1000.000   17.539   -33.081
86102.000   999.000   17.477   -33.076
86103.000   994.000   17.415   -33.071
86104.000   949.000   17.352   -33.066
86105.000   1038.000   17.290   -33.062
86106.000   1010.000   17.228   -33.057
86107.000   1011.000   17.165   -33.052
86108.000   962.000   17.103   -33.047
86109.000   972.000   17.040   -33.042
86110.000   965.000   16.978   -33.038
86111.000   956.000   16.916   -33.033
86112.000   976.000   16.853   -33.028
86113.000   1002.000   16.791   -33.023
86114.000   948.000   16.729   -33.019
86115.000   983.000   16.666   -33.014
86116.000   1005.000   16.604   -33.009
86117.000   964.000   16.542   -33.004
86118.000   924.000   16.479   -33.000
86119.000   948.000   16.417   -32.995
86120.000   968.000   16.354   -32.990
86121.000   994.000   16.292   -32.986
86122.000   951.000   16.230   -32.981
86123.000   947.000   16.167   -32.976
86124.000   909.000   16.105   -32.971
86125.000   986.000   16.043   -32.967
86126.000   959.000   15.980   -32.962
86127.000   953.000   15.918   -32.957
86128.000   978.000   15.856   -32.953
86129.000   946.000   15.793   -32.948
86130.000   958.000   15.731   -32.943
86131.000   986.000   15.668   -32.939
86132.000   954.000   15.606   -32.934
86133.000   981.000   15.544   -32.929
86134.000   973.000   15.481   -32.925
86135.000   953.000   15.419   -32.920
86136.000   984.000   15.357   -32.916
86137.000   956.000   15.294   -32.911
86138.000   961.000   15.232   -32.906
86139.000   988.000   15.169   -32.902
86140.000   935.000   15.107   -32.897
86141.000   1002.000   15.045   -32.893
86142.000   978.000   14.982   -32.888
86143.000   939.000   14.920   -32.883
86144.000   979.000   14.858   -32.879
86145.000   924.000   14.795   -32.874
86146.000   977.000   14.733   -32.870
86147.000   936.000   14.670   -32.865
86148.000   1005.000   14.608   -32.860
86149.000   932.000   14.546   -32.856
86150.000   959.000   14.483   -32.851
86151.000   1043.000   14.421   -32.847
86152.000   952.000   14.359   -32.842
86153.000   995.000   14.296   -32.838
86154.000   951.000   14.234   -32.833
86155.000   958.000   14.171   -32.829
86156.000   972.000   14.109   -32.824
86157.000   1015.000   14.047   -32.820
86158.000   1016.000   13.984   -32.815
86159.000   952.000   13.922   -32.811
