Time range: [ 00:00:00.000  00:18:00.000 ]
Time range duration: 18.0 min, 0.0 sec
Longitude range: [ 116.0  183.0 ]
00.000   840.000   368.000   116.000   21.958   125.599
01.000   828.000   349.000   112.000   22.021   125.605
02.000   823.000   375.000   111.000   22.083   125.610
03.000   873.000   378.000   114.000   22.146   125.615
04.000   800.000   340.000   101.000   22.208   125.621
05.000   822.000   371.000   134.000   22.271   125.626
06.000   804.000   378.000   129.000   22.333   125.632
07.000   835.000   400.000   104.000   22.396   125.637
08.000   792.000   386.000   115.000   22.459   125.643
09.000   865.000   355.000   109.000   22.521   125.648
10.000   872.000   377.000   97.000   22.584   125.653
11.000   872.000   347.000   105.000   22.646   125.659
12.000   813.000   346.000   101.000   22.709   125.664
13.000   849.000   358.000   108.000   22.771   125.670
14.000   844.000   379.000   111.000   22.834   125.675
15.000   794.000   372.000   102.000   22.897   125.681
16.000   820.000   376.000   79.000   22.959   125.686
17.000   859.000   370.000   94.000   23.022   125.692
18.000   841.000   350.000   96.000   23.084   125.697
19.000   826.000   355.000   101.000   23.147   125.703
20.000   846.000   396.000   102.000   23.209   125.709
21.000   842.000   332.000   120.000   23.272   125.714
22.000   858.000   357.000   110.000   23.335   125.720
23.000   873.000   374.000   107.000   23.397   125.725
24.000   830.000   357.000   127.000   23.460   125.731
25.000   844.000   390.000   131.000   23.522   125.736
26.000   842.000   406.000   139.000   23.585   125.742
27.000   841.000   351.000   113.000   23.647   125.748
28.000   861.000   347.000   101.000   23.710   125.753
29.000   812.000   358.000   114.000   23.773   125.759
30.000   822.000   354.000   122.000   23.835   125.765
31.000   798.000   376.000   99.000   23.898   125.770
32.000   808.000   371.000   126.000   23.960   125.776
33.000   807.000   369.000   112.000   24.023   125.782
34.000   800.000   336.000   110.000   24.085   125.787
35.000   820.000   411.000   95.000   24.148   125.793
36.000   794.000   381.000   102.000   24.210   125.799
37.000   772.000   330.000   98.000   24.273   125.804
38.000   835.000   396.000   95.000   24.336   125.810
39.000   886.000   395.000   115.000   24.398   125.816
40.000   825.000   368.000   98.000   24.461   125.822
41.000   845.000   378.000   131.000   24.523   125.827
42.000   773.000   378.000   106.000   24.586   125.833
43.000   791.000   320.000   91.000   24.648   125.839
44.000   850.000   370.000   110.000   24.711   125.845
45.000   892.000   388.000   116.000   24.773   125.850
46.000   802.000   357.000   126.000   24.836   125.856
47.000   807.000   368.000   124.000   24.898   125.862
48.000   866.000   351.000   92.000   24.961   125.868
49.000   886.000   376.000   125.000   25.023   125.874
50.000   831.000   393.000   107.000   25.086   125.879
51.000   851.000   339.000   114.000   25.149   125.885
52.000   847.000   383.000   108.000   25.211   125.891
53.000   849.000   362.000   112.000   25.274   125.897
54.000   897.000   348.000   106.000   25.336   125.903
55.000   822.000   357.000   122.000   25.399   125.909
56.000   870.000   372.000   116.000   25.461   125.915
57.000   846.000   359.000   99.000   25.524   125.921
58.000   831.000   341.000   124.000   25.586   125.927
59.000   839.000   356.000   105.000   25.649   125.932
60.000   851.000   364.000   121.000   25.711   125.938
61.000   807.000   394.000   100.000   25.774   125.944
62.000   807.000   411.000   107.000   25.836   125.950
63.000   803.000   356.000   104.000   25.899   125.956
64.000   829.000   365.000   105.000   25.961   125.962
65.000   828.000   393.000   120.000   26.024   125.968
66.000   874.000   379.000   122.000   26.086   125.974
67.000   847.000   366.000   121.000   26.149   125.980
68.000   842.000   341.000   122.000   26.211   125.986
69.000   804.000   372.000   103.000   26.274   125.992
70.000   851.000   370.000   107.000   26.336   125.998
71.000   861.000   372.000   123.000   26.399   126.004
72.000   897.000   368.000   100.000   26.461   126.010
73.000   871.000   348.000   106.000   26.524   126.017
74.000   827.000   359.000   128.000   26.586   126.023
75.000   814.000   363.000   112.000   26.649   126.029
76.000   824.000   350.000   121.000   26.711   126.035
77.000   803.000   351.000   102.000   26.774   126.041
78.000   857.000   352.000   117.000   26.836   126.047
79.000   770.000   338.000   112.000   26.899   126.053
80.000   844.000   409.000   95.000   26.961   126.059
81.000   873.000   390.000   114.000   27.024   126.066
82.000   831.000   370.000   102.000   27.086   126.072
83.000   766.000   368.000   115.000   27.149   126.078
84.000   812.000   354.000   122.000   27.211   126.084
85.000   793.000   348.000   121.000   27.274   126.090
86.000   811.000   348.000   117.000   27.336   126.097
87.000   788.000   373.000   109.000   27.399   126.103
88.000   804.000   377.000   114.000   27.461   126.109
89.000   856.000   379.000   96.000   27.524   126.115
90.000   796.000   372.000   115.000   27.586   126.122
91.000   839.000   397.000   90.000   27.649   126.128
92.000   833.000   370.000   97.000   27.711   126.134
93.000   844.000   384.000   110.000   27.774   126.141
94.000   824.000   359.000   132.000   27.836   126.147
95.000   803.000   380.000   113.000   27.899   126.153
96.000   809.000   354.000   112.000   27.961   126.160
97.000   869.000   360.000   102.000   28.024   126.166
98.000   828.000   367.000   118.000   28.086   126.172
99.000   772.000   355.000   131.000   28.148   126.179
100.000   843.000   388.000   115.000   28.211   126.185
101.000   828.000   380.000   102.000   28.273   126.191
102.000   841.000   370.000   116.000   28.336   126.198
103.000   819.000   355.000   122.000   28.398   126.204
104.000   799.000   365.000   106.000   28.461   126.211
105.000   809.000   382.000   117.000   28.523   126.217
106.000   801.000   349.000   91.000   28.586   126.224
107.000   759.000   350.000   119.000   28.648   126.230
108.000   844.000   366.000   110.000   28.711   126.237
109.000   849.000   382.000   116.000   28.773   126.243
110.000   875.000   407.000   104.000   28.835   126.250
111.000   848.000   362.000   109.000   28.898   126.256
112.000   836.000   391.000   92.000   28.960   126.263
113.000   829.000   377.000   134.000   29.023   126.269
114.000   833.000   352.000   104.000   29.085   126.276
115.000   816.000   349.000   120.000   29.148   126.283
116.000   804.000   375.000   108.000   29.210   126.289
117.000   852.000   393.000   115.000   29.273   126.296
118.000   777.000   379.000   119.000   29.335   126.302
119.000   865.000   354.000   128.000   29.397   126.309
120.000   871.000   397.000   113.000   29.460   126.316
121.000   863.000   351.000   116.000   29.522   126.322
122.000   864.000   371.000   113.000   29.585   126.329
123.000   844.000   389.000   116.000   29.647   126.336
124.000   895.000   382.000   91.000   29.710   126.342
125.000   819.000   364.000   128.000   29.772   126.349
126.000   849.000   354.000   118.000   29.834   126.356
127.000   850.000   325.000   115.000   29.897   126.363
128.000   840.000   366.000   120.000   29.959   126.369
129.000   790.000   386.000   102.000   30.022   126.376
130.000   843.000   408.000   112.000   30.084   126.383
131.000   849.000   404.000   105.000   30.147   126.390
132.000   805.000   387.000   118.000   30.209   126.396
133.000   802.000   360.000   129.000   30.271   126.403
134.000   861.000   396.000   92.000   30.334   126.410
135.000   853.000   392.000   108.000   30.396   126.417
136.000   845.000   366.000   102.000   30.459   126.424
137.000   829.000   395.000   121.000   30.521   126.431
138.000   830.000   380.000   101.000   30.583   126.438
139.000   782.000   396.000   118.000   30.646   126.445
140.000   816.000   367.000   100.000   30.708   126.451
141.000   827.000   355.000   118.000   30.771   126.458
142.000   853.000   367.000   114.000   30.833   126.465
143.000   838.000   351.000   105.000   30.895   126.472
144.000   794.000   367.000   108.000   30.958   126.479
145.000   792.000   374.000   100.000   31.020   126.486
146.000   863.000   345.000   101.000   31.083   126.493
147.000   785.000   373.000   120.000   31.145   126.500
148.000   851.000   359.000   139.000   31.207   126.507
149.000   869.000   360.000   130.000   31.270   126.514
150.000   831.000   392.000   118.000   31.332   126.522
151.000   822.000   365.000   102.000   31.394   126.529
152.000   889.000   363.000   110.000   31.457   126.536
153.000   821.000   382.000   99.000   31.519   126.543
154.000   842.000   392.000   114.000   31.582   126.550
155.000   838.000   386.000   101.000   31.644   126.557
156.000   889.000   370.000   129.000   31.706   126.564
157.000   804.000   388.000   111.000   31.769   126.571
158.000   844.000   408.000   130.000   31.831   126.579
159.000   859.000   377.000   97.000   31.893   126.586
160.000   838.000   383.000   99.000   31.956   126.593
161.000   882.000   359.000   110.000   32.018   126.600
162.000   833.000   377.000   121.000   32.081   126.608
163.000   855.000   402.000   113.000   32.143   126.615
164.000   859.000   393.000   112.000   32.205   126.622
165.000   848.000   387.000   124.000   32.268   126.629
166.000   818.000   393.000   111.000   32.330   126.637
167.000   921.000   387.000   114.000   32.392   126.644
168.000   863.000   386.000   103.000   32.455   126.651
169.000   845.000   397.000   109.000   32.517   126.659
170.000   869.000   377.000   126.000   32.579   126.666
171.000   857.000   378.000   112.000   32.642   126.673
172.000   814.000   368.000   127.000   32.704   126.681
173.000   862.000   389.000   116.000   32.766   126.688
174.000   821.000   370.000   143.000   32.829   126.696
175.000   812.000   400.000   105.000   32.891   126.703
176.000   838.000   373.000   103.000   32.953   126.711
177.000   832.000   371.000   106.000   33.016   126.718
178.000   797.000   406.000   107.000   33.078   126.726
179.000   834.000   398.000   108.000   33.140   126.733
180.000   874.000   389.000   131.000   33.203   126.741
181.000   852.000   365.000   101.000   33.265   126.748
182.000   813.000   363.000   118.000   33.327   126.756
183.000   846.000   404.000   110.000   33.390   126.763
184.000   849.000   391.000   132.000   33.452   126.771
185.000   851.000   382.000   110.000   33.514   126.779
186.000   833.000   384.000   114.000   33.577   126.786
187.000   836.000   410.000   140.000   33.639   126.794
188.000   849.000   388.000   102.000   33.701   126.802
189.000   825.000   367.000   96.000   33.764   126.809
190.000   814.000   365.000   112.000   33.826   126.817
191.000   876.000   383.000   105.000   33.888   126.825
192.000   865.000   380.000   127.000   33.951   126.832
193.000   879.000   369.000   105.000   34.013   126.840
194.000   888.000   362.000   111.000   34.075   126.848
195.000   807.000   393.000   115.000   34.137   126.856
196.000   853.000   402.000   131.000   34.200   126.864
197.000   816.000   390.000   128.000   34.262   126.871
198.000   886.000   381.000   119.000   34.324   126.879
199.000   849.000   382.000   105.000   34.387   126.887
200.000   830.000   389.000   100.000   34.449   126.895
201.000   864.000   389.000   117.000   34.511   126.903
202.000   879.000   401.000   105.000   34.574   126.911
203.000   870.000   364.000   132.000   34.636   126.919
204.000   874.000   379.000   137.000   34.698   126.927
205.000   793.000   394.000   121.000   34.760   126.935
206.000   891.000   402.000   131.000   34.823   126.943
207.000   825.000   397.000   112.000   34.885   126.951
208.000   867.000   382.000   139.000   34.947   126.959
209.000   864.000   397.000   109.000   35.010   126.967
210.000   868.000   407.000   123.000   35.072   126.975
211.000   839.000   406.000   114.000   35.134   126.983
212.000   833.000   348.000   116.000   35.196   126.991
213.000   796.000   382.000   113.000   35.259   126.999
214.000   852.000   378.000   111.000   35.321   127.007
215.000   837.000   366.000   121.000   35.383   127.015
216.000   800.000   381.000   110.000   35.445   127.024
217.000   848.000   408.000   107.000   35.508   127.032
218.000   867.000   402.000   116.000   35.570   127.040
219.000   831.000   376.000   118.000   35.632   127.048
220.000   895.000   409.000   125.000   35.694   127.057
221.000   856.000   372.000   130.000   35.757   127.065
222.000   874.000   415.000   119.000   35.819   127.073
223.000   821.000   371.000   126.000   35.881   127.081
224.000   809.000   402.000   98.000   35.943   127.090
225.000   801.000   421.000   116.000   36.006   127.098
226.000   809.000   403.000   110.000   36.068   127.106
227.000   808.000   405.000   160.000   36.130   127.115
228.000   846.000   384.000   133.000   36.192   127.123
229.000   827.000   419.000   116.000   36.255   127.132
230.000   858.000   405.000   126.000   36.317   127.140
231.000   846.000   394.000   118.000   36.379   127.149
232.000   846.000   365.000   109.000   36.441   127.157
233.000   844.000   411.000   141.000   36.503   127.166
234.000   865.000   397.000   111.000   36.566   127.174
235.000   886.000   373.000   117.000   36.628   127.183
236.000   795.000   380.000   110.000   36.690   127.191
237.000   880.000   391.000   126.000   36.752   127.200
238.000   878.000   391.000   119.000   36.815   127.208
239.000   853.000   416.000   114.000   36.877   127.217
240.000   870.000   431.000   111.000   36.939   127.226
241.000   864.000   387.000   116.000   37.001   127.234
242.000   856.000   364.000   131.000   37.063   127.243
243.000   870.000   411.000   115.000   37.126   127.252
244.000   881.000   408.000   114.000   37.188   127.261
245.000   831.000   403.000   120.000   37.250   127.269
246.000   878.000   420.000   133.000   37.312   127.278
247.000   827.000   378.000   103.000   37.374   127.287
248.000   852.000   403.000   122.000   37.437   127.296
249.000   866.000   403.000   115.000   37.499   127.305
250.000   842.000   400.000   119.000   37.561   127.313
251.000   836.000   415.000   131.000   37.623   127.322
252.000   899.000   346.000   139.000   37.685   127.331
253.000   834.000   444.000   97.000   37.747   127.340
254.000   884.000   401.000   109.000   37.810   127.349
255.000   894.000   437.000   111.000   37.872   127.358
256.000   848.000   405.000   119.000   37.934   127.367
257.000   857.000   414.000   108.000   37.996   127.376
258.000   859.000   408.000   124.000   38.058   127.385
259.000   790.000   406.000   116.000   38.120   127.394
260.000   886.000   389.000   130.000   38.183   127.403
261.000   832.000   402.000   85.000   38.245   127.412
262.000   857.000   421.000   137.000   38.307   127.421
263.000   865.000   383.000   101.000   38.369   127.431
264.000   845.000   385.000   125.000   38.431   127.440
265.000   916.000   411.000   121.000   38.493   127.449
266.000   856.000   358.000   123.000   38.556   127.458
267.000   872.000   389.000   109.000   38.618   127.467
268.000   883.000   393.000   120.000   38.680   127.477
269.000   846.000   398.000   135.000   38.742   127.486
270.000   900.000   416.000   121.000   38.804   127.495
271.000   897.000   385.000   93.000   38.866   127.505
272.000   854.000   381.000   123.000   38.928   127.514
273.000   901.000   384.000   119.000   38.991   127.523
274.000   878.000   363.000   127.000   39.053   127.533
275.000   875.000   425.000   120.000   39.115   127.542
276.000   864.000   418.000   127.000   39.177   127.552
277.000   860.000   371.000   125.000   39.239   127.561
278.000   891.000   389.000   139.000   39.301   127.571
279.000   851.000   404.000   117.000   39.363   127.580
280.000   863.000   387.000   132.000   39.425   127.590
281.000   850.000   405.000   118.000   39.488   127.599
282.000   856.000   434.000   150.000   39.550   127.609
283.000   867.000   412.000   129.000   39.612   127.619
284.000   814.000   420.000   119.000   39.674   127.628
285.000   865.000   424.000   105.000   39.736   127.638
286.000   846.000   399.000   114.000   39.798   127.648
287.000   867.000   400.000   120.000   39.860   127.657
288.000   898.000   424.000   133.000   39.922   127.667
289.000   855.000   420.000   122.000   39.984   127.677
290.000   899.000   430.000   142.000   40.046   127.687
291.000   852.000   398.000   124.000   40.109   127.696
292.000   833.000   375.000   124.000   40.171   127.706
293.000   865.000   422.000   120.000   40.233   127.716
294.000   928.000   409.000   146.000   40.295   127.726
295.000   887.000   383.000   133.000   40.357   127.736
296.000   859.000   384.000   124.000   40.419   127.746
297.000   903.000   389.000   122.000   40.481   127.756
298.000   837.000   411.000   116.000   40.543   127.766
299.000   934.000   380.000   117.000   40.605   127.776
300.000   856.000   457.000   128.000   40.667   127.786
301.000   903.000   436.000   139.000   40.729   127.796
302.000   863.000   428.000   136.000   40.791   127.806
303.000   838.000   353.000   126.000   40.853   127.816
304.000   882.000   389.000   126.000   40.915   127.827
305.000   896.000   396.000   124.000   40.977   127.837
306.000   890.000   401.000   127.000   41.040   127.847
307.000   877.000   430.000   128.000   41.102   127.857
308.000   891.000   406.000   140.000   41.164   127.867
309.000   911.000   413.000   107.000   41.226   127.878
310.000   813.000   422.000   129.000   41.288   127.888
311.000   854.000   396.000   118.000   41.350   127.898
312.000   830.000   392.000   125.000   41.412   127.909
313.000   877.000   394.000   140.000   41.474   127.919
314.000   858.000   376.000   146.000   41.536   127.930
315.000   856.000   380.000   127.000   41.598   127.940
316.000   875.000   419.000   127.000   41.660   127.951
317.000   854.000   443.000   123.000   41.722   127.961
318.000   832.000   436.000   107.000   41.784   127.972
319.000   855.000   403.000   147.000   41.846   127.982
320.000   841.000   415.000   121.000   41.908   127.993
321.000   856.000   430.000   128.000   41.970   128.003
322.000   850.000   418.000   138.000   42.032   128.014
323.000   851.000   446.000   115.000   42.094   128.025
324.000   843.000   418.000   117.000   42.156   128.036
325.000   874.000   421.000   127.000   42.218   128.046
326.000   882.000   418.000   128.000   42.280   128.057
327.000   895.000   428.000   137.000   42.342   128.068
328.000   889.000   403.000   142.000   42.404   128.079
329.000   885.000   447.000   117.000   42.466   128.090
330.000   814.000   434.000   134.000   42.528   128.100
331.000   844.000   401.000   133.000   42.590   128.111
332.000   850.000   418.000   124.000   42.652   128.122
333.000   858.000   428.000   143.000   42.714   128.133
334.000   917.000   438.000   138.000   42.776   128.144
335.000   855.000   419.000   126.000   42.838   128.155
336.000   898.000   430.000   124.000   42.900   128.166
337.000   909.000   482.000   132.000   42.962   128.178
338.000   889.000   413.000   133.000   43.024   128.189
339.000   855.000   438.000   122.000   43.086   128.200
340.000   936.000   438.000   154.000   43.148   128.211
341.000   864.000   419.000   128.000   43.209   128.222
342.000   890.000   400.000   132.000   43.271   128.234
343.000   866.000   446.000   130.000   43.333   128.245
344.000   870.000   427.000   145.000   43.395   128.256
345.000   904.000   429.000   141.000   43.457   128.268
346.000   854.000   410.000   131.000   43.519   128.279
347.000   880.000   464.000   116.000   43.581   128.290
348.000   913.000   413.000   116.000   43.643   128.302
349.000   859.000   418.000   129.000   43.705   128.313
350.000   930.000   402.000   136.000   43.767   128.325
351.000   831.000   392.000   142.000   43.829   128.336
352.000   890.000   391.000   127.000   43.891   128.348
353.000   853.000   429.000   126.000   43.953   128.359
354.000   893.000   389.000   141.000   44.015   128.371
355.000   882.000   431.000   120.000   44.076   128.383
356.000   877.000   430.000   140.000   44.138   128.395
357.000   918.000   422.000   127.000   44.200   128.406
358.000   876.000   442.000   117.000   44.262   128.418
359.000   865.000   438.000   122.000   44.324   128.430
360.000   902.000   443.000   154.000   44.386   128.442
361.000   914.000   430.000   109.000   44.448   128.454
362.000   844.000   450.000   118.000   44.510   128.465
363.000   854.000   461.000   135.000   44.572   128.477
364.000   865.000   402.000   133.000   44.634   128.489
365.000   811.000   415.000   137.000   44.695   128.501
366.000   926.000   439.000   133.000   44.757   128.513
367.000   938.000   423.000   112.000   44.819   128.526
368.000   864.000   455.000   142.000   44.881   128.538
369.000   950.000   465.000   150.000   44.943   128.550
370.000   846.000   431.000   125.000   45.005   128.562
371.000   859.000   446.000   156.000   45.067   128.574
372.000   827.000   476.000   129.000   45.128   128.586
373.000   895.000   446.000   118.000   45.190   128.599
374.000   884.000   418.000   129.000   45.252   128.611
375.000   849.000   437.000   122.000   45.314   128.623
376.000   897.000   439.000   137.000   45.376   128.636
377.000   853.000   454.000   122.000   45.438   128.648
378.000   820.000   403.000   146.000   45.500   128.661
379.000   856.000   440.000   131.000   45.561   128.673
380.000   920.000   438.000   139.000   45.623   128.686
381.000   893.000   430.000   118.000   45.685   128.698
382.000   865.000   446.000   130.000   45.747   128.711
383.000   861.000   444.000   121.000   45.809   128.724
384.000   889.000   492.000   131.000   45.870   128.736
385.000   884.000   460.000   133.000   45.932   128.749
386.000   873.000   480.000   145.000   45.994   128.762
387.000   870.000   478.000   159.000   46.056   128.775
388.000   926.000   443.000   134.000   46.118   128.788
389.000   906.000   405.000   132.000   46.179   128.800
390.000   855.000   441.000   132.000   46.241   128.813
391.000   917.000   468.000   136.000   46.303   128.826
392.000   886.000   424.000   134.000   46.365   128.839
393.000   896.000   447.000   130.000   46.427   128.852
394.000   878.000   452.000   135.000   46.488   128.865
395.000   812.000   435.000   143.000   46.550   128.879
396.000   933.000   451.000   134.000   46.612   128.892
397.000   921.000   445.000   129.000   46.674   128.905
398.000   887.000   391.000   119.000   46.736   128.918
399.000   855.000   434.000   135.000   46.797   128.931
400.000   893.000   455.000   134.000   46.859   128.945
401.000   867.000   465.000   129.000   46.921   128.958
402.000   891.000   453.000   122.000   46.983   128.971
403.000   868.000   429.000   136.000   47.044   128.985
404.000   899.000   457.000   153.000   47.106   128.998
405.000   944.000   451.000   140.000   47.168   129.012
406.000   885.000   456.000   126.000   47.230   129.025
407.000   914.000   443.000   145.000   47.291   129.039
408.000   865.000   463.000   144.000   47.353   129.053
409.000   867.000   452.000   129.000   47.415   129.066
410.000   919.000   432.000   128.000   47.476   129.080
411.000   902.000   505.000   129.000   47.538   129.094
412.000   862.000   488.000   127.000   47.600   129.108
413.000   828.000   461.000   129.000   47.662   129.121
414.000   922.000   453.000   150.000   47.723   129.135
415.000   902.000   442.000   136.000   47.785   129.149
416.000   933.000   468.000   149.000   47.847   129.163
417.000   916.000   484.000   140.000   47.908   129.177
418.000   858.000   458.000   138.000   47.970   129.191
419.000   859.000   441.000   147.000   48.032   129.205
420.000   914.000   463.000   132.000   48.093   129.220
421.000   921.000   485.000   124.000   48.155   129.234
422.000   897.000   435.000   122.000   48.217   129.248
423.000   924.000   457.000   123.000   48.278   129.262
424.000   936.000   460.000   150.000   48.340   129.277
425.000   861.000   495.000   141.000   48.402   129.291
426.000   934.000   470.000   139.000   48.463   129.305
427.000   893.000   427.000   143.000   48.525   129.320
428.000   896.000   479.000   149.000   48.587   129.334
429.000   855.000   444.000   161.000   48.648   129.349
430.000   898.000   491.000   148.000   48.710   129.363
431.000   869.000   475.000   132.000   48.772   129.378
432.000   866.000   445.000   127.000   48.833   129.393
433.000   833.000   473.000   144.000   48.895   129.407
434.000   904.000   473.000   121.000   48.957   129.422
435.000   888.000   478.000   149.000   49.018   129.437
436.000   888.000   447.000   124.000   49.080   129.452
437.000   880.000   464.000   127.000   49.142   129.467
438.000   904.000   480.000   140.000   49.203   129.482
439.000   824.000   481.000   145.000   49.265   129.497
440.000   904.000   477.000   147.000   49.326   129.512
441.000   917.000   487.000   149.000   49.388   129.527
442.000   864.000   424.000   127.000   49.450   129.542
443.000   909.000   487.000   142.000   49.511   129.557
444.000   856.000   445.000   135.000   49.573   129.573
445.000   943.000   473.000   121.000   49.634   129.588
446.000   891.000   473.000   142.000   49.696   129.603
447.000   876.000   482.000   168.000   49.757   129.619
448.000   918.000   476.000   143.000   49.819   129.634
449.000   898.000   494.000   126.000   49.881   129.650
450.000   904.000   454.000   151.000   49.942   129.665
451.000   822.000   499.000   129.000   50.004   129.681
452.000   929.000   481.000   157.000   50.065   129.696
453.000   910.000   503.000   115.000   50.127   129.712
454.000   938.000   448.000   133.000   50.188   129.728
455.000   859.000   503.000   150.000   50.250   129.744
456.000   949.000   485.000   136.000   50.311   129.760
457.000   943.000   514.000   157.000   50.373   129.775
458.000   924.000   487.000   129.000   50.435   129.791
459.000   932.000   439.000   136.000   50.496   129.807
460.000   892.000   476.000   120.000   50.558   129.824
461.000   868.000   526.000   140.000   50.619   129.840
462.000   927.000   478.000   149.000   50.681   129.856
463.000   895.000   423.000   133.000   50.742   129.872
464.000   986.000   462.000   138.000   50.804   129.888
465.000   915.000   461.000   135.000   50.865   129.905
466.000   947.000   472.000   155.000   50.927   129.921
467.000   902.000   450.000   143.000   50.988   129.937
468.000   913.000   469.000   120.000   51.050   129.954
469.000   878.000   475.000   144.000   51.111   129.970
470.000   948.000   481.000   146.000   51.173   129.987
471.000   949.000   443.000   136.000   51.234   130.004
472.000   978.000   442.000   160.000   51.296   130.020
473.000   880.000   508.000   153.000   51.357   130.037
474.000   889.000   485.000   142.000   51.418   130.054
475.000   906.000   452.000   159.000   51.480   130.071
476.000   924.000   469.000   161.000   51.541   130.088
477.000   898.000   473.000   161.000   51.603   130.105
478.000   949.000   532.000   139.000   51.664   130.122
479.000   928.000   490.000   146.000   51.726   130.139
480.000   909.000   514.000   152.000   51.787   130.156
481.000   908.000   504.000   135.000   51.849   130.173
482.000   885.000   516.000   148.000   51.910   130.191
483.000   891.000   482.000   153.000   51.971   130.208
484.000   919.000   452.000   158.000   52.033   130.225
485.000   867.000   480.000   153.000   52.094   130.243
486.000   918.000   467.000   139.000   52.156   130.260
487.000   875.000   493.000   148.000   52.217   130.278
488.000   918.000   509.000   131.000   52.278   130.296
489.000   884.000   483.000   137.000   52.340   130.313
490.000   906.000   505.000   185.000   52.401   130.331
491.000   967.000   486.000   152.000   52.463   130.349
492.000   934.000   476.000   177.000   52.524   130.367
493.000   962.000   508.000   165.000   52.585   130.385
494.000   926.000   506.000   146.000   52.647   130.403
495.000   916.000   494.000   132.000   52.708   130.421
496.000   889.000   502.000   160.000   52.769   130.439
497.000   859.000   503.000   171.000   52.831   130.457
498.000   967.000   491.000   154.000   52.892   130.475
499.000   924.000   502.000   152.000   52.953   130.494
500.000   923.000   474.000   147.000   53.015   130.512
501.000   911.000   538.000   177.000   53.076   130.531
502.000   922.000   496.000   142.000   53.137   130.549
503.000   915.000   473.000   170.000   53.199   130.568
504.000   913.000   482.000   175.000   53.260   130.586
505.000   939.000   497.000   127.000   53.321   130.605
506.000   984.000   489.000   160.000   53.383   130.624
507.000   929.000   496.000   147.000   53.444   130.643
508.000   925.000   476.000   122.000   53.505   130.661
509.000   891.000   548.000   149.000   53.566   130.680
510.000   917.000   531.000   153.000   53.628   130.699
511.000   912.000   530.000   157.000   53.689   130.719
512.000   954.000   478.000   133.000   53.750   130.738
513.000   914.000   504.000   153.000   53.812   130.757
514.000   957.000   529.000   149.000   53.873   130.776
515.000   965.000   470.000   161.000   53.934   130.796
516.000   993.000   545.000   160.000   53.995   130.815
517.000   959.000   487.000   186.000   54.057   130.835
518.000   991.000   505.000   158.000   54.118   130.854
519.000   909.000   534.000   147.000   54.179   130.874
520.000   912.000   500.000   157.000   54.240   130.894
521.000   941.000   530.000   142.000   54.301   130.913
522.000   874.000   505.000   164.000   54.363   130.933
523.000   974.000   504.000   144.000   54.424   130.953
524.000   892.000   498.000   154.000   54.485   130.973
525.000   992.000   521.000   151.000   54.546   130.993
526.000   958.000   512.000   154.000   54.607   131.013
527.000   942.000   503.000   162.000   54.669   131.034
528.000   952.000   548.000   167.000   54.730   131.054
529.000   957.000   537.000   122.000   54.791   131.074
530.000   900.000   518.000   171.000   54.852   131.095
531.000   1005.000   538.000   180.000   54.913   131.115
532.000   919.000   530.000   134.000   54.974   131.136
533.000   1014.000   541.000   163.000   55.036   131.156
534.000   953.000   529.000   160.000   55.097   131.177
535.000   1051.000   566.000   171.000   55.158   131.198
536.000   936.000   511.000   160.000   55.219   131.219
537.000   995.000   530.000   177.000   55.280   131.240
538.000   995.000   515.000   153.000   55.341   131.261
539.000   981.000   540.000   162.000   55.402   131.282
540.000   1013.000   558.000   167.000   55.463   131.303
541.000   1011.000   548.000   160.000   55.525   131.325
542.000   985.000   495.000   165.000   55.586   131.346
543.000   998.000   522.000   186.000   55.647   131.367
544.000   964.000   517.000   148.000   55.708   131.389
545.000   1001.000   575.000   158.000   55.769   131.411
546.000   984.000   566.000   164.000   55.830   131.432
547.000   991.000   553.000   162.000   55.891   131.454
548.000   993.000   519.000   165.000   55.952   131.476
549.000   1045.000   533.000   152.000   56.013   131.498
550.000   1087.000   540.000   186.000   56.074   131.520
551.000   1033.000   573.000   164.000   56.135   131.542
552.000   1059.000   546.000   164.000   56.196   131.564
553.000   1074.000   563.000   168.000   56.257   131.586
554.000   1113.000   504.000   153.000   56.318   131.609
555.000   1124.000   576.000   158.000   56.379   131.631
556.000   1079.000   539.000   170.000   56.440   131.654
557.000   1135.000   513.000   163.000   56.501   131.676
558.000   1138.000   589.000   154.000   56.562   131.699
559.000   1142.000   588.000   186.000   56.623   131.722
560.000   1228.000   569.000   196.000   56.684   131.745
561.000   1228.000   544.000   179.000   56.745   131.767
562.000   1202.000   534.000   161.000   56.806   131.791
563.000   1215.000   515.000   161.000   56.867   131.814
564.000   1226.000   547.000   162.000   56.928   131.837
565.000   1345.000   553.000   180.000   56.989   131.860
566.000   1279.000   535.000   163.000   57.050   131.884
567.000   1336.000   548.000   167.000   57.111   131.907
568.000   1222.000   577.000   159.000   57.172   131.931
569.000   1277.000   538.000   159.000   57.233   131.954
570.000   1315.000   583.000   176.000   57.294   131.978
571.000   1313.000   560.000   176.000   57.355   132.002
572.000   1382.000   569.000   188.000   57.416   132.026
573.000   1391.000   537.000   163.000   57.476   132.050
574.000   1385.000   539.000   177.000   57.537   132.074
575.000   1431.000   566.000   173.000   57.598   132.098
576.000   1360.000   526.000   166.000   57.659   132.122
577.000   1363.000   554.000   169.000   57.720   132.147
578.000   1428.000   517.000   152.000   57.781   132.171
579.000   1379.000   535.000   169.000   57.842   132.196
580.000   1340.000   536.000   151.000   57.902   132.221
581.000   1351.000   535.000   170.000   57.963   132.246
582.000   1411.000   557.000   170.000   58.024   132.270
583.000   1325.000   553.000   182.000   58.085   132.295
584.000   1273.000   555.000   174.000   58.146   132.321
585.000   1378.000   553.000   159.000   58.207   132.346
586.000   1279.000   529.000   169.000   58.267   132.371
587.000   1395.000   559.000   167.000   58.328   132.396
588.000   1430.000   586.000   174.000   58.389   132.422
589.000   1346.000   570.000   176.000   58.450   132.447
590.000   1362.000   547.000   164.000   58.510   132.473
591.000   1316.000   538.000   196.000   58.571   132.499
592.000   1330.000   557.000   155.000   58.632   132.525
593.000   1361.000   545.000   161.000   58.693   132.551
594.000   1342.000   540.000   153.000   58.753   132.577
595.000   1416.000   582.000   157.000   58.814   132.603
596.000   1366.000   558.000   166.000   58.875   132.630
597.000   1380.000   581.000   182.000   58.936   132.656
598.000   1369.000   590.000   178.000   58.996   132.683
599.000   1313.000   587.000   180.000   59.057   132.709
600.000   1310.000   557.000   185.000   59.118   132.736
601.000   1277.000   560.000   176.000   59.178   132.763
602.000   1280.000   534.000   163.000   59.239   132.790
603.000   1284.000   573.000   190.000   59.300   132.817
604.000   1257.000   594.000   179.000   59.360   132.844
605.000   1373.000   570.000   171.000   59.421   132.871
606.000   1312.000   563.000   189.000   59.482   132.899
607.000   1241.000   552.000   159.000   59.542   132.926
608.000   1296.000   595.000   180.000   59.603   132.954
609.000   1270.000   541.000   182.000   59.663   132.982
610.000   1264.000   572.000   192.000   59.724   133.010
611.000   1283.000   596.000   183.000   59.785   133.038
612.000   1218.000   607.000   152.000   59.845   133.066
613.000   1271.000   560.000   161.000   59.906   133.094
614.000   1241.000   573.000   176.000   59.966   133.122
615.000   1250.000   527.000   190.000   60.027   133.151
616.000   1271.000   559.000   166.000   60.087   133.180
617.000   1219.000   523.000   163.000   60.148   133.208
618.000   1212.000   582.000   171.000   60.208   133.237
619.000   1202.000   609.000   170.000   60.269   133.266
620.000   1217.000   578.000   163.000   60.329   133.295
621.000   1128.000   599.000   172.000   60.390   133.324
622.000   1135.000   585.000   172.000   60.450   133.354
623.000   1165.000   583.000   161.000   60.511   133.383
624.000   1186.000   598.000   169.000   60.571   133.413
625.000   1183.000   568.000   179.000   60.632   133.442
626.000   1204.000   611.000   168.000   60.692   133.472
627.000   1156.000   600.000   160.000   60.753   133.502
628.000   1157.000   582.000   186.000   60.813   133.532
629.000   1205.000   580.000   161.000   60.874   133.562
630.000   1142.000   585.000   175.000   60.934   133.593
631.000   1120.000   608.000   196.000   60.994   133.623
632.000   1182.000   574.000   138.000   61.055   133.654
633.000   1137.000   567.000   174.000   61.115   133.685
634.000   1154.000   582.000   183.000   61.176   133.715
635.000   1115.000   617.000   152.000   61.236   133.746
636.000   1080.000   575.000   176.000   61.296   133.778
637.000   1101.000   561.000   173.000   61.357   133.809
638.000   1062.000   612.000   189.000   61.417   133.840
639.000   1087.000   625.000   164.000   61.477   133.872
640.000   1067.000   592.000   175.000   61.538   133.904
641.000   1127.000   557.000   165.000   61.598   133.935
642.000   1103.000   601.000   181.000   61.658   133.967
643.000   1129.000   610.000   187.000   61.719   133.999
644.000   1096.000   601.000   210.000   61.779   134.032
645.000   1155.000   630.000   149.000   61.839   134.064
646.000   1133.000   594.000   173.000   61.899   134.097
647.000   1134.000   608.000   161.000   61.960   134.129
648.000   1084.000   581.000   184.000   62.020   134.162
649.000   1151.000   553.000   191.000   62.080   134.195
650.000   1138.000   578.000   198.000   62.140   134.228
651.000   1135.000   582.000   197.000   62.200   134.261
652.000   1070.000   572.000   180.000   62.261   134.295
653.000   1189.000   580.000   176.000   62.321   134.328
654.000   1158.000   600.000   186.000   62.381   134.362
655.000   1188.000   639.000   175.000   62.441   134.396
656.000   1144.000   632.000   166.000   62.501   134.430
657.000   1138.000   617.000   213.000   62.561   134.464
658.000   1138.000   610.000   184.000   62.622   134.499
659.000   1153.000   594.000   209.000   62.682   134.533
660.000   1109.000   547.000   187.000   62.742   134.568
661.000   1106.000   647.000   173.000   62.802   134.602
662.000   1083.000   604.000   205.000   62.862   134.637
663.000   1154.000   637.000   237.000   62.922   134.673
664.000   1149.000   667.000   210.000   62.982   134.708
665.000   1104.000   606.000   209.000   63.042   134.743
666.000   1136.000   639.000   215.000   63.102   134.779
667.000   1145.000   655.000   211.000   63.162   134.815
668.000   1138.000   661.000   210.000   63.222   134.851
669.000   1107.000   710.000   213.000   63.282   134.887
670.000   1158.000   656.000   218.000   63.342   134.923
671.000   1201.000   695.000   270.000   63.402   134.959
672.000   1256.000   703.000   258.000   63.462   134.996
673.000   1208.000   724.000   239.000   63.522   135.033
674.000   1162.000   783.000   266.000   63.582   135.070
675.000   1159.000   806.000   256.000   63.642   135.107
676.000   1297.000   809.000   294.000   63.702   135.144
677.000   1306.000   826.000   329.000   63.762   135.182
678.000   1293.000   922.000   302.000   63.821   135.219
679.000   1288.000   942.000   358.000   63.881   135.257
680.000   1367.000   995.000   406.000   63.941   135.295
681.000   1360.000   1084.000   417.000   64.001   135.333
682.000   1447.000   1131.000   479.000   64.061   135.372
683.000   1378.000   1194.000   485.000   64.121   135.410
684.000   1511.000   1294.000   521.000   64.180   135.449
685.000   1544.000   1416.000   570.000   64.240   135.488
686.000   1658.000   1470.000   664.000   64.300   135.527
687.000   1609.000   1602.000   710.000   64.360   135.566
688.000   1701.000   1723.000   780.000   64.420   135.606
689.000   1793.000   1864.000   827.000   64.479   135.645
690.000   1823.000   1898.000   878.000   64.539   135.685
691.000   1859.000   2167.000   982.000   64.599   135.725
692.000   2012.000   2304.000   1083.000   64.658   135.766
693.000   2092.000   2473.000   1209.000   64.718   135.806
694.000   2317.000   2659.000   1199.000   64.778   135.847
695.000   2361.000   2897.000   1400.000   64.837   135.888
696.000   2464.000   3047.000   1576.000   64.897   135.929
697.000   2566.000   3343.000   1578.000   64.957   135.970
698.000   2801.000   3548.000   1708.000   65.016   136.011
699.000   2802.000   3789.000   1812.000   65.076   136.053
700.000   2993.000   4107.000   1944.000   65.135   136.095
701.000   3107.000   4276.000   2099.000   65.195   136.137
702.000   3329.000   4649.000   2240.000   65.255   136.179
703.000   3435.000   4735.000   2335.000   65.314   136.222
704.000   3486.000   4961.000   2518.000   65.374   136.264
705.000   3696.000   5181.000   2626.000   65.433   136.307
706.000   3753.000   5406.000   2695.000   65.493   136.350
707.000   3933.000   5728.000   2946.000   65.552   136.394
708.000   4161.000   6012.000   3066.000   65.612   136.437
709.000   4336.000   6306.000   3134.000   65.671   136.481
710.000   4382.000   6688.000   3315.000   65.730   136.525
711.000   4631.000   6852.000   3425.000   65.790   136.569
712.000   4799.000   7265.000   3473.000   65.849   136.614
713.000   4858.000   7373.000   3633.000   65.909   136.658
714.000   5095.000   7589.000   3687.000   65.968   136.703
715.000   5319.000   7842.000   4039.000   66.027   136.748
716.000   5522.000   8242.000   4081.000   66.087   136.793
717.000   5661.000   8489.000   4249.000   66.146   136.839
718.000   5837.000   8770.000   4373.000   66.205   136.885
719.000   5924.000   9033.000   4414.000   66.264   136.931
720.000   6244.000   9012.000   4316.000   66.324   136.977
721.000   6575.000   9353.000   4447.000   66.383   137.024
722.000   6559.000   9549.000   4739.000   66.442   137.070
723.000   6565.000   9654.000   4678.000   66.501   137.117
724.000   6926.000   9823.000   4517.000   66.561   137.165
725.000   6948.000   9713.000   4639.000   66.620   137.212
726.000   7344.000   10128.000   4775.000   66.679   137.260
727.000   7429.000   10280.000   4796.000   66.738   137.308
728.000   7762.000   10601.000   4847.000   66.797   137.356
729.000   8121.000   10594.000   4870.000   66.856   137.405
730.000   8492.000   10699.000   4893.000   66.915   137.453
731.000   8480.000   10688.000   4912.000   66.974   137.502
732.000   8731.000   11041.000   4915.000   67.033   137.551
733.000   8913.000   11008.000   4978.000   67.092   137.601
734.000   9154.000   11537.000   4955.000   67.151   137.651
735.000   9661.000   11358.000   4887.000   67.210   137.701
736.000   9767.000   11617.000   5058.000   67.269   137.751
737.000   10315.000   11624.000   4848.000   67.328   137.802
738.000   10696.000   11695.000   4865.000   67.387   137.852
739.000   11021.000   12046.000   4882.000   67.446   137.904
740.000   11320.000   11965.000   4900.000   67.505   137.955
741.000   11616.000   12165.000   4760.000   67.564   138.007
742.000   12001.000   12293.000   4688.000   67.623   138.059
743.000   12586.000   12560.000   4626.000   67.682   138.111
744.000   13312.000   12623.000   4641.000   67.740   138.163
745.000   13631.000   13003.000   4687.000   67.799   138.216
746.000   14306.000   12972.000   4436.000   67.858   138.269
747.000   14720.000   13068.000   4437.000   67.917   138.322
748.000   15061.000   13362.000   4526.000   67.976   138.376
749.000   15657.000   13749.000   4469.000   68.034   138.430
750.000   16069.000   13937.000   4486.000   68.093   138.484
751.000   16679.000   14049.000   4422.000   68.152   138.539
752.000   17141.000   14399.000   4221.000   68.210   138.594
753.000   17714.000   14284.000   4322.000   68.269   138.649
754.000   18546.000   14616.000   4217.000   68.327   138.704
755.000   18430.000   14979.000   4256.000   68.386   138.760
756.000   18995.000   15046.000   4161.000   68.445   138.816
757.000   19275.000   15105.000   4121.000   68.503   138.872
758.000   19738.000   15654.000   4171.000   68.562   138.929
759.000   20195.000   16138.000   4120.000   68.620   138.986
760.000   20500.000   16421.000   4200.000   68.679   139.043
761.000   20947.000   17198.000   4248.000   68.737   139.101
762.000   21597.000   17353.000   4297.000   68.795   139.159
763.000   21824.000   17902.000   4147.000   68.854   139.217
764.000   22007.000   18292.000   4334.000   68.912   139.276
765.000   22549.000   18400.000   4225.000   68.971   139.335
766.000   22995.000   19077.000   4376.000   69.029   139.394
767.000   23230.000   19517.000   4359.000   69.087   139.454
768.000   23672.000   19803.000   4426.000   69.145   139.514
769.000   23923.000   20047.000   4483.000   69.204   139.574
770.000   23924.000   20321.000   4438.000   69.262   139.635
771.000   24373.000   20699.000   4539.000   69.320   139.696
772.000   24321.000   21272.000   4492.000   69.378   139.757
773.000   24372.000   21631.000   4602.000   69.436   139.819
774.000   24792.000   21773.000   4434.000   69.495   139.881
775.000   25466.000   21883.000   4538.000   69.553   139.943
776.000   25381.000   22268.000   4587.000   69.611   140.006
777.000   25475.000   22527.000   4415.000   69.669   140.069
778.000   25800.000   22616.000   4481.000   69.727   140.133
779.000   26313.000   22544.000   4617.000   69.785   140.196
780.000   26168.000   22644.000   4525.000   69.843   140.261
781.000   26184.000   22706.000   4336.000   69.901   140.325
782.000   26196.000   22671.000   4394.000   69.959   140.390
783.000   26370.000   23051.000   4341.000   70.016   140.456
784.000   26352.000   22773.000   4092.000   70.074   140.522
785.000   26766.000   22610.000   4148.000   70.132   140.588
786.000   26812.000   22829.000   4148.000   70.190   140.654
787.000   27246.000   22641.000   3930.000   70.248   140.721
788.000   27403.000   22245.000   3934.000   70.305   140.789
789.000   27522.000   22207.000   3779.000   70.363   140.856
790.000   27562.000   22031.000   3743.000   70.421   140.925
791.000   27493.000   21904.000   3751.000   70.478   140.993
792.000   27286.000   21527.000   3584.000   70.536   141.062
793.000   27461.000   21325.000   3559.000   70.594   141.132
794.000   28104.000   21157.000   3477.000   70.651   141.201
795.000   29541.000   21407.000   3302.000   70.709   141.272
796.000   30044.000   21793.000   3286.000   70.766   141.342
797.000   30960.000   22110.000   3099.000   70.824   141.414
798.000   30782.000   21678.000   3147.000   70.881   141.485
799.000   30071.000   21168.000   3149.000   70.939   141.557
800.000   29466.000   20607.000   3007.000   70.996   141.630
801.000   29369.000   19852.000   2857.000   71.053   141.702
802.000   29150.000   19568.000   2984.000   71.111   141.776
803.000   27914.000   19376.000   2985.000   71.168   141.850
804.000   27648.000   18743.000   2762.000   71.225   141.924
805.000   27369.000   18378.000   2689.000   71.282   141.999
806.000   27116.000   17833.000   2576.000   71.340   142.074
807.000   27037.000   17411.000   2475.000   71.397   142.149
808.000   26604.000   16883.000   2436.000   71.454   142.225
809.000   25954.000   16523.000   2313.000   71.511   142.302
810.000   25647.000   16274.000   2261.000   71.568   142.379
811.000   25339.000   16012.000   2183.000   71.625   142.457
812.000   24888.000   15944.000   2280.000   71.682   142.535
813.000   24766.000   15526.000   2137.000   71.739   142.613
814.000   24771.000   15176.000   2110.000   71.796   142.692
815.000   24849.000   15168.000   1980.000   71.853   142.772
816.000   25153.000   14777.000   1960.000   71.909   142.852
817.000   24682.000   14503.000   1965.000   71.966   142.932
818.000   24732.000   13899.000   1834.000   72.023   143.014
819.000   23753.000   13118.000   1702.000   72.080   143.095
820.000   23290.000   12649.000   1627.000   72.136   143.177
821.000   23312.000   12347.000   1550.000   72.193   143.260
822.000   23212.000   11891.000   1522.000   72.249   143.343
823.000   22523.000   11566.000   1508.000   72.306   143.427
824.000   22563.000   11265.000   1393.000   72.363   143.511
825.000   22174.000   11065.000   1346.000   72.419   143.596
826.000   22694.000   10867.000   1350.000   72.475   143.681
827.000   22290.000   10562.000   1229.000   72.532   143.767
828.000   22772.000   10218.000   1250.000   72.588   143.854
829.000   22725.000   10325.000   1251.000   72.644   143.941
830.000   22246.000   9964.000   1211.000   72.701   144.029
831.000   21923.000   9543.000   1149.000   72.757   144.117
832.000   21637.000   9179.000   1077.000   72.813   144.206
833.000   21677.000   8742.000   1057.000   72.869   144.295
834.000   21089.000   8322.000   980.000   72.925   144.385
835.000   21097.000   8102.000   891.000   72.981   144.476
836.000   21102.000   7736.000   869.000   73.037   144.567
837.000   20978.000   7512.000   771.000   73.093   144.659
838.000   21416.000   7247.000   755.000   73.149   144.751
839.000   20592.000   6763.000   699.000   73.205   144.844
840.000   20024.000   6378.000   684.000   73.261   144.938
841.000   19750.000   6177.000   608.000   73.317   145.032
842.000   19349.000   5778.000   648.000   73.372   145.127
843.000   18836.000   5513.000   571.000   73.428   145.223
844.000   18128.000   5208.000   595.000   73.484   145.319
845.000   16821.000   4768.000   489.000   73.539   145.416
846.000   16292.000   4557.000   509.000   73.595   145.514
847.000   15888.000   4326.000   482.000   73.650   145.612
848.000   15562.000   4179.000   405.000   73.706   145.711
849.000   15206.000   4171.000   412.000   73.761   145.810
850.000   15025.000   3805.000   431.000   73.816   145.911
851.000   14690.000   3787.000   401.000   73.872   146.012
852.000   14239.000   3581.000   409.000   73.927   146.113
853.000   13690.000   3303.000   419.000   73.982   146.216
854.000   13434.000   3408.000   422.000   74.037   146.319
855.000   12894.000   3225.000   408.000   74.092   146.423
856.000   12604.000   3168.000   386.000   74.147   146.527
857.000   11475.000   3042.000   414.000   74.202   146.633
858.000   11913.000   2978.000   423.000   74.257   146.739
859.000   11184.000   2855.000   375.000   74.312   146.846
860.000   10192.000   2649.000   417.000   74.367   146.953
861.000   9769.000   2538.000   356.000   74.421   147.062
862.000   9089.000   2396.000   315.000   74.476   147.171
863.000   8848.000   2288.000   334.000   74.531   147.281
864.000   8124.000   2252.000   294.000   74.585   147.391
865.000   7713.000   2105.000   253.000   74.640   147.503
866.000   7907.000   2068.000   262.000   74.694   147.615
867.000   7855.000   2053.000   246.000   74.749   147.728
868.000   7589.000   1824.000   218.000   74.803   147.842
869.000   8259.000   1706.000   252.000   74.857   147.957
870.000   8703.000   1765.000   230.000   74.911   148.072
871.000   8460.000   1737.000   201.000   74.965   148.189
872.000   8822.000   1616.000   199.000   75.020   148.306
873.000   8597.000   1593.000   205.000   75.073   148.424
874.000   8405.000   1483.000   211.000   75.127   148.543
875.000   8430.000   1447.000   180.000   75.181   148.663
876.000   8349.000   1418.000   193.000   75.235   148.784
877.000   8199.000   1418.000   166.000   75.289   148.905
878.000   7936.000   1335.000   189.000   75.342   149.028
879.000   8588.000   1226.000   172.000   75.396   149.151
880.000   7878.000   1130.000   179.000   75.450   149.276
881.000   8911.000   1094.000   158.000   75.503   149.401
882.000   7232.000   966.000   198.000   75.556   149.527
883.000   6792.000   969.000   184.000   75.610   149.654
884.000   5425.000   901.000   202.000   75.663   149.782
885.000   4802.000   859.000   166.000   75.716   149.911
886.000   4248.000   851.000   182.000   75.769   150.042
887.000   4016.000   755.000   187.000   75.822   150.173
888.000   3874.000   841.000   179.000   75.875   150.305
889.000   3823.000   853.000   190.000   75.928   150.438
890.000   3893.000   801.000   201.000   75.981   150.572
891.000   3977.000   850.000   154.000   76.033   150.707
892.000   3906.000   825.000   191.000   76.086   150.843
893.000   4425.000   775.000   161.000   76.138   150.980
894.000   4036.000   821.000   208.000   76.191   151.118
895.000   3983.000   788.000   166.000   76.243   151.257
896.000   4166.000   794.000   193.000   76.295   151.398
897.000   5353.000   781.000   158.000   76.348   151.539
898.000   5763.000   753.000   171.000   76.400   151.682
899.000   6022.000   738.000   173.000   76.452   151.825
900.000   6820.000   738.000   165.000   76.504   151.970
901.000   7892.000   695.000   139.000   76.556   152.116
902.000   8365.000   691.000   174.000   76.607   152.263
903.000   8380.000   709.000   148.000   76.659   152.411
904.000   8114.000   736.000   177.000   76.710   152.560
905.000   6255.000   708.000   155.000   76.762   152.711
906.000   6003.000   699.000   173.000   76.813   152.862
907.000   5308.000   699.000   166.000   76.865   153.015
908.000   4924.000   667.000   191.000   76.916   153.169
909.000   4519.000   747.000   173.000   76.967   153.324
910.000   4396.000   685.000   203.000   77.018   153.481
911.000   4129.000   668.000   165.000   77.069   153.639
912.000   3946.000   666.000   199.000   77.120   153.798
913.000   3606.000   678.000   195.000   77.170   153.958
914.000   3429.000   710.000   156.000   77.221   154.120
915.000   3155.000   686.000   172.000   77.271   154.282
916.000   3109.000   676.000   192.000   77.322   154.447
917.000   3134.000   684.000   176.000   77.372   154.612
918.000   3537.000   683.000   175.000   77.422   154.779
919.000   3462.000   662.000   161.000   77.472   154.947
920.000   3574.000   705.000   200.000   77.522   155.116
921.000   3627.000   687.000   191.000   77.572   155.287
922.000   3335.000   718.000   180.000   77.622   155.460
923.000   3256.000   680.000   169.000   77.671   155.633
924.000   3117.000   674.000   184.000   77.721   155.808
925.000   3017.000   694.000   174.000   77.770   155.985
926.000   2913.000   719.000   166.000   77.819   156.163
927.000   3241.000   726.000   164.000   77.868   156.342
928.000   3676.000   690.000   175.000   77.917   156.523
929.000   3184.000   673.000   162.000   77.966   156.705
930.000   2887.000   727.000   172.000   78.015   156.889
931.000   2522.000   709.000   167.000   78.064   157.074
932.000   2396.000   645.000   199.000   78.112   157.261
933.000   2299.000   708.000   169.000   78.161   157.450
934.000   2151.000   706.000   180.000   78.209   157.640
935.000   2152.000   686.000   158.000   78.257   157.831
936.000   2209.000   715.000   180.000   78.305   158.024
937.000   2059.000   673.000   167.000   78.353   158.219
938.000   2082.000   635.000   203.000   78.400   158.415
939.000   2046.000   643.000   188.000   78.448   158.613
940.000   2132.000   699.000   190.000   78.495   158.813
941.000   2054.000   625.000   163.000   78.543   159.014
942.000   2074.000   642.000   172.000   78.590   159.217
943.000   2025.000   646.000   212.000   78.637   159.421
944.000   2039.000   694.000   190.000   78.684   159.628
945.000   1929.000   663.000   183.000   78.730   159.836
946.000   1992.000   621.000   181.000   78.777   160.046
947.000   1987.000   654.000   210.000   78.823   160.257
948.000   2026.000   696.000   195.000   78.869   160.470
949.000   2060.000   628.000   170.000   78.915   160.686
950.000   1926.000   689.000   166.000   78.961   160.902
951.000   1975.000   660.000   174.000   79.007   161.121
952.000   2021.000   659.000   191.000   79.053   161.342
953.000   1979.000   626.000   189.000   79.098   161.564
954.000   2100.000   660.000   181.000   79.143   161.788
955.000   2132.000   642.000   183.000   79.188   162.014
956.000   1974.000   669.000   194.000   79.233   162.242
957.000   2142.000   692.000   183.000   79.278   162.472
958.000   1991.000   668.000   188.000   79.322   162.704
959.000   2043.000   619.000   179.000   79.367   162.938
960.000   2100.000   689.000   160.000   79.411   163.174
961.000   1973.000   663.000   205.000   79.455   163.412
962.000   2031.000   698.000   177.000   79.499   163.652
963.000   1991.000   657.000   185.000   79.542   163.893
964.000   2034.000   673.000   188.000   79.586   164.137
965.000   1942.000   648.000   146.000   79.629   164.383
966.000   1903.000   654.000   194.000   79.672   164.631
967.000   1947.000   642.000   174.000   79.715   164.881
968.000   1933.000   647.000   180.000   79.758   165.133
969.000   1925.000   656.000   161.000   79.800   165.387
970.000   1939.000   647.000   214.000   79.842   165.644
971.000   1937.000   635.000   175.000   79.884   165.902
972.000   1949.000   656.000   162.000   79.926   166.163
973.000   2004.000   608.000   186.000   79.968   166.426
974.000   1944.000   644.000   183.000   80.009   166.691
975.000   1937.000   606.000   172.000   80.050   166.958
976.000   1891.000   599.000   186.000   80.091   167.228
977.000   1992.000   580.000   164.000   80.132   167.499
978.000   1995.000   636.000   169.000   80.173   167.773
979.000   2046.000   648.000   198.000   80.213   168.050
980.000   2082.000   639.000   160.000   80.253   168.328
981.000   2015.000   634.000   162.000   80.293   168.609
982.000   2147.000   635.000   156.000   80.332   168.892
983.000   1953.000   633.000   169.000   80.372   169.178
984.000   2011.000   650.000   193.000   80.411   169.466
985.000   1980.000   646.000   180.000   80.450   169.756
986.000   1994.000   667.000   155.000   80.488   170.048
987.000   1980.000   629.000   183.000   80.527   170.343
988.000   1986.000   609.000   162.000   80.565   170.641
989.000   1902.000   636.000   163.000   80.602   170.940
990.000   1974.000   667.000   186.000   80.640   171.243
991.000   1933.000   606.000   149.000   80.677   171.547
992.000   1952.000   588.000   165.000   80.714   171.854
993.000   1924.000   608.000   197.000   80.751   172.164
994.000   1975.000   664.000   170.000   80.788   172.476
995.000   1892.000   691.000   178.000   80.824   172.790
996.000   1908.000   644.000   183.000   80.860   173.107
997.000   1979.000   631.000   182.000   80.895   173.427
998.000   1859.000   611.000   186.000   80.931   173.749
999.000   1786.000   659.000   193.000   80.966   174.073
1000.000   1847.000   692.000   183.000   81.001   174.400
1001.000   1875.000   699.000   174.000   81.035   174.730
1002.000   1921.000   660.000   182.000   81.069   175.062
1003.000   1912.000   646.000   151.000   81.103   175.397
1004.000   1875.000   649.000   178.000   81.137   175.734
1005.000   1851.000   631.000   178.000   81.170   176.074
1006.000   1931.000   718.000   184.000   81.203   176.416
1007.000   1895.000   685.000   179.000   81.235   176.761
1008.000   1845.000   660.000   149.000   81.268   177.108
1009.000   1898.000   631.000   205.000   81.300   177.459
1010.000   1893.000   698.000   165.000   81.331   177.811
1011.000   1959.000   688.000   161.000   81.362   178.166
1012.000   1981.000   647.000   169.000   81.393   178.524
1013.000   1933.000   657.000   184.000   81.424   178.884
1014.000   1966.000   666.000   174.000   81.454   179.247
1015.000   2021.000   709.000   167.000   81.484   179.613
1016.000   1950.000   638.000   182.000   81.514   179.981
1017.000   1859.000   680.000   181.000   81.543   -179.648
1018.000   1887.000   705.000   184.000   81.572   -179.275
1019.000   1885.000   645.000   173.000   81.600   -178.899
1020.000   1955.000   627.000   193.000   81.628   -178.521
1021.000   1856.000   675.000   162.000   81.656   -178.140
1022.000   1884.000   623.000   194.000   81.684   -177.757
1023.000   1919.000   651.000   161.000   81.711   -177.371
1024.000   1885.000   618.000   184.000   81.737   -176.982
1025.000   1856.000   627.000   178.000   81.763   -176.592
1026.000   1853.000   616.000   176.000   81.789   -176.198
1027.000   1795.000   632.000   160.000   81.815   -175.802
1028.000   1889.000   670.000   174.000   81.840   -175.404
1029.000   1820.000   673.000   167.000   81.864   -175.003
1030.000   1800.000   621.000   183.000   81.889   -174.600
1031.000   1887.000   626.000   154.000   81.913   -174.194
1032.000   1865.000   679.000   184.000   81.936   -173.786
1033.000   1938.000   631.000   168.000   81.959   -173.376
1034.000   1819.000   669.000   209.000   81.982   -172.963
1035.000   1863.000   679.000   173.000   82.004   -172.548
1036.000   1850.000   666.000   181.000   82.026   -172.131
1037.000   1887.000   657.000   154.000   82.047   -171.711
1038.000   1855.000   644.000   166.000   82.068   -171.290
1039.000   1878.000   655.000   162.000   82.088   -170.866
1040.000   1835.000   657.000   175.000   82.108   -170.439
1041.000   1825.000   630.000   171.000   82.128   -170.011
1042.000   1892.000   613.000   189.000   82.147   -169.580
1043.000   1835.000   679.000   173.000   82.166   -169.148
1044.000   1822.000   676.000   154.000   82.184   -168.713
1045.000   1818.000   683.000   172.000   82.202   -168.277
1046.000   1848.000   658.000   174.000   82.219   -167.838
1047.000   1827.000   659.000   210.000   82.236   -167.398
1048.000   1796.000   620.000   156.000   82.252   -166.955
1049.000   1864.000   649.000   149.000   82.268   -166.511
1050.000   1874.000   659.000   164.000   82.284   -166.065
1051.000   1809.000   671.000   166.000   82.299   -165.617
1052.000   1847.000   631.000   163.000   82.313   -165.167
1053.000   1817.000   623.000   183.000   82.327   -164.716
1054.000   1842.000   641.000   169.000   82.341   -164.263
1055.000   1823.000   642.000   174.000   82.354   -163.809
1056.000   1769.000   636.000   206.000   82.366   -163.353
1057.000   1832.000   595.000   199.000   82.378   -162.895
1058.000   1755.000   666.000   185.000   82.390   -162.436
1059.000   1722.000   652.000   181.000   82.401   -161.976
1060.000   1743.000   654.000   184.000   82.412   -161.515
1061.000   1755.000   647.000   188.000   82.422   -161.052
1062.000   1800.000   675.000   167.000   82.432   -160.588
1063.000   1772.000   616.000   193.000   82.441   -160.122
1064.000   1713.000   663.000   180.000   82.449   -159.656
1065.000   1712.000   630.000   173.000   82.457   -159.189
1066.000   1695.000   639.000   170.000   82.465   -158.720
1067.000   1780.000   614.000   183.000   82.472   -158.251
1068.000   1778.000   633.000   174.000   82.479   -157.781
1069.000   1670.000   659.000   183.000   82.485   -157.310
1070.000   1730.000   684.000   169.000   82.490   -156.839
1071.000   1719.000   670.000   190.000   82.495   -156.366
1072.000   1741.000   621.000   184.000   82.500   -155.893
1073.000   1733.000   642.000   175.000   82.504   -155.420
1074.000   1671.000   639.000   173.000   82.507   -154.946
1075.000   1767.000   604.000   171.000   82.510   -154.472
1076.000   1666.000   646.000   168.000   82.513   -153.997
1077.000   1633.000   593.000   189.000   82.515   -153.522
1078.000   1674.000   645.000   193.000   82.516   -153.047
1079.000   1631.000   621.000   195.000   82.517   -152.572
1080.000   1627.000   643.000   183.000   82.518   -152.096
