Time range: [ 04:00:58.000  04:28:01.000 ]
Time range duration: 27.0 min, 3.0 sec
Longitude range: [ 69.0  140.0 ]
14458.000   1149.000   602.000   140.000   -82.516   -35.862
14459.000   1189.000   579.000   178.000   -82.516   -35.389
14460.000   1121.000   660.000   161.000   -82.515   -34.916
14461.000   1121.000   579.000   129.000   -82.514   -34.443
14462.000   1122.000   625.000   157.000   -82.512   -33.971
14463.000   1134.000   607.000   160.000   -82.510   -33.498
14464.000   1103.000   637.000   178.000   -82.507   -33.026
14465.000   1120.000   568.000   163.000   -82.503   -32.554
14466.000   1108.000   595.000   171.000   -82.500   -32.083
14467.000   1139.000   561.000   158.000   -82.495   -31.612
14468.000   1147.000   593.000   147.000   -82.490   -31.142
14469.000   1149.000   584.000   164.000   -82.485   -30.672
14470.000   1144.000   594.000   150.000   -82.479   -30.204
14471.000   1101.000   581.000   162.000   -82.473   -29.735
14472.000   1150.000   608.000   140.000   -82.466   -29.268
14473.000   1174.000   568.000   134.000   -82.459   -28.802
14474.000   1146.000   594.000   152.000   -82.451   -28.336
14475.000   1145.000   581.000   152.000   -82.442   -27.872
14476.000   1196.000   587.000   169.000   -82.433   -27.408
14477.000   1142.000   600.000   150.000   -82.424   -26.946
14478.000   1140.000   587.000   168.000   -82.414   -26.485
14479.000   1132.000   620.000   154.000   -82.404   -26.025
14480.000   1136.000   584.000   157.000   -82.393   -25.566
14481.000   1124.000   586.000   152.000   -82.382   -25.109
14482.000   1130.000   605.000   139.000   -82.370   -24.653
14483.000   1124.000   604.000   162.000   -82.357   -24.199
14484.000   1090.000   593.000   132.000   -82.345   -23.746
14485.000   1132.000   602.000   149.000   -82.331   -23.295
14486.000   1132.000   569.000   152.000   -82.318   -22.845
14487.000   1097.000   636.000   184.000   -82.303   -22.397
14488.000   1108.000   580.000   161.000   -82.289   -21.950
14489.000   1131.000   601.000   171.000   -82.274   -21.505
14490.000   1100.000   633.000   138.000   -82.258   -21.062
14491.000   1205.000   586.000   160.000   -82.242   -20.621
14492.000   1136.000   604.000   152.000   -82.225   -20.182
14493.000   1126.000   583.000   124.000   -82.208   -19.745
14494.000   1141.000   609.000   146.000   -82.191   -19.309
14495.000   1098.000   577.000   147.000   -82.173   -18.876
14496.000   1121.000   580.000   161.000   -82.154   -18.444
14497.000   1128.000   611.000   129.000   -82.136   -18.015
14498.000   1136.000   629.000   139.000   -82.116   -17.587
14499.000   1147.000   610.000   149.000   -82.097   -17.162
14500.000   1145.000   664.000   148.000   -82.077   -16.739
14501.000   1081.000   619.000   142.000   -82.056   -16.318
14502.000   1132.000   631.000   135.000   -82.035   -15.899
14503.000   1194.000   626.000   143.000   -82.014   -15.483
14504.000   1153.000   633.000   151.000   -81.992   -15.069
14505.000   1094.000   595.000   147.000   -81.969   -14.657
14506.000   1093.000   647.000   145.000   -81.947   -14.247
14507.000   1130.000   615.000   155.000   -81.924   -13.840
14508.000   1191.000   614.000   135.000   -81.900   -13.435
14509.000   1184.000   613.000   138.000   -81.876   -13.032
14510.000   1076.000   609.000   160.000   -81.852   -12.632
14511.000   1095.000   590.000   140.000   -81.827   -12.234
14512.000   1188.000   610.000   171.000   -81.802   -11.839
14513.000   1142.000   585.000   165.000   -81.777   -11.446
14514.000   1158.000   593.000   176.000   -81.751   -11.055
14515.000   1186.000   612.000   143.000   -81.724   -10.667
14516.000   1169.000   604.000   150.000   -81.698   -10.282
14517.000   1181.000   632.000   167.000   -81.671   -9.899
14518.000   1157.000   614.000   163.000   -81.643   -9.518
14519.000   1177.000   580.000   166.000   -81.615   -9.140
14520.000   1196.000   592.000   146.000   -81.587   -8.765
14521.000   1127.000   640.000   159.000   -81.559   -8.392
14522.000   1137.000   581.000   140.000   -81.530   -8.021
14523.000   1106.000   574.000   130.000   -81.501   -7.653
14524.000   1162.000   606.000   157.000   -81.471   -7.288
14525.000   1180.000   583.000   135.000   -81.441   -6.925
14526.000   1145.000   579.000   132.000   -81.411   -6.565
14527.000   1126.000   605.000   168.000   -81.380   -6.207
14528.000   1163.000   585.000   145.000   -81.350   -5.852
14529.000   1129.000   627.000   161.000   -81.318   -5.500
14530.000   1083.000   586.000   155.000   -81.287   -5.150
14531.000   1147.000   628.000   152.000   -81.255   -4.802
14532.000   1077.000   608.000   148.000   -81.223   -4.457
14533.000   1133.000   585.000   150.000   -81.190   -4.115
14534.000   1121.000   585.000   154.000   -81.157   -3.775
14535.000   1093.000   612.000   163.000   -81.124   -3.438
14536.000   1132.000   593.000   129.000   -81.090   -3.103
14537.000   1188.000   573.000   150.000   -81.057   -2.770
14538.000   1132.000   607.000   153.000   -81.022   -2.441
14539.000   1123.000   618.000   129.000   -80.988   -2.113
14540.000   1113.000   611.000   170.000   -80.953   -1.789
14541.000   1134.000   596.000   156.000   -80.918   -1.467
14542.000   1176.000   593.000   140.000   -80.883   -1.147
14543.000   1128.000   568.000   139.000   -80.848   -0.830
14544.000   1206.000   601.000   163.000   -80.812   -0.515
14545.000   1165.000   616.000   153.000   -80.776   -0.203
14546.000   1146.000   525.000   160.000   -80.739   00.107
14547.000   1129.000   613.000   167.000   -80.703   00.415
14548.000   1153.000   579.000   167.000   -80.666   00.720
14549.000   1122.000   596.000   136.000   -80.628   01.022
14550.000   1164.000   571.000   145.000   -80.591   01.322
14551.000   1169.000   601.000   155.000   -80.553   01.620
14552.000   1166.000   643.000   169.000   -80.515   01.915
14553.000   1150.000   611.000   159.000   -80.477   02.208
14554.000   1112.000   630.000   139.000   -80.439   02.499
14555.000   1197.000   631.000   137.000   -80.400   02.787
14556.000   1213.000   594.000   157.000   -80.361   03.073
14557.000   1124.000   586.000   128.000   -80.322   03.357
14558.000   1164.000   593.000   179.000   -80.282   03.638
14559.000   1210.000   555.000   174.000   -80.243   03.917
14560.000   1211.000   617.000   148.000   -80.203   04.194
14561.000   1179.000   572.000   167.000   -80.163   04.468
14562.000   1170.000   655.000   145.000   -80.122   04.741
14563.000   1187.000   619.000   160.000   -80.082   05.011
14564.000   1137.000   603.000   137.000   -80.041   05.279
14565.000   1176.000   577.000   149.000   -80.000   05.544
14566.000   1186.000   562.000   143.000   -79.958   05.807
14567.000   1212.000   577.000   170.000   -79.917   06.069
14568.000   1165.000   614.000   139.000   -79.875   06.328
14569.000   1284.000   571.000   135.000   -79.833   06.585
14570.000   1160.000   578.000   155.000   -79.791   06.840
14571.000   1130.000   581.000   148.000   -79.749   07.092
14572.000   1172.000   608.000   137.000   -79.707   07.343
14573.000   1157.000   611.000   151.000   -79.664   07.591
14574.000   1194.000   578.000   156.000   -79.621   07.838
14575.000   1228.000   575.000   163.000   -79.578   08.082
14576.000   1182.000   609.000   163.000   -79.535   08.325
14577.000   1193.000   588.000   169.000   -79.491   08.565
14578.000   1170.000   570.000   169.000   -79.448   08.804
14579.000   1207.000   624.000   186.000   -79.404   09.040
14580.000   1199.000   553.000   161.000   -79.360   09.274
14581.000   1173.000   598.000   149.000   -79.316   09.507
14582.000   1177.000   610.000   140.000   -79.271   09.738
14583.000   1163.000   636.000   169.000   -79.227   09.966
14584.000   1202.000   645.000   129.000   -79.182   10.193
14585.000   1180.000   550.000   145.000   -79.137   10.418
14586.000   1152.000   643.000   157.000   -79.092   10.641
14587.000   1177.000   592.000   157.000   -79.047   10.862
14588.000   1321.000   593.000   149.000   -79.002   11.081
14589.000   1213.000   605.000   166.000   -78.956   11.299
14590.000   1223.000   612.000   154.000   -78.910   11.515
14591.000   1306.000   625.000   156.000   -78.864   11.729
14592.000   1293.000   611.000   145.000   -78.818   11.941
14593.000   1314.000   630.000   155.000   -78.772   12.151
14594.000   1331.000   563.000   157.000   -78.726   12.360
14595.000   1447.000   671.000   170.000   -78.679   12.567
14596.000   1340.000   590.000   128.000   -78.633   12.772
14597.000   1217.000   574.000   134.000   -78.586   12.976
14598.000   1207.000   565.000   132.000   -78.539   13.178
14599.000   1352.000   572.000   138.000   -78.492   13.378
14600.000   1317.000   607.000   147.000   -78.445   13.577
14601.000   1304.000   632.000   167.000   -78.398   13.774
14602.000   1451.000   616.000   145.000   -78.350   13.969
14603.000   1387.000   601.000   166.000   -78.302   14.163
14604.000   1707.000   628.000   113.000   -78.255   14.355
14605.000   1842.000   682.000   173.000   -78.207   14.546
14606.000   1706.000   627.000   151.000   -78.159   14.735
14607.000   1583.000   661.000   159.000   -78.111   14.922
14608.000   1740.000   650.000   144.000   -78.062   15.108
14609.000   1769.000   679.000   137.000   -78.014   15.293
14610.000   1871.000   664.000   156.000   -77.965   15.476
14611.000   2175.000   696.000   173.000   -77.917   15.657
14612.000   1967.000   689.000   172.000   -77.868   15.837
14613.000   2157.000   688.000   152.000   -77.819   16.016
14614.000   2320.000   699.000   135.000   -77.770   16.193
14615.000   2082.000   702.000   161.000   -77.721   16.369
14616.000   2688.000   734.000   151.000   -77.672   16.543
14617.000   2990.000   724.000   159.000   -77.622   16.716
14618.000   3095.000   732.000   154.000   -77.573   16.887
14619.000   3237.000   796.000   152.000   -77.523   17.057
14620.000   3099.000   759.000   160.000   -77.474   17.226
14621.000   3128.000   741.000   159.000   -77.424   17.394
14622.000   3099.000   748.000   150.000   -77.374   17.560
14623.000   3143.000   781.000   163.000   -77.324   17.725
14624.000   2847.000   793.000   139.000   -77.274   17.888
14625.000   2769.000   757.000   172.000   -77.223   18.050
14626.000   2550.000   750.000   156.000   -77.173   18.211
14627.000   2827.000   696.000   138.000   -77.123   18.371
14628.000   2881.000   793.000   137.000   -77.072   18.529
14629.000   2909.000   747.000   136.000   -77.021   18.686
14630.000   2789.000   773.000   166.000   -76.971   18.842
14631.000   2618.000   763.000   141.000   -76.920   18.997
14632.000   2427.000   746.000   130.000   -76.869   19.150
14633.000   2594.000   724.000   137.000   -76.818   19.303
14634.000   2637.000   760.000   170.000   -76.767   19.454
14635.000   2445.000   772.000   154.000   -76.716   19.604
14636.000   2488.000   748.000   162.000   -76.664   19.753
14637.000   2347.000   680.000   169.000   -76.613   19.900
14638.000   2204.000   730.000   145.000   -76.561   20.047
14639.000   2310.000   671.000   150.000   -76.510   20.192
14640.000   2327.000   685.000   140.000   -76.458   20.336
14641.000   2158.000   701.000   129.000   -76.406   20.479
14642.000   2800.000   761.000   161.000   -76.354   20.621
14643.000   3222.000   774.000   148.000   -76.302   20.762
14644.000   2624.000   710.000   153.000   -76.250   20.902
14645.000   2623.000   785.000   138.000   -76.198   21.041
14646.000   3146.000   757.000   158.000   -76.146   21.179
14647.000   3001.000   761.000   161.000   -76.094   21.315
14648.000   3983.000   769.000   146.000   -76.042   21.451
14649.000   4678.000   905.000   166.000   -75.989   21.586
14650.000   5137.000   871.000   128.000   -75.937   21.719
14651.000   5653.000   901.000   136.000   -75.884   21.852
14652.000   6516.000   970.000   171.000   -75.831   21.984
14653.000   7039.000   1026.000   180.000   -75.779   22.114
14654.000   7173.000   1039.000   149.000   -75.726   22.244
14655.000   7308.000   931.000   150.000   -75.673   22.373
14656.000   7127.000   1037.000   147.000   -75.620   22.500
14657.000   5846.000   996.000   169.000   -75.567   22.627
14658.000   5353.000   1064.000   176.000   -75.514   22.753
14659.000   6356.000   1040.000   161.000   -75.461   22.878
14660.000   7504.000   1080.000   154.000   -75.407   23.002
14661.000   7100.000   1091.000   167.000   -75.354   23.125
14662.000   5875.000   1070.000   184.000   -75.301   23.247
14663.000   5271.000   1072.000   178.000   -75.247   23.368
14664.000   5554.000   1008.000   211.000   -75.194   23.489
14665.000   5646.000   1080.000   168.000   -75.140   23.608
14666.000   6491.000   1138.000   170.000   -75.086   23.727
14667.000   6771.000   1168.000   163.000   -75.033   23.845
14668.000   5938.000   1170.000   178.000   -74.979   23.962
14669.000   4978.000   1106.000   188.000   -74.925   24.078
14670.000   4587.000   1079.000   201.000   -74.871   24.193
14671.000   4535.000   1091.000   185.000   -74.817   24.308
14672.000   4538.000   1150.000   172.000   -74.763   24.421
14673.000   4810.000   1134.000   175.000   -74.709   24.534
14674.000   5685.000   1228.000   194.000   -74.655   24.646
14675.000   5718.000   1222.000   212.000   -74.601   24.757
14676.000   5468.000   1047.000   214.000   -74.546   24.868
14677.000   5256.000   1022.000   196.000   -74.492   24.977
14678.000   5362.000   1148.000   214.000   -74.437   25.086
14679.000   4681.000   1059.000   223.000   -74.383   25.194
14680.000   4949.000   1057.000   193.000   -74.328   25.302
14681.000   5688.000   1065.000   205.000   -74.274   25.408
14682.000   5212.000   1013.000   203.000   -74.219   25.514
14683.000   3830.000   940.000   210.000   -74.165   25.619
14684.000   4471.000   962.000   230.000   -74.110   25.724
14685.000   5964.000   994.000   202.000   -74.055   25.827
14686.000   3967.000   894.000   195.000   -74.000   25.930
14687.000   3073.000   937.000   213.000   -73.945   26.032
14688.000   2915.000   992.000   250.000   -73.890   26.134
14689.000   2712.000   986.000   258.000   -73.835   26.235
14690.000   2587.000   994.000   234.000   -73.780   26.335
14691.000   2511.000   944.000   250.000   -73.725   26.434
14692.000   2493.000   958.000   232.000   -73.670   26.533
14693.000   2407.000   914.000   226.000   -73.615   26.631
14694.000   2386.000   901.000   225.000   -73.560   26.728
14695.000   2380.000   896.000   224.000   -73.504   26.825
14696.000   2225.000   864.000   223.000   -73.449   26.921
14697.000   2269.000   966.000   203.000   -73.393   27.017
14698.000   2300.000   922.000   230.000   -73.338   27.112
14699.000   2313.000   942.000   217.000   -73.282   27.206
14700.000   2384.000   959.000   226.000   -73.227   27.299
14701.000   2358.000   916.000   226.000   -73.171   27.392
14702.000   2257.000   951.000   220.000   -73.116   27.484
14703.000   2276.000   999.000   223.000   -73.060   27.576
14704.000   2230.000   963.000   233.000   -73.004   27.667
14705.000   2142.000   1088.000   241.000   -72.948   27.758
14706.000   2212.000   1057.000   251.000   -72.893   27.847
14707.000   2302.000   1047.000   256.000   -72.837   27.937
14708.000   2345.000   1088.000   237.000   -72.781   28.025
14709.000   2302.000   1178.000   249.000   -72.725   28.114
14710.000   2334.000   1230.000   266.000   -72.669   28.201
14711.000   2505.000   1300.000   247.000   -72.613   28.288
14712.000   2548.000   1284.000   307.000   -72.557   28.374
14713.000   2595.000   1431.000   315.000   -72.501   28.460
14714.000   2702.000   1406.000   306.000   -72.445   28.545
14715.000   2799.000   1547.000   355.000   -72.388   28.630
14716.000   2911.000   1646.000   386.000   -72.332   28.714
14717.000   3037.000   1638.000   376.000   -72.276   28.798
14718.000   3156.000   1872.000   410.000   -72.219   28.881
14719.000   3200.000   1965.000   407.000   -72.163   28.964
14720.000   3417.000   1978.000   449.000   -72.107   29.046
14721.000   3396.000   2120.000   498.000   -72.050   29.127
14722.000   3504.000   2211.000   494.000   -71.994   29.208
14723.000   3683.000   2391.000   570.000   -71.937   29.289
14724.000   3747.000   2465.000   591.000   -71.881   29.369
14725.000   3800.000   2789.000   682.000   -71.824   29.448
14726.000   3910.000   2864.000   687.000   -71.768   29.527
14727.000   4036.000   2976.000   750.000   -71.711   29.605
14728.000   4288.000   3050.000   756.000   -71.654   29.683
14729.000   4344.000   3269.000   878.000   -71.597   29.761
14730.000   4514.000   3505.000   938.000   -71.541   29.838
14731.000   4604.000   3470.000   946.000   -71.484   29.914
14732.000   4924.000   3787.000   1031.000   -71.427   29.990
14733.000   4919.000   3780.000   1087.000   -71.370   30.066
14734.000   4886.000   4062.000   1146.000   -71.313   30.141
14735.000   5151.000   4429.000   1231.000   -71.256   30.216
14736.000   5303.000   4480.000   1333.000   -71.199   30.290
14737.000   5434.000   4769.000   1382.000   -71.142   30.364
14738.000   5568.000   5065.000   1458.000   -71.085   30.437
14739.000   5783.000   5186.000   1542.000   -71.028   30.510
14740.000   5793.000   5391.000   1718.000   -70.971   30.582
14741.000   6129.000   5762.000   1743.000   -70.914   30.654
14742.000   6226.000   5688.000   1827.000   -70.857   30.725
14743.000   6419.000   6224.000   1992.000   -70.800   30.796
14744.000   6654.000   6639.000   1985.000   -70.742   30.867
14745.000   6811.000   6630.000   2153.000   -70.685   30.937
14746.000   6959.000   7060.000   2193.000   -70.628   31.007
14747.000   7115.000   7365.000   2352.000   -70.571   31.076
14748.000   7293.000   7810.000   2626.000   -70.513   31.145
14749.000   7627.000   8438.000   2717.000   -70.456   31.214
14750.000   7941.000   8772.000   2844.000   -70.398   31.282
14751.000   8431.000   9131.000   3071.000   -70.341   31.350
14752.000   8635.000   9593.000   3115.000   -70.284   31.417
14753.000   8928.000   9881.000   3380.000   -70.226   31.484
14754.000   9141.000   10628.000   3654.000   -70.168   31.551
14755.000   9601.000   11467.000   4002.000   -70.111   31.617
14756.000   9718.000   11685.000   4030.000   -70.053   31.683
14757.000   9970.000   11751.000   4181.000   -69.996   31.748
14758.000   10261.000   12488.000   4377.000   -69.938   31.813
14759.000   10433.000   13195.000   4674.000   -69.880   31.877
14760.000   10806.000   13885.000   5158.000   -69.823   31.942
14761.000   11463.000   15074.000   5666.000   -69.765   32.006
14762.000   11639.000   15801.000   6034.000   -69.707   32.069
14763.000   11780.000   16187.000   5921.000   -69.649   32.132
14764.000   11741.000   16859.000   6204.000   -69.592   32.195
14765.000   12284.000   17274.000   6501.000   -69.534   32.257
14766.000   12483.000   17937.000   6898.000   -69.476   32.319
14767.000   12769.000   18325.000   7091.000   -69.418   32.381
14768.000   12832.000   19175.000   7424.000   -69.360   32.442
14769.000   13155.000   19488.000   7646.000   -69.302   32.503
14770.000   13208.000   19348.000   7604.000   -69.244   32.564
14771.000   13220.000   19489.000   7542.000   -69.186   32.624
14772.000   13949.000   21632.000   8340.000   -69.128   32.684
14773.000   14724.000   22311.000   8746.000   -69.070   32.744
14774.000   14502.000   22489.000   8889.000   -69.012   32.803
14775.000   14956.000   22458.000   8737.000   -68.954   32.862
14776.000   15096.000   22227.000   8685.000   -68.896   32.921
14777.000   15166.000   22272.000   8736.000   -68.838   32.979
14778.000   15158.000   21738.000   8811.000   -68.780   33.037
14779.000   15064.000   21862.000   8373.000   -68.722   33.094
14780.000   15244.000   20827.000   8202.000   -68.663   33.152
14781.000   15864.000   19528.000   7346.000   -68.605   33.209
14782.000   15752.000   19631.000   7536.000   -68.547   33.265
14783.000   15353.000   19448.000   7289.000   -68.489   33.322
14784.000   15383.000   19462.000   7173.000   -68.430   33.378
14785.000   15157.000   19299.000   7259.000   -68.372   33.433
14786.000   15440.000   18945.000   6996.000   -68.314   33.489
14787.000   15668.000   18985.000   7032.000   -68.255   33.544
14788.000   16160.000   18787.000   6720.000   -68.197   33.599
14789.000   15965.000   19032.000   6732.000   -68.139   33.653
14790.000   16255.000   19382.000   6836.000   -68.080   33.708
14791.000   16161.000   20029.000   6872.000   -68.022   33.762
14792.000   16586.000   20174.000   7202.000   -67.963   33.815
14793.000   16407.000   20655.000   7316.000   -67.905   33.869
14794.000   16439.000   20938.000   7432.000   -67.846   33.922
14795.000   16535.000   21414.000   7425.000   -67.788   33.974
14796.000   16616.000   21739.000   7629.000   -67.729   34.027
14797.000   16769.000   21950.000   7789.000   -67.671   34.079
14798.000   17104.000   21731.000   7738.000   -67.612   34.131
14799.000   17036.000   21952.000   8008.000   -67.554   34.183
14800.000   17161.000   22338.000   8096.000   -67.495   34.234
14801.000   17109.000   22306.000   8039.000   -67.436   34.285
14802.000   17230.000   22635.000   8030.000   -67.378   34.336
14803.000   17357.000   22851.000   8158.000   -67.319   34.387
14804.000   17326.000   23075.000   8298.000   -67.260   34.437
14805.000   17359.000   23278.000   8394.000   -67.202   34.487
14806.000   17357.000   23407.000   8452.000   -67.143   34.537
14807.000   17475.000   23441.000   8711.000   -67.084   34.586
14808.000   17372.000   23744.000   8868.000   -67.025   34.635
14809.000   17331.000   24117.000   8692.000   -66.966   34.684
14810.000   17533.000   24186.000   9073.000   -66.908   34.733
14811.000   17252.000   24389.000   9136.000   -66.849   34.782
14812.000   17406.000   24317.000   9166.000   -66.790   34.830
14813.000   17390.000   24358.000   9364.000   -66.731   34.878
14814.000   17324.000   24958.000   9527.000   -66.672   34.926
14815.000   17311.000   24980.000   9446.000   -66.613   34.973
14816.000   17230.000   24812.000   9789.000   -66.554   35.020
14817.000   17085.000   24734.000   9684.000   -66.495   35.067
14818.000   17179.000   24795.000   9672.000   -66.436   35.114
14819.000   17262.000   24995.000   9621.000   -66.378   35.161
14820.000   16907.000   25091.000   9637.000   -66.319   35.207
14821.000   17202.000   25075.000   9688.000   -66.260   35.253
14822.000   16977.000   25049.000   9815.000   -66.200   35.299
14823.000   16889.000   25150.000   9805.000   -66.141   35.344
14824.000   16819.000   25082.000   10173.000   -66.082   35.390
14825.000   16565.000   25250.000   10034.000   -66.023   35.435
14826.000   16946.000   25190.000   10182.000   -65.964   35.480
14827.000   16700.000   25097.000   10086.000   -65.905   35.524
14828.000   16548.000   25457.000   10279.000   -65.846   35.569
14829.000   16664.000   25364.000   10393.000   -65.787   35.613
14830.000   16592.000   25605.000   10557.000   -65.728   35.657
14831.000   16579.000   25836.000   10375.000   -65.669   35.701
14832.000   16606.000   25789.000   10659.000   -65.609   35.745
14833.000   16538.000   25965.000   10780.000   -65.550   35.788
14834.000   16570.000   26154.000   10696.000   -65.491   35.831
14835.000   16354.000   26793.000   10803.000   -65.432   35.874
14836.000   16382.000   26280.000   11219.000   -65.372   35.917
14837.000   16537.000   26658.000   11022.000   -65.313   35.959
14838.000   16367.000   26639.000   11158.000   -65.254   36.001
14839.000   16472.000   26712.000   11194.000   -65.195   36.043
14840.000   16166.000   27108.000   11346.000   -65.135   36.085
14841.000   16238.000   27001.000   11617.000   -65.076   36.127
14842.000   16121.000   27127.000   11552.000   -65.017   36.169
14843.000   16289.000   27473.000   11538.000   -64.957   36.210
14844.000   16309.000   27373.000   11445.000   -64.898   36.251
14845.000   15966.000   27464.000   11946.000   -64.838   36.292
14846.000   16191.000   27651.000   11783.000   -64.779   36.332
14847.000   16036.000   27520.000   11802.000   -64.720   36.373
14848.000   15934.000   27720.000   11967.000   -64.660   36.413
14849.000   15728.000   28046.000   12081.000   -64.601   36.453
14850.000   15940.000   27962.000   12268.000   -64.541   36.493
14851.000   15698.000   27888.000   12379.000   -64.482   36.533
14852.000   15481.000   28053.000   12368.000   -64.422   36.572
14853.000   15391.000   28034.000   12465.000   -64.363   36.612
14854.000   15434.000   28186.000   12600.000   -64.303   36.651
14855.000   15121.000   28343.000   12681.000   -64.244   36.690
14856.000   15112.000   28281.000   12611.000   -64.184   36.728
14857.000   14997.000   28143.000   12808.000   -64.125   36.767
14858.000   15103.000   28363.000   12742.000   -64.065   36.805
14859.000   14867.000   28299.000   12918.000   -64.006   36.844
14860.000   14838.000   28208.000   12991.000   -63.946   36.882
14861.000   14728.000   28240.000   13178.000   -63.886   36.920
14862.000   14523.000   28268.000   13305.000   -63.827   36.957
14863.000   14477.000   28343.000   13246.000   -63.767   36.995
14864.000   14368.000   28223.000   13234.000   -63.708   37.032
14865.000   14330.000   28413.000   13541.000   -63.648   37.069
14866.000   13945.000   28384.000   13337.000   -63.588   37.106
14867.000   14151.000   28302.000   13430.000   -63.528   37.143
14868.000   14110.000   28166.000   13568.000   -63.469   37.180
14869.000   14095.000   28319.000   13362.000   -63.409   37.216
14870.000   13746.000   28487.000   13700.000   -63.349   37.252
14871.000   13686.000   28030.000   13705.000   -63.290   37.289
14872.000   13679.000   28253.000   13883.000   -63.230   37.325
14873.000   13400.000   27996.000   14011.000   -63.170   37.360
14874.000   13541.000   28249.000   13807.000   -63.110   37.396
14875.000   13372.000   28155.000   13897.000   -63.051   37.431
14876.000   13469.000   27994.000   13917.000   -62.991   37.467
14877.000   13322.000   28193.000   13891.000   -62.931   37.502
14878.000   13315.000   28114.000   13998.000   -62.871   37.537
14879.000   13152.000   28163.000   13992.000   -62.811   37.572
14880.000   13147.000   28272.000   14122.000   -62.752   37.606
14881.000   13031.000   27750.000   14122.000   -62.692   37.641
14882.000   12905.000   28157.000   14108.000   -62.632   37.675
14883.000   12909.000   28031.000   14010.000   -62.572   37.710
14884.000   12692.000   28091.000   14066.000   -62.512   37.744
14885.000   12900.000   27692.000   13902.000   -62.452   37.777
14886.000   12748.000   27833.000   14180.000   -62.392   37.811
14887.000   12938.000   27756.000   14106.000   -62.332   37.845
14888.000   12816.000   27568.000   14255.000   -62.272   37.878
14889.000   12789.000   27625.000   14034.000   -62.212   37.912
14890.000   12759.000   27588.000   14328.000   -62.152   37.945
14891.000   12410.000   27493.000   14337.000   -62.093   37.978
14892.000   12514.000   27493.000   14157.000   -62.033   38.011
14893.000   12507.000   27212.000   14033.000   -61.973   38.043
14894.000   12476.000   27347.000   14064.000   -61.913   38.076
14895.000   12476.000   27348.000   14060.000   -61.853   38.108
14896.000   12232.000   27170.000   14209.000   -61.793   38.141
14897.000   12330.000   26942.000   14119.000   -61.733   38.173
14898.000   12289.000   26984.000   14192.000   -61.672   38.205
14899.000   12303.000   26906.000   14055.000   -61.612   38.237
14900.000   12378.000   27054.000   14003.000   -61.552   38.268
14901.000   12197.000   26529.000   14140.000   -61.492   38.300
14902.000   12174.000   26756.000   13934.000   -61.432   38.331
14903.000   12168.000   26616.000   13956.000   -61.372   38.363
14904.000   12018.000   26077.000   13922.000   -61.312   38.394
14905.000   11949.000   26419.000   13670.000   -61.252   38.425
14906.000   12024.000   26043.000   13735.000   -61.192   38.456
14907.000   11997.000   26235.000   13617.000   -61.132   38.487
14908.000   11839.000   25982.000   13665.000   -61.072   38.517
14909.000   11791.000   25838.000   13491.000   -61.011   38.548
14910.000   11720.000   26037.000   13608.000   -60.951   38.578
14911.000   11841.000   25298.000   13500.000   -60.891   38.608
14912.000   11806.000   25679.000   13153.000   -60.831   38.638
14913.000   11682.000   25606.000   13300.000   -60.771   38.668
14914.000   11690.000   25307.000   13195.000   -60.710   38.698
14915.000   11779.000   25122.000   13128.000   -60.650   38.728
14916.000   11721.000   24848.000   13016.000   -60.590   38.758
14917.000   11583.000   24726.000   12898.000   -60.530   38.787
14918.000   11294.000   24689.000   12750.000   -60.470   38.817
14919.000   11329.000   24430.000   12713.000   -60.409   38.846
14920.000   11490.000   24070.000   12653.000   -60.349   38.875
14921.000   11266.000   23861.000   12482.000   -60.289   38.904
14922.000   11039.000   23869.000   12539.000   -60.229   38.933
14923.000   11209.000   23483.000   12231.000   -60.168   38.961
14924.000   11206.000   23351.000   12101.000   -60.108   38.990
14925.000   11170.000   22822.000   12030.000   -60.048   39.019
14926.000   11021.000   22963.000   11826.000   -59.987   39.047
14927.000   10860.000   22683.000   11911.000   -59.927   39.075
14928.000   10850.000   22365.000   11567.000   -59.867   39.103
14929.000   10677.000   22166.000   11365.000   -59.806   39.131
14930.000   10642.000   21507.000   11308.000   -59.746   39.159
14931.000   10530.000   21451.000   11352.000   -59.686   39.187
14932.000   10198.000   21543.000   11055.000   -59.625   39.215
14933.000   10347.000   21163.000   10921.000   -59.565   39.242
14934.000   10195.000   20839.000   10863.000   -59.505   39.270
14935.000   10061.000   20557.000   10583.000   -59.444   39.297
14936.000   9990.000   20088.000   10458.000   -59.384   39.325
14937.000   9776.000   19884.000   10368.000   -59.323   39.352
14938.000   9633.000   19567.000   10073.000   -59.263   39.379
14939.000   9523.000   19244.000   10241.000   -59.203   39.406
14940.000   9303.000   18909.000   9707.000   -59.142   39.432
14941.000   9306.000   18689.000   9580.000   -59.082   39.459
14942.000   9214.000   18354.000   9230.000   -59.021   39.486
14943.000   9148.000   17750.000   9208.000   -58.961   39.512
14944.000   8691.000   17565.000   9010.000   -58.900   39.539
14945.000   8776.000   17261.000   8873.000   -58.840   39.565
14946.000   8578.000   16773.000   8660.000   -58.779   39.591
14947.000   8393.000   16565.000   8425.000   -58.719   39.617
14948.000   8133.000   16253.000   8246.000   -58.658   39.643
14949.000   8049.000   15716.000   8064.000   -58.598   39.669
14950.000   7946.000   15267.000   7848.000   -58.537   39.695
14951.000   7809.000   15055.000   7595.000   -58.477   39.720
14952.000   7428.000   14569.000   7356.000   -58.416   39.746
14953.000   7307.000   14168.000   7275.000   -58.356   39.771
14954.000   7173.000   13743.000   7045.000   -58.295   39.796
14955.000   7011.000   13599.000   6966.000   -58.235   39.822
14956.000   6844.000   12967.000   6653.000   -58.174   39.847
14957.000   6760.000   12881.000   6472.000   -58.114   39.872
14958.000   6439.000   12260.000   6318.000   -58.053   39.897
14959.000   6245.000   12024.000   6132.000   -57.992   39.922
14960.000   6246.000   11833.000   5942.000   -57.932   39.946
14961.000   6088.000   11511.000   5726.000   -57.871   39.971
14962.000   5855.000   10984.000   5672.000   -57.811   39.996
14963.000   5810.000   10803.000   5415.000   -57.750   40.020
14964.000   5603.000   10398.000   5314.000   -57.689   40.044
14965.000   5478.000   10139.000   5020.000   -57.629   40.069
14966.000   5281.000   9877.000   5000.000   -57.568   40.093
14967.000   5179.000   9441.000   4899.000   -57.507   40.117
14968.000   4905.000   9285.000   4724.000   -57.447   40.141
14969.000   4914.000   9147.000   4408.000   -57.386   40.165
14970.000   4747.000   8736.000   4434.000   -57.326   40.189
14971.000   4660.000   8548.000   4381.000   -57.265   40.212
14972.000   4527.000   8200.000   4107.000   -57.204   40.236
14973.000   4434.000   8050.000   4140.000   -57.143   40.259
14974.000   4347.000   7969.000   3819.000   -57.083   40.283
14975.000   4127.000   7506.000   3883.000   -57.022   40.306
14976.000   4129.000   7341.000   3632.000   -56.961   40.329
14977.000   4024.000   7030.000   3577.000   -56.901   40.353
14978.000   3999.000   6912.000   3491.000   -56.840   40.376
14979.000   3690.000   6671.000   3305.000   -56.779   40.399
14980.000   3604.000   6592.000   3217.000   -56.719   40.422
14981.000   3701.000   6281.000   3041.000   -56.658   40.444
14982.000   3461.000   6079.000   3068.000   -56.597   40.467
14983.000   3341.000   5970.000   2835.000   -56.536   40.490
14984.000   3162.000   5621.000   2809.000   -56.476   40.512
14985.000   3307.000   5468.000   2649.000   -56.415   40.535
14986.000   3171.000   5317.000   2586.000   -56.354   40.557
14987.000   3026.000   5202.000   2393.000   -56.293   40.579
14988.000   3008.000   5035.000   2507.000   -56.232   40.602
14989.000   2874.000   4852.000   2375.000   -56.172   40.624
14990.000   2823.000   4762.000   2343.000   -56.111   40.646
14991.000   2883.000   4548.000   2276.000   -56.050   40.668
14992.000   2790.000   4340.000   2166.000   -55.989   40.690
14993.000   2690.000   4215.000   2069.000   -55.928   40.711
14994.000   2600.000   4097.000   2031.000   -55.868   40.733
14995.000   2501.000   4068.000   1949.000   -55.807   40.755
14996.000   2484.000   3891.000   1843.000   -55.746   40.776
14997.000   2376.000   3845.000   1758.000   -55.685   40.798
14998.000   2410.000   3632.000   1734.000   -55.624   40.819
14999.000   2372.000   3525.000   1665.000   -55.563   40.841
15000.000   2381.000   3387.000   1591.000   -55.502   40.862
15001.000   2193.000   3194.000   1563.000   -55.442   40.883
15002.000   2204.000   3108.000   1529.000   -55.381   40.904
15003.000   2104.000   3142.000   1487.000   -55.320   40.925
15004.000   2094.000   2991.000   1363.000   -55.259   40.946
15005.000   2090.000   2830.000   1303.000   -55.198   40.967
15006.000   1946.000   2785.000   1311.000   -55.137   40.988
15007.000   1892.000   2655.000   1177.000   -55.076   41.008
15008.000   1850.000   2487.000   1150.000   -55.015   41.029
15009.000   1892.000   2475.000   1103.000   -54.954   41.050
15010.000   1779.000   2354.000   1067.000   -54.893   41.070
15011.000   1785.000   2258.000   1009.000   -54.833   41.090
15012.000   1777.000   2241.000   979.000   -54.772   41.111
15013.000   1721.000   2029.000   890.000   -54.711   41.131
15014.000   1744.000   2071.000   890.000   -54.650   41.151
15015.000   1649.000   1930.000   865.000   -54.589   41.171
15016.000   1637.000   1852.000   803.000   -54.528   41.191
15017.000   1657.000   1764.000   781.000   -54.467   41.211
15018.000   1620.000   1734.000   722.000   -54.406   41.231
15019.000   1546.000   1699.000   672.000   -54.345   41.251
15020.000   1488.000   1572.000   635.000   -54.284   41.271
15021.000   1429.000   1511.000   647.000   -54.223   41.291
15022.000   1432.000   1471.000   606.000   -54.162   41.310
15023.000   1492.000   1422.000   548.000   -54.101   41.330
15024.000   1460.000   1381.000   549.000   -54.040   41.349
15025.000   1392.000   1322.000   516.000   -53.979   41.369
15026.000   1436.000   1300.000   508.000   -53.918   41.388
15027.000   1370.000   1191.000   443.000   -53.857   41.407
15028.000   1375.000   1192.000   418.000   -53.796   41.426
15029.000   1311.000   1135.000   429.000   -53.735   41.446
15030.000   1347.000   1089.000   447.000   -53.674   41.465
15031.000   1311.000   1052.000   397.000   -53.613   41.484
15032.000   1320.000   1025.000   380.000   -53.552   41.503
15033.000   1265.000   954.000   369.000   -53.491   41.521
15034.000   1275.000   913.000   337.000   -53.429   41.540
15035.000   1329.000   920.000   353.000   -53.368   41.559
15036.000   1332.000   889.000   312.000   -53.307   41.578
15037.000   1287.000   886.000   299.000   -53.246   41.596
15038.000   1219.000   857.000   296.000   -53.185   41.615
15039.000   1280.000   861.000   265.000   -53.124   41.633
15040.000   1251.000   794.000   296.000   -53.063   41.652
15041.000   1201.000   768.000   242.000   -53.002   41.670
15042.000   1279.000   793.000   267.000   -52.941   41.688
15043.000   1248.000   806.000   241.000   -52.880   41.707
15044.000   1244.000   722.000   239.000   -52.819   41.725
15045.000   1232.000   786.000   228.000   -52.757   41.743
15046.000   1185.000   743.000   220.000   -52.696   41.761
15047.000   1236.000   690.000   217.000   -52.635   41.779
15048.000   1215.000   719.000   200.000   -52.574   41.797
15049.000   1196.000   707.000   207.000   -52.513   41.815
15050.000   1175.000   741.000   182.000   -52.452   41.832
15051.000   1239.000   667.000   214.000   -52.391   41.850
15052.000   1238.000   690.000   184.000   -52.329   41.868
15053.000   1226.000   667.000   218.000   -52.268   41.886
15054.000   1207.000   686.000   192.000   -52.207   41.903
15055.000   1204.000   684.000   181.000   -52.146   41.921
15056.000   1189.000   626.000   157.000   -52.085   41.938
15057.000   1143.000   679.000   187.000   -52.024   41.955
15058.000   1147.000   657.000   177.000   -51.962   41.973
15059.000   1212.000   639.000   161.000   -51.901   41.990
15060.000   1232.000   621.000   155.000   -51.840   42.007
15061.000   1155.000   582.000   193.000   -51.779   42.024
15062.000   1153.000   632.000   186.000   -51.718   42.041
15063.000   1215.000   599.000   187.000   -51.656   42.058
15064.000   1233.000   582.000   170.000   -51.595   42.075
15065.000   1205.000   609.000   178.000   -51.534   42.092
15066.000   1187.000   597.000   165.000   -51.473   42.109
15067.000   1201.000   586.000   140.000   -51.411   42.126
15068.000   1255.000   644.000   151.000   -51.350   42.143
15069.000   1116.000   614.000   162.000   -51.289   42.159
15070.000   1247.000   593.000   144.000   -51.228   42.176
15071.000   1226.000   590.000   168.000   -51.166   42.193
15072.000   1205.000   586.000   165.000   -51.105   42.209
15073.000   1212.000   615.000   181.000   -51.044   42.226
15074.000   1234.000   593.000   152.000   -50.983   42.242
15075.000   1193.000   554.000   174.000   -50.921   42.258
15076.000   1159.000   574.000   154.000   -50.860   42.275
15077.000   1193.000   598.000   163.000   -50.799   42.291
15078.000   1208.000   553.000   131.000   -50.738   42.307
15079.000   1226.000   611.000   147.000   -50.676   42.323
15080.000   1214.000   587.000   152.000   -50.615   42.339
15081.000   1217.000   599.000   153.000   -50.554   42.355
15082.000   1186.000   605.000   155.000   -50.492   42.371
15083.000   1218.000   587.000   134.000   -50.431   42.387
15084.000   1145.000   581.000   137.000   -50.370   42.403
15085.000   1195.000   599.000   159.000   -50.308   42.419
15086.000   1145.000   595.000   147.000   -50.247   42.435
15087.000   1191.000   613.000   171.000   -50.186   42.451
15088.000   1252.000   570.000   164.000   -50.124   42.466
15089.000   1151.000   545.000   150.000   -50.063   42.482
15090.000   1234.000   574.000   148.000   -50.002   42.498
15091.000   1181.000   577.000   165.000   -49.940   42.513
15092.000   1213.000   562.000   152.000   -49.879   42.529
15093.000   1174.000   551.000   157.000   -49.818   42.544
15094.000   1138.000   572.000   155.000   -49.756   42.559
15095.000   1143.000   554.000   171.000   -49.695   42.575
15096.000   1210.000   574.000   154.000   -49.634   42.590
15097.000   1175.000   606.000   138.000   -49.572   42.605
15098.000   1127.000   552.000   159.000   -49.511   42.620
15099.000   1198.000   558.000   158.000   -49.449   42.636
15100.000   1157.000   577.000   148.000   -49.388   42.651
15101.000   1209.000   553.000   136.000   -49.327   42.666
15102.000   1148.000   563.000   142.000   -49.265   42.681
15103.000   1198.000   576.000   173.000   -49.204   42.696
15104.000   1167.000   579.000   160.000   -49.143   42.711
15105.000   1159.000   562.000   161.000   -49.081   42.725
15106.000   1221.000   549.000   125.000   -49.020   42.740
15107.000   1131.000   617.000   146.000   -48.958   42.755
15108.000   1155.000   577.000   141.000   -48.897   42.770
15109.000   1142.000   560.000   145.000   -48.835   42.784
15110.000   1137.000   569.000   163.000   -48.774   42.799
15111.000   1135.000   556.000   159.000   -48.713   42.814
15112.000   1118.000   587.000   140.000   -48.651   42.828
15113.000   1159.000   560.000   153.000   -48.590   42.843
15114.000   1154.000   592.000   160.000   -48.528   42.857
15115.000   1092.000   533.000   161.000   -48.467   42.871
15116.000   1096.000   550.000   163.000   -48.405   42.886
15117.000   1106.000   588.000   148.000   -48.344   42.900
15118.000   1109.000   600.000   152.000   -48.282   42.914
15119.000   1118.000   601.000   139.000   -48.221   42.929
15120.000   1156.000   563.000   140.000   -48.160   42.943
15121.000   1125.000   568.000   134.000   -48.098   42.957
15122.000   1125.000   586.000   147.000   -48.037   42.971
15123.000   1071.000   571.000   149.000   -47.975   42.985
15124.000   1092.000   568.000   144.000   -47.914   42.999
15125.000   1137.000   557.000   149.000   -47.852   43.013
15126.000   1097.000   569.000   159.000   -47.791   43.027
15127.000   1139.000   581.000   168.000   -47.729   43.041
15128.000   1019.000   565.000   120.000   -47.668   43.055
15129.000   1074.000   567.000   126.000   -47.606   43.068
15130.000   1105.000   543.000   145.000   -47.545   43.082
15131.000   1114.000   559.000   165.000   -47.483   43.096
15132.000   1130.000   570.000   155.000   -47.422   43.110
15133.000   1078.000   585.000   150.000   -47.360   43.123
15134.000   1145.000   567.000   125.000   -47.299   43.137
15135.000   1063.000   572.000   141.000   -47.237   43.150
15136.000   1146.000   555.000   150.000   -47.176   43.164
15137.000   1038.000   580.000   153.000   -47.114   43.177
15138.000   1127.000   569.000   128.000   -47.052   43.191
15139.000   1084.000   509.000   145.000   -46.991   43.204
15140.000   1129.000   575.000   129.000   -46.929   43.217
15141.000   1107.000   554.000   133.000   -46.868   43.231
15142.000   1103.000   552.000   139.000   -46.806   43.244
15143.000   1075.000   597.000   160.000   -46.745   43.257
15144.000   1107.000   569.000   146.000   -46.683   43.270
15145.000   1046.000   544.000   138.000   -46.622   43.284
15146.000   1116.000   566.000   163.000   -46.560   43.297
15147.000   1034.000   592.000   157.000   -46.498   43.310
15148.000   1093.000   588.000   136.000   -46.437   43.323
15149.000   1139.000   577.000   142.000   -46.375   43.336
15150.000   1061.000   589.000   143.000   -46.314   43.349
15151.000   1052.000   561.000   146.000   -46.252   43.362
15152.000   1090.000   577.000   140.000   -46.191   43.375
15153.000   1092.000   563.000   154.000   -46.129   43.387
15154.000   1083.000   526.000   134.000   -46.067   43.400
15155.000   1101.000   515.000   128.000   -46.006   43.413
15156.000   1131.000   500.000   130.000   -45.944   43.426
15157.000   1017.000   588.000   152.000   -45.883   43.438
15158.000   1147.000   554.000   159.000   -45.821   43.451
15159.000   1070.000   512.000   142.000   -45.759   43.464
15160.000   1068.000   574.000   150.000   -45.698   43.476
15161.000   1127.000   554.000   159.000   -45.636   43.489
15162.000   1093.000   556.000   135.000   -45.574   43.501
15163.000   1049.000   581.000   129.000   -45.513   43.514
15164.000   1077.000   536.000   128.000   -45.451   43.526
15165.000   1066.000   555.000   133.000   -45.390   43.538
15166.000   1011.000   532.000   127.000   -45.328   43.551
15167.000   1012.000   558.000   141.000   -45.266   43.563
15168.000   955.000   570.000   136.000   -45.205   43.575
15169.000   1029.000   558.000   144.000   -45.143   43.588
15170.000   989.000   560.000   144.000   -45.081   43.600
15171.000   1023.000   562.000   147.000   -45.020   43.612
15172.000   1057.000   570.000   139.000   -44.958   43.624
15173.000   1001.000   549.000   131.000   -44.896   43.636
15174.000   979.000   542.000   125.000   -44.835   43.648
15175.000   1038.000   523.000   149.000   -44.773   43.660
15176.000   1000.000   545.000   134.000   -44.711   43.672
15177.000   962.000   559.000   146.000   -44.650   43.684
15178.000   986.000   509.000   132.000   -44.588   43.696
15179.000   1027.000   529.000   147.000   -44.526   43.708
15180.000   1018.000   540.000   150.000   -44.465   43.720
15181.000   1046.000   544.000   141.000   -44.403   43.732
15182.000   1038.000   518.000   115.000   -44.341   43.744
15183.000   999.000   577.000   138.000   -44.280   43.756
15184.000   1072.000   515.000   127.000   -44.218   43.767
15185.000   1022.000   548.000   171.000   -44.156   43.779
15186.000   1018.000   588.000   149.000   -44.094   43.791
15187.000   1050.000   525.000   152.000   -44.033   43.802
15188.000   987.000   521.000   148.000   -43.971   43.814
15189.000   1061.000   538.000   137.000   -43.909   43.826
15190.000   1015.000   513.000   132.000   -43.848   43.837
15191.000   1002.000   509.000   125.000   -43.786   43.849
15192.000   1050.000   544.000   144.000   -43.724   43.860
15193.000   1084.000   534.000   131.000   -43.662   43.871
15194.000   1135.000   539.000   142.000   -43.601   43.883
15195.000   1082.000   558.000   122.000   -43.539   43.894
15196.000   1165.000   509.000   136.000   -43.477   43.906
15197.000   1100.000   547.000   119.000   -43.415   43.917
15198.000   1138.000   519.000   133.000   -43.354   43.928
15199.000   1118.000   533.000   131.000   -43.292   43.940
15200.000   1094.000   548.000   127.000   -43.230   43.951
15201.000   1043.000   477.000   125.000   -43.169   43.962
15202.000   1053.000   521.000   132.000   -43.107   43.973
15203.000   1047.000   564.000   119.000   -43.045   43.984
15204.000   1001.000   560.000   152.000   -42.983   43.995
15205.000   1020.000   489.000   115.000   -42.921   44.006
15206.000   1031.000   516.000   125.000   -42.860   44.017
15207.000   1044.000   542.000   113.000   -42.798   44.028
15208.000   1071.000   543.000   136.000   -42.736   44.039
15209.000   930.000   515.000   125.000   -42.674   44.050
15210.000   970.000   553.000   126.000   -42.613   44.061
15211.000   1067.000   543.000   147.000   -42.551   44.072
15212.000   1065.000   527.000   144.000   -42.489   44.083
15213.000   1055.000   565.000   139.000   -42.427   44.094
15214.000   1070.000   522.000   137.000   -42.365   44.105
15215.000   966.000   521.000   140.000   -42.304   44.115
15216.000   1047.000   531.000   142.000   -42.242   44.126
15217.000   1054.000   528.000   120.000   -42.180   44.137
15218.000   1051.000   538.000   132.000   -42.118   44.148
15219.000   1020.000   548.000   127.000   -42.056   44.158
15220.000   1005.000   528.000   132.000   -41.995   44.169
15221.000   968.000   532.000   143.000   -41.933   44.180
15222.000   987.000   498.000   124.000   -41.871   44.190
15223.000   980.000   525.000   122.000   -41.809   44.201
15224.000   1006.000   539.000   133.000   -41.747   44.211
15225.000   1028.000   477.000   142.000   -41.685   44.222
15226.000   979.000   503.000   126.000   -41.624   44.232
15227.000   1002.000   498.000   136.000   -41.562   44.243
15228.000   1003.000   519.000   128.000   -41.500   44.253
15229.000   965.000   532.000   122.000   -41.438   44.263
15230.000   1004.000   507.000   117.000   -41.376   44.274
15231.000   969.000   480.000   134.000   -41.314   44.284
15232.000   939.000   566.000   132.000   -41.253   44.294
15233.000   907.000   503.000   145.000   -41.191   44.305
15234.000   916.000   512.000   118.000   -41.129   44.315
15235.000   971.000   529.000   151.000   -41.067   44.325
15236.000   972.000   544.000   125.000   -41.005   44.335
15237.000   904.000   524.000   133.000   -40.943   44.345
15238.000   971.000   540.000   129.000   -40.881   44.355
15239.000   1007.000   522.000   127.000   -40.820   44.366
15240.000   963.000   517.000   125.000   -40.758   44.376
15241.000   988.000   480.000   139.000   -40.696   44.386
15242.000   988.000   548.000   140.000   -40.634   44.396
15243.000   991.000   548.000   144.000   -40.572   44.406
15244.000   974.000   497.000   140.000   -40.510   44.416
15245.000   948.000   483.000   133.000   -40.448   44.426
15246.000   1007.000   521.000   126.000   -40.386   44.436
15247.000   1000.000   518.000   131.000   -40.325   44.446
15248.000   997.000   504.000   122.000   -40.263   44.455
15249.000   943.000   515.000   120.000   -40.201   44.465
15250.000   963.000   490.000   111.000   -40.139   44.475
15251.000   966.000   494.000   117.000   -40.077   44.485
15252.000   965.000   514.000   120.000   -40.015   44.495
15253.000   957.000   501.000   148.000   -39.953   44.504
15254.000   928.000   506.000   134.000   -39.891   44.514
15255.000   943.000   509.000   142.000   -39.829   44.524
15256.000   897.000   483.000   128.000   -39.767   44.533
15257.000   1000.000   510.000   122.000   -39.705   44.543
15258.000   985.000   530.000   135.000   -39.644   44.553
15259.000   963.000   498.000   125.000   -39.582   44.562
15260.000   944.000   487.000   125.000   -39.520   44.572
15261.000   979.000   514.000   112.000   -39.458   44.581
15262.000   923.000   519.000   133.000   -39.396   44.591
15263.000   918.000   520.000   132.000   -39.334   44.601
15264.000   972.000   523.000   133.000   -39.272   44.610
15265.000   962.000   483.000   131.000   -39.210   44.619
15266.000   949.000   509.000   124.000   -39.148   44.629
15267.000   1003.000   499.000   126.000   -39.086   44.638
15268.000   946.000   524.000   116.000   -39.024   44.648
15269.000   990.000   512.000   130.000   -38.962   44.657
15270.000   991.000   485.000   124.000   -38.900   44.666
15271.000   1003.000   491.000   102.000   -38.838   44.676
15272.000   960.000   518.000   127.000   -38.776   44.685
15273.000   953.000   480.000   117.000   -38.714   44.694
15274.000   934.000   462.000   113.000   -38.652   44.703
15275.000   913.000   477.000   113.000   -38.590   44.713
15276.000   979.000   492.000   117.000   -38.528   44.722
15277.000   1001.000   474.000   115.000   -38.467   44.731
15278.000   902.000   469.000   130.000   -38.405   44.740
15279.000   935.000   483.000   126.000   -38.343   44.749
15280.000   950.000   506.000   125.000   -38.281   44.758
15281.000   950.000   509.000   115.000   -38.219   44.768
15282.000   931.000   513.000   109.000   -38.157   44.777
15283.000   977.000   504.000   121.000   -38.095   44.786
15284.000   953.000   482.000   136.000   -38.033   44.795
15285.000   994.000   482.000   122.000   -37.971   44.804
15286.000   982.000   502.000   110.000   -37.909   44.813
15287.000   967.000   522.000   114.000   -37.847   44.822
15288.000   975.000   518.000   106.000   -37.785   44.831
15289.000   926.000   446.000   125.000   -37.723   44.839
15290.000   955.000   522.000   104.000   -37.661   44.848
15291.000   925.000   479.000   124.000   -37.599   44.857
15292.000   909.000   502.000   127.000   -37.537   44.866
15293.000   933.000   497.000   109.000   -37.475   44.875
15294.000   938.000   481.000   117.000   -37.413   44.884
15295.000   931.000   507.000   100.000   -37.351   44.892
15296.000   963.000   517.000   114.000   -37.289   44.901
15297.000   993.000   503.000   116.000   -37.227   44.910
15298.000   995.000   505.000   120.000   -37.165   44.919
15299.000   911.000   499.000   122.000   -37.103   44.927
15300.000   887.000   477.000   118.000   -37.040   44.936
15301.000   880.000   473.000   106.000   -36.978   44.945
15302.000   959.000   550.000   116.000   -36.916   44.953
15303.000   956.000   455.000   133.000   -36.854   44.962
15304.000   940.000   484.000   119.000   -36.792   44.971
15305.000   912.000   480.000   139.000   -36.730   44.979
15306.000   924.000   436.000   110.000   -36.668   44.988
15307.000   933.000   453.000   140.000   -36.606   44.996
15308.000   903.000   473.000   140.000   -36.544   45.005
15309.000   950.000   491.000   122.000   -36.482   45.013
15310.000   914.000   476.000   122.000   -36.420   45.022
15311.000   904.000   487.000   116.000   -36.358   45.030
15312.000   950.000   493.000   118.000   -36.296   45.039
15313.000   955.000   452.000   123.000   -36.234   45.047
15314.000   907.000   485.000   107.000   -36.172   45.055
15315.000   914.000   451.000   110.000   -36.110   45.064
15316.000   914.000   479.000   106.000   -36.048   45.072
15317.000   928.000   467.000   118.000   -35.986   45.080
15318.000   924.000   476.000   120.000   -35.924   45.089
15319.000   939.000   448.000   122.000   -35.861   45.097
15320.000   870.000   477.000   114.000   -35.799   45.105
15321.000   908.000   492.000   116.000   -35.737   45.113
15322.000   958.000   456.000   103.000   -35.675   45.122
15323.000   856.000   478.000   90.000   -35.613   45.130
15324.000   908.000   459.000   143.000   -35.551   45.138
15325.000   941.000   471.000   126.000   -35.489   45.146
15326.000   864.000   485.000   104.000   -35.427   45.154
15327.000   918.000   487.000   109.000   -35.365   45.163
15328.000   896.000   502.000   103.000   -35.303   45.171
15329.000   887.000   487.000   98.000   -35.241   45.179
15330.000   913.000   451.000   125.000   -35.178   45.187
15331.000   902.000   450.000   109.000   -35.116   45.195
15332.000   882.000   478.000   118.000   -35.054   45.203
15333.000   928.000   426.000   118.000   -34.992   45.211
15334.000   947.000   449.000   99.000   -34.930   45.219
15335.000   891.000   482.000   107.000   -34.868   45.227
15336.000   883.000   459.000   119.000   -34.806   45.235
15337.000   891.000   442.000   131.000   -34.744   45.243
15338.000   950.000   460.000   92.000   -34.682   45.251
15339.000   875.000   455.000   112.000   -34.619   45.259
15340.000   885.000   470.000   126.000   -34.557   45.267
15341.000   868.000   468.000   110.000   -34.495   45.275
15342.000   926.000   458.000   109.000   -34.433   45.283
15343.000   929.000   442.000   96.000   -34.371   45.290
15344.000   884.000   446.000   119.000   -34.309   45.298
15345.000   895.000   445.000   120.000   -34.247   45.306
15346.000   898.000   400.000   115.000   -34.185   45.314
15347.000   914.000   447.000   121.000   -34.122   45.322
15348.000   892.000   461.000   132.000   -34.060   45.329
15349.000   918.000   453.000   124.000   -33.998   45.337
15350.000   934.000   460.000   117.000   -33.936   45.345
15351.000   876.000   450.000   113.000   -33.874   45.353
15352.000   869.000   458.000   91.000   -33.812   45.360
15353.000   908.000   435.000   87.000   -33.750   45.368
15354.000   887.000   494.000   104.000   -33.687   45.376
15355.000   914.000   451.000   93.000   -33.625   45.383
15356.000   917.000   427.000   112.000   -33.563   45.391
15357.000   879.000   451.000   107.000   -33.501   45.398
15358.000   896.000   425.000   95.000   -33.439   45.406
15359.000   850.000   470.000   118.000   -33.377   45.414
15360.000   858.000   452.000   114.000   -33.314   45.421
15361.000   966.000   464.000   89.000   -33.252   45.429
15362.000   897.000   451.000   108.000   -33.190   45.436
15363.000   885.000   420.000   105.000   -33.128   45.444
15364.000   827.000   450.000   117.000   -33.066   45.451
15365.000   941.000   459.000   101.000   -33.004   45.459
15366.000   928.000   427.000   98.000   -32.941   45.466
15367.000   812.000   455.000   106.000   -32.879   45.474
15368.000   886.000   436.000   114.000   -32.817   45.481
15369.000   881.000   451.000   107.000   -32.755   45.488
15370.000   928.000   469.000   103.000   -32.693   45.496
15371.000   891.000   423.000   103.000   -32.630   45.503
15372.000   875.000   434.000   122.000   -32.568   45.511
15373.000   900.000   469.000   102.000   -32.506   45.518
15374.000   909.000   477.000   100.000   -32.444   45.525
15375.000   901.000   430.000   94.000   -32.382   45.533
15376.000   922.000   477.000   113.000   -32.319   45.540
15377.000   881.000   454.000   102.000   -32.257   45.547
15378.000   885.000   454.000   94.000   -32.195   45.554
15379.000   871.000   454.000   88.000   -32.133   45.562
15380.000   917.000   450.000   100.000   -32.071   45.569
15381.000   851.000   432.000   115.000   -32.008   45.576
15382.000   899.000   455.000   102.000   -31.946   45.583
15383.000   891.000   444.000   111.000   -31.884   45.591
15384.000   895.000   472.000   116.000   -31.822   45.598
15385.000   954.000   450.000   100.000   -31.760   45.605
15386.000   929.000   437.000   111.000   -31.697   45.612
15387.000   836.000   435.000   98.000   -31.635   45.619
15388.000   830.000   443.000   108.000   -31.573   45.626
15389.000   907.000   445.000   113.000   -31.511   45.633
15390.000   867.000   431.000   90.000   -31.448   45.640
15391.000   947.000   475.000   123.000   -31.386   45.648
15392.000   867.000   418.000   108.000   -31.324   45.655
15393.000   881.000   442.000   99.000   -31.262   45.662
15394.000   849.000   424.000   88.000   -31.199   45.669
15395.000   876.000   463.000   93.000   -31.137   45.676
15396.000   913.000   450.000   112.000   -31.075   45.683
15397.000   938.000   460.000   90.000   -31.013   45.690
15398.000   987.000   440.000   101.000   -30.951   45.697
15399.000   884.000   456.000   91.000   -30.888   45.704
15400.000   893.000   448.000   101.000   -30.826   45.711
15401.000   894.000   429.000   111.000   -30.764   45.717
15402.000   906.000   454.000   102.000   -30.702   45.724
15403.000   850.000   414.000   96.000   -30.639   45.731
15404.000   912.000   431.000   85.000   -30.577   45.738
15405.000   892.000   450.000   107.000   -30.515   45.745
15406.000   925.000   430.000   103.000   -30.452   45.752
15407.000   912.000   448.000   100.000   -30.390   45.759
15408.000   857.000   444.000   89.000   -30.328   45.766
15409.000   916.000   465.000   118.000   -30.266   45.772
15410.000   844.000   413.000   103.000   -30.203   45.779
15411.000   949.000   430.000   92.000   -30.141   45.786
15412.000   855.000   416.000   99.000   -30.079   45.793
15413.000   923.000   397.000   108.000   -30.017   45.799
15414.000   938.000   422.000   96.000   -29.954   45.806
15415.000   901.000   427.000   91.000   -29.892   45.813
15416.000   895.000   439.000   93.000   -29.830   45.820
15417.000   909.000   451.000   89.000   -29.768   45.826
15418.000   907.000   407.000   86.000   -29.705   45.833
15419.000   888.000   410.000   107.000   -29.643   45.840
15420.000   877.000   412.000   89.000   -29.581   45.846
15421.000   881.000   435.000   89.000   -29.518   45.853
15422.000   898.000   432.000   99.000   -29.456   45.860
15423.000   784.000   458.000   108.000   -29.394   45.866
15424.000   920.000   404.000   99.000   -29.331   45.873
15425.000   925.000   409.000   84.000   -29.269   45.880
15426.000   919.000   418.000   92.000   -29.207   45.886
15427.000   885.000   434.000   95.000   -29.145   45.893
15428.000   905.000   434.000   103.000   -29.082   45.899
15429.000   882.000   393.000   117.000   -29.020   45.906
15430.000   914.000   405.000   91.000   -28.958   45.912
15431.000   892.000   422.000   97.000   -28.895   45.919
15432.000   861.000   444.000   98.000   -28.833   45.925
15433.000   906.000   398.000   106.000   -28.771   45.932
15434.000   901.000   421.000   105.000   -28.708   45.938
15435.000   813.000   424.000   101.000   -28.646   45.945
15436.000   879.000   395.000   114.000   -28.584   45.951
15437.000   930.000   455.000   104.000   -28.522   45.958
15438.000   900.000   393.000   112.000   -28.459   45.964
15439.000   904.000   454.000   102.000   -28.397   45.971
15440.000   936.000   406.000   111.000   -28.335   45.977
15441.000   915.000   400.000   105.000   -28.272   45.983
15442.000   911.000   424.000   93.000   -28.210   45.990
15443.000   924.000   418.000   87.000   -28.148   45.996
15444.000   875.000   408.000   90.000   -28.085   46.003
15445.000   873.000   377.000   96.000   -28.023   46.009
15446.000   883.000   421.000   79.000   -27.961   46.015
15447.000   869.000   395.000   101.000   -27.898   46.022
15448.000   950.000   385.000   111.000   -27.836   46.028
15449.000   905.000   421.000   107.000   -27.774   46.034
15450.000   868.000   376.000   110.000   -27.711   46.040
15451.000   825.000   422.000   112.000   -27.649   46.047
15452.000   891.000   402.000   91.000   -27.587   46.053
15453.000   815.000   429.000   81.000   -27.524   46.059
15454.000   874.000   427.000   85.000   -27.462   46.066
15455.000   906.000   432.000   104.000   -27.400   46.072
15456.000   914.000   425.000   86.000   -27.337   46.078
15457.000   915.000   417.000   73.000   -27.275   46.084
15458.000   873.000   417.000   94.000   -27.212   46.090
15459.000   914.000   404.000   111.000   -27.150   46.097
15460.000   887.000   401.000   83.000   -27.088   46.103
15461.000   900.000   417.000   85.000   -27.025   46.109
15462.000   904.000   391.000   98.000   -26.963   46.115
15463.000   869.000   396.000   86.000   -26.901   46.121
15464.000   822.000   423.000   93.000   -26.838   46.127
15465.000   894.000   400.000   93.000   -26.776   46.133
15466.000   893.000   412.000   101.000   -26.714   46.140
15467.000   868.000   430.000   84.000   -26.651   46.146
15468.000   951.000   424.000   95.000   -26.589   46.152
15469.000   894.000   405.000   99.000   -26.526   46.158
15470.000   826.000   399.000   90.000   -26.464   46.164
15471.000   907.000   422.000   97.000   -26.402   46.170
15472.000   884.000   412.000   87.000   -26.339   46.176
15473.000   843.000   416.000   88.000   -26.277   46.182
15474.000   896.000   376.000   69.000   -26.215   46.188
15475.000   870.000   400.000   73.000   -26.152   46.194
15476.000   902.000   406.000   86.000   -26.090   46.200
15477.000   900.000   361.000   93.000   -26.027   46.206
15478.000   881.000   394.000   74.000   -25.965   46.212
15479.000   874.000   385.000   99.000   -25.903   46.218
15480.000   888.000   378.000   89.000   -25.840   46.224
15481.000   850.000   374.000   92.000   -25.778   46.230
15482.000   893.000   370.000   96.000   -25.715   46.236
15483.000   891.000   385.000   83.000   -25.653   46.242
15484.000   871.000   405.000   87.000   -25.591   46.248
15485.000   866.000   395.000   83.000   -25.528   46.254
15486.000   925.000   388.000   82.000   -25.466   46.259
15487.000   839.000   383.000   91.000   -25.403   46.265
15488.000   871.000   400.000   103.000   -25.341   46.271
15489.000   836.000   389.000   87.000   -25.279   46.277
15490.000   861.000   438.000   79.000   -25.216   46.283
15491.000   861.000   381.000   91.000   -25.154   46.289
15492.000   874.000   382.000   75.000   -25.091   46.295
15493.000   903.000   375.000   90.000   -25.029   46.300
15494.000   866.000   398.000   92.000   -24.967   46.306
15495.000   890.000   400.000   102.000   -24.904   46.312
15496.000   829.000   380.000   90.000   -24.842   46.318
15497.000   852.000   395.000   98.000   -24.779   46.324
15498.000   869.000   406.000   101.000   -24.717   46.329
15499.000   854.000   418.000   72.000   -24.655   46.335
15500.000   926.000   381.000   91.000   -24.592   46.341
15501.000   872.000   387.000   84.000   -24.530   46.347
15502.000   826.000   397.000   71.000   -24.467   46.352
15503.000   835.000   375.000   91.000   -24.405   46.358
15504.000   841.000   402.000   71.000   -24.342   46.364
15505.000   892.000   370.000   76.000   -24.280   46.369
15506.000   872.000   354.000   91.000   -24.218   46.375
15507.000   848.000   409.000   86.000   -24.155   46.381
15508.000   846.000   364.000   81.000   -24.093   46.387
15509.000   851.000   384.000   92.000   -24.030   46.392
15510.000   868.000   397.000   80.000   -23.968   46.398
15511.000   911.000   361.000   89.000   -23.905   46.403
15512.000   910.000   396.000   97.000   -23.843   46.409
15513.000   840.000   393.000   92.000   -23.781   46.415
15514.000   865.000   388.000   85.000   -23.718   46.420
15515.000   890.000   414.000   89.000   -23.656   46.426
15516.000   899.000   372.000   85.000   -23.593   46.432
15517.000   880.000   395.000   73.000   -23.531   46.437
15518.000   920.000   406.000   97.000   -23.468   46.443
15519.000   864.000   394.000   104.000   -23.406   46.448
15520.000   889.000   380.000   90.000   -23.343   46.454
15521.000   890.000   408.000   94.000   -23.281   46.459
15522.000   840.000   395.000   78.000   -23.218   46.465
15523.000   924.000   393.000   82.000   -23.156   46.470
15524.000   882.000   381.000   90.000   -23.094   46.476
15525.000   921.000   403.000   84.000   -23.031   46.482
15526.000   911.000   372.000   77.000   -22.969   46.487
15527.000   842.000   379.000   87.000   -22.906   46.493
15528.000   858.000   425.000   91.000   -22.844   46.498
15529.000   815.000   367.000   94.000   -22.781   46.504
15530.000   869.000   382.000   80.000   -22.719   46.509
15531.000   846.000   367.000   99.000   -22.656   46.514
15532.000   928.000   368.000   91.000   -22.594   46.520
15533.000   871.000   378.000   85.000   -22.531   46.525
15534.000   862.000   368.000   89.000   -22.469   46.531
15535.000   881.000   396.000   82.000   -22.406   46.536
15536.000   911.000   364.000   76.000   -22.344   46.542
15537.000   841.000   393.000   78.000   -22.282   46.547
15538.000   870.000   357.000   97.000   -22.219   46.552
15539.000   866.000   370.000   77.000   -22.157   46.558
15540.000   861.000   354.000   76.000   -22.094   46.563
15541.000   836.000   396.000   95.000   -22.032   46.569
15542.000   839.000   363.000   68.000   -21.969   46.574
15543.000   861.000   364.000   80.000   -21.907   46.579
15544.000   861.000   349.000   89.000   -21.844   46.585
15545.000   854.000   383.000   70.000   -21.782   46.590
15546.000   907.000   355.000   86.000   -21.719   46.595
15547.000   879.000   391.000   85.000   -21.657   46.601
15548.000   896.000   352.000   85.000   -21.594   46.606
15549.000   896.000   368.000   76.000   -21.532   46.611
15550.000   924.000   385.000   94.000   -21.469   46.617
15551.000   872.000   377.000   83.000   -21.407   46.622
15552.000   829.000   376.000   91.000   -21.344   46.627
15553.000   951.000   332.000   95.000   -21.282   46.633
15554.000   846.000   372.000   83.000   -21.219   46.638
15555.000   893.000   368.000   94.000   -21.157   46.643
15556.000   894.000   360.000   87.000   -21.094   46.648
15557.000   887.000   394.000   84.000   -21.032   46.654
15558.000   932.000   376.000   68.000   -20.969   46.659
15559.000   873.000   369.000   70.000   -20.907   46.664
15560.000   847.000   369.000   99.000   -20.844   46.669
15561.000   884.000   389.000   87.000   -20.782   46.675
15562.000   886.000   372.000   73.000   -20.719   46.680
15563.000   865.000   393.000   68.000   -20.657   46.685
15564.000   881.000   399.000   70.000   -20.594   46.690
15565.000   897.000   405.000   98.000   -20.532   46.695
15566.000   836.000   390.000   75.000   -20.469   46.701
15567.000   837.000   377.000   83.000   -20.407   46.706
15568.000   875.000   358.000   79.000   -20.344   46.711
15569.000   918.000   351.000   71.000   -20.282   46.716
15570.000   851.000   357.000   78.000   -20.219   46.721
15571.000   853.000   350.000   74.000   -20.157   46.726
15572.000   867.000   358.000   79.000   -20.094   46.731
15573.000   863.000   371.000   92.000   -20.032   46.737
15574.000   840.000   377.000   88.000   -19.969   46.742
15575.000   902.000   351.000   78.000   -19.906   46.747
15576.000   821.000   367.000   105.000   -19.844   46.752
15577.000   850.000   349.000   64.000   -19.781   46.757
15578.000   911.000   336.000   75.000   -19.719   46.762
15579.000   831.000   384.000   79.000   -19.656   46.767
15580.000   857.000   356.000   84.000   -19.594   46.772
15581.000   877.000   363.000   74.000   -19.531   46.777
15582.000   861.000   377.000   87.000   -19.469   46.782
15583.000   881.000   366.000   82.000   -19.406   46.788
15584.000   849.000   357.000   62.000   -19.344   46.793
15585.000   860.000   371.000   89.000   -19.281   46.798
15586.000   838.000   363.000   69.000   -19.219   46.803
15587.000   888.000   386.000   65.000   -19.156   46.808
15588.000   869.000   375.000   97.000   -19.094   46.813
15589.000   890.000   382.000   99.000   -19.031   46.818
15590.000   847.000   413.000   83.000   -18.968   46.823
15591.000   885.000   380.000   86.000   -18.906   46.828
15592.000   873.000   376.000   60.000   -18.843   46.833
15593.000   852.000   358.000   92.000   -18.781   46.838
15594.000   853.000   363.000   83.000   -18.718   46.843
15595.000   880.000   357.000   82.000   -18.656   46.848
15596.000   857.000   368.000   72.000   -18.593   46.853
15597.000   792.000   354.000   77.000   -18.531   46.858
15598.000   823.000   354.000   81.000   -18.468   46.863
15599.000   844.000   374.000   89.000   -18.406   46.868
15600.000   907.000   393.000   86.000   -18.343   46.872
15601.000   893.000   380.000   69.000   -18.280   46.877
15602.000   1125.000   586.000   147.000   -18.218   46.882
15603.000   1071.000   571.000   149.000   -18.155   46.887
15604.000   1092.000   568.000   144.000   -18.093   46.892
15605.000   1137.000   557.000   149.000   -18.030   46.897
15606.000   1097.000   569.000   159.000   -17.968   46.902
15607.000   1139.000   581.000   168.000   -17.905   46.907
15608.000   1019.000   565.000   120.000   -17.842   46.912
15609.000   1074.000   567.000   126.000   -17.780   46.917
15610.000   1105.000   543.000   145.000   -17.717   46.922
15611.000   1114.000   559.000   165.000   -17.655   46.926
15612.000   1130.000   570.000   155.000   -17.592   46.931
15613.000   1078.000   585.000   150.000   -17.530   46.936
15614.000   1145.000   567.000   125.000   -17.467   46.941
15615.000   1063.000   572.000   141.000   -17.405   46.946
15616.000   1146.000   555.000   150.000   -17.342   46.951
15617.000   1038.000   580.000   153.000   -17.279   46.956
15618.000   1127.000   569.000   128.000   -17.217   46.960
15619.000   1084.000   509.000   145.000   -17.154   46.965
15620.000   1129.000   575.000   129.000   -17.092   46.970
15621.000   1107.000   554.000   133.000   -17.029   46.975
15622.000   1103.000   552.000   139.000   -16.966   46.980
15623.000   1075.000   597.000   160.000   -16.904   46.984
15624.000   1107.000   569.000   146.000   -16.841   46.989
15625.000   1046.000   544.000   138.000   -16.779   46.994
15626.000   1116.000   566.000   163.000   -16.716   46.999
15627.000   1034.000   592.000   157.000   -16.654   47.004
15628.000   1093.000   588.000   136.000   -16.591   47.008
15629.000   1139.000   577.000   142.000   -16.528   47.013
15630.000   1061.000   589.000   143.000   -16.466   47.018
15631.000   1052.000   561.000   146.000   -16.403   47.023
15632.000   1090.000   577.000   140.000   -16.341   47.027
15633.000   1092.000   563.000   154.000   -16.278   47.032
15634.000   1083.000   526.000   134.000   -16.215   47.037
15635.000   1101.000   515.000   128.000   -16.153   47.042
15636.000   1131.000   500.000   130.000   -16.090   47.046
15637.000   1017.000   588.000   152.000   -16.028   47.051
15638.000   1147.000   554.000   159.000   -15.965   47.056
15639.000   1070.000   512.000   142.000   -15.902   47.060
15640.000   1068.000   574.000   150.000   -15.840   47.065
15641.000   1127.000   554.000   159.000   -15.777   47.070
15642.000   1093.000   556.000   135.000   -15.715   47.075
15643.000   1049.000   581.000   129.000   -15.652   47.079
15644.000   1077.000   536.000   128.000   -15.589   47.084
15645.000   1066.000   555.000   133.000   -15.527   47.089
15646.000   1011.000   532.000   127.000   -15.464   47.093
15647.000   1012.000   558.000   141.000   -15.402   47.098
15648.000   955.000   570.000   136.000   -15.339   47.103
15649.000   1029.000   558.000   144.000   -15.276   47.107
15650.000   989.000   560.000   144.000   -15.214   47.112
15651.000   1023.000   562.000   147.000   -15.151   47.117
15652.000   1057.000   570.000   139.000   -15.089   47.121
15653.000   1001.000   549.000   131.000   -15.026   47.126
15654.000   979.000   542.000   125.000   -14.963   47.130
15655.000   1038.000   523.000   149.000   -14.901   47.135
15656.000   1000.000   545.000   134.000   -14.838   47.140
15657.000   962.000   559.000   146.000   -14.776   47.144
15658.000   986.000   509.000   132.000   -14.713   47.149
15659.000   1027.000   529.000   147.000   -14.650   47.154
15660.000   1018.000   540.000   150.000   -14.588   47.158
15661.000   1046.000   544.000   141.000   -14.525   47.163
15662.000   1038.000   518.000   115.000   -14.462   47.167
15663.000   999.000   577.000   138.000   -14.400   47.172
15664.000   1072.000   515.000   127.000   -14.337   47.177
15665.000   1022.000   548.000   171.000   -14.275   47.181
15666.000   1018.000   588.000   149.000   -14.212   47.186
15667.000   1050.000   525.000   152.000   -14.149   47.190
15668.000   987.000   521.000   148.000   -14.087   47.195
15669.000   1061.000   538.000   137.000   -14.024   47.199
15670.000   1015.000   513.000   132.000   -13.961   47.204
15671.000   1002.000   509.000   125.000   -13.899   47.208
15672.000   1050.000   544.000   144.000   -13.836   47.213
15673.000   1084.000   534.000   131.000   -13.774   47.218
15674.000   1135.000   539.000   142.000   -13.711   47.222
15675.000   1082.000   558.000   122.000   -13.648   47.227
15676.000   1165.000   509.000   136.000   -13.586   47.231
15677.000   1100.000   547.000   119.000   -13.523   47.236
15678.000   1138.000   519.000   133.000   -13.460   47.240
15679.000   1118.000   533.000   131.000   -13.398   47.245
15680.000   1094.000   548.000   127.000   -13.335   47.249
15681.000   1043.000   477.000   125.000   -13.273   47.254
15682.000   1053.000   521.000   132.000   -13.210   47.258
15683.000   1047.000   564.000   119.000   -13.147   47.263
15684.000   1001.000   560.000   152.000   -13.085   47.267
15685.000   1020.000   489.000   115.000   -13.022   47.272
15686.000   1031.000   516.000   125.000   -12.959   47.276
15687.000   1044.000   542.000   113.000   -12.897   47.281
15688.000   1071.000   543.000   136.000   -12.834   47.285
15689.000   930.000   515.000   125.000   -12.771   47.290
15690.000   970.000   553.000   126.000   -12.709   47.294
15691.000   1067.000   543.000   147.000   -12.646   47.298
15692.000   1065.000   527.000   144.000   -12.583   47.303
15693.000   1055.000   565.000   139.000   -12.521   47.307
15694.000   1070.000   522.000   137.000   -12.458   47.312
15695.000   966.000   521.000   140.000   -12.396   47.316
15696.000   1047.000   531.000   142.000   -12.333   47.321
15697.000   1054.000   528.000   120.000   -12.270   47.325
15698.000   1051.000   538.000   132.000   -12.208   47.330
15699.000   1020.000   548.000   127.000   -12.145   47.334
15700.000   1005.000   528.000   132.000   -12.082   47.338
15701.000   968.000   532.000   143.000   -12.020   47.343
15702.000   987.000   498.000   124.000   -11.957   47.347
15703.000   980.000   525.000   122.000   -11.894   47.352
15704.000   1006.000   539.000   133.000   -11.832   47.356
15705.000   1028.000   477.000   142.000   -11.769   47.361
15706.000   979.000   503.000   126.000   -11.706   47.365
15707.000   1002.000   498.000   136.000   -11.644   47.369
15708.000   1003.000   519.000   128.000   -11.581   47.374
15709.000   965.000   532.000   122.000   -11.518   47.378
15710.000   1004.000   507.000   117.000   -11.456   47.382
15711.000   969.000   480.000   134.000   -11.393   47.387
15712.000   939.000   566.000   132.000   -11.330   47.391
15713.000   907.000   503.000   145.000   -11.268   47.396
15714.000   916.000   512.000   118.000   -11.205   47.400
15715.000   971.000   529.000   151.000   -11.142   47.404
15716.000   972.000   544.000   125.000   -11.080   47.409
15717.000   904.000   524.000   133.000   -11.017   47.413
15718.000   971.000   540.000   129.000   -10.954   47.417
15719.000   1007.000   522.000   127.000   -10.892   47.422
15720.000   963.000   517.000   125.000   -10.829   47.426
15721.000   988.000   480.000   139.000   -10.766   47.430
15722.000   988.000   548.000   140.000   -10.704   47.435
15723.000   991.000   548.000   144.000   -10.641   47.439
15724.000   974.000   497.000   140.000   -10.578   47.443
15725.000   948.000   483.000   133.000   -10.516   47.448
15726.000   1007.000   521.000   126.000   -10.453   47.452
15727.000   1000.000   518.000   131.000   -10.390   47.456
15728.000   997.000   504.000   122.000   -10.328   47.461
15729.000   943.000   515.000   120.000   -10.265   47.465
15730.000   963.000   490.000   111.000   -10.202   47.469
15731.000   966.000   494.000   117.000   -10.140   47.474
15732.000   965.000   514.000   120.000   -10.077   47.478
15733.000   957.000   501.000   148.000   -10.014   47.482
15734.000   928.000   506.000   134.000   -9.952   47.487
15735.000   943.000   509.000   142.000   -9.889   47.491
15736.000   897.000   483.000   128.000   -9.826   47.495
15737.000   1000.000   510.000   122.000   -9.764   47.500
15738.000   985.000   530.000   135.000   -9.701   47.504
15739.000   963.000   498.000   125.000   -9.638   47.508
15740.000   944.000   487.000   125.000   -9.576   47.512
15741.000   979.000   514.000   112.000   -9.513   47.517
15742.000   923.000   519.000   133.000   -9.450   47.521
15743.000   918.000   520.000   132.000   -9.388   47.525
15744.000   972.000   523.000   133.000   -9.325   47.529
15745.000   962.000   483.000   131.000   -9.262   47.534
15746.000   949.000   509.000   124.000   -9.199   47.538
15747.000   1003.000   499.000   126.000   -9.137   47.542
15748.000   946.000   524.000   116.000   -9.074   47.547
15749.000   990.000   512.000   130.000   -9.011   47.551
15750.000   991.000   485.000   124.000   -8.949   47.555
15751.000   1003.000   491.000   102.000   -8.886   47.559
15752.000   960.000   518.000   127.000   -8.823   47.564
15753.000   953.000   480.000   117.000   -8.761   47.568
15754.000   934.000   462.000   113.000   -8.698   47.572
15755.000   913.000   477.000   113.000   -8.635   47.576
15756.000   979.000   492.000   117.000   -8.573   47.581
15757.000   1001.000   474.000   115.000   -8.510   47.585
15758.000   902.000   469.000   130.000   -8.447   47.589
15759.000   935.000   483.000   126.000   -8.385   47.593
15760.000   950.000   506.000   125.000   -8.322   47.597
15761.000   950.000   509.000   115.000   -8.259   47.602
15762.000   931.000   513.000   109.000   -8.196   47.606
15763.000   977.000   504.000   121.000   -8.134   47.610
15764.000   953.000   482.000   136.000   -8.071   47.614
15765.000   994.000   482.000   122.000   -8.008   47.619
15766.000   982.000   502.000   110.000   -7.946   47.623
15767.000   967.000   522.000   114.000   -7.883   47.627
15768.000   975.000   518.000   106.000   -7.820   47.631
15769.000   926.000   446.000   125.000   -7.758   47.635
15770.000   955.000   522.000   104.000   -7.695   47.640
15771.000   925.000   479.000   124.000   -7.632   47.644
15772.000   909.000   502.000   127.000   -7.569   47.648
15773.000   933.000   497.000   109.000   -7.507   47.652
15774.000   938.000   481.000   117.000   -7.444   47.656
15775.000   931.000   507.000   100.000   -7.381   47.661
15776.000   963.000   517.000   114.000   -7.319   47.665
15777.000   993.000   503.000   116.000   -7.256   47.669
15778.000   995.000   505.000   120.000   -7.193   47.673
15779.000   911.000   499.000   122.000   -7.131   47.677
15780.000   887.000   477.000   118.000   -7.068   47.681
15781.000   880.000   473.000   106.000   -7.005   47.686
15782.000   959.000   550.000   116.000   -6.942   47.690
15783.000   956.000   455.000   133.000   -6.880   47.694
15784.000   940.000   484.000   119.000   -6.817   47.698
15785.000   912.000   480.000   139.000   -6.754   47.702
15786.000   924.000   436.000   110.000   -6.692   47.706
15787.000   933.000   453.000   140.000   -6.629   47.711
15788.000   903.000   473.000   140.000   -6.566   47.715
15789.000   950.000   491.000   122.000   -6.503   47.719
15790.000   914.000   476.000   122.000   -6.441   47.723
15791.000   904.000   487.000   116.000   -6.378   47.727
15792.000   950.000   493.000   118.000   -6.315   47.731
15793.000   955.000   452.000   123.000   -6.253   47.736
15794.000   907.000   485.000   107.000   -6.190   47.740
15795.000   914.000   451.000   110.000   -6.127   47.744
15796.000   914.000   479.000   106.000   -6.064   47.748
15797.000   928.000   467.000   118.000   -6.002   47.752
15798.000   924.000   476.000   120.000   -5.939   47.756
15799.000   939.000   448.000   122.000   -5.876   47.760
15800.000   870.000   477.000   114.000   -5.814   47.765
15801.000   908.000   492.000   116.000   -5.751   47.769
15802.000   958.000   456.000   103.000   -5.688   47.773
15803.000   856.000   478.000   90.000   -5.625   47.777
15804.000   908.000   459.000   143.000   -5.563   47.781
15805.000   941.000   471.000   126.000   -5.500   47.785
15806.000   864.000   485.000   104.000   -5.437   47.789
15807.000   918.000   487.000   109.000   -5.375   47.793
15808.000   896.000   502.000   103.000   -5.312   47.798
15809.000   887.000   487.000   98.000   -5.249   47.802
15810.000   913.000   451.000   125.000   -5.186   47.806
15811.000   902.000   450.000   109.000   -5.124   47.810
15812.000   882.000   478.000   118.000   -5.061   47.814
15813.000   928.000   426.000   118.000   -4.998   47.818
15814.000   947.000   449.000   99.000   -4.936   47.822
15815.000   891.000   482.000   107.000   -4.873   47.826
15816.000   883.000   459.000   119.000   -4.810   47.830
15817.000   891.000   442.000   131.000   -4.747   47.835
15818.000   950.000   460.000   92.000   -4.685   47.839
15819.000   875.000   455.000   112.000   -4.622   47.843
15820.000   885.000   470.000   126.000   -4.559   47.847
15821.000   868.000   468.000   110.000   -4.497   47.851
15822.000   926.000   458.000   109.000   -4.434   47.855
15823.000   929.000   442.000   96.000   -4.371   47.859
15824.000   884.000   446.000   119.000   -4.308   47.863
15825.000   895.000   445.000   120.000   -4.246   47.867
15826.000   898.000   400.000   115.000   -4.183   47.871
15827.000   914.000   447.000   121.000   -4.120   47.876
15828.000   892.000   461.000   132.000   -4.057   47.880
15829.000   918.000   453.000   124.000   -3.995   47.884
15830.000   934.000   460.000   117.000   -3.932   47.888
15831.000   876.000   450.000   113.000   -3.869   47.892
15832.000   869.000   458.000   91.000   -3.807   47.896
15833.000   908.000   435.000   87.000   -3.744   47.900
15834.000   887.000   494.000   104.000   -3.681   47.904
15835.000   914.000   451.000   93.000   -3.618   47.908
15836.000   917.000   427.000   112.000   -3.556   47.912
15837.000   879.000   451.000   107.000   -3.493   47.916
15838.000   896.000   425.000   95.000   -3.430   47.921
15839.000   850.000   470.000   118.000   -3.367   47.925
15840.000   858.000   452.000   114.000   -3.305   47.929
15841.000   966.000   464.000   89.000   -3.242   47.933
15842.000   897.000   451.000   108.000   -3.179   47.937
15843.000   885.000   420.000   105.000   -3.117   47.941
15844.000   827.000   450.000   117.000   -3.054   47.945
15845.000   941.000   459.000   101.000   -2.991   47.949
15846.000   928.000   427.000   98.000   -2.928   47.953
15847.000   812.000   455.000   106.000   -2.866   47.957
15848.000   886.000   436.000   114.000   -2.803   47.961
15849.000   881.000   451.000   107.000   -2.740   47.965
15850.000   928.000   469.000   103.000   -2.677   47.969
15851.000   891.000   423.000   103.000   -2.615   47.974
15852.000   875.000   434.000   122.000   -2.552   47.978
15853.000   900.000   469.000   102.000   -2.489   47.982
15854.000   909.000   477.000   100.000   -2.426   47.986
15855.000   901.000   430.000   94.000   -2.364   47.990
15856.000   922.000   477.000   113.000   -2.301   47.994
15857.000   881.000   454.000   102.000   -2.238   47.998
15858.000   885.000   454.000   94.000   -2.175   48.002
15859.000   871.000   454.000   88.000   -2.113   48.006
15860.000   917.000   450.000   100.000   -2.050   48.010
15861.000   851.000   432.000   115.000   -1.987   48.014
15862.000   899.000   455.000   102.000   -1.925   48.018
15863.000   891.000   444.000   111.000   -1.862   48.022
15864.000   895.000   472.000   116.000   -1.799   48.026
15865.000   954.000   450.000   100.000   -1.736   48.030
15866.000   929.000   437.000   111.000   -1.674   48.034
15867.000   836.000   435.000   98.000   -1.611   48.039
15868.000   830.000   443.000   108.000   -1.548   48.043
15869.000   907.000   445.000   113.000   -1.485   48.047
15870.000   867.000   431.000   90.000   -1.423   48.051
15871.000   947.000   475.000   123.000   -1.360   48.055
15872.000   867.000   418.000   108.000   -1.297   48.059
15873.000   881.000   442.000   99.000   -1.234   48.063
15874.000   849.000   424.000   88.000   -1.172   48.067
15875.000   876.000   463.000   93.000   -1.109   48.071
15876.000   913.000   450.000   112.000   -1.046   48.075
15877.000   938.000   460.000   90.000   -0.983   48.079
15878.000   987.000   440.000   101.000   -0.921   48.083
15879.000   884.000   456.000   91.000   -0.858   48.087
15880.000   893.000   448.000   101.000   -0.795   48.091
15881.000   894.000   429.000   111.000   -0.733   48.095
15882.000   906.000   454.000   102.000   -0.670   48.099
15883.000   850.000   414.000   96.000   -0.607   48.103
15884.000   912.000   431.000   85.000   -0.544   48.107
15885.000   892.000   450.000   107.000   -0.482   48.112
15886.000   925.000   430.000   103.000   -0.419   48.116
15887.000   912.000   448.000   100.000   -0.356   48.120
15888.000   857.000   444.000   89.000   -0.293   48.124
15889.000   916.000   465.000   118.000   -0.231   48.128
15890.000   844.000   413.000   103.000   -0.168   48.132
15891.000   949.000   430.000   92.000   -0.105   48.136
15892.000   855.000   416.000   99.000   -0.042   48.140
15893.000   923.000   397.000   108.000   00.020   48.144
15894.000   938.000   422.000   96.000   00.083   48.148
15895.000   901.000   427.000   91.000   00.146   48.152
15896.000   895.000   439.000   93.000   00.209   48.156
15897.000   909.000   451.000   89.000   00.271   48.160
15898.000   907.000   407.000   86.000   00.334   48.164
15899.000   888.000   410.000   107.000   00.397   48.168
15900.000   877.000   412.000   89.000   00.460   48.172
15901.000   881.000   435.000   89.000   00.522   48.176
15902.000   898.000   432.000   99.000   00.585   48.180
15903.000   784.000   458.000   108.000   00.648   48.184
15904.000   920.000   404.000   99.000   00.711   48.189
15905.000   925.000   409.000   84.000   00.773   48.193
15906.000   919.000   418.000   92.000   00.836   48.197
15907.000   885.000   434.000   95.000   00.899   48.201
15908.000   905.000   434.000   103.000   00.962   48.205
15909.000   882.000   393.000   117.000   01.024   48.209
15910.000   914.000   405.000   91.000   01.087   48.213
15911.000   892.000   422.000   97.000   01.150   48.217
15912.000   861.000   444.000   98.000   01.212   48.221
15913.000   906.000   398.000   106.000   01.275   48.225
15914.000   901.000   421.000   105.000   01.338   48.229
15915.000   813.000   424.000   101.000   01.401   48.233
15916.000   879.000   395.000   114.000   01.463   48.237
15917.000   930.000   455.000   104.000   01.526   48.241
15918.000   900.000   393.000   112.000   01.589   48.245
15919.000   904.000   454.000   102.000   01.652   48.249
15920.000   936.000   406.000   111.000   01.714   48.253
15921.000   915.000   400.000   105.000   01.777   48.258
15922.000   911.000   424.000   93.000   01.840   48.262
15923.000   924.000   418.000   87.000   01.903   48.266
15924.000   875.000   408.000   90.000   01.965   48.270
15925.000   873.000   377.000   96.000   02.028   48.274
15926.000   883.000   421.000   79.000   02.091   48.278
15927.000   869.000   395.000   101.000   02.154   48.282
15928.000   950.000   385.000   111.000   02.216   48.286
15929.000   905.000   421.000   107.000   02.279   48.290
15930.000   868.000   376.000   110.000   02.342   48.294
15931.000   825.000   422.000   112.000   02.405   48.298
15932.000   891.000   402.000   91.000   02.467   48.302
15933.000   815.000   429.000   81.000   02.530   48.306
15934.000   874.000   427.000   85.000   02.593   48.310
15935.000   906.000   432.000   104.000   02.656   48.314
15936.000   914.000   425.000   86.000   02.718   48.319
15937.000   915.000   417.000   73.000   02.781   48.323
15938.000   873.000   417.000   94.000   02.844   48.327
15939.000   914.000   404.000   111.000   02.907   48.331
15940.000   887.000   401.000   83.000   02.969   48.335
15941.000   900.000   417.000   85.000   03.032   48.339
15942.000   904.000   391.000   98.000   03.095   48.343
15943.000   869.000   396.000   86.000   03.158   48.347
15944.000   822.000   423.000   93.000   03.220   48.351
15945.000   894.000   400.000   93.000   03.283   48.355
15946.000   893.000   412.000   101.000   03.346   48.359
15947.000   868.000   430.000   84.000   03.409   48.363
15948.000   951.000   424.000   95.000   03.471   48.367
15949.000   894.000   405.000   99.000   03.534   48.372
15950.000   826.000   399.000   90.000   03.597   48.376
15951.000   907.000   422.000   97.000   03.660   48.380
15952.000   884.000   412.000   87.000   03.722   48.384
15953.000   843.000   416.000   88.000   03.785   48.388
15954.000   896.000   376.000   69.000   03.848   48.392
15955.000   870.000   400.000   73.000   03.910   48.396
15956.000   902.000   406.000   86.000   03.973   48.400
15957.000   900.000   361.000   93.000   04.036   48.404
15958.000   881.000   394.000   74.000   04.099   48.408
15959.000   874.000   385.000   99.000   04.161   48.412
15960.000   888.000   378.000   89.000   04.224   48.417
15961.000   850.000   374.000   92.000   04.287   48.421
15962.000   893.000   370.000   96.000   04.350   48.425
15963.000   891.000   385.000   83.000   04.412   48.429
15964.000   871.000   405.000   87.000   04.475   48.433
15965.000   866.000   395.000   83.000   04.538   48.437
15966.000   925.000   388.000   82.000   04.601   48.441
15967.000   839.000   383.000   91.000   04.663   48.445
15968.000   871.000   400.000   103.000   04.726   48.449
15969.000   836.000   389.000   87.000   04.789   48.453
15970.000   861.000   438.000   79.000   04.852   48.458
15971.000   861.000   381.000   91.000   04.914   48.462
15972.000   874.000   382.000   75.000   04.977   48.466
15973.000   903.000   375.000   90.000   05.040   48.470
15974.000   866.000   398.000   92.000   05.103   48.474
15975.000   890.000   400.000   102.000   05.165   48.478
15976.000   829.000   380.000   90.000   05.228   48.482
15977.000   852.000   395.000   98.000   05.291   48.486
15978.000   869.000   406.000   101.000   05.354   48.491
15979.000   854.000   418.000   72.000   05.416   48.495
15980.000   926.000   381.000   91.000   05.479   48.499
15981.000   872.000   387.000   84.000   05.542   48.503
15982.000   826.000   397.000   71.000   05.605   48.507
15983.000   835.000   375.000   91.000   05.667   48.511
15984.000   841.000   402.000   71.000   05.730   48.515
15985.000   892.000   370.000   76.000   05.793   48.519
15986.000   872.000   354.000   91.000   05.855   48.524
15987.000   848.000   409.000   86.000   05.918   48.528
15988.000   846.000   364.000   81.000   05.981   48.532
15989.000   851.000   384.000   92.000   06.044   48.536
15990.000   868.000   397.000   80.000   06.106   48.540
15991.000   911.000   361.000   89.000   06.169   48.544
15992.000   910.000   396.000   97.000   06.232   48.548
15993.000   840.000   393.000   92.000   06.295   48.553
15994.000   865.000   388.000   85.000   06.357   48.557
15995.000   890.000   414.000   89.000   06.420   48.561
15996.000   899.000   372.000   85.000   06.483   48.565
15997.000   880.000   395.000   73.000   06.546   48.569
15998.000   920.000   406.000   97.000   06.608   48.573
15999.000   864.000   394.000   104.000   06.671   48.578
16000.000   889.000   380.000   90.000   06.734   48.582
16001.000   890.000   408.000   94.000   06.797   48.586
16002.000   840.000   395.000   78.000   06.859   48.590
16003.000   924.000   393.000   82.000   06.922   48.594
16004.000   882.000   381.000   90.000   06.985   48.598
16005.000   921.000   403.000   84.000   07.047   48.603
16006.000   911.000   372.000   77.000   07.110   48.607
16007.000   842.000   379.000   87.000   07.173   48.611
16008.000   858.000   425.000   91.000   07.236   48.615
16009.000   815.000   367.000   94.000   07.298   48.619
16010.000   869.000   382.000   80.000   07.361   48.624
16011.000   846.000   367.000   99.000   07.424   48.628
16012.000   928.000   368.000   91.000   07.487   48.632
16013.000   871.000   378.000   85.000   07.549   48.636
16014.000   862.000   368.000   89.000   07.612   48.640
16015.000   881.000   396.000   82.000   07.675   48.645
16016.000   911.000   364.000   76.000   07.738   48.649
16017.000   841.000   393.000   78.000   07.800   48.653
16018.000   870.000   357.000   97.000   07.863   48.657
16019.000   866.000   370.000   77.000   07.926   48.661
16020.000   861.000   354.000   76.000   07.988   48.666
16021.000   836.000   396.000   95.000   08.051   48.670
16022.000   839.000   363.000   68.000   08.114   48.674
16023.000   861.000   364.000   80.000   08.177   48.678
16024.000   861.000   349.000   89.000   08.239   48.682
16025.000   854.000   383.000   70.000   08.302   48.687
16026.000   907.000   355.000   86.000   08.365   48.691
16027.000   879.000   391.000   85.000   08.428   48.695
16028.000   896.000   352.000   85.000   08.490   48.699
16029.000   896.000   368.000   76.000   08.553   48.704
16030.000   924.000   385.000   94.000   08.616   48.708
16031.000   872.000   377.000   83.000   08.678   48.712
16032.000   829.000   376.000   91.000   08.741   48.716
16033.000   951.000   332.000   95.000   08.804   48.721
16034.000   846.000   372.000   83.000   08.867   48.725
16035.000   893.000   368.000   94.000   08.929   48.729
16036.000   894.000   360.000   87.000   08.992   48.733
16037.000   887.000   394.000   84.000   09.055   48.738
16038.000   932.000   376.000   68.000   09.118   48.742
16039.000   873.000   369.000   70.000   09.180   48.746
16040.000   847.000   369.000   99.000   09.243   48.750
16041.000   884.000   389.000   87.000   09.306   48.755
16042.000   886.000   372.000   73.000   09.368   48.759
16043.000   865.000   393.000   68.000   09.431   48.763
16044.000   881.000   399.000   70.000   09.494   48.768
16045.000   897.000   405.000   98.000   09.557   48.772
16046.000   836.000   390.000   75.000   09.619   48.776
16047.000   837.000   377.000   83.000   09.682   48.780
16048.000   875.000   358.000   79.000   09.745   48.785
16049.000   918.000   351.000   71.000   09.808   48.789
16050.000   851.000   357.000   78.000   09.870   48.793
16051.000   853.000   350.000   74.000   09.933   48.798
16052.000   867.000   358.000   79.000   09.996   48.802
16053.000   863.000   371.000   92.000   10.058   48.806
16054.000   840.000   377.000   88.000   10.121   48.811
16055.000   902.000   351.000   78.000   10.184   48.815
16056.000   821.000   367.000   105.000   10.247   48.819
16057.000   850.000   349.000   64.000   10.309   48.823
16058.000   911.000   336.000   75.000   10.372   48.828
16059.000   831.000   384.000   79.000   10.435   48.832
16060.000   857.000   356.000   84.000   10.497   48.836
16061.000   877.000   363.000   74.000   10.560   48.841
16062.000   861.000   377.000   87.000   10.623   48.845
16063.000   881.000   366.000   82.000   10.686   48.849
16064.000   849.000   357.000   62.000   10.748   48.854
16065.000   860.000   371.000   89.000   10.811   48.858
16066.000   838.000   363.000   69.000   10.874   48.863
16067.000   888.000   386.000   65.000   10.936   48.867
16068.000   869.000   375.000   97.000   10.999   48.871
16069.000   890.000   382.000   99.000   11.062   48.876
16070.000   847.000   413.000   83.000   11.125   48.880
16071.000   885.000   380.000   86.000   11.187   48.884
16072.000   873.000   376.000   60.000   11.250   48.889
16073.000   852.000   358.000   92.000   11.313   48.893
16074.000   853.000   363.000   83.000   11.375   48.897
16075.000   880.000   357.000   82.000   11.438   48.902
16076.000   857.000   368.000   72.000   11.501   48.906
16077.000   792.000   354.000   77.000   11.564   48.911
16078.000   823.000   354.000   81.000   11.626   48.915
16079.000   844.000   374.000   89.000   11.689   48.919
16080.000   907.000   393.000   86.000   11.752   48.924
16081.000   893.000   380.000   69.000   11.814   48.928
