Time range: [ 00:00:-0.000  00:16:54.000 ]
Time range duration: 16.0 min, 54.0 sec
Longitude range: [ 73.0  159.0 ]
-0.000   818.000   277.000   73.000   26.000   171.314
01.000   823.000   271.000   77.000   26.063   171.320
02.000   756.000   280.000   75.000   26.125   171.326
03.000   832.000   277.000   67.000   26.187   171.332
04.000   864.000   237.000   63.000   26.250   171.338
05.000   872.000   295.000   76.000   26.312   171.344
06.000   798.000   264.000   63.000   26.375   171.350
07.000   851.000   265.000   68.000   26.437   171.356
08.000   782.000   272.000   71.000   26.500   171.362
09.000   809.000   267.000   72.000   26.562   171.368
10.000   808.000   263.000   77.000   26.624   171.374
11.000   816.000   262.000   73.000   26.687   171.381
12.000   853.000   288.000   74.000   26.749   171.387
13.000   829.000   277.000   55.000   26.812   171.393
14.000   864.000   262.000   66.000   26.874   171.399
15.000   822.000   240.000   82.000   26.937   171.405
16.000   853.000   289.000   63.000   26.999   171.411
17.000   823.000   274.000   62.000   27.062   171.417
18.000   796.000   282.000   83.000   27.124   171.424
19.000   816.000   306.000   74.000   27.186   171.430
20.000   739.000   256.000   84.000   27.249   171.436
21.000   863.000   266.000   64.000   27.311   171.442
22.000   795.000   279.000   58.000   27.374   171.448
23.000   772.000   256.000   58.000   27.436   171.455
24.000   841.000   284.000   71.000   27.499   171.461
25.000   840.000   262.000   55.000   27.561   171.467
26.000   789.000   291.000   70.000   27.623   171.473
27.000   842.000   280.000   80.000   27.686   171.480
28.000   823.000   282.000   65.000   27.748   171.486
29.000   855.000   269.000   70.000   27.811   171.492
30.000   865.000   283.000   73.000   27.873   171.498
31.000   846.000   277.000   50.000   27.935   171.505
32.000   798.000   315.000   74.000   27.998   171.511
33.000   873.000   278.000   69.000   28.060   171.518
34.000   857.000   275.000   76.000   28.123   171.524
35.000   867.000   274.000   52.000   28.185   171.530
36.000   839.000   300.000   57.000   28.247   171.537
37.000   772.000   250.000   70.000   28.310   171.543
38.000   776.000   292.000   66.000   28.372   171.549
39.000   833.000   293.000   78.000   28.435   171.556
40.000   804.000   284.000   69.000   28.497   171.562
41.000   845.000   275.000   69.000   28.560   171.569
42.000   828.000   269.000   52.000   28.622   171.575
43.000   846.000   262.000   69.000   28.684   171.582
44.000   809.000   245.000   75.000   28.747   171.588
45.000   780.000   288.000   54.000   28.809   171.595
46.000   856.000   249.000   70.000   28.871   171.601
47.000   807.000   273.000   63.000   28.934   171.608
48.000   799.000   274.000   74.000   28.996   171.614
49.000   866.000   295.000   59.000   29.059   171.621
50.000   822.000   265.000   61.000   29.121   171.627
51.000   822.000   261.000   61.000   29.183   171.634
52.000   839.000   270.000   86.000   29.246   171.641
53.000   875.000   273.000   73.000   29.308   171.647
54.000   822.000   260.000   72.000   29.371   171.654
55.000   840.000   281.000   71.000   29.433   171.660
56.000   792.000   261.000   76.000   29.495   171.667
57.000   835.000   257.000   60.000   29.558   171.674
58.000   812.000   256.000   63.000   29.620   171.680
59.000   856.000   293.000   66.000   29.683   171.687
60.000   805.000   268.000   67.000   29.745   171.694
61.000   844.000   250.000   63.000   29.807   171.700
62.000   833.000   284.000   62.000   29.870   171.707
63.000   834.000   280.000   82.000   29.932   171.714
64.000   836.000   252.000   68.000   29.994   171.721
65.000   816.000   275.000   65.000   30.057   171.727
66.000   802.000   245.000   55.000   30.119   171.734
67.000   821.000   265.000   76.000   30.182   171.741
68.000   853.000   266.000   73.000   30.244   171.748
69.000   829.000   301.000   74.000   30.306   171.755
70.000   812.000   260.000   77.000   30.369   171.761
71.000   807.000   279.000   62.000   30.431   171.768
72.000   875.000   271.000   67.000   30.493   171.775
73.000   833.000   266.000   61.000   30.556   171.782
74.000   852.000   316.000   73.000   30.618   171.789
75.000   843.000   275.000   55.000   30.680   171.796
76.000   829.000   255.000   63.000   30.743   171.803
77.000   828.000   285.000   74.000   30.805   171.810
78.000   836.000   252.000   81.000   30.867   171.817
79.000   888.000   288.000   76.000   30.930   171.824
80.000   829.000   294.000   64.000   30.992   171.831
81.000   894.000   273.000   74.000   31.055   171.838
82.000   854.000   268.000   74.000   31.117   171.845
83.000   857.000   241.000   78.000   31.179   171.852
84.000   768.000   261.000   68.000   31.242   171.859
85.000   765.000   247.000   84.000   31.304   171.866
86.000   832.000   249.000   66.000   31.366   171.873
87.000   815.000   283.000   70.000   31.429   171.880
88.000   870.000   305.000   58.000   31.491   171.887
89.000   817.000   283.000   63.000   31.553   171.894
90.000   844.000   293.000   86.000   31.616   171.901
91.000   862.000   289.000   80.000   31.678   171.908
92.000   767.000   296.000   68.000   31.740   171.915
93.000   802.000   327.000   78.000   31.803   171.923
94.000   860.000   268.000   65.000   31.865   171.930
95.000   851.000   274.000   73.000   31.927   171.937
96.000   802.000   265.000   50.000   31.990   171.944
97.000   798.000   278.000   66.000   32.052   171.951
98.000   848.000   285.000   59.000   32.114   171.959
99.000   826.000   293.000   73.000   32.177   171.966
100.000   831.000   283.000   68.000   32.239   171.973
101.000   886.000   272.000   75.000   32.301   171.980
102.000   796.000   292.000   82.000   32.363   171.988
103.000   833.000   287.000   70.000   32.426   171.995
104.000   875.000   296.000   82.000   32.488   172.002
105.000   827.000   278.000   59.000   32.550   172.010
106.000   886.000   272.000   67.000   32.613   172.017
107.000   874.000   274.000   58.000   32.675   172.025
108.000   794.000   250.000   69.000   32.737   172.032
109.000   781.000   266.000   69.000   32.800   172.039
110.000   821.000   269.000   65.000   32.862   172.047
111.000   765.000   291.000   65.000   32.924   172.054
112.000   851.000   313.000   77.000   32.987   172.062
113.000   833.000   291.000   67.000   33.049   172.069
114.000   833.000   285.000   68.000   33.111   172.077
115.000   856.000   275.000   75.000   33.173   172.084
116.000   792.000   257.000   83.000   33.236   172.092
117.000   825.000   243.000   73.000   33.298   172.099
118.000   799.000   298.000   73.000   33.360   172.107
119.000   806.000   261.000   73.000   33.423   172.114
120.000   844.000   277.000   79.000   33.485   172.122
121.000   841.000   293.000   72.000   33.547   172.130
122.000   837.000   269.000   61.000   33.610   172.137
123.000   851.000   300.000   67.000   33.672   172.145
124.000   811.000   280.000   62.000   33.734   172.153
125.000   859.000   301.000   65.000   33.796   172.160
126.000   831.000   276.000   66.000   33.859   172.168
127.000   803.000   307.000   61.000   33.921   172.176
128.000   833.000   266.000   64.000   33.983   172.183
129.000   882.000   272.000   81.000   34.045   172.191
130.000   813.000   261.000   79.000   34.108   172.199
131.000   849.000   317.000   80.000   34.170   172.207
132.000   837.000   282.000   71.000   34.232   172.215
133.000   856.000   263.000   76.000   34.295   172.222
134.000   817.000   274.000   103.000   34.357   172.230
135.000   819.000   295.000   71.000   34.419   172.238
136.000   860.000   298.000   84.000   34.481   172.246
137.000   819.000   292.000   79.000   34.544   172.254
138.000   829.000   282.000   75.000   34.606   172.262
139.000   810.000   293.000   67.000   34.668   172.270
140.000   818.000   285.000   78.000   34.730   172.278
141.000   856.000   282.000   65.000   34.793   172.286
142.000   826.000   289.000   78.000   34.855   172.294
143.000   788.000   274.000   91.000   34.917   172.302
144.000   842.000   283.000   56.000   34.979   172.310
145.000   841.000   297.000   78.000   35.042   172.318
146.000   840.000   294.000   73.000   35.104   172.326
147.000   816.000   284.000   91.000   35.166   172.334
148.000   788.000   304.000   77.000   35.228   172.342
149.000   902.000   288.000   77.000   35.291   172.350
150.000   865.000   293.000   73.000   35.353   172.358
151.000   784.000   318.000   76.000   35.415   172.366
152.000   800.000   278.000   67.000   35.477   172.375
153.000   858.000   319.000   83.000   35.540   172.383
154.000   800.000   285.000   76.000   35.602   172.391
155.000   824.000   305.000   71.000   35.664   172.399
156.000   911.000   328.000   64.000   35.726   172.407
157.000   834.000   293.000   57.000   35.788   172.416
158.000   892.000   280.000   83.000   35.851   172.424
159.000   843.000   296.000   80.000   35.913   172.432
160.000   880.000   292.000   77.000   35.975   172.441
161.000   860.000   286.000   70.000   36.037   172.449
162.000   824.000   278.000   69.000   36.100   172.457
163.000   874.000   286.000   76.000   36.162   172.466
164.000   809.000   295.000   61.000   36.224   172.474
165.000   813.000   280.000   76.000   36.286   172.483
166.000   845.000   264.000   89.000   36.348   172.491
167.000   785.000   289.000   85.000   36.411   172.499
168.000   816.000   262.000   71.000   36.473   172.508
169.000   808.000   286.000   67.000   36.535   172.516
170.000   788.000   286.000   61.000   36.597   172.525
171.000   835.000   257.000   62.000   36.659   172.534
172.000   859.000   296.000   87.000   36.722   172.542
173.000   814.000   265.000   61.000   36.784   172.551
174.000   784.000   307.000   88.000   36.846   172.559
175.000   785.000   298.000   61.000   36.908   172.568
176.000   806.000   328.000   55.000   36.970   172.577
177.000   851.000   281.000   58.000   37.033   172.585
178.000   797.000   305.000   77.000   37.095   172.594
179.000   826.000   276.000   93.000   37.157   172.603
180.000   856.000   323.000   64.000   37.219   172.611
181.000   878.000   293.000   63.000   37.281   172.620
182.000   825.000   269.000   63.000   37.344   172.629
183.000   907.000   291.000   79.000   37.406   172.638
184.000   901.000   286.000   91.000   37.468   172.647
185.000   867.000   308.000   72.000   37.530   172.655
186.000   890.000   347.000   69.000   37.592   172.664
187.000   854.000   279.000   77.000   37.654   172.673
188.000   887.000   305.000   63.000   37.717   172.682
189.000   836.000   291.000   67.000   37.779   172.691
190.000   834.000   282.000   76.000   37.841   172.700
191.000   848.000   300.000   86.000   37.903   172.709
192.000   857.000   295.000   60.000   37.965   172.718
193.000   834.000   291.000   43.000   38.027   172.727
194.000   863.000   294.000   71.000   38.090   172.736
195.000   845.000   292.000   70.000   38.152   172.745
196.000   837.000   280.000   75.000   38.214   172.754
197.000   821.000   305.000   70.000   38.276   172.763
198.000   861.000   330.000   72.000   38.338   172.772
199.000   828.000   307.000   91.000   38.400   172.782
200.000   841.000   293.000   76.000   38.462   172.791
201.000   805.000   303.000   72.000   38.525   172.800
202.000   843.000   336.000   75.000   38.587   172.809
203.000   835.000   296.000   58.000   38.649   172.818
204.000   794.000   291.000   86.000   38.711   172.828
205.000   816.000   285.000   68.000   38.773   172.837
206.000   789.000   292.000   77.000   38.835   172.846
207.000   907.000   308.000   77.000   38.897   172.856
208.000   827.000   311.000   89.000   38.960   172.865
209.000   825.000   273.000   66.000   39.022   172.874
210.000   809.000   321.000   77.000   39.084   172.884
211.000   808.000   311.000   81.000   39.146   172.893
212.000   820.000   309.000   76.000   39.208   172.903
213.000   923.000   266.000   82.000   39.270   172.912
214.000   852.000   301.000   74.000   39.332   172.922
215.000   825.000   302.000   71.000   39.394   172.931
216.000   811.000   318.000   74.000   39.456   172.941
217.000   834.000   308.000   76.000   39.519   172.950
218.000   796.000   294.000   75.000   39.581   172.960
219.000   861.000   312.000   83.000   39.643   172.969
220.000   831.000   340.000   93.000   39.705   172.979
221.000   842.000   289.000   81.000   39.767   172.989
222.000   828.000   320.000   71.000   39.829   172.999
223.000   870.000   339.000   93.000   39.891   173.008
224.000   903.000   303.000   64.000   39.953   173.018
225.000   848.000   292.000   86.000   40.015   173.028
226.000   767.000   287.000   71.000   40.077   173.038
227.000   856.000   289.000   82.000   40.139   173.047
228.000   834.000   303.000   90.000   40.202   173.057
229.000   806.000   310.000   67.000   40.264   173.067
230.000   837.000   280.000   74.000   40.326   173.077
231.000   911.000   275.000   83.000   40.388   173.087
232.000   771.000   303.000   83.000   40.450   173.097
233.000   793.000   289.000   76.000   40.512   173.107
234.000   884.000   294.000   71.000   40.574   173.117
235.000   839.000   291.000   79.000   40.636   173.127
236.000   831.000   295.000   69.000   40.698   173.137
237.000   855.000   317.000   98.000   40.760   173.147
238.000   800.000   296.000   70.000   40.822   173.157
239.000   906.000   304.000   83.000   40.884   173.167
240.000   869.000   341.000   90.000   40.946   173.178
241.000   783.000   326.000   81.000   41.008   173.188
242.000   834.000   331.000   78.000   41.070   173.198
243.000   825.000   294.000   75.000   41.133   173.208
244.000   854.000   339.000   86.000   41.195   173.218
245.000   874.000   337.000   99.000   41.257   173.229
246.000   879.000   322.000   84.000   41.319   173.239
247.000   863.000   293.000   79.000   41.381   173.249
248.000   906.000   300.000   76.000   41.443   173.260
249.000   858.000   325.000   95.000   41.505   173.270
250.000   872.000   283.000   67.000   41.567   173.281
251.000   881.000   317.000   86.000   41.629   173.291
252.000   792.000   310.000   74.000   41.691   173.302
253.000   878.000   349.000   89.000   41.753   173.312
254.000   851.000   324.000   88.000   41.815   173.323
255.000   853.000   327.000   84.000   41.877   173.333
256.000   833.000   343.000   84.000   41.939   173.344
257.000   861.000   307.000   92.000   42.001   173.355
258.000   869.000   295.000   80.000   42.063   173.365
259.000   860.000   325.000   75.000   42.125   173.376
260.000   866.000   320.000   89.000   42.187   173.387
261.000   838.000   323.000   89.000   42.249   173.397
262.000   777.000   324.000   86.000   42.311   173.408
263.000   820.000   318.000   103.000   42.373   173.419
264.000   819.000   330.000   87.000   42.435   173.430
265.000   873.000   327.000   86.000   42.497   173.441
266.000   866.000   330.000   75.000   42.559   173.452
267.000   873.000   329.000   64.000   42.621   173.463
268.000   835.000   312.000   88.000   42.683   173.474
269.000   994.000   307.000   71.000   42.745   173.485
270.000   865.000   332.000   78.000   42.807   173.496
271.000   840.000   318.000   73.000   42.869   173.507
272.000   871.000   347.000   89.000   42.931   173.518
273.000   875.000   323.000   94.000   42.993   173.529
274.000   921.000   345.000   82.000   43.055   173.540
275.000   912.000   353.000   90.000   43.117   173.551
276.000   918.000   314.000   84.000   43.179   173.562
277.000   931.000   346.000   78.000   43.241   173.574
278.000   888.000   349.000   71.000   43.303   173.585
279.000   865.000   346.000   87.000   43.365   173.596
280.000   920.000   323.000   77.000   43.427   173.607
281.000   932.000   327.000   80.000   43.488   173.619
282.000   900.000   346.000   78.000   43.550   173.630
283.000   950.000   359.000   78.000   43.612   173.642
284.000   940.000   337.000   68.000   43.674   173.653
285.000   969.000   340.000   84.000   43.736   173.665
286.000   918.000   330.000   80.000   43.798   173.676
287.000   915.000   342.000   82.000   43.860   173.688
288.000   917.000   339.000   83.000   43.922   173.699
289.000   961.000   347.000   77.000   43.984   173.711
290.000   914.000   356.000   93.000   44.046   173.723
291.000   932.000   342.000   76.000   44.108   173.734
292.000   999.000   314.000   72.000   44.170   173.746
293.000   918.000   386.000   88.000   44.232   173.758
294.000   948.000   355.000   69.000   44.294   173.770
295.000   967.000   316.000   76.000   44.355   173.781
296.000   956.000   304.000   87.000   44.417   173.793
297.000   979.000   334.000   86.000   44.479   173.805
298.000   944.000   363.000   80.000   44.541   173.817
299.000   953.000   313.000   69.000   44.603   173.829
300.000   940.000   302.000   83.000   44.665   173.841
301.000   1004.000   306.000   71.000   44.727   173.853
302.000   975.000   310.000   77.000   44.789   173.865
303.000   1030.000   312.000   83.000   44.851   173.877
304.000   982.000   356.000   87.000   44.913   173.889
305.000   948.000   334.000   95.000   44.974   173.901
306.000   1012.000   351.000   89.000   45.036   173.914
307.000   924.000   334.000   88.000   45.098   173.926
308.000   993.000   342.000   89.000   45.160   173.938
309.000   1000.000   314.000   86.000   45.222   173.950
310.000   949.000   316.000   96.000   45.284   173.963
311.000   940.000   347.000   95.000   45.346   173.975
312.000   1011.000   336.000   95.000   45.408   173.988
313.000   923.000   336.000   89.000   45.469   174.000
314.000   949.000   332.000   89.000   45.531   174.013
315.000   958.000   360.000   89.000   45.593   174.025
316.000   1004.000   356.000   79.000   45.655   174.038
317.000   881.000   325.000   104.000   45.717   174.050
318.000   889.000   345.000   86.000   45.779   174.063
319.000   949.000   342.000   104.000   45.840   174.076
320.000   913.000   334.000   82.000   45.902   174.088
321.000   924.000   365.000   93.000   45.964   174.101
322.000   850.000   333.000   96.000   46.026   174.114
323.000   928.000   389.000   92.000   46.088   174.127
324.000   857.000   323.000   74.000   46.150   174.139
325.000   837.000   369.000   79.000   46.211   174.152
326.000   836.000   343.000   83.000   46.273   174.165
327.000   817.000   366.000   96.000   46.335   174.178
328.000   837.000   346.000   87.000   46.397   174.191
329.000   832.000   342.000   84.000   46.459   174.204
330.000   911.000   352.000   76.000   46.521   174.217
331.000   849.000   365.000   88.000   46.582   174.231
332.000   815.000   347.000   85.000   46.644   174.244
333.000   860.000   356.000   96.000   46.706   174.257
334.000   838.000   339.000   80.000   46.768   174.270
335.000   843.000   357.000   84.000   46.829   174.283
336.000   846.000   350.000   92.000   46.891   174.297
337.000   804.000   372.000   83.000   46.953   174.310
338.000   898.000   336.000   92.000   47.015   174.324
339.000   841.000   349.000   82.000   47.077   174.337
340.000   893.000   372.000   80.000   47.138   174.351
341.000   895.000   351.000   103.000   47.200   174.364
342.000   835.000   340.000   83.000   47.262   174.378
343.000   858.000   339.000   88.000   47.324   174.391
344.000   848.000   354.000   102.000   47.385   174.405
345.000   830.000   310.000   111.000   47.447   174.419
346.000   871.000   351.000   97.000   47.509   174.432
347.000   863.000   329.000   81.000   47.571   174.446
348.000   831.000   353.000   92.000   47.632   174.460
349.000   857.000   364.000   93.000   47.694   174.474
350.000   901.000   353.000   92.000   47.756   174.488
351.000   868.000   345.000   87.000   47.818   174.502
352.000   841.000   314.000   94.000   47.879   174.516
353.000   826.000   376.000   95.000   47.941   174.530
354.000   847.000   373.000   87.000   48.003   174.544
355.000   825.000   359.000   99.000   48.065   174.558
356.000   858.000   345.000   107.000   48.126   174.572
357.000   865.000   356.000   99.000   48.188   174.586
358.000   886.000   340.000   108.000   48.250   174.601
359.000   865.000   364.000   73.000   48.311   174.615
360.000   859.000   323.000   102.000   48.373   174.629
361.000   805.000   361.000   103.000   48.435   174.644
362.000   914.000   385.000   86.000   48.497   174.658
363.000   881.000   376.000   91.000   48.558   174.672
364.000   855.000   395.000   86.000   48.620   174.687
365.000   805.000   345.000   93.000   48.682   174.702
366.000   856.000   326.000   108.000   48.743   174.716
367.000   845.000   376.000   109.000   48.805   174.731
368.000   874.000   425.000   84.000   48.867   174.746
369.000   859.000   409.000   120.000   48.928   174.760
370.000   913.000   340.000   102.000   48.990   174.775
371.000   884.000   357.000   102.000   49.052   174.790
372.000   827.000   356.000   108.000   49.113   174.805
373.000   913.000   371.000   100.000   49.175   174.820
374.000   897.000   373.000   94.000   49.237   174.835
375.000   898.000   356.000   105.000   49.298   174.850
376.000   873.000   359.000   111.000   49.360   174.865
377.000   870.000   353.000   93.000   49.422   174.880
378.000   884.000   399.000   92.000   49.483   174.895
379.000   859.000   337.000   105.000   49.545   174.911
380.000   890.000   367.000   95.000   49.606   174.926
381.000   863.000   350.000   93.000   49.668   174.941
382.000   878.000   391.000   101.000   49.730   174.956
383.000   914.000   382.000   99.000   49.791   174.972
384.000   864.000   387.000   102.000   49.853   174.987
385.000   847.000   379.000   106.000   49.915   175.003
386.000   884.000   383.000   78.000   49.976   175.019
387.000   846.000   394.000   110.000   50.038   175.034
388.000   916.000   369.000   95.000   50.099   175.050
389.000   856.000   409.000   88.000   50.161   175.066
390.000   848.000   394.000   113.000   50.222   175.081
391.000   875.000   374.000   119.000   50.284   175.097
392.000   892.000   361.000   103.000   50.346   175.113
393.000   924.000   367.000   93.000   50.407   175.129
394.000   871.000   361.000   105.000   50.469   175.145
395.000   891.000   382.000   100.000   50.530   175.161
396.000   860.000   371.000   99.000   50.592   175.177
397.000   860.000   395.000   109.000   50.653   175.193
398.000   933.000   364.000   117.000   50.715   175.209
399.000   889.000   400.000   118.000   50.777   175.226
400.000   896.000   413.000   94.000   50.838   175.242
401.000   919.000   381.000   99.000   50.900   175.258
402.000   907.000   405.000   81.000   50.961   175.275
403.000   871.000   388.000   81.000   51.023   175.291
404.000   907.000   365.000   86.000   51.084   175.308
405.000   833.000   382.000   104.000   51.146   175.324
406.000   822.000   384.000   99.000   51.207   175.341
407.000   890.000   398.000   115.000   51.269   175.358
408.000   875.000   378.000   123.000   51.330   175.374
409.000   854.000   403.000   114.000   51.392   175.391
410.000   947.000   389.000   90.000   51.453   175.408
411.000   886.000   412.000   108.000   51.515   175.425
412.000   910.000   405.000   109.000   51.576   175.442
413.000   839.000   403.000   98.000   51.638   175.459
414.000   880.000   374.000   103.000   51.699   175.476
415.000   854.000   381.000   101.000   51.761   175.493
416.000   884.000   391.000   100.000   51.822   175.510
417.000   859.000   410.000   90.000   51.884   175.528
418.000   924.000   394.000   99.000   51.945   175.545
419.000   861.000   372.000   99.000   52.007   175.562
420.000   877.000   375.000   99.000   52.068   175.580
421.000   931.000   391.000   113.000   52.130   175.597
422.000   958.000   406.000   104.000   52.191   175.615
423.000   854.000   383.000   105.000   52.253   175.633
424.000   926.000   393.000   113.000   52.314   175.650
425.000   897.000   383.000   109.000   52.375   175.668
426.000   926.000   424.000   120.000   52.437   175.686
427.000   901.000   379.000   111.000   52.498   175.704
428.000   863.000   371.000   102.000   52.560   175.722
429.000   873.000   413.000   99.000   52.621   175.740
430.000   847.000   386.000   95.000   52.683   175.758
431.000   818.000   424.000   106.000   52.744   175.776
432.000   865.000   395.000   114.000   52.805   175.794
433.000   870.000   378.000   81.000   52.867   175.812
434.000   923.000   393.000   127.000   52.928   175.830
435.000   901.000   421.000   109.000   52.990   175.849
436.000   849.000   369.000   107.000   53.051   175.867
437.000   832.000   444.000   103.000   53.112   175.886
438.000   862.000   398.000   104.000   53.174   175.904
439.000   918.000   434.000   114.000   53.235   175.923
440.000   921.000   382.000   119.000   53.296   175.942
441.000   913.000   387.000   109.000   53.358   175.960
442.000   917.000   407.000   126.000   53.419   175.979
443.000   900.000   392.000   109.000   53.480   175.998
444.000   873.000   422.000   115.000   53.542   176.017
445.000   917.000   432.000   115.000   53.603   176.036
446.000   934.000   384.000   123.000   53.664   176.055
447.000   889.000   429.000   125.000   53.726   176.074
448.000   911.000   437.000   107.000   53.787   176.093
449.000   874.000   413.000   123.000   53.848   176.113
450.000   877.000   400.000   129.000   53.910   176.132
451.000   879.000   366.000   133.000   53.971   176.151
452.000   907.000   406.000   105.000   54.032   176.171
453.000   904.000   400.000   109.000   54.094   176.191
454.000   873.000   378.000   107.000   54.155   176.210
455.000   861.000   394.000   115.000   54.216   176.230
456.000   887.000   411.000   106.000   54.278   176.250
457.000   867.000   431.000   109.000   54.339   176.269
458.000   921.000   418.000   108.000   54.400   176.289
459.000   854.000   426.000   117.000   54.461   176.309
460.000   897.000   436.000   109.000   54.523   176.329
461.000   883.000   370.000   127.000   54.584   176.350
462.000   919.000   433.000   101.000   54.645   176.370
463.000   917.000   406.000   114.000   54.706   176.390
464.000   931.000   409.000   98.000   54.768   176.410
465.000   932.000   402.000   121.000   54.829   176.431
466.000   878.000   417.000   99.000   54.890   176.451
467.000   905.000   454.000   130.000   54.951   176.472
468.000   909.000   442.000   106.000   55.012   176.493
469.000   878.000   441.000   101.000   55.074   176.513
470.000   859.000   416.000   132.000   55.135   176.534
471.000   881.000   427.000   111.000   55.196   176.555
472.000   879.000   407.000   131.000   55.257   176.576
473.000   949.000   409.000   109.000   55.318   176.597
474.000   950.000   410.000   107.000   55.380   176.618
475.000   891.000   462.000   106.000   55.441   176.639
476.000   970.000   422.000   118.000   55.502   176.661
477.000   922.000   452.000   112.000   55.563   176.682
478.000   935.000   404.000   120.000   55.624   176.703
479.000   925.000   420.000   114.000   55.685   176.725
480.000   898.000   424.000   119.000   55.747   176.746
481.000   809.000   420.000   124.000   55.808   176.768
482.000   879.000   445.000   134.000   55.869   176.790
483.000   896.000   461.000   124.000   55.930   176.812
484.000   945.000   388.000   129.000   55.991   176.834
485.000   928.000   421.000   122.000   56.052   176.856
486.000   915.000   407.000   97.000   56.113   176.878
487.000   902.000   425.000   129.000   56.174   176.900
488.000   889.000   463.000   125.000   56.236   176.922
489.000   977.000   439.000   106.000   56.297   176.944
490.000   975.000   458.000   127.000   56.358   176.967
491.000   945.000   448.000   135.000   56.419   176.989
492.000   917.000   448.000   113.000   56.480   177.012
493.000   928.000   401.000   115.000   56.541   177.035
494.000   951.000   439.000   126.000   56.602   177.057
495.000   950.000   439.000   146.000   56.663   177.080
496.000   963.000   439.000   110.000   56.724   177.103
497.000   940.000   452.000   131.000   56.785   177.126
498.000   942.000   418.000   121.000   56.846   177.149
499.000   933.000   424.000   116.000   56.907   177.172
500.000   923.000   432.000   130.000   56.968   177.196
501.000   970.000   468.000   127.000   57.029   177.219
502.000   1006.000   410.000   132.000   57.090   177.243
503.000   991.000   408.000   117.000   57.151   177.266
504.000   1006.000   475.000   104.000   57.212   177.290
505.000   986.000   484.000   114.000   57.273   177.313
506.000   978.000   405.000   115.000   57.334   177.337
507.000   911.000   465.000   138.000   57.395   177.361
508.000   963.000   426.000   143.000   57.456   177.385
509.000   942.000   429.000   109.000   57.517   177.409
510.000   954.000   462.000   124.000   57.578   177.434
511.000   987.000   440.000   158.000   57.639   177.458
512.000   1033.000   454.000   135.000   57.700   177.482
513.000   902.000   394.000   121.000   57.761   177.507
514.000   955.000   436.000   135.000   57.822   177.531
515.000   961.000   468.000   139.000   57.883   177.556
516.000   972.000   446.000   116.000   57.944   177.581
517.000   935.000   443.000   128.000   58.005   177.606
518.000   982.000   477.000   130.000   58.065   177.631
519.000   955.000   430.000   131.000   58.126   177.656
520.000   1001.000   491.000   131.000   58.187   177.681
521.000   950.000   435.000   112.000   58.248   177.706
522.000   924.000   458.000   117.000   58.309   177.732
523.000   938.000   465.000   129.000   58.370   177.757
524.000   982.000   451.000   154.000   58.431   177.783
525.000   1003.000   476.000   108.000   58.491   177.808
526.000   983.000   450.000   119.000   58.552   177.834
527.000   992.000   514.000   141.000   58.613   177.860
528.000   1000.000   480.000   135.000   58.674   177.886
529.000   965.000   432.000   140.000   58.735   177.912
530.000   1020.000   492.000   134.000   58.796   177.938
531.000   947.000   494.000   106.000   58.856   177.965
532.000   939.000   460.000   156.000   58.917   177.991
533.000   1008.000   479.000   120.000   58.978   178.018
534.000   956.000   466.000   141.000   59.039   178.044
535.000   973.000   487.000   122.000   59.099   178.071
536.000   917.000   453.000   139.000   59.160   178.098
537.000   1018.000   465.000   117.000   59.221   178.125
538.000   941.000   455.000   145.000   59.282   178.152
539.000   944.000   448.000   143.000   59.342   178.179
540.000   967.000   496.000   145.000   59.403   178.207
541.000   1004.000   512.000   136.000   59.464   178.234
542.000   881.000   473.000   128.000   59.525   178.261
543.000   966.000   445.000   137.000   59.585   178.289
544.000   920.000   453.000   129.000   59.646   178.317
545.000   935.000   478.000   151.000   59.707   178.345
546.000   999.000   501.000   132.000   59.767   178.373
547.000   995.000   460.000   144.000   59.828   178.401
548.000   949.000   483.000   126.000   59.889   178.429
549.000   902.000   484.000   149.000   59.949   178.457
550.000   1037.000   464.000   158.000   60.010   178.486
551.000   943.000   486.000   128.000   60.071   178.514
552.000   1010.000   469.000   156.000   60.131   178.543
553.000   964.000   464.000   106.000   60.192   178.572
554.000   971.000   509.000   138.000   60.252   178.601
555.000   1047.000   454.000   132.000   60.313   178.630
556.000   949.000   506.000   147.000   60.374   178.659
557.000   998.000   492.000   155.000   60.434   178.689
558.000   910.000   496.000   140.000   60.495   178.718
559.000   937.000   464.000   123.000   60.555   178.748
560.000   913.000   490.000   164.000   60.616   178.777
561.000   935.000   488.000   113.000   60.676   178.807
562.000   949.000   523.000   126.000   60.737   178.837
563.000   908.000   508.000   147.000   60.797   178.867
564.000   918.000   479.000   141.000   60.858   178.897
565.000   947.000   489.000   131.000   60.919   178.928
566.000   1025.000   514.000   141.000   60.979   178.958
567.000   969.000   520.000   146.000   61.040   178.989
568.000   951.000   486.000   142.000   61.100   179.019
569.000   948.000   492.000   145.000   61.160   179.050
570.000   986.000   465.000   158.000   61.221   179.081
571.000   984.000   572.000   176.000   61.281   179.112
572.000   1007.000   489.000   175.000   61.342   179.144
573.000   979.000   536.000   162.000   61.402   179.175
574.000   979.000   561.000   185.000   61.463   179.207
575.000   1004.000   568.000   188.000   61.523   179.238
576.000   982.000   553.000   193.000   61.583   179.270
577.000   997.000   590.000   189.000   61.644   179.302
578.000   1034.000   608.000   194.000   61.704   179.334
579.000   1004.000   597.000   189.000   61.765   179.367
580.000   1060.000   666.000   196.000   61.825   179.399
581.000   1093.000   688.000   245.000   61.885   179.431
582.000   1050.000   763.000   271.000   61.946   179.464
583.000   1054.000   762.000   313.000   62.006   179.497
584.000   1054.000   790.000   279.000   62.066   179.530
585.000   1145.000   821.000   312.000   62.127   179.563
586.000   1164.000   896.000   311.000   62.187   179.596
587.000   1184.000   937.000   343.000   62.247   179.630
588.000   1194.000   1002.000   417.000   62.307   179.663
589.000   1241.000   1010.000   426.000   62.368   179.697
590.000   1286.000   1102.000   428.000   62.428   179.731
591.000   1331.000   1240.000   506.000   62.488   179.765
592.000   1394.000   1247.000   499.000   62.548   179.799
593.000   1369.000   1328.000   574.000   62.609   179.833
594.000   1384.000   1422.000   552.000   62.669   179.868
595.000   1459.000   1497.000   623.000   62.729   179.903
596.000   1536.000   1650.000   676.000   62.789   179.937
597.000   1614.000   1715.000   795.000   62.849   179.972
598.000   1752.000   1844.000   721.000   62.910   -179.993
599.000   1832.000   1851.000   899.000   62.970   -179.957
600.000   1900.000   1990.000   937.000   63.030   -179.922
601.000   1792.000   2194.000   947.000   63.090   -179.886
602.000   1983.000   2223.000   1087.000   63.150   -179.850
603.000   2027.000   2308.000   1077.000   63.210   -179.814
604.000   2114.000   2564.000   1123.000   63.270   -179.778
605.000   2225.000   2691.000   1150.000   63.330   -179.742
606.000   2238.000   2852.000   1268.000   63.390   -179.706
607.000   2451.000   2969.000   1359.000   63.451   -179.669
608.000   2514.000   3137.000   1431.000   63.511   -179.632
609.000   2604.000   3277.000   1436.000   63.571   -179.595
610.000   2699.000   3572.000   1565.000   63.631   -179.558
611.000   2746.000   3627.000   1669.000   63.691   -179.521
612.000   2859.000   3822.000   1675.000   63.751   -179.483
613.000   3001.000   3966.000   1798.000   63.811   -179.446
614.000   3271.000   4129.000   1780.000   63.871   -179.408
615.000   3271.000   4255.000   1845.000   63.931   -179.370
616.000   3473.000   4427.000   1963.000   63.991   -179.332
617.000   3418.000   4445.000   1952.000   64.050   -179.293
618.000   3672.000   4581.000   1971.000   64.110   -179.255
619.000   3837.000   4883.000   2087.000   64.170   -179.216
620.000   3853.000   5067.000   2040.000   64.230   -179.177
621.000   4128.000   5198.000   2176.000   64.290   -179.138
622.000   4168.000   5298.000   2258.000   64.350   -179.099
623.000   4364.000   5450.000   2372.000   64.410   -179.059
624.000   4500.000   5625.000   2385.000   64.470   -179.019
625.000   4722.000   5855.000   2316.000   64.529   -178.980
626.000   4825.000   6053.000   2449.000   64.589   -178.939
627.000   5134.000   6262.000   2520.000   64.649   -178.899
628.000   5296.000   6558.000   2604.000   64.709   -178.859
629.000   5745.000   6662.000   2495.000   64.769   -178.818
630.000   5885.000   6828.000   2671.000   64.828   -178.777
631.000   6232.000   6986.000   2729.000   64.888   -178.736
632.000   6441.000   7356.000   2777.000   64.948   -178.695
633.000   6879.000   7610.000   2745.000   65.008   -178.653
634.000   7137.000   7938.000   2784.000   65.067   -178.612
635.000   7533.000   8298.000   2829.000   65.127   -178.570
636.000   7853.000   8412.000   2858.000   65.187   -178.528
637.000   8058.000   8794.000   2924.000   65.246   -178.485
638.000   8565.000   9276.000   2987.000   65.306   -178.443
639.000   8847.000   9396.000   2933.000   65.365   -178.400
640.000   9302.000   9883.000   2916.000   65.425   -178.357
641.000   9735.000   10139.000   3067.000   65.485   -178.314
642.000   10289.000   10469.000   3116.000   65.544   -178.271
643.000   10606.000   10739.000   3172.000   65.604   -178.227
644.000   11283.000   11313.000   3104.000   65.663   -178.184
645.000   11639.000   11588.000   3183.000   65.723   -178.139
646.000   11996.000   11815.000   3325.000   65.782   -178.095
647.000   12522.000   12326.000   3273.000   65.842   -178.051
648.000   12921.000   12881.000   3230.000   65.901   -178.006
649.000   13361.000   12970.000   3313.000   65.961   -177.961
650.000   13597.000   13445.000   3320.000   66.020   -177.916
651.000   14230.000   13670.000   3319.000   66.080   -177.871
652.000   14788.000   14068.000   3353.000   66.139   -177.825
653.000   15106.000   14182.000   3314.000   66.199   -177.779
654.000   15623.000   14594.000   3452.000   66.258   -177.733
655.000   15736.000   14994.000   3365.000   66.317   -177.687
656.000   16118.000   15239.000   3432.000   66.377   -177.640
657.000   16392.000   15588.000   3442.000   66.436   -177.594
658.000   16924.000   15842.000   3475.000   66.495   -177.547
659.000   17166.000   16329.000   3430.000   66.555   -177.499
660.000   17574.000   16595.000   3414.000   66.614   -177.452
661.000   17930.000   16656.000   3512.000   66.673   -177.404
662.000   18113.000   16949.000   3466.000   66.732   -177.356
663.000   18463.000   17212.000   3320.000   66.792   -177.308
664.000   18676.000   17272.000   3585.000   66.851   -177.259
665.000   18816.000   17648.000   3515.000   66.910   -177.210
666.000   19251.000   17759.000   3435.000   66.969   -177.161
667.000   19671.000   17695.000   3451.000   67.028   -177.112
668.000   19674.000   18114.000   3536.000   67.088   -177.063
669.000   20180.000   17933.000   3483.000   67.147   -177.013
670.000   20063.000   18214.000   3429.000   67.206   -176.963
671.000   20174.000   18405.000   3344.000   67.265   -176.912
672.000   20491.000   18224.000   3294.000   67.324   -176.862
673.000   20510.000   18415.000   3330.000   67.383   -176.811
674.000   20960.000   18256.000   3245.000   67.442   -176.760
675.000   21205.000   18174.000   3158.000   67.501   -176.708
676.000   21379.000   18101.000   3131.000   67.560   -176.657
677.000   21378.000   18188.000   3055.000   67.619   -176.605
678.000   21523.000   17908.000   3085.000   67.678   -176.552
679.000   21801.000   17861.000   2993.000   67.737   -176.500
680.000   21677.000   17499.000   2983.000   67.796   -176.447
681.000   21392.000   17749.000   2989.000   67.855   -176.394
682.000   21387.000   17526.000   2857.000   67.914   -176.340
683.000   21021.000   17367.000   2907.000   67.972   -176.287
684.000   20909.000   17055.000   2789.000   68.031   -176.233
685.000   20903.000   16826.000   2754.000   68.090   -176.178
686.000   20967.000   16752.000   2618.000   68.149   -176.124
687.000   20907.000   16523.000   2631.000   68.208   -176.069
688.000   20762.000   16598.000   2577.000   68.266   -176.014
689.000   20776.000   16460.000   2543.000   68.325   -175.958
690.000   20551.000   16136.000   2531.000   68.384   -175.902
691.000   20463.000   15819.000   2561.000   68.442   -175.846
692.000   20077.000   15628.000   2433.000   68.501   -175.790
693.000   20218.000   15346.000   2482.000   68.560   -175.733
694.000   20144.000   15170.000   2275.000   68.618   -175.676
695.000   19832.000   14665.000   2191.000   68.677   -175.619
696.000   19604.000   14375.000   2304.000   68.735   -175.561
697.000   19379.000   14099.000   2148.000   68.794   -175.503
698.000   19257.000   14109.000   2055.000   68.852   -175.444
699.000   19310.000   13771.000   2006.000   68.911   -175.386
700.000   19227.000   13395.000   2117.000   68.969   -175.327
701.000   19234.000   13028.000   1892.000   69.028   -175.267
702.000   18902.000   12741.000   1812.000   69.086   -175.208
703.000   18721.000   12217.000   1749.000   69.145   -175.148
704.000   18186.000   11893.000   1698.000   69.203   -175.087
705.000   17778.000   11848.000   1718.000   69.261   -175.026
706.000   17584.000   11374.000   1674.000   69.320   -174.965
707.000   17164.000   10895.000   1620.000   69.378   -174.904
708.000   16896.000   10406.000   1566.000   69.436   -174.842
709.000   16375.000   10232.000   1458.000   69.494   -174.780
710.000   15901.000   9666.000   1415.000   69.553   -174.718
711.000   15601.000   9406.000   1346.000   69.611   -174.655
712.000   15235.000   9254.000   1297.000   69.669   -174.591
713.000   14772.000   8659.000   1299.000   69.727   -174.528
714.000   14225.000   8569.000   1229.000   69.785   -174.464
715.000   14085.000   8306.000   1125.000   69.843   -174.399
716.000   13640.000   7973.000   1189.000   69.901   -174.335
717.000   12935.000   7735.000   1120.000   69.959   -174.270
718.000   12716.000   7361.000   1077.000   70.017   -174.204
719.000   12489.000   7460.000   1144.000   70.075   -174.138
720.000   12155.000   7162.000   1156.000   70.133   -174.072
721.000   11707.000   6820.000   1139.000   70.191   -174.005
722.000   11204.000   6500.000   1121.000   70.249   -173.938
723.000   10885.000   6270.000   1013.000   70.307   -173.871
724.000   10516.000   5875.000   915.000   70.365   -173.803
725.000   9919.000   5599.000   836.000   70.423   -173.734
726.000   9647.000   5323.000   913.000   70.481   -173.666
727.000   9153.000   5152.000   886.000   70.538   -173.597
728.000   8801.000   4999.000   902.000   70.596   -173.527
729.000   8391.000   4590.000   780.000   70.654   -173.457
730.000   8215.000   4406.000   806.000   70.711   -173.387
731.000   7709.000   4401.000   779.000   70.769   -173.316
732.000   7454.000   4089.000   763.000   70.827   -173.245
733.000   7064.000   4030.000   675.000   70.884   -173.173
734.000   6658.000   3618.000   676.000   70.942   -173.101
735.000   6372.000   3517.000   622.000   70.999   -173.028
736.000   6218.000   3401.000   583.000   71.057   -172.955
737.000   5934.000   3334.000   560.000   71.114   -172.882
738.000   5578.000   3022.000   603.000   71.171   -172.808
739.000   5452.000   2998.000   533.000   71.229   -172.733
740.000   5032.000   2801.000   462.000   71.286   -172.658
741.000   4957.000   2813.000   529.000   71.343   -172.583
742.000   5055.000   2937.000   615.000   71.401   -172.507
743.000   4738.000   2831.000   571.000   71.458   -172.431
744.000   4680.000   2788.000   574.000   71.515   -172.354
745.000   4259.000   2451.000   540.000   71.572   -172.277
746.000   4227.000   2403.000   496.000   71.629   -172.199
747.000   3994.000   2439.000   486.000   71.686   -172.121
748.000   3747.000   2197.000   467.000   71.744   -172.042
749.000   3652.000   2019.000   417.000   71.801   -171.963
750.000   3458.000   2040.000   468.000   71.858   -171.884
751.000   3211.000   1753.000   348.000   71.914   -171.803
752.000   3039.000   1613.000   350.000   71.971   -171.723
753.000   2942.000   1386.000   250.000   72.028   -171.641
754.000   2751.000   1337.000   269.000   72.085   -171.559
755.000   2727.000   1241.000   287.000   72.142   -171.477
756.000   2557.000   1259.000   234.000   72.199   -171.394
757.000   2509.000   1189.000   255.000   72.255   -171.311
758.000   2377.000   1123.000   193.000   72.312   -171.227
759.000   2314.000   1035.000   255.000   72.369   -171.143
760.000   2249.000   1054.000   209.000   72.425   -171.057
761.000   2137.000   927.000   208.000   72.482   -170.972
762.000   2061.000   942.000   222.000   72.538   -170.886
763.000   2023.000   910.000   179.000   72.595   -170.799
764.000   1959.000   856.000   199.000   72.651   -170.712
765.000   1931.000   818.000   177.000   72.708   -170.624
766.000   1834.000   776.000   186.000   72.764   -170.535
767.000   1742.000   717.000   176.000   72.820   -170.446
768.000   1685.000   702.000   163.000   72.877   -170.357
769.000   1675.000   673.000   173.000   72.933   -170.266
770.000   1688.000   614.000   159.000   72.989   -170.176
771.000   1592.000   649.000   155.000   73.045   -170.084
772.000   1653.000   693.000   148.000   73.101   -169.992
773.000   1589.000   689.000   148.000   73.157   -169.899
774.000   1577.000   591.000   151.000   73.213   -169.806
775.000   1625.000   605.000   159.000   73.269   -169.712
776.000   1563.000   627.000   138.000   73.325   -169.618
777.000   1477.000   603.000   152.000   73.381   -169.522
778.000   1331.000   582.000   171.000   73.437   -169.426
779.000   1261.000   595.000   154.000   73.492   -169.330
780.000   1280.000   596.000   156.000   73.548   -169.233
781.000   1319.000   571.000   141.000   73.604   -169.135
782.000   1265.000   525.000   140.000   73.659   -169.036
783.000   1274.000   503.000   156.000   73.715   -168.937
784.000   1253.000   568.000   158.000   73.770   -168.837
785.000   1156.000   557.000   144.000   73.826   -168.737
786.000   1249.000   517.000   156.000   73.881   -168.635
787.000   1153.000   543.000   176.000   73.937   -168.533
788.000   1178.000   547.000   137.000   73.992   -168.431
789.000   1099.000   516.000   140.000   74.047   -168.327
790.000   1116.000   588.000   149.000   74.102   -168.223
791.000   1102.000   580.000   139.000   74.158   -168.118
792.000   1079.000   531.000   154.000   74.213   -168.012
793.000   1072.000   563.000   153.000   74.268   -167.906
794.000   1119.000   549.000   127.000   74.323   -167.799
795.000   1111.000   559.000   135.000   74.377   -167.691
796.000   1093.000   538.000   127.000   74.432   -167.582
797.000   1119.000   526.000   142.000   74.487   -167.473
798.000   1064.000   528.000   129.000   74.542   -167.362
799.000   1075.000   523.000   129.000   74.597   -167.251
800.000   1088.000   545.000   155.000   74.651   -167.140
801.000   1077.000   573.000   144.000   74.706   -167.027
802.000   1063.000   550.000   135.000   74.760   -166.913
803.000   1024.000   529.000   166.000   74.815   -166.799
804.000   1001.000   531.000   128.000   74.869   -166.684
805.000   1056.000   515.000   141.000   74.923   -166.568
806.000   1037.000   558.000   146.000   74.978   -166.451
807.000   1053.000   506.000   166.000   75.032   -166.334
808.000   1048.000   542.000   163.000   75.086   -166.215
809.000   1029.000   581.000   161.000   75.140   -166.096
810.000   1004.000   494.000   158.000   75.194   -165.975
811.000   1064.000   569.000   153.000   75.248   -165.854
812.000   1031.000   531.000   166.000   75.302   -165.732
813.000   1042.000   600.000   155.000   75.355   -165.609
814.000   1052.000   504.000   154.000   75.409   -165.485
815.000   1029.000   540.000   151.000   75.463   -165.360
816.000   980.000   524.000   149.000   75.516   -165.235
817.000   1024.000   552.000   149.000   75.570   -165.108
818.000   994.000   585.000   142.000   75.623   -164.980
819.000   975.000   509.000   162.000   75.677   -164.852
820.000   1001.000   518.000   121.000   75.730   -164.722
821.000   1058.000   526.000   156.000   75.783   -164.592
822.000   993.000   547.000   157.000   75.836   -164.460
823.000   999.000   498.000   141.000   75.889   -164.327
824.000   1004.000   568.000   154.000   75.942   -164.194
825.000   1006.000   540.000   147.000   75.995   -164.059
826.000   1024.000   571.000   150.000   76.048   -163.924
827.000   1010.000   541.000   167.000   76.100   -163.787
828.000   998.000   514.000   149.000   76.153   -163.649
829.000   965.000   538.000   166.000   76.206   -163.511
830.000   987.000   531.000   160.000   76.258   -163.371
831.000   1054.000   536.000   155.000   76.311   -163.230
832.000   971.000   555.000   150.000   76.363   -163.088
833.000   980.000   549.000   162.000   76.415   -162.945
834.000   1016.000   518.000   155.000   76.467   -162.801
835.000   1022.000   515.000   146.000   76.519   -162.655
836.000   995.000   559.000   154.000   76.571   -162.509
837.000   986.000   519.000   151.000   76.623   -162.361
838.000   1011.000   529.000   164.000   76.675   -162.212
839.000   972.000   516.000   138.000   76.727   -162.062
840.000   958.000   536.000   146.000   76.778   -161.911
841.000   909.000   551.000   164.000   76.830   -161.759
842.000   987.000   537.000   154.000   76.881   -161.605
843.000   983.000   532.000   143.000   76.932   -161.451
844.000   949.000   511.000   157.000   76.983   -161.295
845.000   944.000   525.000   171.000   77.035   -161.138
846.000   995.000   524.000   153.000   77.086   -160.979
847.000   1037.000   539.000   157.000   77.136   -160.819
848.000   925.000   537.000   152.000   77.187   -160.658
849.000   973.000   569.000   130.000   77.238   -160.496
850.000   1007.000   542.000   143.000   77.289   -160.332
851.000   1035.000   511.000   128.000   77.339   -160.168
852.000   1064.000   536.000   160.000   77.389   -160.001
853.000   994.000   576.000   165.000   77.440   -159.834
854.000   977.000   557.000   144.000   77.490   -159.665
855.000   911.000   542.000   142.000   77.540   -159.494
856.000   981.000   518.000   142.000   77.590   -159.323
857.000   990.000   552.000   159.000   77.640   -159.150
858.000   1023.000   504.000   150.000   77.689   -158.975
859.000   965.000   545.000   150.000   77.739   -158.799
860.000   995.000   549.000   151.000   77.788   -158.622
861.000   1005.000   521.000   146.000   77.838   -158.443
862.000   1003.000   583.000   154.000   77.887   -158.263
863.000   1009.000   556.000   133.000   77.936   -158.081
864.000   960.000   510.000   139.000   77.985   -157.898
865.000   937.000   542.000   153.000   78.034   -157.713
866.000   942.000   527.000   132.000   78.083   -157.527
867.000   946.000   534.000   135.000   78.131   -157.339
868.000   946.000   532.000   149.000   78.180   -157.149
869.000   1039.000   521.000   169.000   78.228   -156.958
870.000   989.000   552.000   156.000   78.276   -156.766
871.000   1003.000   558.000   161.000   78.324   -156.572
872.000   975.000   561.000   144.000   78.372   -156.376
873.000   972.000   570.000   138.000   78.420   -156.179
874.000   966.000   521.000   148.000   78.467   -155.980
875.000   1001.000   550.000   133.000   78.515   -155.779
876.000   950.000   570.000   143.000   78.562   -155.577
877.000   988.000   538.000   132.000   78.610   -155.373
878.000   989.000   527.000   149.000   78.657   -155.167
879.000   964.000   535.000   148.000   78.703   -154.959
880.000   1024.000   523.000   143.000   78.750   -154.750
881.000   974.000   533.000   144.000   78.797   -154.539
882.000   1028.000   533.000   148.000   78.843   -154.326
883.000   929.000   555.000   141.000   78.890   -154.112
884.000   1010.000   522.000   128.000   78.936   -153.896
885.000   992.000   528.000   146.000   78.982   -153.677
886.000   925.000   565.000   151.000   79.027   -153.457
887.000   959.000   527.000   150.000   79.073   -153.236
888.000   987.000   496.000   141.000   79.119   -153.012
889.000   962.000   543.000   146.000   79.164   -152.786
890.000   1052.000   542.000   149.000   79.209   -152.559
891.000   979.000   522.000   137.000   79.254   -152.329
892.000   974.000   528.000   163.000   79.299   -152.098
893.000   977.000   559.000   133.000   79.343   -151.865
894.000   989.000   509.000   138.000   79.388   -151.629
895.000   944.000   542.000   139.000   79.432   -151.392
896.000   1019.000   484.000   173.000   79.476   -151.153
897.000   960.000   562.000   141.000   79.520   -150.912
898.000   994.000   538.000   137.000   79.564   -150.668
899.000   978.000   521.000   140.000   79.607   -150.423
900.000   1002.000   550.000   146.000   79.650   -150.176
901.000   961.000   575.000   164.000   79.694   -149.926
902.000   937.000   538.000   161.000   79.736   -149.674
903.000   992.000   521.000   157.000   79.779   -149.421
904.000   1020.000   515.000   138.000   79.822   -149.165
905.000   989.000   544.000   150.000   79.864   -148.907
906.000   963.000   519.000   163.000   79.906   -148.647
907.000   935.000   514.000   148.000   79.948   -148.384
908.000   972.000   548.000   147.000   79.989   -148.120
909.000   1061.000   507.000   135.000   80.031   -147.853
910.000   978.000   536.000   125.000   80.072   -147.584
911.000   975.000   522.000   143.000   80.113   -147.313
912.000   945.000   504.000   179.000   80.154   -147.039
913.000   944.000   549.000   150.000   80.194   -146.763
914.000   1011.000   551.000   152.000   80.235   -146.485
915.000   1007.000   540.000   135.000   80.275   -146.205
916.000   968.000   567.000   123.000   80.315   -145.922
917.000   954.000   540.000   153.000   80.354   -145.637
918.000   948.000   554.000   142.000   80.393   -145.350
919.000   981.000   521.000   127.000   80.433   -145.060
920.000   964.000   527.000   158.000   80.471   -144.768
921.000   912.000   550.000   141.000   80.510   -144.473
922.000   936.000   506.000   132.000   80.548   -144.176
923.000   952.000   523.000   134.000   80.586   -143.877
924.000   975.000   562.000   134.000   80.624   -143.575
925.000   1008.000   522.000   144.000   80.662   -143.271
926.000   978.000   521.000   137.000   80.699   -142.964
927.000   995.000   545.000   142.000   80.736   -142.655
928.000   976.000   552.000   166.000   80.773   -142.343
929.000   920.000   550.000   148.000   80.809   -142.029
930.000   958.000   534.000   147.000   80.845   -141.712
931.000   935.000   541.000   159.000   80.881   -141.393
932.000   931.000   573.000   130.000   80.917   -141.071
933.000   934.000   545.000   163.000   80.952   -140.747
934.000   981.000   547.000   139.000   80.987   -140.420
935.000   945.000   544.000   151.000   81.022   -140.091
936.000   969.000   516.000   141.000   81.056   -139.759
937.000   960.000   552.000   145.000   81.091   -139.424
938.000   939.000   524.000   132.000   81.124   -139.087
939.000   951.000   547.000   147.000   81.158   -138.748
940.000   966.000   550.000   137.000   81.191   -138.406
941.000   904.000   532.000   148.000   81.224   -138.061
942.000   983.000   549.000   147.000   81.256   -137.713
943.000   902.000   541.000   125.000   81.289   -137.363
944.000   914.000   516.000   139.000   81.321   -137.011
945.000   907.000   539.000   140.000   81.352   -136.656
946.000   981.000   536.000   141.000   81.383   -136.298
947.000   954.000   554.000   144.000   81.414   -135.938
948.000   955.000   517.000   148.000   81.445   -135.575
949.000   947.000   553.000   155.000   81.475   -135.209
950.000   920.000   546.000   155.000   81.505   -134.841
951.000   952.000   567.000   137.000   81.534   -134.470
952.000   964.000   542.000   139.000   81.563   -134.097
953.000   943.000   550.000   171.000   81.592   -133.721
954.000   933.000   534.000   150.000   81.620   -133.343
955.000   960.000   572.000   158.000   81.648   -132.962
956.000   916.000   579.000   136.000   81.676   -132.578
957.000   996.000   538.000   145.000   81.703   -132.192
958.000   929.000   514.000   134.000   81.730   -131.804
959.000   914.000   503.000   141.000   81.757   -131.412
960.000   983.000   552.000   136.000   81.783   -131.019
961.000   995.000   538.000   162.000   81.808   -130.623
962.000   935.000   574.000   144.000   81.834   -130.224
963.000   980.000   552.000   135.000   81.859   -129.823
964.000   986.000   534.000   148.000   81.883   -129.419
965.000   973.000   588.000   129.000   81.907   -129.013
966.000   948.000   535.000   152.000   81.931   -128.605
967.000   912.000   532.000   144.000   81.954   -128.194
968.000   892.000   558.000   152.000   81.977   -127.781
969.000   947.000   552.000   152.000   81.999   -127.365
970.000   906.000   573.000   125.000   82.021   -126.947
971.000   951.000   538.000   150.000   82.043   -126.527
972.000   939.000   550.000   141.000   82.064   -126.105
973.000   1016.000   560.000   137.000   82.085   -125.680
974.000   981.000   543.000   151.000   82.105   -125.253
975.000   1000.000   541.000   136.000   82.125   -124.824
976.000   930.000   539.000   151.000   82.144   -124.393
977.000   988.000   520.000   159.000   82.163   -123.960
978.000   952.000   542.000   165.000   82.182   -123.525
979.000   943.000   555.000   140.000   82.200   -123.087
980.000   924.000   543.000   154.000   82.217   -122.648
981.000   974.000   542.000   123.000   82.234   -122.206
982.000   917.000   541.000   140.000   82.251   -121.763
983.000   973.000   510.000   139.000   82.267   -121.318
984.000   929.000   539.000   122.000   82.283   -120.871
985.000   943.000   556.000   157.000   82.298   -120.422
986.000   970.000   545.000   151.000   82.313   -119.972
987.000   981.000   537.000   130.000   82.327   -119.519
988.000   962.000   510.000   149.000   82.341   -119.065
989.000   960.000   540.000   144.000   82.354   -118.610
990.000   924.000   539.000   138.000   82.367   -118.153
991.000   961.000   579.000   136.000   82.379   -117.694
992.000   1038.000   525.000   144.000   82.391   -117.234
993.000   978.000   521.000   140.000   82.402   -116.773
994.000   980.000   530.000   159.000   82.413   -116.310
995.000   957.000   483.000   142.000   82.423   -115.846
996.000   971.000   520.000   158.000   82.433   -115.380
997.000   913.000   565.000   146.000   82.442   -114.914
998.000   965.000   568.000   123.000   82.451   -114.446
999.000   889.000   536.000   134.000   82.459   -113.977
1000.000   951.000   535.000   131.000   82.467   -113.508
1001.000   903.000   500.000   128.000   82.474   -113.037
1002.000   982.000   580.000   128.000   82.481   -112.566
1003.000   963.000   534.000   143.000   82.487   -112.093
1004.000   947.000   521.000   162.000   82.493   -111.620
1005.000   927.000   545.000   144.000   82.498   -111.146
1006.000   961.000   498.000   153.000   82.503   -110.672
1007.000   906.000   512.000   133.000   82.507   -110.197
1008.000   919.000   530.000   150.000   82.511   -109.721
1009.000   963.000   507.000   157.000   82.514   -109.245
1010.000   929.000   559.000   149.000   82.517   -108.769
1011.000   968.000   571.000   137.000   82.519   -108.292
1012.000   951.000   552.000   145.000   82.520   -107.816
1013.000   947.000   566.000   160.000   82.521   -107.339
1014.000   907.000   563.000   159.000   82.522   -106.862
