Time range: [ 23:44:03.000  23:55:59.000 ]
Time range duration: 11.0 min, 56.0 sec
Longitude range: [ 120.0  142.0 ]
85443.000   931.000   576.000   142.000   82.520   -113.796
85444.000   962.000   549.000   152.000   82.519   -113.319
85445.000   988.000   558.000   159.000   82.518   -112.842
85446.000   971.000   584.000   184.000   82.516   -112.366
85447.000   978.000   531.000   170.000   82.514   -111.890
85448.000   948.000   519.000   148.000   82.512   -111.414
85449.000   958.000   528.000   169.000   82.509   -110.938
85450.000   970.000   541.000   137.000   82.505   -110.463
85451.000   920.000   536.000   169.000   82.501   -109.989
85452.000   1004.000   521.000   166.000   82.496   -109.515
85453.000   933.000   509.000   173.000   82.491   -109.041
85454.000   943.000   562.000   158.000   82.485   -108.569
85455.000   957.000   552.000   139.000   82.479   -108.097
85456.000   991.000   568.000   130.000   82.472   -107.626
85457.000   965.000   606.000   149.000   82.465   -107.155
85458.000   963.000   535.000   184.000   82.457   -106.686
85459.000   892.000   517.000   158.000   82.449   -106.218
85460.000   969.000   557.000   150.000   82.440   -105.750
85461.000   977.000   551.000   147.000   82.431   -105.284
85462.000   978.000   551.000   150.000   82.421   -104.819
85463.000   981.000   541.000   147.000   82.411   -104.356
85464.000   966.000   606.000   155.000   82.400   -103.893
85465.000   1014.000   514.000   124.000   82.389   -103.432
85466.000   913.000   563.000   146.000   82.377   -102.972
85467.000   1030.000   509.000   154.000   82.365   -102.514
85468.000   1002.000   552.000   142.000   82.352   -102.057
85469.000   1030.000   513.000   134.000   82.339   -101.602
85470.000   1007.000   521.000   141.000   82.325   -101.148
85471.000   958.000   609.000   131.000   82.311   -100.696
85472.000   990.000   552.000   166.000   82.297   -100.246
85473.000   957.000   591.000   160.000   82.281   -99.798
85474.000   936.000   556.000   119.000   82.266   -99.351
85475.000   956.000   525.000   138.000   82.250   -98.906
85476.000   966.000   568.000   163.000   82.233   -98.463
85477.000   928.000   594.000   139.000   82.216   -98.022
85478.000   957.000   541.000   151.000   82.199   -97.583
85479.000   948.000   551.000   158.000   82.181   -97.146
85480.000   916.000   587.000   145.000   82.162   -96.711
85481.000   971.000   528.000   149.000   82.143   -96.278
85482.000   940.000   575.000   145.000   82.124   -95.847
85483.000   1001.000   526.000   137.000   82.104   -95.418
85484.000   1015.000   562.000   126.000   82.084   -94.991
85485.000   1024.000   565.000   144.000   82.063   -94.567
85486.000   953.000   565.000   156.000   82.042   -94.145
85487.000   930.000   574.000   127.000   82.021   -93.725
85488.000   950.000   548.000   135.000   81.999   -93.307
85489.000   955.000   583.000   150.000   81.977   -92.892
85490.000   973.000   537.000   142.000   81.954   -92.479
85491.000   996.000   523.000   155.000   81.931   -92.068
85492.000   960.000   579.000   138.000   81.907   -91.660
85493.000   966.000   531.000   156.000   81.883   -91.254
85494.000   943.000   562.000   176.000   81.858   -90.851
85495.000   898.000   560.000   163.000   81.834   -90.450
85496.000   952.000   495.000   130.000   81.808   -90.052
85497.000   981.000   554.000   140.000   81.783   -89.656
85498.000   962.000   540.000   152.000   81.757   -89.262
85499.000   927.000   575.000   147.000   81.730   -88.871
85500.000   965.000   575.000   134.000   81.704   -88.483
85501.000   990.000   578.000   138.000   81.676   -88.097
85502.000   893.000   531.000   144.000   81.649   -87.713
85503.000   957.000   535.000   169.000   81.621   -87.332
85504.000   968.000   542.000   159.000   81.593   -86.954
85505.000   961.000   534.000   156.000   81.564   -86.578
85506.000   896.000   571.000   154.000   81.535   -86.205
85507.000   1012.000   531.000   128.000   81.505   -85.834
85508.000   988.000   559.000   139.000   81.476   -85.466
85509.000   914.000   535.000   171.000   81.446   -85.101
85510.000   985.000   538.000   144.000   81.415   -84.738
85511.000   944.000   574.000   155.000   81.384   -84.378
85512.000   943.000   552.000   156.000   81.353   -84.020
85513.000   995.000   543.000   142.000   81.322   -83.665
85514.000   1003.000   517.000   129.000   81.290   -83.313
85515.000   927.000   541.000   178.000   81.258   -82.963
85516.000   971.000   623.000   154.000   81.225   -82.616
85517.000   960.000   572.000   129.000   81.192   -82.271
85518.000   987.000   584.000   149.000   81.159   -81.929
85519.000   987.000   590.000   136.000   81.126   -81.589
85520.000   978.000   573.000   158.000   81.092   -81.252
85521.000   912.000   538.000   158.000   81.058   -80.918
85522.000   998.000   522.000   171.000   81.024   -80.586
85523.000   1010.000   559.000   164.000   80.989   -80.257
85524.000   987.000   542.000   181.000   80.954   -79.930
85525.000   931.000   563.000   135.000   80.919   -79.606
85526.000   926.000   541.000   156.000   80.883   -79.284
85527.000   972.000   560.000   145.000   80.848   -78.965
85528.000   971.000   549.000   178.000   80.811   -78.648
85529.000   1002.000   556.000   156.000   80.775   -78.334
85530.000   963.000   584.000   192.000   80.738   -78.022
85531.000   1002.000   552.000   142.000   80.701   -77.713
85532.000   922.000   559.000   171.000   80.664   -77.406
85533.000   977.000   558.000   150.000   80.627   -77.102
85534.000   920.000   559.000   178.000   80.589   -76.800
85535.000   950.000   545.000   148.000   80.551   -76.501
85536.000   973.000   568.000   163.000   80.513   -76.204
85537.000   949.000   550.000   148.000   80.474   -75.909
85538.000   915.000   550.000   164.000   80.435   -75.617
85539.000   935.000   519.000   128.000   80.396   -75.327
85540.000   965.000   557.000   158.000   80.357   -75.040
85541.000   955.000   532.000   169.000   80.318   -74.755
85542.000   951.000   537.000   150.000   80.278   -74.472
85543.000   1000.000   569.000   147.000   80.238   -74.191
85544.000   933.000   534.000   149.000   80.198   -73.913
85545.000   906.000   541.000   166.000   80.157   -73.638
85546.000   968.000   573.000   136.000   80.117   -73.364
85547.000   972.000   533.000   117.000   80.076   -73.093
85548.000   981.000   585.000   155.000   80.034   -72.824
85549.000   902.000   600.000   140.000   79.993   -72.557
85550.000   1014.000   512.000   143.000   79.952   -72.292
85551.000   910.000   545.000   137.000   79.910   -72.030
85552.000   972.000   542.000   155.000   79.868   -71.770
85553.000   954.000   581.000   142.000   79.826   -71.511
85554.000   990.000   554.000   154.000   79.783   -71.256
85555.000   921.000   594.000   160.000   79.741   -71.002
85556.000   990.000   590.000   168.000   79.698   -70.750
85557.000   968.000   560.000   130.000   79.655   -70.501
85558.000   1000.000   544.000   160.000   79.611   -70.253
85559.000   932.000   543.000   137.000   79.568   -70.008
85560.000   969.000   600.000   156.000   79.524   -69.764
85561.000   938.000   565.000   152.000   79.481   -69.523
85562.000   929.000   564.000   149.000   79.437   -69.284
85563.000   976.000   570.000   140.000   79.393   -69.046
85564.000   946.000   576.000   149.000   79.348   -68.811
85565.000   953.000   546.000   141.000   79.304   -68.578
85566.000   954.000   582.000   143.000   79.259   -68.346
85567.000   958.000   593.000   164.000   79.214   -68.117
85568.000   983.000   500.000   158.000   79.169   -67.889
85569.000   1002.000   561.000   127.000   79.124   -67.664
85570.000   1012.000   588.000   156.000   79.078   -67.440
85571.000   975.000   601.000   153.000   79.033   -67.218
85572.000   955.000   580.000   153.000   78.987   -66.998
85573.000   955.000   583.000   184.000   78.941   -66.780
85574.000   975.000   584.000   163.000   78.895   -66.563
85575.000   927.000   571.000   137.000   78.849   -66.349
85576.000   989.000   554.000   134.000   78.803   -66.136
85577.000   963.000   556.000   160.000   78.756   -65.925
85578.000   971.000   511.000   147.000   78.709   -65.715
85579.000   1021.000   553.000   165.000   78.663   -65.508
85580.000   945.000   534.000   152.000   78.616   -65.302
85581.000   907.000   559.000   154.000   78.568   -65.098
85582.000   963.000   553.000   154.000   78.521   -64.895
85583.000   958.000   526.000   156.000   78.474   -64.695
85584.000   971.000   577.000   149.000   78.426   -64.496
85585.000   961.000   571.000   159.000   78.378   -64.298
85586.000   949.000   557.000   128.000   78.331   -64.102
85587.000   967.000   565.000   156.000   78.283   -63.908
85588.000   968.000   579.000   145.000   78.235   -63.715
85589.000   926.000   591.000   159.000   78.186   -63.524
85590.000   985.000   541.000   148.000   78.138   -63.335
85591.000   972.000   594.000   164.000   78.089   -63.147
85592.000   970.000   537.000   149.000   78.041   -62.961
85593.000   1007.000   537.000   165.000   77.992   -62.776
85594.000   1025.000   570.000   150.000   77.943   -62.592
85595.000   982.000   547.000   132.000   77.894   -62.411
85596.000   995.000   591.000   138.000   77.845   -62.230
85597.000   1022.000   576.000   177.000   77.796   -62.051
85598.000   985.000   544.000   183.000   77.746   -61.874
85599.000   929.000   561.000   146.000   77.697   -61.698
85600.000   954.000   563.000   158.000   77.647   -61.523
85601.000   947.000   576.000   135.000   77.597   -61.350
85602.000   916.000   556.000   159.000   77.548   -61.178
85603.000   941.000   509.000   133.000   77.498   -61.008
85604.000   939.000   575.000   146.000   77.448   -60.839
85605.000   956.000   544.000   156.000   77.397   -60.671
85606.000   970.000   573.000   146.000   77.347   -60.505
85607.000   958.000   521.000   143.000   77.297   -60.340
85608.000   930.000   540.000   145.000   77.246   -60.176
85609.000   994.000   553.000   162.000   77.196   -60.014
85610.000   1023.000   567.000   151.000   77.145   -59.853
85611.000   962.000   622.000   142.000   77.094   -59.693
85612.000   899.000   606.000   176.000   77.043   -59.534
85613.000   986.000   540.000   150.000   76.992   -59.377
85614.000   1012.000   584.000   145.000   76.941   -59.221
85615.000   983.000   568.000   148.000   76.890   -59.066
85616.000   1003.000   560.000   165.000   76.838   -58.912
85617.000   985.000   565.000   147.000   76.787   -58.760
85618.000   988.000   543.000   136.000   76.736   -58.609
85619.000   970.000   557.000   149.000   76.684   -58.459
85620.000   955.000   554.000   162.000   76.632   -58.310
85621.000   992.000   599.000   130.000   76.580   -58.162
85622.000   1009.000   571.000   140.000   76.529   -58.016
85623.000   961.000   574.000   137.000   76.477   -57.870
85624.000   972.000   577.000   152.000   76.425   -57.726
85625.000   990.000   608.000   140.000   76.372   -57.583
85626.000   993.000   557.000   138.000   76.320   -57.441
85627.000   981.000   517.000   131.000   76.268   -57.300
85628.000   983.000   548.000   151.000   76.216   -57.160
85629.000   949.000   545.000   143.000   76.163   -57.021
85630.000   968.000   572.000   155.000   76.110   -56.883
85631.000   964.000   594.000   158.000   76.058   -56.746
85632.000   964.000   565.000   162.000   76.005   -56.611
85633.000   935.000   580.000   153.000   75.952   -56.476
85634.000   1026.000   582.000   149.000   75.899   -56.342
85635.000   914.000   553.000   156.000   75.847   -56.210
85636.000   889.000   551.000   161.000   75.793   -56.078
85637.000   982.000   542.000   117.000   75.740   -55.948
85638.000   947.000   564.000   134.000   75.687   -55.818
85639.000   963.000   607.000   138.000   75.634   -55.689
85640.000   970.000   537.000   149.000   75.581   -55.562
85641.000   931.000   581.000   151.000   75.527   -55.435
85642.000   931.000   565.000   176.000   75.474   -55.309
85643.000   956.000   572.000   173.000   75.420   -55.184
85644.000   927.000   562.000   151.000   75.367   -55.060
85645.000   982.000   563.000   143.000   75.313   -54.937
85646.000   1020.000   566.000   158.000   75.259   -54.815
85647.000   999.000   491.000   128.000   75.205   -54.694
85648.000   959.000   573.000   155.000   75.151   -54.573
85649.000   923.000   561.000   153.000   75.097   -54.454
85650.000   893.000   591.000   146.000   75.043   -54.335
85651.000   911.000   560.000   168.000   74.989   -54.217
85652.000   907.000   553.000   148.000   74.935   -54.100
85653.000   989.000   567.000   166.000   74.881   -53.984
85654.000   952.000   562.000   139.000   74.827   -53.869
85655.000   982.000   575.000   151.000   74.772   -53.755
85656.000   941.000   559.000   159.000   74.718   -53.641
85657.000   913.000   566.000   144.000   74.663   -53.529
85658.000   931.000   569.000   158.000   74.609   -53.417
85659.000   893.000   552.000   166.000   74.554   -53.306
85660.000   985.000   548.000   142.000   74.500   -53.195
85661.000   956.000   604.000   179.000   74.445   -53.086
85662.000   951.000   546.000   163.000   74.390   -52.977
85663.000   975.000   584.000   150.000   74.335   -52.869
85664.000   961.000   588.000   141.000   74.280   -52.762
85665.000   985.000   560.000   141.000   74.226   -52.655
85666.000   1000.000   573.000   164.000   74.171   -52.549
85667.000   910.000   582.000   161.000   74.115   -52.444
85668.000   983.000   562.000   159.000   74.060   -52.340
85669.000   944.000   585.000   171.000   74.005   -52.237
85670.000   913.000   593.000   137.000   73.950   -52.134
85671.000   978.000   583.000   142.000   73.895   -52.032
85672.000   976.000   557.000   166.000   73.839   -51.930
85673.000   953.000   549.000   146.000   73.784   -51.830
85674.000   938.000   592.000   122.000   73.729   -51.730
85675.000   956.000   532.000   146.000   73.673   -51.630
85676.000   919.000   581.000   164.000   73.618   -51.532
85677.000   916.000   560.000   127.000   73.562   -51.434
85678.000   871.000   532.000   143.000   73.506   -51.337
85679.000   933.000   565.000   149.000   73.451   -51.240
85680.000   947.000   588.000   163.000   73.395   -51.144
85681.000   918.000   530.000   168.000   73.339   -51.049
85682.000   855.000   572.000   138.000   73.284   -50.954
85683.000   917.000   577.000   155.000   73.228   -50.860
85684.000   984.000   587.000   150.000   73.172   -50.767
85685.000   966.000   596.000   156.000   73.116   -50.674
85686.000   915.000   546.000   145.000   73.060   -50.582
85687.000   974.000   601.000   134.000   73.004   -50.490
85688.000   931.000   554.000   139.000   72.948   -50.399
85689.000   1024.000   575.000   134.000   72.892   -50.309
85690.000   977.000   567.000   155.000   72.835   -50.219
85691.000   958.000   590.000   163.000   72.779   -50.130
85692.000   1002.000   544.000   165.000   72.723   -50.042
85693.000   973.000   627.000   153.000   72.667   -49.954
85694.000   952.000   564.000   152.000   72.610   -49.866
85695.000   938.000   567.000   148.000   72.554   -49.780
85696.000   952.000   555.000   143.000   72.497   -49.693
85697.000   945.000   577.000   168.000   72.441   -49.608
85698.000   945.000   601.000   151.000   72.384   -49.523
85699.000   922.000   591.000   164.000   72.328   -49.438
85700.000   967.000   563.000   156.000   72.271   -49.354
85701.000   955.000   550.000   161.000   72.215   -49.271
85702.000   1002.000   573.000   147.000   72.158   -49.188
85703.000   961.000   583.000   156.000   72.101   -49.105
85704.000   959.000   558.000   141.000   72.045   -49.023
85705.000   1011.000   550.000   167.000   71.988   -48.942
85706.000   978.000   572.000   169.000   71.931   -48.861
85707.000   966.000   568.000   140.000   71.874   -48.781
85708.000   959.000   572.000   146.000   71.817   -48.701
85709.000   966.000   593.000   167.000   71.760   -48.622
85710.000   1000.000   577.000   151.000   71.703   -48.543
85711.000   988.000   561.000   158.000   71.646   -48.465
85712.000   982.000   575.000   132.000   71.589   -48.387
85713.000   905.000   580.000   127.000   71.532   -48.310
85714.000   923.000   556.000   169.000   71.475   -48.233
85715.000   857.000   566.000   156.000   71.418   -48.157
85716.000   997.000   618.000   132.000   71.361   -48.081
85717.000   947.000   553.000   164.000   71.304   -48.005
85718.000   917.000   601.000   161.000   71.246   -47.931
85719.000   982.000   552.000   143.000   71.189   -47.856
85720.000   928.000   603.000   152.000   71.132   -47.782
85721.000   914.000   580.000   159.000   71.074   -47.709
85722.000   965.000   615.000   130.000   71.017   -47.635
85723.000   885.000   576.000   142.000   70.960   -47.563
85724.000   971.000   513.000   137.000   70.902   -47.491
85725.000   966.000   548.000   151.000   70.845   -47.419
85726.000   975.000   604.000   148.000   70.787   -47.348
85727.000   939.000   566.000   150.000   70.730   -47.277
85728.000   918.000   531.000   185.000   70.672   -47.206
85729.000   999.000   598.000   135.000   70.615   -47.136
85730.000   947.000   579.000   139.000   70.557   -47.067
85731.000   877.000   568.000   168.000   70.499   -46.997
85732.000   1018.000   543.000   148.000   70.442   -46.929
85733.000   935.000   585.000   137.000   70.384   -46.860
85734.000   1001.000   571.000   144.000   70.326   -46.792
85735.000   921.000   536.000   175.000   70.268   -46.725
85736.000   988.000   580.000   112.000   70.211   -46.658
85737.000   915.000   576.000   163.000   70.153   -46.591
85738.000   938.000   594.000   160.000   70.095   -46.525
85739.000   981.000   598.000   164.000   70.037   -46.459
85740.000   1005.000   606.000   145.000   69.979   -46.393
85741.000   928.000   559.000   155.000   69.921   -46.328
85742.000   924.000   605.000   147.000   69.863   -46.263
85743.000   932.000   572.000   157.000   69.805   -46.199
85744.000   891.000   570.000   164.000   69.747   -46.135
85745.000   988.000   536.000   147.000   69.689   -46.071
85746.000   934.000   625.000   144.000   69.631   -46.008
85747.000   938.000   581.000   150.000   69.573   -45.945
85748.000   964.000   560.000   188.000   69.515   -45.882
85749.000   960.000   524.000   164.000   69.457   -45.820
85750.000   976.000   561.000   155.000   69.399   -45.758
85751.000   943.000   582.000   146.000   69.340   -45.697
85752.000   910.000   579.000   132.000   69.282   -45.635
85753.000   935.000   577.000   143.000   69.224   -45.575
85754.000   945.000   607.000   148.000   69.166   -45.514
85755.000   994.000   517.000   145.000   69.107   -45.454
85756.000   920.000   591.000   151.000   69.049   -45.394
85757.000   997.000   572.000   139.000   68.991   -45.335
85758.000   926.000   589.000   160.000   68.932   -45.276
85759.000   941.000   566.000   176.000   68.874   -45.217
85760.000   995.000   587.000   170.000   68.816   -45.159
85761.000   913.000   528.000   143.000   68.757   -45.101
85762.000   907.000   571.000   167.000   68.699   -45.043
85763.000   949.000   610.000   148.000   68.640   -44.985
85764.000   944.000   582.000   141.000   68.582   -44.928
85765.000   975.000   562.000   143.000   68.523   -44.872
85766.000   1003.000   559.000   138.000   68.465   -44.815
85767.000   942.000   624.000   141.000   68.406   -44.759
85768.000   932.000   571.000   158.000   68.347   -44.703
85769.000   860.000   600.000   162.000   68.289   -44.647
85770.000   951.000   558.000   147.000   68.230   -44.592
85771.000   942.000   575.000   158.000   68.171   -44.537
85772.000   976.000   573.000   145.000   68.113   -44.483
85773.000   980.000   578.000   185.000   68.054   -44.428
85774.000   939.000   615.000   153.000   67.995   -44.374
85775.000   996.000   565.000   147.000   67.937   -44.321
85776.000   942.000   571.000   180.000   67.878   -44.267
85777.000   924.000   535.000   152.000   67.819   -44.214
85778.000   937.000   591.000   153.000   67.760   -44.161
85779.000   889.000   559.000   134.000   67.701   -44.108
85780.000   971.000   537.000   150.000   67.643   -44.056
85781.000   986.000   568.000   163.000   67.584   -44.004
85782.000   939.000   544.000   180.000   67.525   -43.952
85783.000   919.000   625.000   141.000   67.466   -43.901
85784.000   940.000   531.000   176.000   67.407   -43.850
85785.000   951.000   581.000   146.000   67.348   -43.799
85786.000   957.000   561.000   164.000   67.289   -43.748
85787.000   944.000   563.000   158.000   67.230   -43.698
85788.000   949.000   575.000   149.000   67.171   -43.648
85789.000   931.000   589.000   149.000   67.112   -43.598
85790.000   900.000   531.000   168.000   67.053   -43.548
85791.000   942.000   590.000   174.000   66.994   -43.499
85792.000   879.000   549.000   135.000   66.935   -43.450
85793.000   970.000   597.000   140.000   66.876   -43.401
85794.000   948.000   553.000   161.000   66.817   -43.352
85795.000   893.000   577.000   155.000   66.758   -43.304
85796.000   916.000   579.000   152.000   66.698   -43.256
85797.000   954.000   571.000   177.000   66.639   -43.208
85798.000   942.000   566.000   145.000   66.580   -43.161
85799.000   905.000   609.000   160.000   66.521   -43.113
85800.000   997.000   581.000   153.000   66.462   -43.066
85801.000   969.000   608.000   148.000   66.402   -43.019
85802.000   947.000   589.000   136.000   66.343   -42.973
85803.000   936.000   569.000   147.000   66.284   -42.926
85804.000   961.000   585.000   153.000   66.225   -42.880
85805.000   938.000   590.000   163.000   66.165   -42.834
85806.000   982.000   629.000   162.000   66.106   -42.789
85807.000   968.000   593.000   143.000   66.047   -42.743
85808.000   951.000   574.000   183.000   65.987   -42.698
85809.000   960.000   561.000   153.000   65.928   -42.653
85810.000   979.000   554.000   145.000   65.869   -42.609
85811.000   893.000   575.000   149.000   65.809   -42.564
85812.000   982.000   581.000   136.000   65.750   -42.520
85813.000   1005.000   600.000   161.000   65.690   -42.476
85814.000   1023.000   550.000   178.000   65.631   -42.432
85815.000   912.000   600.000   137.000   65.571   -42.388
85816.000   947.000   584.000   152.000   65.512   -42.345
85817.000   939.000   596.000   151.000   65.453   -42.302
85818.000   948.000   590.000   159.000   65.393   -42.259
85819.000   974.000   566.000   157.000   65.333   -42.216
85820.000   932.000   590.000   139.000   65.274   -42.174
85821.000   967.000   609.000   184.000   65.214   -42.131
85822.000   924.000   565.000   143.000   65.155   -42.089
85823.000   932.000   587.000   165.000   65.095   -42.047
85824.000   939.000   598.000   152.000   65.036   -42.005
85825.000   988.000   566.000   151.000   64.976   -41.964
85826.000   942.000   547.000   154.000   64.916   -41.923
85827.000   949.000   595.000   144.000   64.857   -41.882
85828.000   949.000   560.000   171.000   64.797   -41.841
85829.000   1009.000   572.000   158.000   64.738   -41.800
85830.000   1035.000   563.000   157.000   64.678   -41.759
85831.000   1045.000   601.000   171.000   64.618   -41.719
85832.000   1105.000   571.000   151.000   64.558   -41.679
85833.000   1075.000   565.000   167.000   64.499   -41.639
85834.000   1369.000   554.000   146.000   64.439   -41.599
85835.000   1522.000   586.000   143.000   64.379   -41.560
85836.000   2192.000   589.000   149.000   64.319   -41.521
85837.000   2293.000   602.000   154.000   64.260   -41.481
85838.000   1301.000   578.000   163.000   64.200   -41.442
85839.000   1205.000   567.000   173.000   64.140   -41.404
85840.000   1286.000   615.000   158.000   64.080   -41.365
85841.000   1065.000   537.000   167.000   64.020   -41.327
85842.000   1044.000   525.000   156.000   63.961   -41.288
85843.000   982.000   661.000   160.000   63.901   -41.250
85844.000   1005.000   600.000   164.000   63.841   -41.212
85845.000   1107.000   586.000   146.000   63.781   -41.175
85846.000   1141.000   644.000   187.000   63.721   -41.137
85847.000   1142.000   616.000   149.000   63.661   -41.100
85848.000   1012.000   613.000   146.000   63.601   -41.063
85849.000   1053.000   603.000   171.000   63.541   -41.026
85850.000   1140.000   598.000   143.000   63.482   -40.989
85851.000   1245.000   669.000   153.000   63.422   -40.952
85852.000   1245.000   712.000   179.000   63.362   -40.916
85853.000   1417.000   795.000   168.000   63.302   -40.880
85854.000   1307.000   756.000   169.000   63.242   -40.843
85855.000   1324.000   800.000   182.000   63.182   -40.807
85856.000   1519.000   826.000   172.000   63.122   -40.772
85857.000   1819.000   924.000   212.000   63.062   -40.736
85858.000   2156.000   1043.000   220.000   63.002   -40.700
85859.000   2277.000   1084.000   228.000   62.942   -40.665
85860.000   2661.000   1295.000   239.000   62.882   -40.630
85861.000   2741.000   1158.000   217.000   62.821   -40.595
85862.000   3096.000   1362.000   245.000   62.761   -40.560
85863.000   2489.000   1596.000   347.000   62.701   -40.525
85864.000   2378.000   1745.000   402.000   62.641   -40.491
85865.000   2442.000   2025.000   585.000   62.581   -40.457
85866.000   2420.000   2027.000   624.000   62.521   -40.422
85867.000   2968.000   2633.000   814.000   62.461   -40.388
85868.000   2368.000   1862.000   525.000   62.401   -40.354
85869.000   2251.000   1848.000   529.000   62.341   -40.321
85870.000   2083.000   1574.000   394.000   62.280   -40.287
85871.000   1992.000   1351.000   342.000   62.220   -40.254
85872.000   1895.000   1355.000   339.000   62.160   -40.220
85873.000   1726.000   1194.000   296.000   62.100   -40.187
85874.000   1770.000   1023.000   284.000   62.040   -40.154
85875.000   1771.000   1025.000   226.000   61.979   -40.121
85876.000   1717.000   1013.000   186.000   61.919   -40.089
85877.000   1620.000   954.000   184.000   61.859   -40.056
85878.000   1642.000   926.000   172.000   61.799   -40.024
85879.000   1634.000   805.000   201.000   61.738   -39.991
85880.000   1641.000   888.000   192.000   61.678   -39.959
85881.000   1675.000   865.000   186.000   61.618   -39.927
85882.000   1655.000   887.000   198.000   61.558   -39.895
85883.000   1729.000   841.000   157.000   61.497   -39.864
85884.000   1758.000   890.000   187.000   61.437   -39.832
85885.000   1546.000   800.000   212.000   61.377   -39.801
85886.000   1565.000   871.000   186.000   61.316   -39.769
85887.000   1715.000   853.000   160.000   61.256   -39.738
85888.000   1694.000   866.000   196.000   61.196   -39.707
85889.000   1735.000   915.000   205.000   61.135   -39.676
85890.000   1543.000   861.000   186.000   61.075   -39.646
85891.000   1549.000   774.000   188.000   61.015   -39.615
85892.000   1680.000   872.000   177.000   60.954   -39.584
85893.000   1617.000   859.000   195.000   60.894   -39.554
85894.000   1593.000   841.000   196.000   60.833   -39.524
85895.000   1602.000   830.000   196.000   60.773   -39.494
85896.000   1514.000   845.000   185.000   60.713   -39.464
85897.000   1590.000   834.000   185.000   60.652   -39.434
85898.000   1533.000   845.000   215.000   60.592   -39.404
85899.000   1564.000   816.000   180.000   60.531   -39.375
85900.000   1584.000   800.000   213.000   60.471   -39.345
85901.000   1590.000   810.000   163.000   60.410   -39.316
85902.000   1525.000   871.000   192.000   60.350   -39.287
85903.000   1498.000   855.000   171.000   60.289   -39.257
85904.000   1560.000   859.000   167.000   60.229   -39.228
85905.000   1458.000   848.000   209.000   60.168   -39.200
85906.000   1395.000   811.000   187.000   60.108   -39.171
85907.000   1388.000   750.000   207.000   60.047   -39.142
85908.000   1354.000   808.000   189.000   59.987   -39.114
85909.000   1408.000   734.000   173.000   59.926   -39.085
85910.000   1339.000   771.000   152.000   59.866   -39.057
85911.000   1262.000   746.000   186.000   59.805   -39.029
85912.000   1265.000   813.000   166.000   59.745   -39.001
85913.000   1176.000   701.000   200.000   59.684   -38.973
85914.000   1244.000   728.000   202.000   59.624   -38.945
85915.000   1290.000   679.000   192.000   59.563   -38.918
85916.000   1188.000   749.000   176.000   59.502   -38.890
85917.000   1202.000   751.000   183.000   59.442   -38.863
85918.000   1181.000   694.000   181.000   59.381   -38.835
85919.000   1178.000   738.000   178.000   59.321   -38.808
85920.000   1148.000   739.000   188.000   59.260   -38.781
85921.000   1144.000   712.000   190.000   59.199   -38.754
85922.000   1044.000   721.000   196.000   59.139   -38.727
85923.000   1081.000   647.000   192.000   59.078   -38.700
85924.000   1034.000   659.000   176.000   59.017   -38.674
85925.000   1040.000   683.000   183.000   58.957   -38.647
85926.000   994.000   631.000   178.000   58.896   -38.621
85927.000   1012.000   652.000   182.000   58.835   -38.594
85928.000   973.000   667.000   197.000   58.775   -38.568
85929.000   1011.000   693.000   184.000   58.714   -38.542
85930.000   1032.000   654.000   183.000   58.653   -38.516
85931.000   1020.000   656.000   183.000   58.593   -38.490
85932.000   999.000   678.000   185.000   58.532   -38.464
85933.000   985.000   639.000   186.000   58.471   -38.438
85934.000   995.000   640.000   157.000   58.410   -38.413
85935.000   963.000   668.000   160.000   58.350   -38.387
85936.000   928.000   639.000   144.000   58.289   -38.362
85937.000   907.000   603.000   181.000   58.228   -38.337
85938.000   957.000   637.000   160.000   58.167   -38.311
85939.000   993.000   642.000   169.000   58.107   -38.286
85940.000   958.000   636.000   195.000   58.046   -38.261
85941.000   963.000   561.000   167.000   57.985   -38.236
85942.000   979.000   630.000   137.000   57.924   -38.212
85943.000   901.000   586.000   164.000   57.864   -38.187
85944.000   927.000   600.000   142.000   57.803   -38.162
85945.000   937.000   589.000   177.000   57.742   -38.138
85946.000   972.000   635.000   146.000   57.681   -38.113
85947.000   943.000   590.000   168.000   57.620   -38.089
85948.000   912.000   582.000   163.000   57.559   -38.065
85949.000   1022.000   603.000   167.000   57.499   -38.041
85950.000   962.000   623.000   169.000   57.438   -38.017
85951.000   945.000   607.000   148.000   57.377   -37.993
85952.000   905.000   562.000   184.000   57.316   -37.969
85953.000   946.000   617.000   147.000   57.255   -37.945
85954.000   890.000   582.000   175.000   57.194   -37.921
85955.000   917.000   620.000   174.000   57.134   -37.898
85956.000   925.000   593.000   130.000   57.073   -37.874
85957.000   932.000   576.000   185.000   57.012   -37.851
85958.000   938.000   641.000   158.000   56.951   -37.828
85959.000   929.000   578.000   169.000   56.890   -37.804
85960.000   951.000   580.000   143.000   56.829   -37.781
85961.000   931.000   592.000   171.000   56.768   -37.758
85962.000   893.000   582.000   171.000   56.707   -37.735
85963.000   937.000   567.000   173.000   56.646   -37.712
85964.000   947.000   644.000   167.000   56.585   -37.690
85965.000   947.000   584.000   167.000   56.524   -37.667
85966.000   964.000   621.000   160.000   56.463   -37.644
85967.000   932.000   589.000   159.000   56.402   -37.622
85968.000   934.000   612.000   143.000   56.342   -37.599
85969.000   903.000   580.000   165.000   56.281   -37.577
85970.000   899.000   554.000   173.000   56.220   -37.555
85971.000   919.000   571.000   167.000   56.159   -37.533
85972.000   892.000   624.000   144.000   56.098   -37.511
85973.000   868.000   578.000   166.000   56.037   -37.489
85974.000   898.000   569.000   178.000   55.976   -37.467
85975.000   900.000   601.000   156.000   55.915   -37.445
85976.000   901.000   579.000   147.000   55.854   -37.423
85977.000   883.000   558.000   176.000   55.793   -37.401
85978.000   962.000   607.000   157.000   55.732   -37.380
85979.000   936.000   566.000   140.000   55.671   -37.358
85980.000   921.000   606.000   156.000   55.610   -37.337
85981.000   892.000   556.000   151.000   55.549   -37.315
85982.000   958.000   612.000   165.000   55.487   -37.294
85983.000   921.000   602.000   166.000   55.426   -37.273
85984.000   928.000   595.000   140.000   55.365   -37.252
85985.000   918.000   571.000   157.000   55.304   -37.231
85986.000   861.000   565.000   166.000   55.243   -37.210
85987.000   935.000   574.000   153.000   55.182   -37.189
85988.000   836.000   580.000   171.000   55.121   -37.168
85989.000   933.000   549.000   150.000   55.060   -37.147
85990.000   899.000   563.000   156.000   54.999   -37.127
85991.000   946.000   556.000   167.000   54.938   -37.106
85992.000   922.000   591.000   144.000   54.877   -37.085
85993.000   853.000   579.000   140.000   54.816   -37.065
85994.000   908.000   558.000   153.000   54.755   -37.045
85995.000   862.000   560.000   152.000   54.693   -37.024
85996.000   912.000   580.000   172.000   54.632   -37.004
85997.000   866.000   601.000   153.000   54.571   -36.984
85998.000   892.000   573.000   175.000   54.510   -36.964
85999.000   926.000   542.000   137.000   54.449   -36.944
86000.000   894.000   603.000   166.000   54.388   -36.924
86001.000   900.000   538.000   153.000   54.327   -36.904
86002.000   932.000   542.000   158.000   54.265   -36.884
86003.000   860.000   575.000   157.000   54.204   -36.865
86004.000   902.000   540.000   143.000   54.143   -36.845
86005.000   912.000   601.000   136.000   54.082   -36.825
86006.000   878.000   528.000   165.000   54.021   -36.806
86007.000   873.000   569.000   163.000   53.960   -36.786
86008.000   931.000   566.000   156.000   53.898   -36.767
86009.000   883.000   543.000   170.000   53.837   -36.748
86010.000   857.000   574.000   144.000   53.776   -36.729
86011.000   933.000   563.000   148.000   53.715   -36.709
86012.000   895.000   557.000   148.000   53.654   -36.690
86013.000   861.000   563.000   161.000   53.592   -36.671
86014.000   893.000   525.000   156.000   53.531   -36.652
86015.000   868.000   526.000   149.000   53.470   -36.633
86016.000   895.000   592.000   170.000   53.409   -36.615
86017.000   903.000   571.000   169.000   53.348   -36.596
86018.000   894.000   575.000   164.000   53.286   -36.577
86019.000   924.000   526.000   150.000   53.225   -36.558
86020.000   900.000   554.000   154.000   53.164   -36.540
86021.000   942.000   540.000   167.000   53.103   -36.521
86022.000   902.000   591.000   143.000   53.041   -36.503
86023.000   908.000   565.000   142.000   52.980   -36.485
86024.000   840.000   568.000   159.000   52.919   -36.466
86025.000   818.000   564.000   127.000   52.858   -36.448
86026.000   951.000   524.000   140.000   52.796   -36.430
86027.000   896.000   519.000   159.000   52.735   -36.412
86028.000   880.000   543.000   142.000   52.674   -36.394
86029.000   870.000   564.000   138.000   52.613   -36.376
86030.000   865.000   522.000   150.000   52.551   -36.358
86031.000   920.000   550.000   145.000   52.490   -36.340
86032.000   838.000   584.000   173.000   52.429   -36.322
86033.000   894.000   580.000   159.000   52.367   -36.304
86034.000   884.000   545.000   136.000   52.306   -36.287
86035.000   891.000   510.000   127.000   52.245   -36.269
86036.000   895.000   555.000   157.000   52.183   -36.251
86037.000   890.000   582.000   142.000   52.122   -36.234
86038.000   848.000   590.000   154.000   52.061   -36.216
86039.000   913.000   557.000   129.000   51.999   -36.199
86040.000   924.000   587.000   140.000   51.938   -36.182
86041.000   872.000   549.000   158.000   51.877   -36.164
86042.000   886.000   541.000   139.000   51.815   -36.147
86043.000   812.000   556.000   129.000   51.754   -36.130
86044.000   869.000   521.000   151.000   51.693   -36.113
86045.000   865.000   550.000   124.000   51.631   -36.096
86046.000   867.000   534.000   144.000   51.570   -36.079
86047.000   885.000   536.000   160.000   51.509   -36.062
86048.000   874.000   514.000   136.000   51.447   -36.045
86049.000   879.000   547.000   144.000   51.386   -36.028
86050.000   829.000   534.000   144.000   51.324   -36.012
86051.000   844.000   563.000   156.000   51.263   -35.995
86052.000   904.000   582.000   150.000   51.202   -35.978
86053.000   877.000   519.000   158.000   51.140   -35.962
86054.000   795.000   512.000   122.000   51.079   -35.945
86055.000   885.000   506.000   140.000   51.018   -35.929
86056.000   937.000   532.000   146.000   50.956   -35.912
86057.000   857.000   516.000   148.000   50.895   -35.896
86058.000   883.000   502.000   140.000   50.833   -35.879
86059.000   891.000   521.000   124.000   50.772   -35.863
86060.000   828.000   522.000   182.000   50.710   -35.847
86061.000   844.000   531.000   129.000   50.649   -35.831
86062.000   839.000   524.000   133.000   50.588   -35.815
86063.000   867.000   514.000   127.000   50.526   -35.799
86064.000   850.000   503.000   155.000   50.465   -35.783
86065.000   844.000   533.000   142.000   50.403   -35.767
86066.000   866.000   482.000   155.000   50.342   -35.751
86067.000   853.000   520.000   148.000   50.280   -35.735
86068.000   873.000   525.000   141.000   50.219   -35.719
86069.000   830.000   556.000   146.000   50.158   -35.703
86070.000   875.000   534.000   133.000   50.096   -35.688
86071.000   866.000   524.000   131.000   50.035   -35.672
86072.000   846.000   485.000   133.000   49.973   -35.656
86073.000   806.000   495.000   108.000   49.912   -35.641
86074.000   886.000   501.000   146.000   49.850   -35.625
86075.000   880.000   548.000   142.000   49.789   -35.610
86076.000   827.000   468.000   143.000   49.727   -35.595
86077.000   874.000   522.000   127.000   49.666   -35.579
86078.000   827.000   511.000   145.000   49.604   -35.564
86079.000   848.000   525.000   140.000   49.543   -35.549
86080.000   805.000   517.000   116.000   49.481   -35.534
86081.000   809.000   533.000   136.000   49.420   -35.518
86082.000   890.000   530.000   123.000   49.358   -35.503
86083.000   830.000   520.000   147.000   49.297   -35.488
86084.000   864.000   562.000   146.000   49.235   -35.473
86085.000   784.000   496.000   152.000   49.174   -35.458
86086.000   818.000   523.000   123.000   49.112   -35.443
86087.000   826.000   526.000   165.000   49.051   -35.429
86088.000   877.000   518.000   148.000   48.989   -35.414
86089.000   816.000   509.000   135.000   48.928   -35.399
86090.000   824.000   539.000   139.000   48.866   -35.384
86091.000   814.000   498.000   158.000   48.805   -35.370
86092.000   863.000   477.000   123.000   48.743   -35.355
86093.000   836.000   495.000   128.000   48.681   -35.340
86094.000   826.000   460.000   130.000   48.620   -35.326
86095.000   848.000   536.000   126.000   48.558   -35.311
86096.000   857.000   515.000   123.000   48.497   -35.297
86097.000   831.000   509.000   109.000   48.435   -35.282
86098.000   841.000   525.000   136.000   48.374   -35.268
86099.000   832.000   492.000   131.000   48.312   -35.254
86100.000   882.000   517.000   148.000   48.251   -35.240
86101.000   795.000   523.000   119.000   48.189   -35.225
86102.000   799.000   524.000   132.000   48.127   -35.211
86103.000   825.000   511.000   131.000   48.066   -35.197
86104.000   807.000   457.000   135.000   48.004   -35.183
86105.000   853.000   493.000   141.000   47.943   -35.169
86106.000   855.000   454.000   118.000   47.881   -35.155
86107.000   859.000   473.000   125.000   47.820   -35.141
86108.000   813.000   464.000   143.000   47.758   -35.127
86109.000   829.000   464.000   122.000   47.696   -35.113
86110.000   795.000   485.000   142.000   47.635   -35.099
86111.000   801.000   527.000   127.000   47.573   -35.085
86112.000   808.000   544.000   131.000   47.511   -35.072
86113.000   833.000   492.000   119.000   47.450   -35.058
86114.000   754.000   522.000   117.000   47.388   -35.044
86115.000   852.000   519.000   132.000   47.327   -35.031
86116.000   780.000   534.000   133.000   47.265   -35.017
86117.000   797.000   493.000   136.000   47.203   -35.004
86118.000   824.000   513.000   135.000   47.142   -34.990
86119.000   811.000   459.000   124.000   47.080   -34.977
86120.000   814.000   473.000   118.000   47.019   -34.963
86121.000   778.000   472.000   105.000   46.957   -34.950
86122.000   797.000   477.000   115.000   46.895   -34.937
86123.000   801.000   476.000   114.000   46.834   -34.923
86124.000   769.000   479.000   120.000   46.772   -34.910
86125.000   839.000   510.000   125.000   46.710   -34.897
86126.000   875.000   494.000   103.000   46.649   -34.884
86127.000   824.000   504.000   122.000   46.587   -34.870
86128.000   803.000   483.000   127.000   46.525   -34.857
86129.000   812.000   471.000   123.000   46.464   -34.844
86130.000   776.000   459.000   115.000   46.402   -34.831
86131.000   819.000   492.000   119.000   46.340   -34.818
86132.000   757.000   500.000   134.000   46.279   -34.805
86133.000   818.000   466.000   116.000   46.217   -34.792
86134.000   777.000   466.000   125.000   46.155   -34.780
86135.000   793.000   443.000   135.000   46.094   -34.767
86136.000   822.000   485.000   127.000   46.032   -34.754
86137.000   781.000   475.000   113.000   45.970   -34.741
86138.000   806.000   504.000   143.000   45.909   -34.728
86139.000   840.000   464.000   146.000   45.847   -34.716
86140.000   862.000   450.000   122.000   45.785   -34.703
86141.000   743.000   497.000   112.000   45.723   -34.691
86142.000   774.000   433.000   146.000   45.662   -34.678
86143.000   798.000   426.000   122.000   45.600   -34.665
86144.000   804.000   438.000   117.000   45.538   -34.653
86145.000   856.000   437.000   117.000   45.477   -34.640
86146.000   807.000   458.000   119.000   45.415   -34.628
86147.000   801.000   479.000   121.000   45.353   -34.616
86148.000   844.000   495.000   111.000   45.291   -34.603
86149.000   838.000   451.000   127.000   45.230   -34.591
86150.000   780.000   434.000   133.000   45.168   -34.579
86151.000   761.000   462.000   126.000   45.106   -34.566
86152.000   778.000   531.000   116.000   45.045   -34.554
86153.000   812.000   451.000   138.000   44.983   -34.542
86154.000   803.000   467.000   118.000   44.921   -34.530
86155.000   781.000   490.000   148.000   44.859   -34.518
86156.000   800.000   442.000   127.000   44.798   -34.506
86157.000   756.000   445.000   118.000   44.736   -34.494
86158.000   769.000   436.000   110.000   44.674   -34.482
86159.000   788.000   472.000   120.000   44.612   -34.470
