Time range: [ 04:52:02.000  05:17:31.000 ]
Time range duration: 25.0 min, 29.0 sec
Longitude range: [ 74.0  147.0 ]
17522.000   738.000   272.000   74.000   -6.240   54.216
17523.000   685.000   347.000   88.000   -6.177   54.220
17524.000   788.000   324.000   90.000   -6.114   54.224
17525.000   756.000   316.000   80.000   -6.052   54.228
17526.000   757.000   323.000   96.000   -5.989   54.233
17527.000   657.000   315.000   97.000   -5.926   54.237
17528.000   740.000   373.000   85.000   -5.864   54.241
17529.000   762.000   342.000   74.000   -5.801   54.245
17530.000   795.000   351.000   79.000   -5.738   54.249
17531.000   739.000   342.000   72.000   -5.675   54.253
17532.000   719.000   321.000   78.000   -5.613   54.257
17533.000   723.000   324.000   82.000   -5.550   54.261
17534.000   737.000   297.000   93.000   -5.487   54.266
17535.000   765.000   297.000   73.000   -5.425   54.270
17536.000   711.000   351.000   64.000   -5.362   54.274
17537.000   742.000   337.000   78.000   -5.299   54.278
17538.000   702.000   315.000   76.000   -5.236   54.282
17539.000   749.000   319.000   103.000   -5.174   54.286
17540.000   736.000   306.000   85.000   -5.111   54.290
17541.000   681.000   321.000   80.000   -5.048   54.294
17542.000   757.000   322.000   78.000   -4.986   54.299
17543.000   725.000   310.000   82.000   -4.923   54.303
17544.000   733.000   318.000   69.000   -4.860   54.307
17545.000   719.000   308.000   82.000   -4.797   54.311
17546.000   697.000   333.000   85.000   -4.735   54.315
17547.000   724.000   319.000   66.000   -4.672   54.319
17548.000   674.000   334.000   65.000   -4.609   54.323
17549.000   762.000   323.000   99.000   -4.547   54.327
17550.000   686.000   292.000   67.000   -4.484   54.331
17551.000   694.000   328.000   77.000   -4.421   54.335
17552.000   693.000   300.000   73.000   -4.358   54.340
17553.000   688.000   302.000   84.000   -4.296   54.344
17554.000   706.000   350.000   65.000   -4.233   54.348
17555.000   692.000   342.000   88.000   -4.170   54.352
17556.000   706.000   304.000   83.000   -4.108   54.356
17557.000   720.000   349.000   69.000   -4.045   54.360
17558.000   730.000   304.000   77.000   -3.982   54.364
17559.000   746.000   317.000   90.000   -3.919   54.368
17560.000   768.000   312.000   90.000   -3.857   54.372
17561.000   684.000   296.000   77.000   -3.794   54.376
17562.000   679.000   314.000   72.000   -3.731   54.380
17563.000   723.000   338.000   82.000   -3.669   54.384
17564.000   690.000   310.000   77.000   -3.606   54.389
17565.000   704.000   348.000   74.000   -3.543   54.393
17566.000   754.000   303.000   84.000   -3.480   54.397
17567.000   717.000   335.000   89.000   -3.418   54.401
17568.000   701.000   321.000   88.000   -3.355   54.405
17569.000   717.000   281.000   61.000   -3.292   54.409
17570.000   715.000   292.000   64.000   -3.230   54.413
17571.000   666.000   317.000   67.000   -3.167   54.417
17572.000   751.000   319.000   75.000   -3.104   54.421
17573.000   739.000   359.000   88.000   -3.041   54.425
17574.000   658.000   324.000   85.000   -2.979   54.429
17575.000   719.000   283.000   82.000   -2.916   54.433
17576.000   744.000   308.000   76.000   -2.853   54.437
17577.000   769.000   312.000   73.000   -2.790   54.442
17578.000   693.000   297.000   87.000   -2.728   54.446
17579.000   729.000   295.000   106.000   -2.665   54.450
17580.000   746.000   336.000   64.000   -2.602   54.454
17581.000   746.000   321.000   94.000   -2.540   54.458
17582.000   743.000   339.000   92.000   -2.477   54.462
17583.000   727.000   312.000   77.000   -2.414   54.466
17584.000   714.000   347.000   91.000   -2.351   54.470
17585.000   712.000   290.000   76.000   -2.289   54.474
17586.000   728.000   320.000   87.000   -2.226   54.478
17587.000   731.000   308.000   79.000   -2.163   54.482
17588.000   738.000   312.000   84.000   -2.100   54.486
17589.000   763.000   303.000   81.000   -2.038   54.490
17590.000   720.000   331.000   62.000   -1.975   54.494
17591.000   695.000   308.000   68.000   -1.912   54.498
17592.000   728.000   305.000   76.000   -1.850   54.502
17593.000   729.000   328.000   85.000   -1.787   54.507
17594.000   786.000   322.000   82.000   -1.724   54.511
17595.000   737.000   337.000   93.000   -1.661   54.515
17596.000   721.000   313.000   80.000   -1.599   54.519
17597.000   737.000   274.000   69.000   -1.536   54.523
17598.000   737.000   316.000   59.000   -1.473   54.527
17599.000   746.000   332.000   69.000   -1.410   54.531
17600.000   737.000   328.000   73.000   -1.348   54.535
17601.000   735.000   333.000   91.000   -1.285   54.539
17602.000   752.000   338.000   77.000   -1.222   54.543
17603.000   756.000   305.000   76.000   -1.159   54.547
17604.000   759.000   327.000   94.000   -1.097   54.551
17605.000   696.000   316.000   82.000   -1.034   54.555
17606.000   722.000   319.000   73.000   -0.971   54.559
17607.000   725.000   285.000   72.000   -0.909   54.563
17608.000   727.000   303.000   85.000   -0.846   54.567
17609.000   691.000   304.000   68.000   -0.783   54.571
17610.000   678.000   317.000   80.000   -0.720   54.575
17611.000   727.000   286.000   77.000   -0.658   54.580
17612.000   686.000   295.000   77.000   -0.595   54.584
17613.000   751.000   280.000   104.000   -0.532   54.588
17614.000   769.000   310.000   95.000   -0.469   54.592
17615.000   762.000   318.000   70.000   -0.407   54.596
17616.000   730.000   310.000   79.000   -0.344   54.600
17617.000   688.000   320.000   82.000   -0.281   54.604
17618.000   735.000   319.000   80.000   -0.218   54.608
17619.000   759.000   334.000   90.000   -0.156   54.612
17620.000   715.000   283.000   76.000   -0.093   54.616
17621.000   684.000   319.000   86.000   -0.030   54.620
17622.000   750.000   314.000   83.000   00.033   54.624
17623.000   724.000   293.000   85.000   00.095   54.628
17624.000   667.000   314.000   84.000   00.158   54.632
17625.000   728.000   296.000   78.000   00.221   54.636
17626.000   735.000   354.000   93.000   00.283   54.640
17627.000   716.000   328.000   78.000   00.346   54.644
17628.000   745.000   329.000   71.000   00.409   54.648
17629.000   738.000   342.000   69.000   00.472   54.652
17630.000   720.000   300.000   77.000   00.534   54.656
17631.000   746.000   341.000   91.000   00.597   54.661
17632.000   711.000   347.000   84.000   00.660   54.665
17633.000   712.000   316.000   74.000   00.723   54.669
17634.000   791.000   320.000   82.000   00.785   54.673
17635.000   687.000   326.000   82.000   00.848   54.677
17636.000   701.000   321.000   75.000   00.911   54.681
17637.000   702.000   311.000   75.000   00.974   54.685
17638.000   699.000   309.000   78.000   01.036   54.689
17639.000   741.000   329.000   87.000   01.099   54.693
17640.000   788.000   292.000   87.000   01.162   54.697
17641.000   810.000   288.000   72.000   01.225   54.701
17642.000   722.000   311.000   93.000   01.287   54.705
17643.000   710.000   294.000   74.000   01.350   54.709
17644.000   693.000   305.000   71.000   01.413   54.713
17645.000   693.000   319.000   77.000   01.476   54.717
17646.000   744.000   320.000   90.000   01.538   54.721
17647.000   711.000   304.000   79.000   01.601   54.725
17648.000   777.000   312.000   90.000   01.664   54.729
17649.000   766.000   323.000   71.000   01.727   54.733
17650.000   693.000   305.000   86.000   01.789   54.738
17651.000   726.000   329.000   67.000   01.852   54.742
17652.000   706.000   319.000   87.000   01.915   54.746
17653.000   702.000   283.000   86.000   01.978   54.750
17654.000   703.000   319.000   82.000   02.040   54.754
17655.000   742.000   322.000   80.000   02.103   54.758
17656.000   745.000   314.000   80.000   02.166   54.762
17657.000   735.000   330.000   70.000   02.229   54.766
17658.000   757.000   342.000   94.000   02.291   54.770
17659.000   743.000   305.000   72.000   02.354   54.774
17660.000   712.000   330.000   88.000   02.417   54.778
17661.000   758.000   336.000   108.000   02.479   54.782
17662.000   733.000   280.000   79.000   02.542   54.786
17663.000   732.000   309.000   87.000   02.605   54.790
17664.000   719.000   320.000   75.000   02.668   54.794
17665.000   699.000   301.000   80.000   02.730   54.799
17666.000   717.000   292.000   78.000   02.793   54.803
17667.000   739.000   329.000   88.000   02.856   54.807
17668.000   675.000   280.000   77.000   02.919   54.811
17669.000   733.000   315.000   83.000   02.981   54.815
17670.000   752.000   328.000   64.000   03.044   54.819
17671.000   719.000   302.000   76.000   03.107   54.823
17672.000   773.000   278.000   63.000   03.170   54.827
17673.000   738.000   327.000   77.000   03.232   54.831
17674.000   735.000   321.000   87.000   03.295   54.835
17675.000   689.000   314.000   80.000   03.358   54.839
17676.000   727.000   322.000   71.000   03.421   54.843
17677.000   768.000   326.000   73.000   03.483   54.847
17678.000   703.000   307.000   82.000   03.546   54.851
17679.000   739.000   322.000   89.000   03.609   54.856
17680.000   768.000   331.000   70.000   03.672   54.860
17681.000   739.000   311.000   77.000   03.734   54.864
17682.000   717.000   305.000   72.000   03.797   54.868
17683.000   764.000   290.000   83.000   03.860   54.872
17684.000   712.000   341.000   86.000   03.923   54.876
17685.000   705.000   314.000   73.000   03.985   54.880
17686.000   747.000   306.000   86.000   04.048   54.884
17687.000   724.000   322.000   89.000   04.111   54.888
17688.000   723.000   316.000   76.000   04.174   54.892
17689.000   743.000   332.000   83.000   04.236   54.896
17690.000   732.000   323.000   80.000   04.299   54.901
17691.000   731.000   301.000   81.000   04.362   54.905
17692.000   712.000   311.000   89.000   04.425   54.909
17693.000   702.000   321.000   79.000   04.487   54.913
17694.000   672.000   318.000   90.000   04.550   54.917
17695.000   696.000   307.000   95.000   04.613   54.921
17696.000   765.000   308.000   80.000   04.676   54.925
17697.000   718.000   287.000   85.000   04.738   54.929
17698.000   743.000   343.000   72.000   04.801   54.933
17699.000   765.000   305.000   71.000   04.864   54.938
17700.000   717.000   338.000   79.000   04.927   54.942
17701.000   732.000   304.000   67.000   04.989   54.946
17702.000   745.000   319.000   72.000   05.052   54.950
17703.000   705.000   308.000   90.000   05.115   54.954
17704.000   724.000   327.000   83.000   05.178   54.958
17705.000   755.000   315.000   81.000   05.240   54.962
17706.000   760.000   321.000   93.000   05.303   54.966
17707.000   716.000   303.000   73.000   05.366   54.970
17708.000   698.000   282.000   87.000   05.429   54.975
17709.000   732.000   332.000   79.000   05.491   54.979
17710.000   671.000   341.000   97.000   05.554   54.983
17711.000   721.000   327.000   103.000   05.617   54.987
17712.000   733.000   296.000   71.000   05.680   54.991
17713.000   739.000   295.000   71.000   05.742   54.995
17714.000   732.000   332.000   71.000   05.805   54.999
17715.000   754.000   340.000   70.000   05.868   55.004
17716.000   732.000   303.000   69.000   05.930   55.008
17717.000   703.000   305.000   64.000   05.993   55.012
17718.000   731.000   309.000   61.000   06.056   55.016
17719.000   717.000   294.000   70.000   06.119   55.020
17720.000   731.000   337.000   93.000   06.181   55.024
17721.000   691.000   290.000   73.000   06.244   55.028
17722.000   697.000   323.000   82.000   06.307   55.033
17723.000   782.000   332.000   73.000   06.370   55.037
17724.000   724.000   310.000   75.000   06.432   55.041
17725.000   735.000   309.000   73.000   06.495   55.045
17726.000   728.000   314.000   66.000   06.558   55.049
17727.000   698.000   312.000   79.000   06.621   55.053
17728.000   719.000   316.000   71.000   06.683   55.057
17729.000   701.000   285.000   74.000   06.746   55.062
17730.000   697.000   314.000   68.000   06.809   55.066
17731.000   724.000   292.000   84.000   06.872   55.070
17732.000   790.000   322.000   90.000   06.934   55.074
17733.000   694.000   310.000   79.000   06.997   55.078
17734.000   683.000   302.000   89.000   07.060   55.083
17735.000   735.000   308.000   74.000   07.123   55.087
17736.000   731.000   331.000   75.000   07.185   55.091
17737.000   732.000   295.000   80.000   07.248   55.095
17738.000   727.000   338.000   83.000   07.311   55.099
17739.000   724.000   324.000   75.000   07.374   55.103
17740.000   740.000   312.000   83.000   07.436   55.108
17741.000   710.000   318.000   85.000   07.499   55.112
17742.000   769.000   289.000   92.000   07.562   55.116
17743.000   768.000   329.000   79.000   07.625   55.120
17744.000   727.000   361.000   94.000   07.687   55.124
17745.000   728.000   286.000   82.000   07.750   55.129
17746.000   758.000   318.000   68.000   07.813   55.133
17747.000   761.000   323.000   63.000   07.876   55.137
17748.000   686.000   299.000   66.000   07.938   55.141
17749.000   725.000   303.000   80.000   08.001   55.145
17750.000   719.000   302.000   81.000   08.064   55.150
17751.000   743.000   351.000   66.000   08.126   55.154
17752.000   707.000   329.000   74.000   08.189   55.158
17753.000   723.000   331.000   87.000   08.252   55.162
17754.000   729.000   292.000   60.000   08.315   55.167
17755.000   727.000   313.000   85.000   08.377   55.171
17756.000   742.000   339.000   84.000   08.440   55.175
17757.000   723.000   294.000   81.000   08.503   55.179
17758.000   692.000   323.000   75.000   08.566   55.183
17759.000   680.000   314.000   78.000   08.628   55.188
17760.000   757.000   310.000   83.000   08.691   55.192
17761.000   705.000   284.000   80.000   08.754   55.196
17762.000   733.000   308.000   69.000   08.817   55.200
17763.000   726.000   312.000   72.000   08.879   55.205
17764.000   763.000   322.000   80.000   08.942   55.209
17765.000   709.000   327.000   72.000   09.005   55.213
17766.000   765.000   304.000   68.000   09.068   55.217
17767.000   740.000   317.000   91.000   09.130   55.222
17768.000   727.000   322.000   74.000   09.193   55.226
17769.000   723.000   304.000   81.000   09.256   55.230
17770.000   698.000   302.000   58.000   09.318   55.235
17771.000   749.000   339.000   88.000   09.381   55.239
17772.000   741.000   334.000   67.000   09.444   55.243
17773.000   735.000   322.000   75.000   09.507   55.247
17774.000   684.000   335.000   89.000   09.569   55.252
17775.000   725.000   354.000   83.000   09.632   55.256
17776.000   703.000   323.000   74.000   09.695   55.260
17777.000   692.000   315.000   66.000   09.758   55.265
17778.000   716.000   318.000   69.000   09.820   55.269
17779.000   754.000   300.000   83.000   09.883   55.273
17780.000   706.000   296.000   84.000   09.946   55.277
17781.000   683.000   314.000   86.000   10.008   55.282
17782.000   755.000   297.000   71.000   10.071   55.286
17783.000   747.000   305.000   74.000   10.134   55.290
17784.000   711.000   299.000   93.000   10.197   55.295
17785.000   704.000   274.000   82.000   10.259   55.299
17786.000   730.000   274.000   92.000   10.322   55.303
17787.000   709.000   339.000   75.000   10.385   55.308
17788.000   722.000   337.000   88.000   10.448   55.312
17789.000   763.000   309.000   92.000   10.510   55.316
17790.000   726.000   318.000   93.000   10.573   55.321
17791.000   775.000   298.000   73.000   10.636   55.325
17792.000   709.000   315.000   78.000   10.699   55.329
17793.000   733.000   338.000   69.000   10.761   55.334
17794.000   742.000   312.000   78.000   10.824   55.338
17795.000   726.000   302.000   77.000   10.887   55.342
17796.000   687.000   320.000   76.000   10.949   55.347
17797.000   725.000   315.000   65.000   11.012   55.351
17798.000   735.000   331.000   77.000   11.075   55.355
17799.000   711.000   324.000   75.000   11.138   55.360
17800.000   746.000   354.000   103.000   11.200   55.364
17801.000   705.000   303.000   61.000   11.263   55.369
17802.000   708.000   320.000   84.000   11.326   55.373
17803.000   715.000   300.000   83.000   11.388   55.377
17804.000   740.000   305.000   75.000   11.451   55.382
17805.000   777.000   291.000   76.000   11.514   55.386
17806.000   715.000   337.000   75.000   11.577   55.391
17807.000   705.000   281.000   87.000   11.639   55.395
17808.000   731.000   299.000   67.000   11.702   55.399
17809.000   724.000   318.000   75.000   11.765   55.404
17810.000   710.000   308.000   67.000   11.828   55.408
17811.000   715.000   336.000   80.000   11.890   55.413
17812.000   733.000   289.000   91.000   11.953   55.417
17813.000   675.000   310.000   81.000   12.016   55.421
17814.000   682.000   336.000   70.000   12.078   55.426
17815.000   724.000   299.000   85.000   12.141   55.430
17816.000   671.000   317.000   77.000   12.204   55.435
17817.000   678.000   318.000   78.000   12.267   55.439
17818.000   684.000   316.000   73.000   12.329   55.444
17819.000   726.000   313.000   71.000   12.392   55.448
17820.000   733.000   325.000   79.000   12.455   55.452
17821.000   713.000   322.000   84.000   12.517   55.457
17822.000   709.000   17191.000   78.000   12.580   55.461
17823.000   733.000   21778.000   88.000   12.643   55.466
17824.000   687.000   2001.000   67.000   12.706   55.470
17825.000   702.000   24750.000   80.000   12.768   55.475
17826.000   744.000   347.000   86.000   12.831   55.479
17827.000   705.000   350.000   67.000   12.894   55.484
17828.000   757.000   339.000   75.000   12.956   55.488
17829.000   722.000   300.000   83.000   13.019   55.493
17830.000   757.000   334.000   80.000   13.082   55.497
17831.000   712.000   355.000   73.000   13.144   55.502
17832.000   765.000   373.000   68.000   13.207   55.506
17833.000   695.000   316.000   79.000   13.270   55.511
17834.000   705.000   322.000   73.000   13.333   55.515
17835.000   718.000   361.000   83.000   13.395   55.520
17836.000   679.000   350.000   70.000   13.458   55.524
17837.000   748.000   350.000   94.000   13.521   55.529
17838.000   701.000   345.000   81.000   13.583   55.533
17839.000   730.000   328.000   75.000   13.646   55.538
17840.000   705.000   321.000   67.000   13.709   55.542
17841.000   678.000   338.000   68.000   13.772   55.547
17842.000   705.000   385.000   69.000   13.834   55.551
17843.000   733.000   368.000   81.000   13.897   55.556
17844.000   722.000   329.000   67.000   13.960   55.561
17845.000   761.000   308.000   89.000   14.022   55.565
17846.000   683.000   326.000   85.000   14.085   55.570
17847.000   774.000   349.000   80.000   14.148   55.574
17848.000   714.000   336.000   73.000   14.210   55.579
17849.000   718.000   303.000   79.000   14.273   55.583
17850.000   767.000   311.000   73.000   14.336   55.588
17851.000   687.000   300.000   78.000   14.399   55.593
17852.000   720.000   334.000   87.000   14.461   55.597
17853.000   732.000   327.000   74.000   14.524   55.602
17854.000   723.000   346.000   92.000   14.587   55.606
17855.000   725.000   326.000   92.000   14.649   55.611
17856.000   688.000   330.000   79.000   14.712   55.616
17857.000   712.000   357.000   82.000   14.775   55.620
17858.000   745.000   353.000   69.000   14.837   55.625
17859.000   730.000   343.000   85.000   14.900   55.629
17860.000   702.000   344.000   87.000   14.963   55.634
17861.000   700.000   339.000   89.000   15.026   55.639
17862.000   744.000   349.000   87.000   15.088   55.643
17863.000   713.000   301.000   90.000   15.151   55.648
17864.000   732.000   315.000   86.000   15.214   55.653
17865.000   754.000   332.000   77.000   15.276   55.657
17866.000   744.000   309.000   96.000   15.339   55.662
17867.000   702.000   347.000   73.000   15.402   55.667
17868.000   716.000   343.000   65.000   15.464   55.671
17869.000   694.000   327.000   85.000   15.527   55.676
17870.000   738.000   332.000   97.000   15.590   55.681
17871.000   731.000   356.000   75.000   15.652   55.685
17872.000   666.000   334.000   72.000   15.715   55.690
17873.000   768.000   334.000   60.000   15.778   55.695
17874.000   775.000   342.000   81.000   15.840   55.700
17875.000   741.000   312.000   78.000   15.903   55.704
17876.000   665.000   332.000   74.000   15.966   55.709
17877.000   753.000   336.000   76.000   16.028   55.714
17878.000   741.000   331.000   88.000   16.091   55.718
17879.000   737.000   334.000   78.000   16.154   55.723
17880.000   696.000   307.000   85.000   16.217   55.728
17881.000   716.000   320.000   84.000   16.279   55.733
17882.000   693.000   318.000   75.000   16.342   55.737
17883.000   722.000   353.000   94.000   16.405   55.742
17884.000   714.000   298.000   66.000   16.467   55.747
17885.000   716.000   306.000   67.000   16.530   55.752
17886.000   699.000   311.000   85.000   16.593   55.756
17887.000   677.000   326.000   91.000   16.655   55.761
17888.000   758.000   339.000   86.000   16.718   55.766
17889.000   728.000   331.000   90.000   16.781   55.771
17890.000   703.000   330.000   86.000   16.843   55.776
17891.000   723.000   318.000   71.000   16.906   55.780
17892.000   709.000   323.000   75.000   16.969   55.785
17893.000   737.000   355.000   95.000   17.031   55.790
17894.000   736.000   341.000   87.000   17.094   55.795
17895.000   694.000   335.000   70.000   17.157   55.800
17896.000   712.000   350.000   88.000   17.219   55.805
17897.000   788.000   354.000   82.000   17.282   55.809
17898.000   714.000   333.000   88.000   17.345   55.814
17899.000   747.000   315.000   77.000   17.407   55.819
17900.000   726.000   347.000   85.000   17.470   55.824
17901.000   790.000   346.000   91.000   17.533   55.829
17902.000   736.000   321.000   73.000   17.595   55.834
17903.000   715.000   320.000   77.000   17.658   55.839
17904.000   753.000   289.000   87.000   17.721   55.843
17905.000   725.000   337.000   89.000   17.783   55.848
17906.000   754.000   319.000   82.000   17.846   55.853
17907.000   732.000   366.000   68.000   17.909   55.858
17908.000   721.000   348.000   85.000   17.971   55.863
17909.000   720.000   319.000   81.000   18.034   55.868
17910.000   710.000   330.000   77.000   18.097   55.873
17911.000   730.000   345.000   59.000   18.159   55.878
17912.000   686.000   335.000   89.000   18.222   55.883
17913.000   746.000   324.000   76.000   18.285   55.888
17914.000   692.000   343.000   78.000   18.347   55.893
17915.000   684.000   335.000   82.000   18.410   55.898
17916.000   700.000   340.000   82.000   18.472   55.903
17917.000   711.000   333.000   81.000   18.535   55.908
17918.000   713.000   326.000   66.000   18.598   55.913
17919.000   738.000   346.000   103.000   18.660   55.918
17920.000   733.000   354.000   72.000   18.723   55.923
17921.000   706.000   344.000   84.000   18.786   55.928
17922.000   768.000   345.000   90.000   18.848   55.933
17923.000   734.000   343.000   68.000   18.911   55.938
17924.000   719.000   317.000   102.000   18.974   55.943
17925.000   721.000   346.000   84.000   19.036   55.948
17926.000   680.000   314.000   76.000   19.099   55.953
17927.000   720.000   331.000   77.000   19.162   55.958
17928.000   717.000   329.000   73.000   19.224   55.963
17929.000   776.000   345.000   74.000   19.287   55.968
17930.000   747.000   359.000   76.000   19.350   55.973
17931.000   750.000   316.000   104.000   19.412   55.978
17932.000   683.000   365.000   89.000   19.475   55.983
17933.000   742.000   358.000   67.000   19.537   55.988
17934.000   748.000   306.000   87.000   19.600   55.993
17935.000   767.000   319.000   88.000   19.663   55.998
17936.000   708.000   339.000   79.000   19.725   56.003
17937.000   762.000   352.000   85.000   19.788   56.008
17938.000   672.000   327.000   89.000   19.851   56.014
17939.000   708.000   304.000   73.000   19.913   56.019
17940.000   713.000   328.000   89.000   19.976   56.024
17941.000   732.000   358.000   63.000   20.039   56.029
17942.000   17419.000   17220.000   76.000   20.101   56.034
17943.000   22074.000   21833.000   85.000   20.164   56.039
17944.000   1748.000   330.000   89.000   20.226   56.044
17945.000   25000.000   344.000   88.000   20.289   56.050
17946.000   684.000   346.000   73.000   20.352   56.055
17947.000   631.000   327.000   71.000   20.414   56.060
17948.000   626.000   339.000   78.000   20.477   56.065
17949.000   645.000   306.000   66.000   20.540   56.070
17950.000   681.000   328.000   66.000   20.602   56.075
17951.000   683.000   329.000   84.000   20.665   56.081
17952.000   656.000   323.000   76.000   20.727   56.086
17953.000   635.000   355.000   88.000   20.790   56.091
17954.000   676.000   349.000   86.000   20.853   56.096
17955.000   664.000   345.000   75.000   20.915   56.102
17956.000   625.000   350.000   78.000   20.978   56.107
17957.000   648.000   343.000   91.000   21.040   56.112
17958.000   683.000   329.000   79.000   21.103   56.117
17959.000   651.000   339.000   77.000   21.166   56.123
17960.000   660.000   343.000   74.000   21.228   56.128
17961.000   647.000   290.000   71.000   21.291   56.133
17962.000   657.000   352.000   81.000   21.354   56.139
17963.000   648.000   331.000   80.000   21.416   56.144
17964.000   665.000   343.000   76.000   21.479   56.149
17965.000   661.000   335.000   76.000   21.541   56.154
17966.000   669.000   334.000   73.000   21.604   56.160
17967.000   616.000   333.000   94.000   21.667   56.165
17968.000   626.000   346.000   75.000   21.729   56.170
17969.000   656.000   366.000   79.000   21.792   56.176
17970.000   638.000   341.000   74.000   21.854   56.181
17971.000   640.000   336.000   85.000   21.917   56.187
17972.000   697.000   350.000   74.000   21.980   56.192
17973.000   725.000   363.000   84.000   22.042   56.197
17974.000   666.000   349.000   67.000   22.105   56.203
17975.000   661.000   339.000   76.000   22.167   56.208
17976.000   640.000   349.000   59.000   22.230   56.214
17977.000   670.000   339.000   79.000   22.293   56.219
17978.000   662.000   360.000   83.000   22.355   56.224
17979.000   704.000   345.000   77.000   22.418   56.230
17980.000   643.000   303.000   67.000   22.480   56.235
17981.000   627.000   311.000   92.000   22.543   56.241
17982.000   672.000   335.000   80.000   22.606   56.246
17983.000   632.000   356.000   80.000   22.668   56.252
17984.000   641.000   331.000   82.000   22.731   56.257
17985.000   638.000   344.000   78.000   22.793   56.263
17986.000   660.000   335.000   78.000   22.856   56.268
17987.000   675.000   340.000   67.000   22.918   56.274
17988.000   639.000   336.000   93.000   22.981   56.279
17989.000   669.000   342.000   88.000   23.044   56.285
17990.000   703.000   371.000   81.000   23.106   56.290
17991.000   632.000   320.000   97.000   23.169   56.296
17992.000   658.000   349.000   61.000   23.231   56.301
17993.000   644.000   357.000   76.000   23.294   56.307
17994.000   672.000   340.000   70.000   23.356   56.312
17995.000   685.000   344.000   76.000   23.419   56.318
17996.000   650.000   345.000   92.000   23.482   56.324
17997.000   692.000   332.000   91.000   23.544   56.329
17998.000   646.000   338.000   79.000   23.607   56.335
17999.000   689.000   338.000   89.000   23.669   56.340
18000.000   648.000   362.000   98.000   23.732   56.346
18001.000   661.000   351.000   76.000   23.794   56.352
18482.000   933.000   467.000   117.000   53.658   61.300
18483.000   949.000   454.000   124.000   53.719   61.319
18484.000   928.000   474.000   119.000   53.780   61.338
18485.000   853.000   449.000   119.000   53.841   61.357
18486.000   884.000   474.000   129.000   53.903   61.377
18487.000   939.000   482.000   128.000   53.964   61.396
18488.000   930.000   470.000   133.000   54.025   61.416
18489.000   932.000   452.000   125.000   54.087   61.435
18490.000   919.000   405.000   136.000   54.148   61.455
18491.000   910.000   489.000   126.000   54.209   61.475
18492.000   952.000   460.000   139.000   54.270   61.494
18493.000   945.000   468.000   124.000   54.332   61.514
18494.000   936.000   491.000   128.000   54.393   61.534
18495.000   937.000   519.000   118.000   54.454   61.554
18496.000   918.000   486.000   142.000   54.515   61.574
18497.000   939.000   478.000   135.000   54.576   61.594
18498.000   971.000   471.000   123.000   54.638   61.614
18499.000   944.000   501.000   128.000   54.699   61.635
18500.000   980.000   482.000   129.000   54.760   61.655
18501.000   974.000   510.000   151.000   54.821   61.675
18502.000   859.000   518.000   122.000   54.882   61.696
18503.000   944.000   527.000   124.000   54.944   61.716
18504.000   922.000   484.000   143.000   55.005   61.737
18505.000   953.000   516.000   145.000   55.066   61.758
18506.000   927.000   443.000   128.000   55.127   61.779
18507.000   924.000   460.000   138.000   55.188   61.799
18508.000   931.000   495.000   139.000   55.249   61.820
18509.000   949.000   495.000   145.000   55.311   61.841
18510.000   948.000   458.000   129.000   55.372   61.863
18511.000   990.000   473.000   120.000   55.433   61.884
18512.000   922.000   513.000   125.000   55.494   61.905
18513.000   928.000   461.000   122.000   55.555   61.926
18514.000   870.000   497.000   140.000   55.616   61.948
18515.000   926.000   476.000   129.000   55.677   61.969
18516.000   921.000   506.000   133.000   55.738   61.991
18517.000   983.000   517.000   148.000   55.800   62.012
18518.000   945.000   469.000   151.000   55.861   62.034
18519.000   941.000   477.000   120.000   55.922   62.056
18520.000   918.000   493.000   135.000   55.983   62.078
18521.000   1015.000   488.000   130.000   56.044   62.100
18522.000   947.000   516.000   144.000   56.105   62.122
18523.000   904.000   517.000   131.000   56.166   62.144
18524.000   930.000   489.000   128.000   56.227   62.166
18525.000   927.000   504.000   131.000   56.288   62.189
18526.000   904.000   497.000   167.000   56.349   62.211
18527.000   971.000   530.000   116.000   56.410   62.233
18528.000   966.000   460.000   147.000   56.471   62.256
18529.000   990.000   469.000   128.000   56.532   62.279
18530.000   937.000   504.000   118.000   56.593   62.301
18531.000   964.000   486.000   142.000   56.654   62.324
18532.000   936.000   480.000   115.000   56.715   62.347
18533.000   956.000   499.000   151.000   56.776   62.370
18534.000   961.000   498.000   143.000   56.837   62.393
18535.000   976.000   508.000   159.000   56.898   62.416
18536.000   970.000   461.000   134.000   56.959   62.440
18537.000   968.000   512.000   142.000   57.020   62.463
18538.000   981.000   491.000   142.000   57.081   62.487
18539.000   991.000   503.000   153.000   57.142   62.510
18540.000   975.000   515.000   158.000   57.203   62.534
18541.000   989.000   531.000   151.000   57.264   62.557
18542.000   922.000   536.000   136.000   57.325   62.581
18543.000   1018.000   490.000   142.000   57.386   62.605
18544.000   967.000   544.000   158.000   57.447   62.629
18545.000   1001.000   528.000   130.000   57.508   62.653
18546.000   995.000   517.000   137.000   57.569   62.677
18547.000   1002.000   459.000   160.000   57.629   62.702
18548.000   978.000   528.000   134.000   57.690   62.726
18549.000   1037.000   503.000   129.000   57.751   62.751
18550.000   1005.000   484.000   182.000   57.812   62.775
18551.000   1013.000   481.000   141.000   57.873   62.800
18552.000   1047.000   479.000   124.000   57.934   62.825
18553.000   1009.000   517.000   134.000   57.995   62.849
18554.000   994.000   519.000   139.000   58.055   62.874
18555.000   1069.000   494.000   146.000   58.116   62.899
18556.000   971.000   499.000   125.000   58.177   62.925
18557.000   1064.000   518.000   156.000   58.238   62.950
18558.000   1015.000   463.000   133.000   58.299   62.975
18559.000   1060.000   524.000   138.000   58.360   63.001
18560.000   914.000   550.000   134.000   58.420   63.026
18561.000   1009.000   493.000   122.000   58.481   63.052
18562.000   1057.000   487.000   144.000   58.542   63.078
18563.000   1043.000   495.000   155.000   58.603   63.103
18564.000   1001.000   521.000   153.000   58.663   63.129
18565.000   1000.000   533.000   139.000   58.724   63.156
18566.000   1010.000   519.000   175.000   58.785   63.182
18567.000   1057.000   554.000   158.000   58.846   63.208
18568.000   1065.000   495.000   162.000   58.906   63.234
18569.000   1026.000   532.000   152.000   58.967   63.261
18570.000   1065.000   568.000   144.000   59.028   63.288
18571.000   1048.000   524.000   137.000   59.089   63.314
18572.000   1039.000   534.000   156.000   59.149   63.341
18573.000   1024.000   513.000   167.000   59.210   63.368
18574.000   1039.000   528.000   146.000   59.271   63.395
18575.000   1015.000   539.000   164.000   59.331   63.422
18576.000   1031.000   495.000   148.000   59.392   63.450
18577.000   1041.000   559.000   154.000   59.453   63.477
18578.000   1077.000   540.000   146.000   59.513   63.504
18579.000   991.000   572.000   140.000   59.574   63.532
18580.000   998.000   541.000   152.000   59.635   63.560
18581.000   1041.000   552.000   150.000   59.695   63.588
18582.000   1059.000   540.000   143.000   59.756   63.616
18583.000   1050.000   565.000   149.000   59.817   63.644
18584.000   1092.000   543.000   149.000   59.877   63.672
18585.000   1047.000   539.000   151.000   59.938   63.700
18586.000   964.000   557.000   156.000   59.998   63.729
18587.000   1052.000   545.000   153.000   60.059   63.757
18588.000   1027.000   547.000   143.000   60.119   63.786
18589.000   1055.000   514.000   165.000   60.180   63.815
18590.000   1069.000   560.000   165.000   60.241   63.843
18591.000   1062.000   522.000   175.000   60.301   63.873
18592.000   1044.000   498.000   143.000   60.362   63.902
18593.000   1064.000   567.000   162.000   60.422   63.931
18594.000   1101.000   538.000   153.000   60.483   63.960
18595.000   1015.000   599.000   171.000   60.543   63.990
18596.000   1042.000   601.000   191.000   60.604   64.020
18597.000   1019.000   534.000   161.000   60.664   64.049
18598.000   1061.000   582.000   163.000   60.725   64.079
18599.000   1120.000   577.000   156.000   60.785   64.109
18600.000   1057.000   563.000   136.000   60.846   64.139
18601.000   1167.000   584.000   168.000   60.906   64.170
18602.000   1092.000   599.000   163.000   60.966   64.200
18603.000   1142.000   607.000   174.000   61.027   64.231
18604.000   1112.000   580.000   166.000   61.087   64.261
18605.000   1049.000   569.000   166.000   61.148   64.292
18606.000   1115.000   582.000   164.000   61.208   64.323
18607.000   1087.000   587.000   176.000   61.268   64.354
18608.000   1083.000   634.000   192.000   61.329   64.385
18609.000   1092.000   627.000   198.000   61.389   64.417
18610.000   1171.000   626.000   167.000   61.450   64.448
18611.000   1119.000   625.000   175.000   61.510   64.480
18612.000   1118.000   655.000   208.000   61.570   64.512
18613.000   1160.000   676.000   181.000   61.631   64.544
18614.000   1109.000   660.000   198.000   61.691   64.576
18615.000   1182.000   690.000   194.000   61.751   64.608
18616.000   1166.000   664.000   186.000   61.811   64.640
18617.000   1147.000   713.000   248.000   61.872   64.673
18618.000   1162.000   732.000   244.000   61.932   64.705
18619.000   1203.000   768.000   273.000   61.992   64.738
18620.000   1210.000   763.000   295.000   62.053   64.771
18621.000   1229.000   806.000   293.000   62.113   64.804
18622.000   1219.000   826.000   296.000   62.173   64.837
18623.000   1291.000   846.000   310.000   62.233   64.871
18624.000   1256.000   932.000   353.000   62.293   64.904
18625.000   1304.000   1007.000   380.000   62.354   64.938
18626.000   1392.000   1038.000   395.000   62.414   64.972
18627.000   1372.000   1060.000   432.000   62.474   65.006
18628.000   1426.000   1133.000   468.000   62.534   65.040
18629.000   1429.000   1273.000   516.000   62.594   65.074
18630.000   1513.000   1318.000   541.000   62.655   65.108
18631.000   1601.000   1391.000   555.000   62.715   65.143
18632.000   1622.000   1556.000   629.000   62.775   65.178
18633.000   1631.000   1649.000   699.000   62.835   65.213
18634.000   1728.000   1763.000   749.000   62.895   65.248
18635.000   1795.000   1923.000   793.000   62.955   65.283
18636.000   1838.000   2064.000   875.000   63.015   65.318
18637.000   1939.000   2271.000   949.000   63.075   65.354
18638.000   2069.000   2484.000   1055.000   63.135   65.390
18639.000   2245.000   2687.000   1155.000   63.195   65.426
18640.000   2365.000   2834.000   1269.000   63.255   65.462
18641.000   2515.000   3158.000   1470.000   63.315   65.498
18642.000   2618.000   3441.000   1483.000   63.375   65.534
18643.000   2775.000   3637.000   1651.000   63.435   65.571
18644.000   2890.000   3894.000   1727.000   63.495   65.607
18645.000   3122.000   4362.000   1927.000   63.555   65.644
18646.000   3361.000   4546.000   2102.000   63.615   65.681
18647.000   3497.000   4928.000   2177.000   63.675   65.719
18648.000   3577.000   5180.000   2323.000   63.735   65.756
18649.000   3810.000   5479.000   2462.000   63.795   65.794
18650.000   3855.000   5784.000   2687.000   63.855   65.831
18651.000   4200.000   5981.000   2727.000   63.915   65.869
18652.000   4490.000   6487.000   2893.000   63.975   65.907
18653.000   4643.000   6858.000   3022.000   64.034   65.946
18654.000   4778.000   7173.000   3295.000   64.094   65.984
18655.000   5015.000   7472.000   3445.000   64.154   66.023
18656.000   5396.000   7898.000   3607.000   64.214   66.062
18657.000   5646.000   8883.000   3967.000   64.274   66.101
18658.000   5962.000   9037.000   4047.000   64.334   66.140
18659.000   6305.000   9385.000   4278.000   64.393   66.179
18660.000   6317.000   9759.000   4354.000   64.453   66.219
18661.000   6490.000   9876.000   4477.000   64.513   66.259
18662.000   6507.000   10022.000   4539.000   64.573   66.299
18663.000   6772.000   10249.000   4563.000   64.632   66.339
18664.000   6817.000   10398.000   4735.000   64.692   66.379
18665.000   6899.000   10872.000   4695.000   64.752   66.420
18666.000   7181.000   10974.000   4867.000   64.811   66.461
18667.000   7401.000   11209.000   5028.000   64.871   66.502
18668.000   7619.000   11806.000   5332.000   64.931   66.543
18669.000   7966.000   11841.000   5389.000   64.990   66.584
18670.000   7885.000   12166.000   5348.000   65.050   66.626
18671.000   8066.000   12197.000   5269.000   65.110   66.668
18672.000   8007.000   12230.000   5203.000   65.169   66.710
18673.000   8009.000   11909.000   5202.000   65.229   66.752
18674.000   7854.000   11879.000   5132.000   65.288   66.794
18675.000   7971.000   11877.000   4966.000   65.348   66.837
18676.000   8038.000   11492.000   4977.000   65.407   66.880
18677.000   8340.000   11769.000   4860.000   65.467   66.923
18678.000   8120.000   11678.000   4981.000   65.526   66.966
18679.000   8332.000   11543.000   4849.000   65.586   67.009
18680.000   8306.000   11256.000   4772.000   65.645   67.053
18681.000   8335.000   11212.000   4559.000   65.705   67.097
18682.000   8338.000   11324.000   4485.000   65.764   67.141
18683.000   8371.000   10868.000   4577.000   65.824   67.185
18684.000   8472.000   11053.000   4337.000   65.883   67.230
18685.000   8512.000   11030.000   4297.000   65.943   67.275
18686.000   8772.000   11193.000   4306.000   66.002   67.320
18687.000   8877.000   11106.000   4377.000   66.061   67.365
18688.000   9157.000   11318.000   4415.000   66.121   67.411
18689.000   9492.000   11575.000   4346.000   66.180   67.456
18690.000   9922.000   11893.000   4550.000   66.239   67.502
18691.000   10217.000   12159.000   4537.000   66.299   67.549
18692.000   10476.000   12342.000   4654.000   66.358   67.595
18693.000   10928.000   12534.000   4748.000   66.417   67.642
18694.000   12772.000   13390.000   4839.000   66.476   67.689
18695.000   13569.000   13261.000   4618.000   66.536   67.736
18696.000   13668.000   12803.000   4421.000   66.595   67.783
18697.000   13579.000   12513.000   4150.000   66.654   67.831
18698.000   14055.000   11997.000   3898.000   66.713   67.879
18699.000   12886.000   11457.000   3729.000   66.772   67.927
18700.000   12529.000   11269.000   3655.000   66.831   67.975
18701.000   12944.000   11059.000   3477.000   66.891   68.024
18702.000   12983.000   10693.000   3306.000   66.950   68.073
18703.000   13039.000   10660.000   3162.000   67.009   68.122
18704.000   13023.000   10624.000   3057.000   67.068   68.171
18705.000   12817.000   10250.000   2978.000   67.127   68.221
18706.000   12669.000   10079.000   2934.000   67.186   68.271
18707.000   12973.000   10075.000   2843.000   67.245   68.321
18708.000   13846.000   9997.000   2732.000   67.304   68.372
18709.000   13871.000   10035.000   2739.000   67.363   68.422
18710.000   13788.000   9888.000   2568.000   67.422   68.473
18711.000   14860.000   9986.000   2472.000   67.481   68.525
18712.000   15041.000   9994.000   2416.000   67.540   68.576
18713.000   14158.000   9660.000   2416.000   67.598   68.628
18714.000   13465.000   9562.000   2225.000   67.657   68.680
18715.000   13818.000   9351.000   2205.000   67.716   68.732
18716.000   14139.000   9397.000   2145.000   67.775   68.785
18717.000   14621.000   9469.000   2167.000   67.834   68.838
18718.000   15163.000   9594.000   2079.000   67.893   68.891
18719.000   15427.000   9796.000   2047.000   67.951   68.945
18720.000   15547.000   9709.000   1994.000   68.010   68.999
18721.000   15910.000   9588.000   2041.000   68.069   69.053
18722.000   15573.000   9389.000   1896.000   68.128   69.107
18723.000   15224.000   9332.000   1816.000   68.186   69.162
18724.000   15193.000   8966.000   1866.000   68.245   69.217
18725.000   15247.000   8910.000   1783.000   68.304   69.272
18726.000   15502.000   8857.000   1693.000   68.362   69.328
18727.000   16112.000   8898.000   1557.000   68.421   69.384
18728.000   16205.000   8653.000   1521.000   68.479   69.440
18729.000   15930.000   8529.000   1456.000   68.538   69.497
18730.000   15629.000   8338.000   1383.000   68.596   69.554
18731.000   15337.000   7827.000   1227.000   68.655   69.611
18732.000   15120.000   7792.000   1295.000   68.713   69.669
18733.000   15190.000   7797.000   1251.000   68.772   69.726
18734.000   15179.000   7426.000   1234.000   68.830   69.785
18735.000   15270.000   7350.000   1119.000   68.889   69.843
18736.000   14663.000   7389.000   1104.000   68.947   69.902
18737.000   14520.000   7056.000   1063.000   69.005   69.961
18738.000   14390.000   6897.000   1005.000   69.064   70.021
18739.000   14528.000   6805.000   951.000   69.122   70.080
18740.000   14946.000   6675.000   896.000   69.180   70.141
18741.000   15200.000   6542.000   855.000   69.239   70.201
18742.000   15666.000   6540.000   818.000   69.297   70.262
18743.000   15191.000   6182.000   746.000   69.355   70.323
18744.000   14601.000   5978.000   708.000   69.413   70.385
18745.000   14679.000   5824.000   673.000   69.471   70.447
18746.000   14978.000   5736.000   621.000   69.529   70.509
18747.000   14538.000   5650.000   640.000   69.588   70.572
18748.000   14677.000   5546.000   620.000   69.646   70.635
18749.000   14930.000   5282.000   572.000   69.704   70.698
18750.000   14496.000   5124.000   524.000   69.762   70.762
18751.000   13792.000   5009.000   542.000   69.820   70.826
18752.000   13652.000   4860.000   477.000   69.878   70.891
18753.000   13427.000   4836.000   444.000   69.936   70.956
18754.000   13217.000   4534.000   424.000   69.994   71.021
18755.000   13016.000   4533.000   443.000   70.052   71.087
18756.000   12547.000   4271.000   418.000   70.109   71.153
18757.000   12507.000   4203.000   377.000   70.167   71.219
18758.000   12108.000   4057.000   399.000   70.225   71.286
18759.000   12053.000   4030.000   390.000   70.283   71.353
18760.000   12527.000   3988.000   347.000   70.341   71.421
18761.000   13065.000   3889.000   338.000   70.398   71.489
18762.000   12746.000   3754.000   275.000   70.456   71.557
18763.000   11793.000   3395.000   278.000   70.514   71.626
18764.000   11582.000   3364.000   272.000   70.571   71.695
18765.000   11330.000   3312.000   292.000   70.629   71.765
18766.000   11691.000   3252.000   264.000   70.686   71.835
18767.000   12327.000   3292.000   270.000   70.744   71.906
18768.000   12278.000   3337.000   255.000   70.801   71.977
18769.000   12356.000   3429.000   251.000   70.859   72.048
18770.000   12827.000   3232.000   222.000   70.916   72.120
18771.000   12762.000   3282.000   233.000   70.974   72.192
18772.000   13282.000   3260.000   251.000   71.031   72.265
18773.000   13005.000   3128.000   213.000   71.089   72.338
18774.000   13189.000   3121.000   228.000   71.146   72.412
18775.000   13399.000   3045.000   199.000   71.203   72.486
18776.000   13557.000   3077.000   229.000   71.260   72.561
18777.000   13087.000   3077.000   202.000   71.318   72.636
18778.000   12665.000   2938.000   208.000   71.375   72.711
18779.000   12221.000   2889.000   192.000   71.432   72.787
18780.000   11755.000   2758.000   164.000   71.489   72.864
18781.000   12354.000   2705.000   168.000   71.546   72.940
18782.000   12456.000   2704.000   182.000   71.603   73.018
18783.000   11654.000   2575.000   203.000   71.660   73.096
18784.000   11145.000   2523.000   198.000   71.717   73.174
18785.000   10869.000   2395.000   204.000   71.774   73.253
18786.000   10339.000   2311.000   163.000   71.831   73.332
18787.000   9896.000   2193.000   177.000   71.888   73.412
18788.000   10464.000   2266.000   195.000   71.945   73.493
18789.000   10926.000   2358.000   203.000   72.001   73.574
18790.000   11219.000   2293.000   173.000   72.058   73.655
18791.000   9836.000   2133.000   189.000   72.115   73.737
18792.000   9396.000   2106.000   154.000   72.172   73.820
18793.000   9359.000   2173.000   180.000   72.228   73.903
18794.000   9584.000   2145.000   172.000   72.285   73.986
18795.000   10216.000   2137.000   157.000   72.341   74.070
18796.000   10305.000   2013.000   197.000   72.398   74.155
18797.000   10104.000   1929.000   184.000   72.454   74.240
18798.000   9577.000   1910.000   157.000   72.511   74.326
18799.000   11785.000   1953.000   179.000   72.567   74.412
18800.000   9846.000   1813.000   163.000   72.623   74.499
18801.000   9611.000   1879.000   166.000   72.680   74.587
18802.000   9313.000   1777.000   158.000   72.736   74.675
18803.000   8460.000   1629.000   185.000   72.792   74.763
18804.000   8861.000   1691.000   148.000   72.848   74.853
18805.000   8378.000   1650.000   185.000   72.905   74.942
18806.000   8144.000   1617.000   167.000   72.961   75.033
18807.000   8238.000   1534.000   162.000   73.017   75.124
18808.000   8951.000   1607.000   157.000   73.073   75.215
18809.000   10036.000   1644.000   154.000   73.129   75.308
18810.000   8905.000   1588.000   153.000   73.185   75.401
18811.000   8932.000   1508.000   140.000   73.240   75.494
18812.000   8711.000   1609.000   156.000   73.296   75.588
18813.000   8697.000   1495.000   165.000   73.352   75.683
18814.000   8810.000   1585.000   168.000   73.408   75.778
18815.000   8984.000   1425.000   163.000   73.463   75.874
18816.000   9529.000   1503.000   167.000   73.519   75.971
18817.000   10202.000   1640.000   171.000   73.575   76.069
18818.000   12198.000   1572.000   147.000   73.630   76.167
18819.000   11752.000   1528.000   160.000   73.686   76.265
18820.000   11053.000   1454.000   160.000   73.741   76.365
18821.000   10071.000   1422.000   139.000   73.796   76.465
18822.000   8723.000   1441.000   143.000   73.852   76.566
18823.000   8242.000   1344.000   148.000   73.907   76.667
18824.000   7661.000   1249.000   139.000   73.962   76.769
18825.000   7152.000   1213.000   156.000   74.017   76.872
18826.000   7111.000   1171.000   148.000   74.073   76.976
18827.000   6980.000   1191.000   163.000   74.128   77.080
18828.000   7027.000   1201.000   154.000   74.183   77.185
18829.000   7170.000   1198.000   157.000   74.238   77.291
18830.000   7799.000   1196.000   141.000   74.292   77.398
18831.000   7041.000   1135.000   154.000   74.347   77.505
18832.000   6893.000   1146.000   145.000   74.402   77.613
18833.000   6384.000   1190.000   157.000   74.457   77.722
18834.000   6037.000   1035.000   157.000   74.511   77.832
18835.000   6029.000   1115.000   141.000   74.566   77.942
18836.000   6725.000   1015.000   151.000   74.621   78.054
18837.000   6098.000   998.000   165.000   74.675   78.166
18838.000   5776.000   965.000   159.000   74.729   78.279
18839.000   6077.000   894.000   162.000   74.784   78.392
18840.000   5455.000   919.000   161.000   74.838   78.507
18841.000   5303.000   938.000   156.000   74.892   78.622
18842.000   5192.000   886.000   166.000   74.946   78.738
18843.000   4912.000   804.000   144.000   75.001   78.855
18844.000   5591.000   724.000   149.000   75.055   78.973
18845.000   6394.000   758.000   168.000   75.109   79.092
18846.000   5421.000   699.000   136.000   75.162   79.211
18847.000   6602.000   661.000   142.000   75.216   79.332
18848.000   8681.000   699.000   151.000   75.270   79.453
18849.000   8697.000   721.000   153.000   75.324   79.576
18850.000   5862.000   689.000   174.000   75.377   79.699
18851.000   5172.000   698.000   162.000   75.431   79.823
18852.000   7339.000   703.000   136.000   75.484   79.948
18853.000   8358.000   668.000   160.000   75.538   80.074
18854.000   8705.000   707.000   154.000   75.591   80.201
18855.000   9081.000   656.000   144.000   75.645   80.329
18856.000   7835.000   630.000   135.000   75.698   80.457
18857.000   8571.000   678.000   138.000   75.751   80.587
18858.000   7682.000   684.000   161.000   75.804   80.718
18859.000   7247.000   675.000   143.000   75.857   80.850
18860.000   6407.000   651.000   149.000   75.910   80.982
18861.000   5907.000   664.000   145.000   75.963   81.116
18862.000   5939.000   656.000   137.000   76.015   81.251
18863.000   5434.000   622.000   128.000   76.068   81.387
18864.000   5714.000   604.000   121.000   76.121   81.524
18865.000   6761.000   655.000   147.000   76.173   81.661
18866.000   6853.000   596.000   122.000   76.225   81.800
18867.000   5831.000   626.000   159.000   76.278   81.940
18868.000   4787.000   613.000   153.000   76.330   82.082
18869.000   5531.000   675.000   161.000   76.382   82.224
18870.000   5146.000   629.000   145.000   76.434   82.367
18871.000   4899.000   661.000   144.000   76.486   82.511
18872.000   7635.000   606.000   162.000   76.538   82.657
18873.000   6874.000   637.000   152.000   76.590   82.804
18874.000   4258.000   612.000   155.000   76.642   82.951
18875.000   3971.000   647.000   162.000   76.693   83.100
18876.000   3912.000   630.000   148.000   76.745   83.251
18877.000   3373.000   622.000   142.000   76.796   83.402
18878.000   3385.000   602.000   159.000   76.848   83.554
18879.000   5275.000   612.000   158.000   76.899   83.708
18880.000   6164.000   625.000   166.000   76.950   83.863
18881.000   6074.000   585.000   145.000   77.001   84.019
18882.000   5323.000   670.000   169.000   77.052   84.177
18883.000   4011.000   635.000   157.000   77.103   84.335
18884.000   3424.000   638.000   144.000   77.154   84.495
18885.000   2917.000   648.000   166.000   77.204   84.656
18886.000   2896.000   598.000   141.000   77.255   84.819
18887.000   2760.000   607.000   175.000   77.305   84.983
18888.000   2725.000   614.000   143.000   77.356   85.148
18889.000   2708.000   651.000   171.000   77.406   85.314
18890.000   2685.000   652.000   169.000   77.456   85.482
18891.000   2671.000   619.000   147.000   77.506   85.651
18892.000   3110.000   580.000   145.000   77.556   85.822
18893.000   3292.000   656.000   160.000   77.606   85.993
18894.000   3136.000   628.000   137.000   77.655   86.167
18895.000   2837.000   634.000   155.000   77.705   86.341
18896.000   2662.000   646.000   168.000   77.754   86.518
18897.000   3071.000   594.000   132.000   77.803   86.695
18898.000   3873.000   641.000   158.000   77.853   86.874
18899.000   3912.000   604.000   148.000   77.902   87.054
18900.000   3470.000   638.000   171.000   77.951   87.236
18901.000   3159.000   587.000   149.000   77.999   87.420
18902.000   3024.000   560.000   163.000   78.048   87.605
18903.000   2677.000   609.000   159.000   78.097   87.791
18904.000   2652.000   600.000   176.000   78.145   87.979
18905.000   2563.000   667.000   148.000   78.193   88.169
18906.000   2391.000   636.000   152.000   78.242   88.360
18907.000   2464.000   674.000   143.000   78.290   88.553
18908.000   2514.000   636.000   142.000   78.338   88.747
18909.000   2968.000   608.000   144.000   78.385   88.943
18910.000   2547.000   607.000   144.000   78.433   89.140
18911.000   2374.000   631.000   151.000   78.480   89.339
18912.000   2380.000   620.000   144.000   78.528   89.540
18913.000   2542.000   628.000   176.000   78.575   89.743
18914.000   2848.000   607.000   138.000   78.622   89.947
18915.000   2585.000   604.000   151.000   78.669   90.153
18916.000   2537.000   627.000   162.000   78.716   90.360
18917.000   2475.000   573.000   159.000   78.762   90.570
18918.000   2465.000   626.000   148.000   78.809   90.781
18919.000   2426.000   614.000   138.000   78.855   90.994
18920.000   2366.000   627.000   148.000   78.901   91.208
18921.000   2599.000   572.000   146.000   78.947   91.425
18922.000   2654.000   591.000   139.000   78.993   91.643
18923.000   2627.000   653.000   160.000   79.039   91.863
18924.000   2539.000   646.000   141.000   79.084   92.085
18925.000   2307.000   629.000   143.000   79.129   92.309
18926.000   2351.000   609.000   153.000   79.174   92.534
18927.000   2236.000   605.000   150.000   79.219   92.762
18928.000   2306.000   616.000   163.000   79.264   92.991
18929.000   2315.000   625.000   121.000   79.309   93.223
18930.000   2202.000   609.000   165.000   79.353   93.456
18931.000   2291.000   607.000   153.000   79.398   93.691
18932.000   2282.000   632.000   139.000   79.442   93.929
18933.000   2276.000   580.000   157.000   79.486   94.168
18934.000   2287.000   586.000   171.000   79.529   94.409
18935.000   2369.000   571.000   155.000   79.573   94.653
18936.000   2381.000   629.000   145.000   79.616   94.898
18937.000   2411.000   610.000   125.000   79.659   95.145
18938.000   2364.000   609.000   153.000   79.702   95.395
18939.000   2283.000   655.000   167.000   79.745   95.647
18940.000   2270.000   545.000   146.000   79.787   95.900
18941.000   2177.000   630.000   164.000   79.830   96.156
18942.000   2316.000   609.000   143.000   79.872   96.414
18943.000   2202.000   597.000   153.000   79.914   96.674
18944.000   2164.000   586.000   139.000   79.956   96.937
18945.000   2216.000   655.000   150.000   79.997   97.201
18946.000   2264.000   615.000   149.000   80.038   97.468
18947.000   2195.000   607.000   143.000   80.079   97.737
18948.000   2146.000   627.000   149.000   80.120   98.008
18949.000   2101.000   611.000   166.000   80.161   98.281
18950.000   2126.000   605.000   146.000   80.201   98.557
18951.000   2228.000   633.000   155.000   80.241   98.835
18952.000   2166.000   657.000   150.000   80.281   99.115
18953.000   2185.000   614.000   139.000   80.321   99.398
18954.000   2188.000   620.000   150.000   80.360   99.683
18955.000   2088.000   613.000   137.000   80.399   99.970
18956.000   2200.000   614.000   147.000   80.438   100.260
18957.000   2138.000   647.000   158.000   80.477   100.552
18958.000   2218.000   640.000   161.000   80.516   100.846
18959.000   2109.000   617.000   149.000   80.554   101.143
18960.000   2160.000   586.000   150.000   80.592   101.442
18961.000   2079.000   648.000   171.000   80.629   101.744
18962.000   2083.000   598.000   164.000   80.667   102.048
18963.000   2122.000   634.000   157.000   80.704   102.355
18964.000   2102.000   571.000   161.000   80.741   102.664
18965.000   2161.000   618.000   148.000   80.777   102.975
18966.000   2145.000   613.000   154.000   80.814   103.289
18967.000   2062.000   565.000   158.000   80.850   103.605
18968.000   2145.000   619.000   142.000   80.885   103.924
18969.000   2114.000   605.000   143.000   80.921   104.246
18970.000   2128.000   587.000   136.000   80.956   104.570
18971.000   2033.000   640.000   177.000   80.991   104.896
18972.000   2140.000   582.000   160.000   81.025   105.225
18973.000   2093.000   616.000   165.000   81.060   105.557
18974.000   2049.000   569.000   129.000   81.094   105.891
18975.000   2142.000   612.000   134.000   81.127   106.227
18976.000   2090.000   582.000   141.000   81.161   106.567
18977.000   2098.000   601.000   135.000   81.194   106.908
18978.000   2105.000   643.000   156.000   81.226   107.253
18979.000   2022.000   624.000   150.000   81.259   107.600
18980.000   2056.000   582.000   151.000   81.291   107.949
18981.000   1990.000   622.000   136.000   81.323   108.301
18982.000   2029.000   626.000   154.000   81.354   108.656
18983.000   2085.000   599.000   158.000   81.385   109.013
18984.000   2039.000   623.000   143.000   81.416   109.373
18985.000   1979.000   637.000   139.000   81.446   109.735
18986.000   1977.000   618.000   153.000   81.476   110.100
18987.000   2012.000   607.000   153.000   81.506   110.468
18988.000   1981.000   630.000   162.000   81.535   110.838
18989.000   2008.000   607.000   162.000   81.564   111.211
18990.000   1880.000   624.000   143.000   81.593   111.586
18991.000   2002.000   605.000   149.000   81.621   111.964
18992.000   1998.000   569.000   152.000   81.649   112.344
18993.000   2009.000   595.000   124.000   81.676   112.727
18994.000   1926.000   632.000   169.000   81.703   113.113
18995.000   2024.000   641.000   140.000   81.730   113.500
18996.000   2073.000   614.000   162.000   81.757   113.891
18997.000   1994.000   610.000   142.000   81.783   114.284
18998.000   1957.000   583.000   130.000   81.808   114.679
18999.000   1939.000   591.000   150.000   81.833   115.077
19000.000   1980.000   623.000   151.000   81.858   115.477
19001.000   2001.000   607.000   143.000   81.882   115.880
19002.000   1956.000   613.000   126.000   81.906   116.285
19003.000   2010.000   622.000   154.000   81.930   116.693
19004.000   1909.000   579.000   167.000   81.953   117.103
19005.000   1954.000   629.000   151.000   81.976   117.515
19006.000   1977.000   606.000   149.000   81.998   117.930
19007.000   1870.000   643.000   153.000   82.020   118.347
19008.000   1842.000   614.000   152.000   82.042   118.766
19009.000   1932.000   615.000   150.000   82.063   119.187
19010.000   1847.000   630.000   164.000   82.083   119.611
19011.000   1863.000   601.000   159.000   82.103   120.037
19012.000   1992.000   586.000   152.000   82.123   120.465
19013.000   1959.000   591.000   153.000   82.142   120.895
19014.000   1916.000   599.000   157.000   82.161   121.327
19015.000   1978.000   620.000   143.000   82.179   121.762
19016.000   1961.000   612.000   130.000   82.197   122.198
19017.000   1915.000   617.000   154.000   82.215   122.636
19018.000   1882.000   571.000   133.000   82.232   123.076
19019.000   1945.000   593.000   136.000   82.248   123.519
19020.000   1876.000   641.000   161.000   82.264   123.963
19021.000   1876.000   569.000   130.000   82.280   124.409
19022.000   1935.000   670.000   135.000   82.295   124.856
19023.000   1849.000   626.000   132.000   82.310   125.306
19024.000   1928.000   586.000   148.000   82.324   125.757
19025.000   1877.000   614.000   161.000   82.338   126.209
19026.000   1865.000   623.000   136.000   82.351   126.664
19027.000   1865.000   579.000   155.000   82.364   127.119
19028.000   1877.000   622.000   141.000   82.376   127.577
19029.000   1871.000   612.000   148.000   82.387   128.036
19030.000   1872.000   654.000   159.000   82.399   128.496
19031.000   1817.000   556.000   153.000   82.409   128.957
19032.000   1858.000   602.000   149.000   82.420   129.420
19033.000   1797.000   573.000   133.000   82.429   129.884
19034.000   1814.000   605.000   151.000   82.439   130.349
19035.000   1870.000   644.000   150.000   82.448   130.816
19036.000   1823.000   574.000   120.000   82.456   131.283
19037.000   1833.000   611.000   153.000   82.463   131.751
19038.000   1785.000   581.000   135.000   82.471   132.221
19039.000   1882.000   586.000   167.000   82.477   132.691
19040.000   1795.000   535.000   164.000   82.484   133.162
19041.000   1848.000   590.000   141.000   82.489   133.633
19042.000   1753.000   603.000   164.000   82.495   134.106
19043.000   1749.000   592.000   145.000   82.499   134.579
19044.000   1795.000   581.000   168.000   82.503   135.052
19045.000   1865.000   598.000   172.000   82.507   135.526
19046.000   1848.000   585.000   138.000   82.510   136.001
19047.000   1828.000   605.000   118.000   82.513   136.476
19048.000   1793.000   585.000   170.000   82.515   136.951
19049.000   1764.000   617.000   137.000   82.516   137.426
19050.000   1820.000   599.000   132.000   82.517   137.902
19051.000   1777.000   606.000   147.000   82.518   138.377
