Time range: [ 13:08:01.000  13:39:59.000 ]
Time range duration: 31.0 min, 58.0 sec
Longitude range: [ 73.0  119.0 ]
47281.000   1500.000   833.000   119.000   -64.019   -69.582
47282.000   1587.000   557.000   119.000   -63.959   -69.544
47283.000   1544.000   592.000   121.000   -63.900   -69.506
47284.000   1577.000   610.000   128.000   -63.840   -69.468
47285.000   1530.000   598.000   126.000   -63.781   -69.431
47286.000   1494.000   622.000   112.000   -63.721   -69.394
47287.000   1497.000   591.000   121.000   -63.662   -69.357
47288.000   1507.000   623.000   133.000   -63.602   -69.320
47289.000   1595.000   604.000   134.000   -63.543   -69.283
47290.000   1513.000   545.000   125.000   -63.483   -69.247
47291.000   1450.000   553.000   112.000   -63.424   -69.210
47292.000   1480.000   602.000   136.000   -63.364   -69.174
47293.000   1499.000   576.000   144.000   -63.305   -69.138
47294.000   1469.000   586.000   130.000   -63.245   -69.102
47295.000   1496.000   594.000   124.000   -63.185   -69.066
47296.000   1619.000   577.000   112.000   -63.126   -69.031
47297.000   1533.000   608.000   106.000   -63.066   -68.995
47298.000   1477.000   594.000   109.000   -63.006   -68.960
47299.000   1632.000   571.000   115.000   -62.947   -68.925
47300.000   1608.000   568.000   102.000   -62.887   -68.890
47301.000   1592.000   612.000   116.000   -62.827   -68.855
47302.000   1549.000   609.000   123.000   -62.768   -68.821
47303.000   1620.000   598.000   132.000   -62.708   -68.786
47304.000   1593.000   536.000   97.000   -62.648   -68.752
47305.000   1632.000   607.000   108.000   -62.589   -68.718
47306.000   1693.000   576.000   116.000   -62.529   -68.684
47307.000   1645.000   612.000   110.000   -62.469   -68.650
47308.000   1636.000   598.000   116.000   -62.409   -68.616
47309.000   1673.000   584.000   112.000   -62.350   -68.583
47310.000   1651.000   588.000   128.000   -62.290   -68.550
47311.000   1764.000   624.000   117.000   -62.230   -68.516
47312.000   1703.000   577.000   117.000   -62.170   -68.483
47313.000   1735.000   594.000   121.000   -62.110   -68.450
47314.000   1757.000   585.000   126.000   -62.051   -68.417
47315.000   1755.000   582.000   124.000   -61.991   -68.385
47316.000   1774.000   586.000   107.000   -61.931   -68.352
47317.000   1900.000   564.000   121.000   -61.871   -68.320
47318.000   1796.000   621.000   123.000   -61.811   -68.288
47319.000   1862.000   595.000   115.000   -61.751   -68.256
47320.000   1818.000   604.000   110.000   -61.691   -68.224
47321.000   1820.000   593.000   106.000   -61.632   -68.192
47322.000   1934.000   611.000   100.000   -61.572   -68.160
47323.000   1917.000   603.000   118.000   -61.512   -68.129
47324.000   4719.000   608.000   109.000   -61.452   -68.097
47325.000   4752.000   623.000   108.000   -61.392   -68.066
47326.000   4764.000   591.000   93.000   -61.332   -68.035
47327.000   4908.000   580.000   113.000   -61.272   -68.004
47328.000   4847.000   588.000   104.000   -61.212   -67.973
47329.000   5048.000   597.000   91.000   -61.152   -67.942
47330.000   4989.000   631.000   97.000   -61.092   -67.912
47331.000   5124.000   567.000   109.000   -61.032   -67.881
47332.000   5192.000   604.000   120.000   -60.972   -67.851
47333.000   5110.000   614.000   117.000   -60.912   -67.821
47334.000   5236.000   587.000   103.000   -60.852   -67.791
47335.000   5249.000   599.000   108.000   -60.792   -67.761
47336.000   5232.000   645.000   111.000   -60.732   -67.731
47337.000   5349.000   598.000   103.000   -60.672   -67.701
47338.000   5440.000   639.000   116.000   -60.612   -67.672
47339.000   5424.000   625.000   115.000   -60.552   -67.642
47340.000   5558.000   590.000   89.000   -60.492   -67.613
47341.000   5349.000   625.000   102.000   -60.431   -67.584
47342.000   5458.000   604.000   98.000   -60.371   -67.555
47343.000   5383.000   621.000   114.000   -60.311   -67.526
47344.000   5396.000   611.000   99.000   -60.251   -67.497
47345.000   5388.000   583.000   93.000   -60.191   -67.468
47346.000   5469.000   585.000   105.000   -60.131   -67.440
47347.000   5406.000   581.000   109.000   -60.071   -67.411
47348.000   5542.000   600.000   99.000   -60.010   -67.383
47349.000   5593.000   580.000   96.000   -59.950   -67.355
47350.000   5522.000   645.000   122.000   -59.890   -67.327
47351.000   5477.000   594.000   95.000   -59.830   -67.299
47352.000   5392.000   593.000   95.000   -59.770   -67.271
47353.000   5482.000   642.000   112.000   -59.710   -67.243
47354.000   5537.000   644.000   127.000   -59.649   -67.215
47355.000   5447.000   619.000   96.000   -59.589   -67.188
47356.000   5609.000   663.000   113.000   -59.529   -67.161
47357.000   5586.000   624.000   119.000   -59.469   -67.133
47358.000   5495.000   643.000   90.000   -59.408   -67.106
47359.000   5397.000   584.000   114.000   -59.348   -67.079
47360.000   5371.000   691.000   108.000   -59.288   -67.052
47361.000   5537.000   660.000   80.000   -59.228   -67.025
47362.000   5406.000   651.000   113.000   -59.167   -66.998
47363.000   5497.000   633.000   95.000   -59.107   -66.972
47364.000   5287.000   628.000   110.000   -59.047   -66.945
47365.000   5462.000   628.000   83.000   -58.986   -66.919
47366.000   5423.000   679.000   121.000   -58.926   -66.892
47367.000   5439.000   651.000   119.000   -58.866   -66.866
47368.000   5335.000   679.000   105.000   -58.805   -66.840
47369.000   5348.000   681.000   104.000   -58.745   -66.814
47370.000   5275.000   663.000   108.000   -58.685   -66.788
47371.000   5226.000   691.000   109.000   -58.624   -66.762
47372.000   5219.000   705.000   107.000   -58.564   -66.737
47373.000   5227.000   702.000   95.000   -58.504   -66.711
47374.000   5184.000   677.000   109.000   -58.443   -66.686
47375.000   5041.000   736.000   84.000   -58.383   -66.660
47376.000   5084.000   749.000   99.000   -58.322   -66.635
47377.000   5118.000   757.000   101.000   -58.262   -66.610
47378.000   4953.000   766.000   112.000   -58.202   -66.585
47379.000   5036.000   788.000   87.000   -58.141   -66.560
47380.000   5049.000   761.000   96.000   -58.081   -66.535
47381.000   5082.000   801.000   106.000   -58.020   -66.510
47382.000   4863.000   811.000   84.000   -57.960   -66.485
47383.000   4973.000   785.000   109.000   -57.899   -66.461
47384.000   4186.000   769.000   102.000   -57.839   -66.436
47385.000   4080.000   760.000   111.000   -57.779   -66.412
47386.000   4126.000   724.000   101.000   -57.718   -66.387
47387.000   4207.000   750.000   96.000   -57.658   -66.363
47388.000   4078.000   767.000   98.000   -57.597   -66.339
47389.000   4226.000   732.000   91.000   -57.537   -66.315
47390.000   4196.000   764.000   105.000   -57.476   -66.291
47391.000   4224.000   796.000   94.000   -57.416   -66.267
47392.000   4137.000   760.000   103.000   -57.355   -66.243
47393.000   4226.000   749.000   107.000   -57.295   -66.220
47394.000   4235.000   752.000   101.000   -57.234   -66.196
47395.000   4192.000   772.000   80.000   -57.174   -66.173
47396.000   4184.000   777.000   82.000   -57.113   -66.149
47397.000   4121.000   775.000   111.000   -57.052   -66.126
47398.000   4048.000   754.000   108.000   -56.992   -66.103
47399.000   4068.000   802.000   104.000   -56.931   -66.080
47400.000   4019.000   738.000   104.000   -56.871   -66.057
47401.000   3879.000   765.000   95.000   -56.810   -66.034
47402.000   4038.000   778.000   86.000   -56.750   -66.011
47403.000   3756.000   749.000   103.000   -56.689   -65.988
47404.000   3791.000   750.000   80.000   -56.628   -65.965
47405.000   3918.000   785.000   91.000   -56.568   -65.943
47406.000   3843.000   781.000   108.000   -56.507   -65.920
47407.000   3729.000   787.000   106.000   -56.447   -65.898
47408.000   3704.000   783.000   97.000   -56.386   -65.876
47409.000   3707.000   823.000   98.000   -56.325   -65.853
47410.000   3632.000   863.000   113.000   -56.265   -65.831
47411.000   3579.000   910.000   99.000   -56.204   -65.809
47412.000   3626.000   911.000   108.000   -56.143   -65.787
47413.000   3497.000   932.000   87.000   -56.083   -65.765
47414.000   3527.000   940.000   88.000   -56.022   -65.743
47415.000   3672.000   926.000   78.000   -55.961   -65.721
47416.000   3435.000   957.000   108.000   -55.901   -65.700
47417.000   3452.000   951.000   94.000   -55.840   -65.678
47418.000   3403.000   983.000   94.000   -55.779   -65.657
47419.000   3373.000   979.000   99.000   -55.719   -65.635
47420.000   3389.000   939.000   95.000   -55.658   -65.614
47421.000   3464.000   1078.000   93.000   -55.597   -65.592
47422.000   3395.000   1017.000   88.000   -55.536   -65.571
47423.000   3352.000   1097.000   94.000   -55.476   -65.550
47424.000   3353.000   1107.000   85.000   -55.415   -65.529
47425.000   3299.000   1158.000   93.000   -55.354   -65.508
47426.000   3264.000   1221.000   100.000   -55.293   -65.487
47427.000   3294.000   1309.000   88.000   -55.233   -65.466
47428.000   3395.000   1342.000   91.000   -55.172   -65.446
47429.000   3267.000   1427.000   97.000   -55.111   -65.425
47430.000   3109.000   1583.000   116.000   -55.050   -65.404
47431.000   3254.000   1677.000   99.000   -54.990   -65.384
47432.000   3232.000   1790.000   99.000   -54.929   -65.363
47433.000   3293.000   1911.000   106.000   -54.868   -65.343
47434.000   3154.000   2023.000   103.000   -54.807   -65.323
47435.000   3236.000   2129.000   113.000   -54.746   -65.302
47436.000   3293.000   2583.000   120.000   -54.686   -65.282
47437.000   3172.000   2664.000   105.000   -54.625   -65.262
47438.000   3192.000   2692.000   126.000   -54.564   -65.242
47439.000   3211.000   2992.000   112.000   -54.503   -65.222
47440.000   3278.000   3055.000   105.000   -54.442   -65.202
47441.000   3270.000   3229.000   122.000   -54.382   -65.182
47442.000   3273.000   3538.000   125.000   -54.321   -65.163
47443.000   3244.000   3631.000   106.000   -54.260   -65.143
47444.000   3242.000   3922.000   125.000   -54.199   -65.123
47445.000   3155.000   4240.000   119.000   -54.138   -65.104
47446.000   3250.000   4505.000   138.000   -54.077   -65.085
47447.000   3268.000   4646.000   142.000   -54.016   -65.065
47448.000   3225.000   5010.000   126.000   -53.956   -65.046
47449.000   3281.000   5376.000   144.000   -53.895   -65.027
47450.000   3233.000   5669.000   117.000   -53.834   -65.007
47451.000   3284.000   5902.000   126.000   -53.773   -64.988
47452.000   3272.000   6231.000   144.000   -53.712   -64.969
47453.000   3137.000   6489.000   132.000   -53.651   -64.950
47454.000   3300.000   6779.000   156.000   -53.590   -64.931
47455.000   3234.000   6985.000   151.000   -53.529   -64.912
47456.000   3188.000   7341.000   149.000   -53.468   -64.894
47457.000   3197.000   7715.000   135.000   -53.407   -64.875
47458.000   3188.000   7970.000   158.000   -53.346   -64.856
47459.000   3159.000   8218.000   172.000   -53.286   -64.838
47460.000   19818.000   8575.000   155.000   -53.225   -64.819
47461.000   24464.000   8609.000   158.000   -53.164   -64.801
47462.000   4259.000   8864.000   146.000   -53.103   -64.782
47463.000   26013.000   9030.000   175.000   -53.042   -64.764
47464.000   3487.000   9247.000   171.000   -52.981   -64.746
47465.000   3388.000   9471.000   153.000   -52.920   -64.728
47466.000   3255.000   9766.000   180.000   -52.859   -64.709
47467.000   3271.000   10019.000   173.000   -52.798   -64.691
47468.000   3180.000   10009.000   176.000   -52.737   -64.673
47469.000   3198.000   10288.000   166.000   -52.676   -64.655
47470.000   3101.000   10543.000   183.000   -52.615   -64.638
47471.000   3064.000   10623.000   185.000   -52.554   -64.620
47472.000   2993.000   10803.000   190.000   -52.493   -64.602
47473.000   3001.000   10710.000   177.000   -52.432   -64.584
47474.000   2989.000   11047.000   220.000   -52.371   -64.567
47475.000   2943.000   11003.000   246.000   -52.310   -64.549
47476.000   2716.000   11001.000   219.000   -52.249   -64.531
47477.000   2862.000   11120.000   237.000   -52.188   -64.514
47478.000   2525.000   11134.000   238.000   -52.127   -64.497
47479.000   2548.000   11469.000   273.000   -52.066   -64.479
47480.000   2535.000   11258.000   244.000   -52.005   -64.462
47481.000   2658.000   11430.000   247.000   -51.944   -64.445
47482.000   2550.000   11282.000   288.000   -51.883   -64.427
47483.000   2562.000   11224.000   298.000   -51.821   -64.410
47484.000   2584.000   11574.000   283.000   -51.760   -64.393
47485.000   2529.000   11527.000   295.000   -51.699   -64.376
47486.000   2558.000   11568.000   308.000   -51.638   -64.359
47487.000   2431.000   11386.000   326.000   -51.577   -64.342
47488.000   2442.000   11132.000   6005.000   -51.516   -64.326
47489.000   2563.000   11346.000   5805.000   -51.455   -64.309
47490.000   2456.000   11419.000   5234.000   -51.394   -64.292
47491.000   2448.000   11437.000   5576.000   -51.333   -64.275
47492.000   2475.000   11393.000   5963.000   -51.272   -64.259
47493.000   2472.000   11382.000   6351.000   -51.211   -64.242
47494.000   2501.000   11285.000   7022.000   -51.149   -64.226
47495.000   2375.000   11445.000   7711.000   -51.088   -64.209
47496.000   2448.000   11194.000   8463.000   -51.027   -64.193
47497.000   2544.000   11380.000   9273.000   -50.966   -64.177
47498.000   2462.000   11413.000   10347.000   -50.905   -64.160
47499.000   2440.000   11308.000   11337.000   -50.844   -64.144
47500.000   2449.000   11375.000   12364.000   -50.783   -64.128
47501.000   2560.000   11272.000   12999.000   -50.722   -64.112
47502.000   2511.000   11385.000   13974.000   -50.660   -64.096
47503.000   2625.000   11299.000   14479.000   -50.599   -64.080
47504.000   955.000   11320.000   15832.000   -50.538   -64.064
47505.000   885.000   11207.000   17295.000   -50.477   -64.048
47506.000   928.000   11239.000   18452.000   -50.416   -64.032
47507.000   970.000   11303.000   19528.000   -50.355   -64.016
47508.000   957.000   11013.000   19794.000   -50.293   -64.000
47509.000   942.000   11185.000   19688.000   -50.232   -63.984
47510.000   931.000   11256.000   19372.000   -50.171   -63.969
47511.000   983.000   11203.000   18852.000   -50.110   -63.953
47512.000   935.000   11132.000   17671.000   -50.049   -63.938
47513.000   972.000   11296.000   17115.000   -49.987   -63.922
47514.000   998.000   11344.000   15457.000   -49.926   -63.907
47515.000   1007.000   11247.000   14447.000   -49.865   -63.891
47516.000   1031.000   11217.000   12887.000   -49.804   -63.876
47517.000   1022.000   11232.000   11718.000   -49.743   -63.861
47518.000   1114.000   11162.000   9400.000   -49.681   -63.845
47519.000   1050.000   11326.000   8565.000   -49.620   -63.830
47520.000   17779.000   28292.000   7731.000   -49.559   -63.815
47521.000   22397.000   32767.000   6464.000   -49.498   -63.800
47522.000   1864.000   11332.000   5214.000   -49.436   -63.785
47523.000   23998.000   11551.000   3728.000   -49.375   -63.770
47524.000   1110.000   11277.000   1679.000   -49.314   -63.755
47525.000   1112.000   11154.000   755.000   -49.253   -63.740
47526.000   1147.000   11150.000   76.000   -49.191   -63.725
47527.000   1114.000   10926.000   20.000   -49.130   -63.710
47528.000   1131.000   10863.000   04.000   -49.069   -63.695
47529.000   1138.000   10666.000   01.000   -49.008   -63.680
47530.000   1205.000   10697.000   00.000   -48.946   -63.666
47531.000   1146.000   10503.000   00.000   -48.885   -63.651
47532.000   1188.000   10328.000   00.000   -48.824   -63.636
47533.000   1232.000   10214.000   00.000   -48.762   -63.622
47534.000   1181.000   9991.000   00.000   -48.701   -63.607
47535.000   1263.000   9804.000   00.000   -48.640   -63.593
47536.000   1275.000   9448.000   00.000   -48.578   -63.578
47537.000   1248.000   9338.000   00.000   -48.517   -63.564
47538.000   1326.000   9324.000   00.000   -48.456   -63.550
47539.000   1353.000   8912.000   00.000   -48.395   -63.535
47540.000   1339.000   8671.000   00.000   -48.333   -63.521
47541.000   1350.000   8440.000   00.000   -48.272   -63.507
47542.000   1354.000   8065.000   00.000   -48.211   -63.493
47543.000   1385.000   7774.000   00.000   -48.149   -63.479
47544.000   1397.000   7574.000   00.000   -48.088   -63.465
47545.000   1460.000   7464.000   00.000   -48.027   -63.451
47546.000   1423.000   7232.000   00.000   -47.965   -63.437
47547.000   1442.000   6873.000   00.000   -47.904   -63.423
47548.000   1506.000   6728.000   00.000   -47.842   -63.409
47549.000   1524.000   6524.000   00.000   -47.781   -63.395
47550.000   1528.000   6383.000   00.000   -47.720   -63.381
47551.000   1554.000   6022.000   00.000   -47.658   -63.367
47552.000   1571.000   6008.000   00.000   -47.597   -63.354
47553.000   1611.000   5824.000   00.000   -47.536   -63.340
47554.000   1599.000   5500.000   00.000   -47.474   -63.326
47555.000   1631.000   5370.000   00.000   -47.413   -63.313
47556.000   1687.000   3088.000   00.000   -47.352   -63.299
47557.000   1721.000   2958.000   00.000   -47.290   -63.285
47558.000   1768.000   2685.000   00.000   -47.229   -63.272
47559.000   1804.000   2429.000   00.000   -47.167   -63.259
47560.000   1800.000   2258.000   00.000   -47.106   -63.245
47561.000   1867.000   2070.000   00.000   -47.045   -63.232
47562.000   1816.000   1947.000   00.000   -46.983   -63.218
47563.000   1872.000   1813.000   00.000   -46.922   -63.205
47564.000   2482.000   1568.000   00.000   -46.860   -63.192
47565.000   2575.000   1494.000   00.000   -46.799   -63.179
47566.000   2525.000   1371.000   00.000   -46.737   -63.166
47567.000   2407.000   1330.000   00.000   -46.676   -63.152
47568.000   2503.000   1212.000   00.000   -46.615   -63.139
47569.000   2482.000   1157.000   00.000   -46.553   -63.126
47570.000   2430.000   1049.000   00.000   -46.492   -63.113
47571.000   2452.000   1060.000   00.000   -46.430   -63.100
47572.000   2469.000   975.000   00.000   -46.369   -63.087
47573.000   2413.000   926.000   00.000   -46.307   -63.074
47574.000   2478.000   846.000   00.000   -46.246   -63.062
47575.000   2310.000   877.000   00.000   -46.184   -63.049
47576.000   2351.000   755.000   00.000   -46.123   -63.036
47577.000   2407.000   737.000   00.000   -46.062   -63.023
47578.000   2342.000   750.000   00.000   -46.000   -63.010
47579.000   2369.000   677.000   00.000   -45.939   -62.998
47580.000   2279.000   34087.000   16967.000   -45.877   -62.985
47581.000   2273.000   43301.000   21576.000   -45.816   -62.973
47582.000   2237.000   4043.000   2577.000   -45.754   -62.960
47583.000   2302.000   46429.000   23145.000   -45.693   -62.947
47584.000   2253.000   493.000   97.000   -45.631   -62.935
47585.000   2392.000   485.000   82.000   -45.570   -62.923
47586.000   2310.000   499.000   88.000   -45.508   -62.910
47587.000   2206.000   504.000   82.000   -45.447   -62.898
47588.000   2247.000   485.000   84.000   -45.385   -62.885
47589.000   2195.000   511.000   65.000   -45.324   -62.873
47590.000   2170.000   535.000   80.000   -45.262   -62.861
47591.000   2055.000   496.000   93.000   -45.201   -62.849
47592.000   2171.000   493.000   77.000   -45.139   -62.836
47593.000   2195.000   500.000   90.000   -45.078   -62.824
47594.000   2182.000   525.000   84.000   -45.016   -62.812
47595.000   2040.000   549.000   77.000   -44.955   -62.800
47596.000   2060.000   509.000   75.000   -44.893   -62.788
47597.000   2069.000   450.000   72.000   -44.832   -62.776
47598.000   2002.000   473.000   88.000   -44.770   -62.764
47599.000   2025.000   549.000   76.000   -44.708   -62.752
47600.000   1958.000   510.000   87.000   -44.647   -62.740
47601.000   1943.000   505.000   90.000   -44.585   -62.728
47602.000   1929.000   452.000   92.000   -44.524   -62.716
47603.000   1993.000   486.000   89.000   -44.462   -62.704
47604.000   1924.000   430.000   81.000   -44.401   -62.693
47605.000   1973.000   507.000   84.000   -44.339   -62.681
47606.000   1903.000   513.000   75.000   -44.278   -62.669
47607.000   1872.000   475.000   71.000   -44.216   -62.657
47608.000   1817.000   472.000   80.000   -44.154   -62.646
47609.000   1780.000   521.000   72.000   -44.093   -62.634
47610.000   1784.000   471.000   72.000   -44.031   -62.623
47611.000   1789.000   491.000   89.000   -43.970   -62.611
47612.000   1798.000   498.000   74.000   -43.908   -62.599
47613.000   1689.000   472.000   84.000   -43.846   -62.588
47614.000   1689.000   540.000   72.000   -43.785   -62.576
47615.000   1616.000   483.000   77.000   -43.723   -62.565
47616.000   1705.000   471.000   78.000   -43.662   -62.554
47617.000   1683.000   488.000   78.000   -43.600   -62.542
47618.000   1588.000   472.000   78.000   -43.538   -62.531
47619.000   1695.000   485.000   88.000   -43.477   -62.520
47620.000   1662.000   482.000   88.000   -43.415   -62.508
47621.000   1604.000   489.000   81.000   -43.354   -62.497
47622.000   1673.000   451.000   78.000   -43.292   -62.486
47623.000   1657.000   496.000   78.000   -43.230   -62.475
47624.000   2633.000   420.000   86.000   -43.169   -62.464
47625.000   2665.000   480.000   66.000   -43.107   -62.452
47626.000   2631.000   515.000   84.000   -43.045   -62.441
47627.000   2757.000   508.000   90.000   -42.984   -62.430
47628.000   2670.000   494.000   76.000   -42.922   -62.419
47629.000   2673.000   518.000   81.000   -42.861   -62.408
47630.000   2664.000   493.000   83.000   -42.799   -62.397
47631.000   2609.000   465.000   75.000   -42.737   -62.386
47632.000   2650.000   482.000   75.000   -42.676   -62.375
47633.000   2678.000   488.000   66.000   -42.614   -62.365
47634.000   2691.000   504.000   83.000   -42.552   -62.354
47635.000   2697.000   522.000   82.000   -42.491   -62.343
47636.000   2744.000   466.000   63.000   -42.429   -62.332
47637.000   2788.000   554.000   70.000   -42.367   -62.321
47638.000   2741.000   479.000   76.000   -42.306   -62.311
47639.000   2857.000   504.000   65.000   -42.244   -62.300
47640.000   2779.000   501.000   91.000   -42.182   -62.289
47641.000   2791.000   520.000   77.000   -42.121   -62.278
47642.000   2791.000   493.000   80.000   -42.059   -62.268
47643.000   2645.000   464.000   68.000   -41.997   -62.257
47644.000   2760.000   472.000   65.000   -41.936   -62.247
47645.000   2637.000   497.000   83.000   -41.874   -62.236
47646.000   2611.000   487.000   75.000   -41.812   -62.226
47647.000   2627.000   501.000   66.000   -41.750   -62.215
47648.000   2586.000   497.000   62.000   -41.689   -62.205
47649.000   2508.000   497.000   68.000   -41.627   -62.194
47650.000   2583.000   552.000   66.000   -41.565   -62.184
47651.000   2511.000   494.000   66.000   -41.504   -62.174
47652.000   2510.000   513.000   66.000   -41.442   -62.163
47653.000   2505.000   494.000   79.000   -41.380   -62.153
47654.000   2508.000   509.000   64.000   -41.318   -62.143
47655.000   2510.000   501.000   71.000   -41.257   -62.132
47656.000   2349.000   470.000   76.000   -41.195   -62.122
47657.000   2456.000   453.000   68.000   -41.133   -62.112
47658.000   2396.000   513.000   59.000   -41.072   -62.102
47659.000   2451.000   476.000   62.000   -41.010   -62.092
47660.000   2423.000   580.000   77.000   -40.948   -62.081
47661.000   2449.000   508.000   77.000   -40.886   -62.071
47662.000   2395.000   519.000   58.000   -40.825   -62.061
47663.000   2358.000   473.000   74.000   -40.763   -62.051
47664.000   2328.000   498.000   61.000   -40.701   -62.041
47665.000   2294.000   516.000   81.000   -40.639   -62.031
47666.000   2326.000   489.000   83.000   -40.578   -62.021
47667.000   2314.000   509.000   72.000   -40.516   -62.011
47668.000   2354.000   519.000   72.000   -40.454   -62.001
47669.000   2420.000   482.000   79.000   -40.392   -61.991
47670.000   2250.000   489.000   85.000   -40.331   -61.982
47671.000   2281.000   507.000   62.000   -40.269   -61.972
47672.000   2357.000   459.000   86.000   -40.207   -61.962
47673.000   2389.000   518.000   75.000   -40.145   -61.952
47674.000   2330.000   486.000   82.000   -40.083   -61.942
47675.000   2257.000   502.000   82.000   -40.022   -61.933
47676.000   2261.000   473.000   61.000   -39.960   -61.923
47677.000   2255.000   502.000   57.000   -39.898   -61.913
47678.000   2248.000   482.000   68.000   -39.836   -61.904
47679.000   2288.000   491.000   68.000   -39.775   -61.894
47680.000   2269.000   485.000   68.000   -39.713   -61.884
47681.000   2310.000   525.000   76.000   -39.651   -61.875
47682.000   2282.000   517.000   69.000   -39.589   -61.865
47683.000   2396.000   466.000   62.000   -39.527   -61.856
47684.000   2116.000   509.000   65.000   -39.465   -61.846
47685.000   2108.000   490.000   77.000   -39.404   -61.837
47686.000   2208.000   503.000   60.000   -39.342   -61.827
47687.000   2258.000   465.000   58.000   -39.280   -61.818
47688.000   2289.000   552.000   68.000   -39.218   -61.808
47689.000   2358.000   502.000   66.000   -39.156   -61.799
47690.000   2425.000   511.000   69.000   -39.095   -61.790
47691.000   2661.000   504.000   60.000   -39.033   -61.780
47692.000   2731.000   506.000   62.000   -38.971   -61.771
47693.000   2802.000   499.000   60.000   -38.909   -61.762
47694.000   2954.000   508.000   72.000   -38.847   -61.752
47695.000   3060.000   493.000   57.000   -38.785   -61.743
47696.000   3171.000   510.000   63.000   -38.724   -61.734
47697.000   3437.000   527.000   49.000   -38.662   -61.725
47698.000   3586.000   522.000   75.000   -38.600   -61.715
47699.000   3802.000   487.000   66.000   -38.538   -61.706
47700.000   4094.000   492.000   54.000   -38.476   -61.697
47701.000   4364.000   463.000   67.000   -38.414   -61.688
47702.000   4574.000   474.000   51.000   -38.352   -61.679
47703.000   4783.000   479.000   66.000   -38.291   -61.670
47704.000   4988.000   546.000   59.000   -38.229   -61.661
47705.000   5203.000   485.000   68.000   -38.167   -61.652
47706.000   5360.000   541.000   64.000   -38.105   -61.643
47707.000   5739.000   509.000   56.000   -38.043   -61.634
47708.000   6309.000   500.000   58.000   -37.981   -61.625
47709.000   6798.000   529.000   67.000   -37.919   -61.616
47710.000   8086.000   507.000   81.000   -37.858   -61.607
47711.000   9012.000   530.000   56.000   -37.796   -61.598
47712.000   9464.000   509.000   68.000   -37.734   -61.589
47713.000   9740.000   488.000   75.000   -37.672   -61.580
47714.000   10095.000   524.000   67.000   -37.610   -61.571
47715.000   10328.000   503.000   64.000   -37.548   -61.563
47716.000   10504.000   521.000   68.000   -37.486   -61.554
47717.000   10506.000   484.000   86.000   -37.424   -61.545
47718.000   10155.000   536.000   68.000   -37.362   -61.536
47719.000   8956.000   528.000   62.000   -37.301   -61.527
47720.000   9105.000   537.000   63.000   -37.239   -61.519
47721.000   7603.000   512.000   47.000   -37.177   -61.510
47722.000   6630.000   490.000   59.000   -37.115   -61.501
47723.000   6434.000   560.000   59.000   -37.053   -61.493
47724.000   6508.000   511.000   63.000   -36.991   -61.484
47725.000   6277.000   553.000   70.000   -36.929   -61.476
47726.000   5630.000   533.000   54.000   -36.867   -61.467
47727.000   4576.000   472.000   73.000   -36.805   -61.458
47728.000   3254.000   572.000   60.000   -36.743   -61.450
47729.000   2083.000   545.000   51.000   -36.681   -61.441
47730.000   819.000   522.000   59.000   -36.619   -61.433
47731.000   478.000   600.000   68.000   -36.557   -61.424
47732.000   428.000   624.000   58.000   -36.496   -61.416
47733.000   376.000   658.000   68.000   -36.434   -61.407
47734.000   367.000   772.000   69.000   -36.372   -61.399
47735.000   347.000   806.000   54.000   -36.310   -61.391
47736.000   398.000   668.000   77.000   -36.248   -61.382
47737.000   325.000   763.000   62.000   -36.186   -61.374
47738.000   369.000   738.000   66.000   -36.124   -61.365
47739.000   379.000   863.000   67.000   -36.062   -61.357
47740.000   368.000   1055.000   62.000   -36.000   -61.349
47741.000   344.000   1154.000   60.000   -35.938   -61.341
47742.000   367.000   1168.000   71.000   -35.876   -61.332
47743.000   389.000   1331.000   63.000   -35.814   -61.324
47744.000   374.000   1384.000   62.000   -35.752   -61.316
47745.000   371.000   1430.000   68.000   -35.690   -61.308
47746.000   354.000   1612.000   55.000   -35.628   -61.299
47747.000   394.000   1788.000   64.000   -35.566   -61.291
47748.000   378.000   1935.000   72.000   -35.504   -61.283
47749.000   336.000   2139.000   57.000   -35.442   -61.275
47750.000   358.000   2307.000   69.000   -35.380   -61.267
47751.000   370.000   2503.000   61.000   -35.318   -61.259
47752.000   348.000   2758.000   61.000   -35.256   -61.251
47753.000   363.000   3105.000   63.000   -35.194   -61.243
47754.000   332.000   3370.000   62.000   -35.132   -61.235
47755.000   360.000   3544.000   72.000   -35.070   -61.227
47756.000   355.000   3774.000   65.000   -35.008   -61.219
47757.000   399.000   4173.000   47.000   -34.946   -61.211
47758.000   363.000   4418.000   59.000   -34.884   -61.203
47759.000   390.000   4688.000   73.000   -34.822   -61.195
48720.000   1253.000   542.000   149.000   25.286   -56.425
48721.000   1233.000   561.000   119.000   25.349   -56.419
48722.000   1237.000   520.000   119.000   25.411   -56.413
48723.000   1216.000   535.000   121.000   25.474   -56.407
48724.000   1226.000   534.000   128.000   25.536   -56.401
48725.000   1148.000   522.000   126.000   25.599   -56.395
48726.000   1167.000   589.000   112.000   25.661   -56.389
48727.000   1129.000   535.000   121.000   25.724   -56.383
48728.000   1149.000   567.000   133.000   25.786   -56.377
48729.000   1210.000   538.000   134.000   25.849   -56.372
48730.000   1135.000   535.000   125.000   25.911   -56.366
48731.000   1038.000   506.000   112.000   25.974   -56.360
48732.000   1090.000   582.000   136.000   26.037   -56.354
48733.000   1089.000   550.000   144.000   26.099   -56.348
48734.000   1065.000   535.000   130.000   26.162   -56.342
48735.000   1028.000   530.000   124.000   26.224   -56.336
48736.000   1144.000   535.000   112.000   26.287   -56.329
48737.000   1052.000   572.000   106.000   26.349   -56.323
48738.000   1026.000   538.000   109.000   26.412   -56.317
48739.000   1097.000   536.000   115.000   26.474   -56.311
48740.000   1081.000   545.000   102.000   26.537   -56.305
48741.000   999.000   549.000   116.000   26.599   -56.299
48742.000   1073.000   539.000   123.000   26.662   -56.293
48743.000   1030.000   548.000   132.000   26.724   -56.287
48744.000   996.000   498.000   97.000   26.787   -56.281
48745.000   1026.000   566.000   108.000   26.849   -56.275
48746.000   1099.000   575.000   116.000   26.912   -56.268
48747.000   1033.000   551.000   110.000   26.974   -56.262
48748.000   1013.000   552.000   116.000   27.037   -56.256
48749.000   1008.000   554.000   112.000   27.099   -56.250
48750.000   1022.000   531.000   128.000   27.162   -56.244
48751.000   1063.000   582.000   117.000   27.224   -56.238
48752.000   1013.000   535.000   117.000   27.287   -56.231
48753.000   991.000   548.000   121.000   27.350   -56.225
48754.000   1014.000   552.000   126.000   27.412   -56.219
48755.000   1004.000   557.000   124.000   27.475   -56.213
48756.000   1008.000   569.000   107.000   27.537   -56.206
48757.000   1055.000   534.000   121.000   27.600   -56.200
48758.000   989.000   547.000   123.000   27.662   -56.194
48759.000   1030.000   575.000   115.000   27.725   -56.187
48760.000   984.000   561.000   110.000   27.787   -56.181
48761.000   1004.000   563.000   106.000   27.850   -56.175
48762.000   986.000   579.000   100.000   27.912   -56.168
48763.000   975.000   565.000   118.000   27.975   -56.162
48764.000   1034.000   556.000   109.000   28.037   -56.156
48765.000   1096.000   552.000   108.000   28.100   -56.149
48766.000   1002.000   552.000   93.000   28.162   -56.143
48767.000   1023.000   554.000   113.000   28.225   -56.137
48768.000   1038.000   551.000   104.000   28.287   -56.130
48769.000   1027.000   553.000   91.000   28.349   -56.124
48770.000   966.000   595.000   97.000   28.412   -56.117
48771.000   1065.000   527.000   109.000   28.474   -56.111
48772.000   994.000   550.000   120.000   28.537   -56.104
48773.000   1017.000   568.000   117.000   28.599   -56.098
48774.000   1058.000   586.000   103.000   28.662   -56.091
48775.000   1032.000   569.000   108.000   28.724   -56.085
48776.000   978.000   590.000   111.000   28.787   -56.078
48777.000   1035.000   567.000   103.000   28.849   -56.072
48778.000   999.000   599.000   116.000   28.912   -56.065
48779.000   1031.000   610.000   115.000   28.974   -56.059
48780.000   1044.000   578.000   89.000   29.037   -56.052
48781.000   1029.000   627.000   102.000   29.099   -56.046
48782.000   1043.000   577.000   98.000   29.162   -56.039
48783.000   1041.000   589.000   114.000   29.224   -56.033
48784.000   1009.000   576.000   99.000   29.287   -56.026
48785.000   1089.000   576.000   93.000   29.349   -56.019
48786.000   976.000   587.000   105.000   29.412   -56.013
48787.000   999.000   581.000   109.000   29.474   -56.006
48788.000   993.000   618.000   99.000   29.537   -55.999
48789.000   1035.000   572.000   96.000   29.599   -55.993
48790.000   1079.000   585.000   122.000   29.661   -55.986
48791.000   1030.000   584.000   95.000   29.724   -55.979
48792.000   988.000   593.000   95.000   29.786   -55.973
48793.000   1049.000   621.000   112.000   29.849   -55.966
48794.000   1073.000   633.000   127.000   29.911   -55.959
48795.000   1070.000   596.000   96.000   29.974   -55.952
48796.000   1124.000   631.000   113.000   30.036   -55.945
48797.000   1062.000   608.000   119.000   30.099   -55.939
48798.000   924.000   614.000   90.000   30.161   -55.932
48799.000   960.000   590.000   114.000   30.223   -55.925
48800.000   929.000   678.000   108.000   30.286   -55.918
48801.000   949.000   659.000   80.000   30.348   -55.911
48802.000   916.000   669.000   113.000   30.411   -55.905
48803.000   888.000   650.000   95.000   30.473   -55.898
48804.000   943.000   637.000   110.000   30.536   -55.891
48805.000   851.000   613.000   83.000   30.598   -55.884
48806.000   912.000   692.000   121.000   30.661   -55.877
48807.000   931.000   643.000   119.000   30.723   -55.870
48808.000   917.000   681.000   105.000   30.785   -55.863
48809.000   959.000   686.000   104.000   30.848   -55.856
48810.000   852.000   658.000   108.000   30.910   -55.849
48811.000   826.000   695.000   109.000   30.973   -55.842
48812.000   868.000   677.000   107.000   31.035   -55.835
48813.000   838.000   710.000   95.000   31.098   -55.828
48814.000   860.000   649.000   109.000   31.160   -55.821
48815.000   824.000   726.000   84.000   31.222   -55.814
48816.000   889.000   749.000   99.000   31.285   -55.807
48817.000   848.000   748.000   101.000   31.347   -55.800
48818.000   868.000   759.000   112.000   31.410   -55.793
48819.000   836.000   789.000   87.000   31.472   -55.786
48820.000   879.000   763.000   96.000   31.534   -55.779
48821.000   915.000   770.000   106.000   31.597   -55.772
48822.000   898.000   801.000   84.000   31.659   -55.764
48823.000   881.000   762.000   109.000   31.722   -55.757
48824.000   839.000   790.000   102.000   31.784   -55.750
48825.000   828.000   765.000   111.000   31.847   -55.743
48826.000   852.000   726.000   101.000   31.909   -55.736
48827.000   893.000   737.000   96.000   31.971   -55.728
48828.000   838.000   755.000   98.000   32.034   -55.721
48829.000   915.000   742.000   91.000   32.096   -55.714
48830.000   824.000   773.000   105.000   32.159   -55.707
48831.000   834.000   791.000   94.000   32.221   -55.699
48832.000   852.000   762.000   103.000   32.283   -55.692
48833.000   861.000   771.000   107.000   32.346   -55.685
48834.000   871.000   777.000   101.000   32.408   -55.677
48835.000   857.000   780.000   80.000   32.470   -55.670
48836.000   841.000   816.000   82.000   32.533   -55.663
48837.000   857.000   751.000   111.000   32.595   -55.655
48838.000   858.000   762.000   108.000   32.658   -55.648
48839.000   822.000   800.000   104.000   32.720   -55.640
48840.000   832.000   732.000   104.000   32.782   -55.633
48841.000   836.000   771.000   95.000   32.845   -55.626
48842.000   869.000   822.000   86.000   32.907   -55.618
48843.000   840.000   801.000   103.000   32.970   -55.611
48844.000   796.000   799.000   80.000   33.032   -55.603
48845.000   859.000   831.000   91.000   33.094   -55.596
48846.000   833.000   831.000   108.000   33.157   -55.588
48847.000   841.000   833.000   106.000   33.219   -55.581
48848.000   874.000   809.000   97.000   33.281   -55.573
48849.000   815.000   850.000   98.000   33.344   -55.565
48850.000   778.000   934.000   113.000   33.406   -55.558
48851.000   819.000   984.000   99.000   33.468   -55.550
48852.000   876.000   952.000   108.000   33.531   -55.543
48853.000   824.000   967.000   87.000   33.593   -55.535
48854.000   844.000   975.000   88.000   33.656   -55.527
48855.000   882.000   978.000   78.000   33.718   -55.520
48856.000   838.000   948.000   108.000   33.780   -55.512
48857.000   843.000   1022.000   94.000   33.843   -55.504
48858.000   855.000   1047.000   94.000   33.905   -55.496
48859.000   768.000   1065.000   99.000   33.967   -55.489
48860.000   858.000   1005.000   95.000   34.030   -55.481
48861.000   804.000   1128.000   93.000   34.092   -55.473
48862.000   885.000   1081.000   88.000   34.154   -55.465
48863.000   824.000   1169.000   94.000   34.217   -55.458
48864.000   836.000   1164.000   85.000   34.279   -55.450
48865.000   836.000   1224.000   93.000   34.341   -55.442
48866.000   831.000   1268.000   100.000   34.404   -55.434
48867.000   879.000   1333.000   88.000   34.466   -55.426
48868.000   886.000   1395.000   91.000   34.528   -55.418
48869.000   864.000   1459.000   97.000   34.591   -55.410
48870.000   955.000   1639.000   116.000   34.653   -55.402
48871.000   983.000   1739.000   99.000   34.715   -55.394
48872.000   960.000   1859.000   99.000   34.778   -55.386
48873.000   934.000   1970.000   106.000   34.840   -55.378
48874.000   858.000   2080.000   103.000   34.902   -55.370
48875.000   846.000   2183.000   113.000   34.965   -55.362
48876.000   794.000   2637.000   120.000   35.027   -55.354
48877.000   781.000   2716.000   105.000   35.089   -55.346
48878.000   837.000   2781.000   126.000   35.151   -55.338
48879.000   825.000   3062.000   112.000   35.214   -55.330
48880.000   901.000   3115.000   105.000   35.276   -55.322
48881.000   891.000   3307.000   122.000   35.338   -55.314
48882.000   1095.000   3599.000   125.000   35.401   -55.306
48883.000   1338.000   3706.000   106.000   35.463   -55.297
48884.000   1492.000   3996.000   125.000   35.525   -55.289
48885.000   1441.000   4292.000   119.000   35.588   -55.281
48886.000   1531.000   4570.000   138.000   35.650   -55.273
48887.000   1070.000   4717.000   142.000   35.712   -55.264
48888.000   931.000   5057.000   126.000   35.774   -55.256
48889.000   879.000   5437.000   144.000   35.837   -55.248
48890.000   887.000   5737.000   117.000   35.899   -55.240
48891.000   903.000   5977.000   126.000   35.961   -55.231
48892.000   892.000   6288.000   144.000   36.024   -55.223
48893.000   839.000   6552.000   132.000   36.086   -55.214
48894.000   935.000   6831.000   156.000   36.148   -55.206
48895.000   1011.000   7053.000   151.000   36.210   -55.198
48896.000   1008.000   7435.000   149.000   36.273   -55.189
48897.000   1149.000   7793.000   135.000   36.335   -55.181
48898.000   1242.000   8055.000   158.000   36.397   -55.172
48899.000   1448.000   8280.000   172.000   36.460   -55.164
48900.000   34208.000   8620.000   155.000   36.522   -55.155
48901.000   43419.000   8677.000   158.000   36.584   -55.147
48902.000   3134.000   11090.000   146.000   36.646   -55.138
48903.000   46553.000   32077.000   175.000   36.709   -55.130
48904.000   1051.000   9304.000   171.000   36.771   -55.121
48905.000   980.000   9572.000   153.000   36.833   -55.112
48906.000   1024.000   9822.000   180.000   36.895   -55.104
48907.000   1003.000   10074.000   173.000   36.958   -55.095
48908.000   928.000   10052.000   176.000   37.020   -55.086
48909.000   971.000   10367.000   166.000   37.082   -55.078
48910.000   936.000   10585.000   183.000   37.144   -55.069
48911.000   909.000   10677.000   185.000   37.207   -55.060
48912.000   937.000   10855.000   190.000   37.269   -55.051
48913.000   998.000   10762.000   177.000   37.331   -55.043
48914.000   935.000   11091.000   220.000   37.393   -55.034
48915.000   910.000   11085.000   246.000   37.456   -55.025
48916.000   840.000   11094.000   219.000   37.518   -55.016
48917.000   911.000   11164.000   237.000   37.580   -55.007
48918.000   660.000   11195.000   238.000   37.642   -54.998
48919.000   665.000   11500.000   273.000   37.704   -54.989
48920.000   663.000   11323.000   244.000   37.767   -54.980
48921.000   704.000   11485.000   247.000   37.829   -54.972
48922.000   638.000   11351.000   288.000   37.891   -54.963
48923.000   675.000   11269.000   298.000   37.953   -54.954
48924.000   689.000   11620.000   283.000   38.016   -54.944
48925.000   705.000   11564.000   295.000   38.078   -54.935
48926.000   649.000   11590.000   308.000   38.140   -54.926
48927.000   634.000   11438.000   326.000   38.202   -54.917
48928.000   696.000   11214.000   6005.000   38.264   -54.908
48929.000   638.000   11428.000   5805.000   38.327   -54.899
48930.000   640.000   11465.000   5234.000   38.389   -54.890
48931.000   624.000   11512.000   5576.000   38.451   -54.881
48932.000   673.000   11458.000   5963.000   38.513   -54.871
48933.000   671.000   11444.000   6351.000   38.575   -54.862
48934.000   644.000   11349.000   7022.000   38.638   -54.853
48935.000   621.000   11480.000   7711.000   38.700   -54.844
48936.000   668.000   11272.000   8463.000   38.762   -54.834
48937.000   688.000   11471.000   9273.000   38.824   -54.825
48938.000   642.000   11493.000   10347.000   38.886   -54.816
48939.000   650.000   11370.000   11337.000   38.949   -54.806
48940.000   634.000   11425.000   12364.000   39.011   -54.797
48941.000   694.000   11339.000   12999.000   39.073   -54.788
48942.000   691.000   11430.000   13974.000   39.135   -54.778
48943.000   644.000   11374.000   14479.000   39.197   -54.769
48944.000   636.000   11391.000   15832.000   39.259   -54.759
48945.000   635.000   11253.000   17295.000   39.322   -54.750
48946.000   622.000   11313.000   18452.000   39.384   -54.740
48947.000   678.000   11353.000   19528.000   39.446   -54.730
48948.000   660.000   11091.000   19794.000   39.508   -54.721
48949.000   679.000   11275.000   19688.000   39.570   -54.711
48950.000   644.000   11339.000   19372.000   39.632   -54.702
48951.000   645.000   11273.000   18852.000   39.695   -54.692
48952.000   616.000   11234.000   17671.000   39.757   -54.682
48953.000   636.000   11329.000   17115.000   39.819   -54.673
48954.000   637.000   11399.000   15457.000   39.881   -54.663
48955.000   675.000   11301.000   14447.000   39.943   -54.653
48956.000   678.000   11267.000   12887.000   40.005   -54.643
48957.000   619.000   11318.000   11718.000   40.067   -54.633
48958.000   691.000   11231.000   9400.000   40.130   -54.624
48959.000   655.000   11406.000   8565.000   40.192   -54.614
48960.000   17338.000   11471.000   7731.000   40.254   -54.604
48961.000   21994.000   11341.000   6464.000   40.316   -54.594
48962.000   1401.000   11280.000   5214.000   40.378   -54.584
48963.000   23527.000   11566.000   3728.000   40.440   -54.574
48964.000   630.000   11278.000   1679.000   40.502   -54.564
48965.000   589.000   11150.000   755.000   40.564   -54.554
48966.000   646.000   11122.000   76.000   40.627   -54.544
48967.000   598.000   10930.000   20.000   40.689   -54.534
48968.000   615.000   10883.000   04.000   40.751   -54.524
48969.000   611.000   10677.000   01.000   40.813   -54.514
48970.000   636.000   10684.000   00.000   40.875   -54.504
48971.000   621.000   10507.000   00.000   40.937   -54.493
48972.000   625.000   10315.000   00.000   40.999   -54.483
48973.000   623.000   10183.000   00.000   41.061   -54.473
48974.000   584.000   9978.000   00.000   41.123   -54.463
48975.000   665.000   9811.000   00.000   41.186   -54.452
48976.000   615.000   9434.000   00.000   41.248   -54.442
48977.000   616.000   9332.000   00.000   41.310   -54.432
48978.000   657.000   9283.000   00.000   41.372   -54.421
48979.000   651.000   8910.000   00.000   41.434   -54.411
48980.000   600.000   8659.000   00.000   41.496   -54.401
48981.000   611.000   8473.000   00.000   41.558   -54.390
48982.000   578.000   8034.000   00.000   41.620   -54.380
48983.000   650.000   7778.000   00.000   41.682   -54.369
48984.000   610.000   7575.000   00.000   41.744   -54.359
48985.000   644.000   7481.000   00.000   41.806   -54.348
48986.000   619.000   7199.000   00.000   41.868   -54.337
48987.000   613.000   6874.000   00.000   41.930   -54.327
48988.000   651.000   6740.000   00.000   41.993   -54.316
48989.000   624.000   6535.000   00.000   42.055   -54.305
48990.000   612.000   6367.000   00.000   42.117   -54.295
48991.000   606.000   6020.000   00.000   42.179   -54.284
48992.000   635.000   5988.000   00.000   42.241   -54.273
48993.000   628.000   5803.000   00.000   42.303   -54.262
48994.000   593.000   5497.000   00.000   42.365   -54.252
48995.000   657.000   5389.000   00.000   42.427   -54.241
48996.000   635.000   3119.000   00.000   42.489   -54.230
48997.000   622.000   2918.000   00.000   42.551   -54.219
48998.000   631.000   2698.000   00.000   42.613   -54.208
48999.000   638.000   2404.000   00.000   42.675   -54.197
49000.000   633.000   2251.000   00.000   42.737   -54.186
49001.000   621.000   2041.000   00.000   42.799   -54.175
49002.000   585.000   1943.000   00.000   42.861   -54.164
49003.000   586.000   1809.000   00.000   42.923   -54.153
49004.000   595.000   1581.000   00.000   42.985   -54.142
49005.000   619.000   1499.000   00.000   43.047   -54.131
49006.000   622.000   1379.000   00.000   43.109   -54.119
49007.000   618.000   1336.000   00.000   43.171   -54.108
49008.000   658.000   1178.000   00.000   43.233   -54.097
49009.000   621.000   1197.000   00.000   43.295   -54.086
49010.000   642.000   1066.000   00.000   43.357   -54.074
49011.000   615.000   1064.000   00.000   43.419   -54.063
49012.000   634.000   971.000   00.000   43.481   -54.052
49013.000   623.000   914.000   00.000   43.543   -54.040
49014.000   634.000   902.000   00.000   43.605   -54.029
49015.000   624.000   860.000   00.000   43.667   -54.017
49016.000   630.000   764.000   00.000   43.729   -54.006
49017.000   617.000   770.000   00.000   43.791   -53.994
49018.000   605.000   701.000   00.000   43.853   -53.983
49019.000   650.000   691.000   00.000   43.915   -53.971
49020.000   620.000   34085.000   16967.000   43.977   -53.959
49021.000   600.000   43319.000   21576.000   44.039   -53.948
49022.000   632.000   4045.000   2577.000   44.101   -53.936
49023.000   603.000   46436.000   23145.000   44.163   -53.924
49024.000   640.000   479.000   97.000   44.225   -53.913
49025.000   704.000   480.000   82.000   44.287   -53.901
49026.000   630.000   507.000   88.000   44.349   -53.889
49027.000   579.000   542.000   82.000   44.411   -53.877
49028.000   628.000   493.000   84.000   44.473   -53.865
49029.000   634.000   503.000   65.000   44.535   -53.853
49030.000   652.000   540.000   80.000   44.597   -53.841
49031.000   562.000   506.000   93.000   44.658   -53.829
49032.000   629.000   519.000   77.000   44.720   -53.817
49033.000   656.000   516.000   90.000   44.782   -53.805
49034.000   681.000   533.000   84.000   44.844   -53.793
49035.000   648.000   550.000   77.000   44.906   -53.781
49036.000   594.000   499.000   75.000   44.968   -53.769
49037.000   611.000   458.000   72.000   45.030   -53.757
49038.000   588.000   518.000   88.000   45.092   -53.744
49039.000   609.000   521.000   76.000   45.154   -53.732
49040.000   592.000   506.000   87.000   45.216   -53.720
49041.000   572.000   528.000   90.000   45.278   -53.707
49042.000   579.000   447.000   92.000   45.340   -53.695
49043.000   629.000   505.000   89.000   45.401   -53.683
49044.000   607.000   453.000   81.000   45.463   -53.670
49045.000   588.000   505.000   84.000   45.525   -53.658
49046.000   607.000   506.000   75.000   45.587   -53.645
49047.000   576.000   519.000   71.000   45.649   -53.632
49048.000   601.000   503.000   80.000   45.711   -53.620
49049.000   579.000   543.000   72.000   45.773   -53.607
49050.000   596.000   499.000   72.000   45.835   -53.595
49051.000   603.000   536.000   89.000   45.897   -53.582
49052.000   629.000   492.000   74.000   45.958   -53.569
49053.000   603.000   486.000   84.000   46.020   -53.556
49054.000   569.000   541.000   72.000   46.082   -53.543
49055.000   599.000   521.000   77.000   46.144   -53.531
49056.000   585.000   500.000   78.000   46.206   -53.518
49057.000   593.000   499.000   78.000   46.268   -53.505
49058.000   579.000   491.000   78.000   46.330   -53.492
49059.000   573.000   489.000   88.000   46.391   -53.479
49060.000   617.000   514.000   88.000   46.453   -53.466
49061.000   572.000   502.000   81.000   46.515   -53.453
49062.000   602.000   441.000   78.000   46.577   -53.439
49063.000   583.000   513.000   78.000   46.639   -53.426
49064.000   623.000   459.000   86.000   46.701   -53.413
49065.000   603.000   523.000   66.000   46.762   -53.400
49066.000   564.000   529.000   84.000   46.824   -53.386
49067.000   630.000   528.000   90.000   46.886   -53.373
49068.000   609.000   535.000   76.000   46.948   -53.360
49069.000   591.000   543.000   81.000   47.010   -53.346
49070.000   535.000   485.000   83.000   47.072   -53.333
49071.000   549.000   490.000   75.000   47.133   -53.319
49072.000   594.000   514.000   75.000   47.195   -53.306
49073.000   561.000   485.000   66.000   47.257   -53.292
49074.000   576.000   532.000   83.000   47.319   -53.279
49075.000   605.000   550.000   82.000   47.381   -53.265
49076.000   555.000   488.000   63.000   47.442   -53.251
49077.000   581.000   554.000   70.000   47.504   -53.237
49078.000   548.000   520.000   76.000   47.566   -53.224
49079.000   555.000   515.000   65.000   47.628   -53.210
49080.000   591.000   546.000   91.000   47.689   -53.196
49081.000   613.000   528.000   77.000   47.751   -53.182
49082.000   568.000   549.000   80.000   47.813   -53.168
49083.000   596.000   515.000   68.000   47.875   -53.154
49084.000   591.000   536.000   65.000   47.936   -53.140
49085.000   583.000   533.000   83.000   47.998   -53.126
49086.000   582.000   519.000   75.000   48.060   -53.112
49087.000   589.000   527.000   66.000   48.122   -53.098
49088.000   526.000   544.000   62.000   48.183   -53.083
49089.000   538.000   515.000   68.000   48.245   -53.069
49090.000   573.000   580.000   66.000   48.307   -53.055
49091.000   583.000   551.000   66.000   48.369   -53.040
49092.000   616.000   544.000   66.000   48.430   -53.026
49093.000   557.000   544.000   79.000   48.492   -53.012
49094.000   595.000   538.000   64.000   48.554   -52.997
49095.000   606.000   524.000   71.000   48.616   -52.983
49096.000   607.000   531.000   76.000   48.677   -52.968
49097.000   617.000   483.000   68.000   48.739   -52.953
49098.000   606.000   529.000   59.000   48.801   -52.939
49099.000   574.000   541.000   62.000   48.862   -52.924
49100.000   615.000   578.000   77.000   48.924   -52.909
49101.000   589.000   546.000   77.000   48.986   -52.894
49102.000   609.000   560.000   58.000   49.048   -52.880
49103.000   606.000   518.000   74.000   49.109   -52.865
49104.000   594.000   547.000   61.000   49.171   -52.850
49105.000   573.000   553.000   81.000   49.233   -52.835
49106.000   556.000   538.000   83.000   49.294   -52.820
49107.000   579.000   553.000   72.000   49.356   -52.805
49108.000   612.000   539.000   72.000   49.418   -52.789
49109.000   624.000   519.000   79.000   49.479   -52.774
49110.000   577.000   534.000   85.000   49.541   -52.759
49111.000   563.000   582.000   62.000   49.603   -52.744
49112.000   552.000   498.000   86.000   49.664   -52.728
49113.000   609.000   596.000   75.000   49.726   -52.713
49114.000   572.000   522.000   82.000   49.787   -52.697
49115.000   576.000   539.000   82.000   49.849   -52.682
49116.000   580.000   525.000   61.000   49.911   -52.666
49117.000   552.000   565.000   57.000   49.972   -52.651
49118.000   583.000   570.000   68.000   50.034   -52.635
49119.000   551.000   571.000   68.000   50.096   -52.620
49120.000   561.000   569.000   68.000   50.157   -52.604
49121.000   589.000   573.000   76.000   50.219   -52.588
49122.000   600.000   555.000   69.000   50.280   -52.572
49123.000   627.000   526.000   62.000   50.342   -52.556
49124.000   587.000   555.000   65.000   50.404   -52.540
49125.000   585.000   554.000   77.000   50.465   -52.524
49126.000   602.000   571.000   60.000   50.527   -52.508
49127.000   606.000   520.000   58.000   50.588   -52.492
49128.000   595.000   587.000   68.000   50.650   -52.476
49129.000   602.000   558.000   66.000   50.712   -52.460
49130.000   584.000   589.000   69.000   50.773   -52.444
49131.000   572.000   541.000   60.000   50.835   -52.427
49132.000   562.000   551.000   62.000   50.896   -52.411
49133.000   578.000   544.000   60.000   50.958   -52.394
49134.000   585.000   552.000   72.000   51.019   -52.378
49135.000   602.000   570.000   57.000   51.081   -52.361
49136.000   566.000   587.000   63.000   51.143   -52.345
49137.000   624.000   548.000   49.000   51.204   -52.328
49138.000   564.000   590.000   75.000   51.266   -52.311
49139.000   606.000   534.000   66.000   51.327   -52.295
49140.000   595.000   545.000   54.000   51.389   -52.278
49141.000   572.000   502.000   67.000   51.450   -52.261
49142.000   584.000   550.000   51.000   51.512   -52.244
49143.000   525.000   567.000   66.000   51.573   -52.227
49144.000   627.000   620.000   59.000   51.635   -52.210
49145.000   575.000   546.000   68.000   51.696   -52.193
49146.000   558.000   599.000   64.000   51.758   -52.176
49147.000   573.000   553.000   56.000   51.819   -52.159
49148.000   585.000   579.000   58.000   51.881   -52.141
49149.000   608.000   593.000   67.000   51.942   -52.124
49150.000   592.000   585.000   81.000   52.004   -52.107
49151.000   558.000   619.000   56.000   52.065   -52.089
49152.000   561.000   572.000   68.000   52.127   -52.072
49153.000   607.000   557.000   75.000   52.188   -52.054
49154.000   555.000   569.000   67.000   52.250   -52.036
49155.000   517.000   548.000   64.000   52.311   -52.019
49156.000   593.000   610.000   68.000   52.373   -52.001
49157.000   575.000   543.000   86.000   52.434   -51.983
49158.000   543.000   601.000   68.000   52.495   -51.965
49159.000   500.000   566.000   62.000   52.557   -51.947
49160.000   544.000   635.000   63.000   52.618   -51.929
49161.000   549.000   593.000   47.000   52.680   -51.911
49162.000   560.000   536.000   59.000   52.741   -51.893
49163.000   617.000   632.000   59.000   52.803   -51.875
49164.000   574.000   578.000   63.000   52.864   -51.857
49165.000   543.000   620.000   70.000   52.925   -51.839
49166.000   532.000   619.000   54.000   52.987   -51.820
49167.000   537.000   557.000   73.000   53.048   -51.802
49168.000   537.000   630.000   60.000   53.110   -51.783
49169.000   578.000   624.000   51.000   53.171   -51.765
49170.000   556.000   600.000   59.000   53.232   -51.746
49171.000   546.000   673.000   68.000   53.294   -51.727
49172.000   580.000   716.000   58.000   53.355   -51.709
49173.000   552.000   738.000   68.000   53.417   -51.690
49174.000   549.000   830.000   69.000   53.478   -51.671
49175.000   526.000   880.000   54.000   53.539   -51.652
49176.000   569.000   727.000   77.000   53.601   -51.633
49177.000   506.000   844.000   62.000   53.662   -51.614
49178.000   554.000   798.000   66.000   53.723   -51.595
49179.000   571.000   961.000   67.000   53.785   -51.575
49180.000   551.000   1135.000   62.000   53.846   -51.556
49181.000   511.000   1231.000   60.000   53.907   -51.537
49182.000   532.000   1261.000   71.000   53.969   -51.517
49183.000   585.000   1391.000   63.000   54.030   -51.498
49184.000   569.000   1474.000   62.000   54.091   -51.478
49185.000   557.000   1488.000   68.000   54.153   -51.459
49186.000   515.000   1679.000   55.000   54.214   -51.439
49187.000   598.000   1851.000   64.000   54.275   -51.419
49188.000   565.000   2030.000   72.000   54.336   -51.399
49189.000   519.000   2217.000   57.000   54.398   -51.379
49190.000   528.000   2370.000   69.000   54.459   -51.359
49191.000   529.000   2581.000   61.000   54.520   -51.339
49192.000   528.000   2809.000   61.000   54.582   -51.319
49193.000   536.000   3194.000   63.000   54.643   -51.299
49194.000   521.000   3463.000   62.000   54.704   -51.279
49195.000   546.000   3653.000   72.000   54.765   -51.258
49196.000   541.000   3866.000   65.000   54.827   -51.238
49197.000   576.000   4256.000   47.000   54.888   -51.217
49198.000   562.000   4494.000   59.000   54.949   -51.197
49199.000   552.000   4780.000   73.000   55.010   -51.176
