Time range: [ 19:00:00.000  19:24:12.000 ]
Time range duration: 24.0 min, 12.0 sec
Longitude range: [ 72.0  80.0 ]
68400.000   672.000   319.000   72.000   00.677   37.484
68401.000   829.000   336.000   85.000   00.614   37.488
68402.000   697.000   328.000   74.000   00.552   37.492
68403.000   670.000   335.000   72.000   00.490   37.496
68404.000   720.000   280.000   99.000   00.427   37.500
68405.000   690.000   307.000   79.000   00.365   37.504
68406.000   721.000   337.000   88.000   00.303   37.508
68407.000   719.000   288.000   97.000   00.240   37.512
68408.000   701.000   317.000   86.000   00.178   37.516
68409.000   793.000   302.000   84.000   00.115   37.520
68410.000   702.000   322.000   82.000   00.053   37.524
68411.000   715.000   286.000   88.000   -0.009   37.528
68412.000   679.000   342.000   80.000   -0.072   37.532
68413.000   664.000   303.000   74.000   -0.134   37.536
68414.000   723.000   279.000   98.000   -0.196   37.540
68415.000   734.000   350.000   81.000   -0.259   37.544
68416.000   760.000   290.000   66.000   -0.321   37.548
68417.000   782.000   274.000   86.000   -0.383   37.552
68418.000   708.000   333.000   88.000   -0.446   37.556
68419.000   728.000   335.000   90.000   -0.508   37.560
68420.000   726.000   311.000   73.000   -0.570   37.564
68421.000   721.000   359.000   79.000   -0.633   37.568
68422.000   701.000   329.000   104.000   -0.695   37.572
68423.000   744.000   302.000   79.000   -0.758   37.576
68424.000   717.000   298.000   101.000   -0.820   37.580
68425.000   702.000   307.000   86.000   -0.882   37.584
68426.000   756.000   323.000   77.000   -0.945   37.588
68427.000   708.000   332.000   93.000   -1.007   37.592
68428.000   747.000   319.000   91.000   -1.069   37.596
68429.000   721.000   335.000   101.000   -1.132   37.600
68430.000   703.000   323.000   72.000   -1.194   37.604
68431.000   739.000   323.000   74.000   -1.256   37.608
68432.000   722.000   324.000   86.000   -1.319   37.612
68433.000   727.000   312.000   85.000   -1.381   37.616
68434.000   704.000   291.000   74.000   -1.443   37.620
68435.000   750.000   316.000   89.000   -1.506   37.624
68436.000   685.000   315.000   70.000   -1.568   37.628
68437.000   820.000   350.000   67.000   -1.631   37.632
68438.000   740.000   357.000   87.000   -1.693   37.636
68439.000   675.000   331.000   89.000   -1.755   37.640
68440.000   744.000   325.000   85.000   -1.818   37.644
68441.000   680.000   314.000   96.000   -1.880   37.648
68442.000   719.000   324.000   77.000   -1.942   37.652
68443.000   735.000   328.000   93.000   -2.005   37.656
68444.000   718.000   343.000   75.000   -2.067   37.660
68445.000   760.000   353.000   71.000   -2.129   37.664
68446.000   675.000   312.000   75.000   -2.192   37.668
68447.000   778.000   292.000   97.000   -2.254   37.672
68448.000   771.000   297.000   79.000   -2.316   37.676
68449.000   740.000   352.000   91.000   -2.379   37.680
68450.000   694.000   311.000   92.000   -2.441   37.684
68451.000   743.000   364.000   121.000   -2.503   37.688
68452.000   728.000   356.000   109.000   -2.566   37.692
68453.000   738.000   351.000   99.000   -2.628   37.696
68454.000   757.000   296.000   82.000   -2.690   37.700
68455.000   707.000   341.000   88.000   -2.753   37.704
68456.000   815.000   360.000   84.000   -2.815   37.708
68457.000   758.000   314.000   89.000   -2.878   37.712
68458.000   708.000   326.000   88.000   -2.940   37.716
68459.000   709.000   361.000   93.000   -3.002   37.720
68460.000   766.000   345.000   94.000   -3.065   37.724
68461.000   761.000   357.000   102.000   -3.127   37.728
68462.000   701.000   321.000   80.000   -3.189   37.732
68463.000   722.000   334.000   92.000   -3.252   37.736
68464.000   742.000   337.000   91.000   -3.314   37.740
68465.000   724.000   372.000   99.000   -3.376   37.744
68466.000   744.000   334.000   73.000   -3.439   37.748
68467.000   731.000   374.000   95.000   -3.501   37.752
68468.000   776.000   372.000   91.000   -3.563   37.756
68469.000   737.000   340.000   71.000   -3.626   37.760
68470.000   743.000   381.000   91.000   -3.688   37.765
68471.000   796.000   348.000   105.000   -3.750   37.769
68472.000   751.000   307.000   87.000   -3.813   37.773
68473.000   721.000   312.000   88.000   -3.875   37.777
68474.000   775.000   333.000   100.000   -3.937   37.781
68475.000   746.000   376.000   89.000   -4.000   37.785
68476.000   727.000   321.000   97.000   -4.062   37.789
68477.000   807.000   355.000   70.000   -4.124   37.793
68478.000   774.000   317.000   64.000   -4.187   37.797
68479.000   795.000   326.000   105.000   -4.249   37.801
68480.000   760.000   345.000   86.000   -4.311   37.805
68481.000   788.000   321.000   83.000   -4.374   37.809
68482.000   767.000   353.000   71.000   -4.436   37.813
68483.000   707.000   360.000   95.000   -4.498   37.817
68484.000   746.000   334.000   79.000   -4.561   37.821
68485.000   734.000   357.000   97.000   -4.623   37.825
68486.000   775.000   349.000   94.000   -4.685   37.829
68487.000   735.000   308.000   82.000   -4.748   37.833
68488.000   703.000   338.000   96.000   -4.810   37.837
68489.000   789.000   330.000   87.000   -4.872   37.841
68490.000   768.000   316.000   99.000   -4.935   37.845
68491.000   750.000   369.000   78.000   -4.997   37.849
68492.000   750.000   314.000   91.000   -5.059   37.853
68493.000   714.000   312.000   119.000   -5.122   37.858
68494.000   730.000   344.000   96.000   -5.184   37.862
68495.000   744.000   346.000   88.000   -5.246   37.866
68496.000   794.000   340.000   90.000   -5.309   37.870
68497.000   788.000   336.000   76.000   -5.371   37.874
68498.000   794.000   333.000   111.000   -5.433   37.878
68499.000   764.000   300.000   84.000   -5.496   37.882
68500.000   808.000   345.000   89.000   -5.558   37.886
68501.000   756.000   360.000   84.000   -5.620   37.890
68502.000   807.000   369.000   93.000   -5.683   37.894
68503.000   771.000   363.000   89.000   -5.745   37.898
68504.000   738.000   385.000   95.000   -5.807   37.902
68505.000   863.000   323.000   84.000   -5.870   37.906
68506.000   694.000   366.000   87.000   -5.932   37.910
68507.000   693.000   362.000   91.000   -5.994   37.915
68508.000   830.000   380.000   94.000   -6.057   37.919
68509.000   797.000   391.000   92.000   -6.119   37.923
68510.000   853.000   386.000   101.000   -6.181   37.927
68511.000   875.000   343.000   89.000   -6.243   37.931
68512.000   823.000   381.000   79.000   -6.306   37.935
68513.000   895.000   390.000   104.000   -6.368   37.939
68514.000   799.000   373.000   100.000   -6.430   37.943
68515.000   865.000   338.000   99.000   -6.493   37.947
68516.000   811.000   382.000   95.000   -6.555   37.951
68517.000   826.000   358.000   85.000   -6.617   37.955
68518.000   852.000   359.000   82.000   -6.680   37.960
68519.000   858.000   365.000   81.000   -6.742   37.964
68520.000   845.000   371.000   88.000   -6.804   37.968
68521.000   930.000   346.000   100.000   -6.867   37.972
68522.000   837.000   348.000   110.000   -6.929   37.976
68523.000   838.000   369.000   113.000   -6.991   37.980
68524.000   832.000   348.000   91.000   -7.054   37.984
68525.000   817.000   347.000   99.000   -7.116   37.988
68526.000   814.000   339.000   106.000   -7.178   37.992
68527.000   870.000   336.000   91.000   -7.240   37.997
68528.000   759.000   326.000   93.000   -7.303   38.001
68529.000   775.000   358.000   86.000   -7.365   38.005
68530.000   800.000   418.000   99.000   -7.427   38.009
68531.000   856.000   319.000   99.000   -7.490   38.013
68532.000   813.000   338.000   101.000   -7.552   38.017
68533.000   784.000   368.000   102.000   -7.614   38.021
68534.000   842.000   331.000   88.000   -7.677   38.026
68535.000   858.000   320.000   89.000   -7.739   38.030
68536.000   815.000   364.000   106.000   -7.801   38.034
68537.000   880.000   354.000   102.000   -7.864   38.038
68538.000   814.000   355.000   98.000   -7.926   38.042
68539.000   888.000   355.000   106.000   -7.988   38.046
68540.000   847.000   352.000   114.000   -8.050   38.050
68541.000   816.000   488.000   89.000   -8.113   38.055
68542.000   865.000   338.000   86.000   -8.175   38.059
68543.000   855.000   368.000   97.000   -8.237   38.063
68544.000   848.000   360.000   87.000   -8.300   38.067
68545.000   863.000   357.000   120.000   -8.362   38.071
68546.000   873.000   365.000   94.000   -8.424   38.075
68547.000   846.000   360.000   91.000   -8.486   38.080
68548.000   835.000   380.000   101.000   -8.549   38.084
68549.000   814.000   356.000   70.000   -8.611   38.088
68550.000   818.000   380.000   112.000   -8.673   38.092
68551.000   865.000   340.000   105.000   -8.736   38.096
68552.000   922.000   327.000   104.000   -8.798   38.100
68553.000   869.000   344.000   95.000   -8.860   38.105
68554.000   886.000   356.000   107.000   -8.923   38.109
68555.000   838.000   351.000   117.000   -8.985   38.113
68556.000   860.000   378.000   102.000   -9.047   38.117
68557.000   878.000   346.000   71.000   -9.109   38.121
68558.000   805.000   379.000   79.000   -9.172   38.126
68559.000   895.000   322.000   99.000   -9.234   38.130
68560.000   853.000   590.000   98.000   -9.296   38.134
68561.000   891.000   580.000   103.000   -9.359   38.138
68562.000   854.000   617.000   93.000   -9.421   38.142
68563.000   870.000   664.000   121.000   -9.483   38.147
68564.000   883.000   654.000   98.000   -9.545   38.151
68565.000   848.000   720.000   69.000   -9.608   38.155
68566.000   909.000   724.000   93.000   -9.670   38.159
68567.000   873.000   796.000   113.000   -9.732   38.164
68568.000   1356.000   855.000   106.000   -9.794   38.168
68569.000   1271.000   922.000   116.000   -9.857   38.172
68570.000   1486.000   927.000   115.000   -9.919   38.176
68571.000   1509.000   1005.000   123.000   -9.981   38.181
68572.000   1609.000   1136.000   101.000   -10.044   38.185
68573.000   1642.000   1206.000   97.000   -10.106   38.189
68574.000   1785.000   1276.000   114.000   -10.168   38.193
68575.000   1908.000   1384.000   91.000   -10.230   38.198
68576.000   2071.000   1523.000   85.000   -10.293   38.202
68577.000   2107.000   1654.000   107.000   -10.355   38.206
68578.000   2272.000   1780.000   90.000   -10.417   38.210
68579.000   2422.000   1907.000   125.000   -10.480   38.215
68580.000   2617.000   2062.000   105.000   -10.542   38.219
68581.000   2753.000   2218.000   99.000   -10.604   38.223
68582.000   2957.000   2409.000   116.000   -10.666   38.227
68583.000   3102.000   2557.000   105.000   -10.729   38.232
68584.000   3353.000   2738.000   99.000   -10.791   38.236
68585.000   3522.000   3002.000   130.000   -10.853   38.240
68586.000   3722.000   3172.000   108.000   -10.915   38.245
68587.000   4022.000   3372.000   123.000   -10.978   38.249
68588.000   4052.000   3558.000   114.000   -11.040   38.253
68589.000   4338.000   3810.000   102.000   -11.102   38.257
68590.000   4557.000   3992.000   111.000   -11.164   38.262
68591.000   4792.000   4280.000   111.000   -11.227   38.266
68592.000   5054.000   4598.000   113.000   -11.289   38.270
68593.000   5224.000   4855.000   89.000   -11.351   38.275
68594.000   5503.000   4956.000   96.000   -11.413   38.279
68595.000   5806.000   5377.000   123.000   -11.476   38.283
68596.000   5982.000   5629.000   112.000   -11.538   38.288
68597.000   6185.000   5925.000   97.000   -11.600   38.292
68598.000   6489.000   5984.000   73.000   -11.663   38.296
68599.000   6732.000   6429.000   107.000   -11.725   38.301
68600.000   6889.000   6863.000   113.000   -11.787   38.305
68601.000   7107.000   6908.000   121.000   -11.849   38.309
68602.000   7355.000   7217.000   94.000   -11.912   38.314
68603.000   7569.000   7561.000   127.000   -11.974   38.318
68604.000   7647.000   7604.000   114.000   -12.036   38.322
68605.000   7979.000   7969.000   103.000   -12.098   38.327
68606.000   8124.000   8140.000   105.000   -12.161   38.331
68607.000   8091.000   8301.000   97.000   -12.223   38.335
68608.000   8248.000   8512.000   120.000   -12.285   38.340
68609.000   8371.000   8472.000   119.000   -12.347   38.344
68610.000   8458.000   8669.000   90.000   -12.409   38.349
68611.000   8475.000   9165.000   100.000   -12.472   38.353
68612.000   8746.000   9196.000   101.000   -12.534   38.357
68613.000   8765.000   9321.000   116.000   -12.596   38.362
68614.000   8853.000   9465.000   105.000   -12.658   38.366
68615.000   8828.000   9645.000   119.000   -12.721   38.371
68616.000   8709.000   9889.000   100.000   -12.783   38.375
68617.000   8907.000   10093.000   130.000   -12.845   38.379
68618.000   8949.000   10190.000   108.000   -12.907   38.384
68619.000   8856.000   10345.000   113.000   -12.970   38.388
68620.000   8908.000   10460.000   126.000   -13.032   38.393
68621.000   8815.000   10585.000   107.000   -13.094   38.397
68622.000   8792.000   10612.000   110.000   -13.156   38.401
68623.000   8565.000   10762.000   109.000   -13.219   38.406
68624.000   8540.000   10787.000   138.000   -13.281   38.410
68625.000   8435.000   10696.000   113.000   -13.343   38.415
68626.000   8295.000   11035.000   116.000   -13.405   38.419
68627.000   8112.000   10846.000   122.000   -13.468   38.424
68628.000   8017.000   10684.000   111.000   -13.530   38.428
68629.000   7839.000   10811.000   128.000   -13.592   38.433
68630.000   7800.000   10625.000   104.000   -13.654   38.437
68631.000   7719.000   10687.000   97.000   -13.716   38.442
68632.000   7779.000   10592.000   115.000   -13.779   38.446
68633.000   8053.000   10555.000   101.000   -13.841   38.451
68634.000   7660.000   10500.000   109.000   -13.903   38.455
68635.000   7479.000   10900.000   130.000   -13.965   38.459
68636.000   7663.000   10621.000   114.000   -14.028   38.464
68637.000   7551.000   10878.000   118.000   -14.090   38.468
68638.000   7512.000   10590.000   122.000   -14.152   38.473
68639.000   7644.000   10690.000   123.000   -14.214   38.477
68640.000   50901.000   34071.000   97.000   -14.276   38.482
68641.000   64754.000   43290.000   107.000   -14.339   38.487
68642.000   3891.000   4238.000   115.000   -14.401   38.491
68643.000   69539.000   46545.000   120.000   -14.463   38.496
68644.000   533.000   316.000   99.000   -14.525   38.500
68645.000   583.000   293.000   109.000   -14.587   38.505
68646.000   514.000   333.000   128.000   -14.650   38.509
68647.000   504.000   334.000   105.000   -14.712   38.514
68648.000   499.000   351.000   120.000   -14.774   38.518
68649.000   552.000   318.000   120.000   -14.836   38.523
68650.000   545.000   364.000   123.000   -14.899   38.527
68651.000   549.000   437.000   129.000   -14.961   38.532
68652.000   570.000   307.000   127.000   -15.023   38.536
68653.000   523.000   327.000   113.000   -15.085   38.541
68654.000   509.000   321.000   120.000   -15.147   38.546
68655.000   593.000   352.000   145.000   -15.210   38.550
68656.000   555.000   346.000   110.000   -15.272   38.555
68657.000   516.000   318.000   119.000   -15.334   38.559
68658.000   554.000   338.000   105.000   -15.396   38.564
68659.000   507.000   298.000   129.000   -15.458   38.569
68660.000   526.000   331.000   107.000   -15.521   38.573
68661.000   591.000   336.000   127.000   -15.583   38.578
68662.000   496.000   324.000   117.000   -15.645   38.582
68663.000   531.000   375.000   135.000   -15.707   38.587
68664.000   521.000   337.000   126.000   -15.769   38.592
68665.000   558.000   334.000   119.000   -15.832   38.596
68666.000   528.000   315.000   123.000   -15.894   38.601
68667.000   542.000   336.000   123.000   -15.956   38.606
68668.000   533.000   319.000   4306.000   -16.018   38.610
68669.000   519.000   348.000   4535.000   -16.080   38.615
68670.000   521.000   309.000   4603.000   -16.142   38.620
68671.000   554.000   333.000   4752.000   -16.205   38.624
68672.000   545.000   360.000   4985.000   -16.267   38.629
68673.000   546.000   312.000   5146.000   -16.329   38.634
68674.000   546.000   346.000   5396.000   -16.391   38.638
68675.000   537.000   321.000   5698.000   -16.453   38.643
68676.000   534.000   344.000   5813.000   -16.516   38.648
68677.000   561.000   323.000   6140.000   -16.578   38.652
68678.000   526.000   320.000   6430.000   -16.640   38.657
68679.000   514.000   371.000   6821.000   -16.702   38.662
68680.000   524.000   386.000   7292.000   -16.764   38.667
68681.000   523.000   340.000   7792.000   -16.826   38.671
68682.000   571.000   366.000   8108.000   -16.889   38.676
68683.000   555.000   372.000   8699.000   -16.951   38.681
68684.000   524.000   348.000   9249.000   -17.013   38.685
68685.000   565.000   386.000   9597.000   -17.075   38.690
68686.000   535.000   333.000   9772.000   -17.137   38.695
68687.000   570.000   352.000   10146.000   -17.199   38.700
68688.000   504.000   374.000   10500.000   -17.262   38.705
68689.000   562.000   394.000   10753.000   -17.324   38.709
68690.000   571.000   370.000   11036.000   -17.386   38.714
68691.000   511.000   377.000   11126.000   -17.448   38.719
68692.000   580.000   347.000   11166.000   -17.510   38.724
68693.000   536.000   364.000   11578.000   -17.572   38.728
68694.000   573.000   365.000   11567.000   -17.635   38.733
68695.000   554.000   376.000   11593.000   -17.697   38.738
68696.000   538.000   354.000   11676.000   -17.759   38.743
68697.000   591.000   388.000   11691.000   -17.821   38.748
68698.000   595.000   378.000   11904.000   -17.883   38.752
68699.000   561.000   348.000   11660.000   -17.945   38.757
68700.000   558.000   377.000   16967.000   -18.008   38.762
68701.000   541.000   392.000   21576.000   -18.070   38.767
68702.000   628.000   363.000   2577.000   -18.132   38.772
68703.000   543.000   377.000   23184.000   -18.194   38.777
68704.000   583.000   370.000   56.000   -18.256   38.782
68705.000   562.000   330.000   63.000   -18.318   38.786
68706.000   658.000   357.000   46.000   -18.380   38.791
68707.000   629.000   370.000   57.000   -18.443   38.796
68708.000   577.000   381.000   48.000   -18.505   38.801
68709.000   625.000   353.000   49.000   -18.567   38.806
68710.000   627.000   319.000   54.000   -18.629   38.811
68711.000   558.000   356.000   62.000   -18.691   38.816
68712.000   567.000   377.000   43.000   -18.753   38.821
68713.000   601.000   359.000   52.000   -18.815   38.826
68714.000   628.000   369.000   57.000   -18.878   38.831
68715.000   553.000   379.000   57.000   -18.940   38.836
68716.000   595.000   360.000   53.000   -19.002   38.840
68717.000   587.000   366.000   56.000   -19.064   38.845
68718.000   609.000   383.000   57.000   -19.126   38.850
68719.000   569.000   369.000   56.000   -19.188   38.855
68720.000   621.000   391.000   51.000   -19.250   38.860
68721.000   599.000   345.000   63.000   -19.312   38.865
68722.000   565.000   338.000   56.000   -19.375   38.870
68723.000   632.000   357.000   50.000   -19.437   38.875
68724.000   618.000   404.000   61.000   -19.499   38.880
68725.000   567.000   385.000   57.000   -19.561   38.885
68726.000   632.000   385.000   62.000   -19.623   38.890
68727.000   584.000   386.000   65.000   -19.685   38.895
68728.000   667.000   379.000   52.000   -19.747   38.900
68729.000   604.000   355.000   48.000   -19.809   38.905
68730.000   555.000   376.000   59.000   -19.872   38.910
68731.000   604.000   345.000   59.000   -19.934   38.915
68732.000   553.000   399.000   59.000   -19.996   38.920
68733.000   628.000   360.000   49.000   -20.058   38.926
68734.000   596.000   372.000   59.000   -20.120   38.931
68735.000   558.000   381.000   50.000   -20.182   38.936
68736.000   606.000   399.000   41.000   -20.244   38.941
68737.000   584.000   393.000   52.000   -20.306   38.946
68738.000   587.000   369.000   50.000   -20.368   38.951
68739.000   579.000   390.000   58.000   -20.431   38.956
68740.000   573.000   375.000   59.000   -20.493   38.961
68741.000   565.000   392.000   62.000   -20.555   38.966
68742.000   556.000   379.000   47.000   -20.617   38.971
68743.000   554.000   376.000   59.000   -20.679   38.977
68744.000   599.000   370.000   62.000   -20.741   38.982
68745.000   615.000   458.000   52.000   -20.803   38.987
68746.000   581.000   384.000   58.000   -20.865   38.992
68747.000   601.000   391.000   50.000   -20.927   38.997
68748.000   592.000   399.000   58.000   -20.989   39.002
68749.000   578.000   374.000   63.000   -21.052   39.007
68750.000   573.000   389.000   51.000   -21.114   39.013
68751.000   601.000   360.000   50.000   -21.176   39.018
68752.000   575.000   412.000   55.000   -21.238   39.023
68753.000   569.000   404.000   61.000   -21.300   39.028
68754.000   568.000   384.000   60.000   -21.362   39.033
68755.000   563.000   356.000   57.000   -21.424   39.039
68756.000   589.000   352.000   65.000   -21.486   39.044
68757.000   579.000   394.000   68.000   -21.548   39.049
68758.000   560.000   337.000   69.000   -21.610   39.054
68759.000   575.000   378.000   43.000   -21.672   39.060
68760.000   542.000   371.000   56.000   -21.735   39.065
68761.000   599.000   405.000   56.000   -21.797   39.070
68762.000   612.000   368.000   59.000   -21.859   39.076
68763.000   582.000   352.000   43.000   -21.921   39.081
68764.000   581.000   416.000   70.000   -21.983   39.086
68765.000   598.000   352.000   60.000   -22.045   39.091
68766.000   601.000   306.000   41.000   -22.107   39.097
68767.000   560.000   273.000   56.000   -22.169   39.102
68768.000   609.000   303.000   46.000   -22.231   39.107
68769.000   570.000   310.000   66.000   -22.293   39.113
68770.000   558.000   321.000   50.000   -22.355   39.118
68771.000   565.000   331.000   61.000   -22.417   39.123
68772.000   619.000   303.000   49.000   -22.479   39.129
68773.000   614.000   343.000   53.000   -22.541   39.134
68774.000   655.000   325.000   53.000   -22.603   39.140
68775.000   647.000   296.000   62.000   -22.666   39.145
68776.000   564.000   311.000   55.000   -22.728   39.150
68777.000   566.000   334.000   68.000   -22.790   39.156
68778.000   596.000   296.000   75.000   -22.852   39.161
68779.000   603.000   295.000   58.000   -22.914   39.167
68780.000   577.000   344.000   47.000   -22.976   39.172
68781.000   592.000   338.000   59.000   -23.038   39.177
68782.000   593.000   319.000   56.000   -23.100   39.183
68783.000   602.000   316.000   66.000   -23.162   39.188
68784.000   580.000   341.000   60.000   -23.224   39.194
68785.000   583.000   335.000   57.000   -23.286   39.199
68786.000   580.000   334.000   51.000   -23.348   39.205
68787.000   609.000   325.000   52.000   -23.410   39.210
68788.000   588.000   331.000   75.000   -23.472   39.216
68789.000   558.000   328.000   83.000   -23.534   39.221
68790.000   575.000   302.000   76.000   -23.596   39.227
68791.000   629.000   288.000   62.000   -23.658   39.232
68792.000   592.000   327.000   70.000   -23.720   39.238
68793.000   558.000   337.000   70.000   -23.782   39.243
68794.000   633.000   363.000   73.000   -23.844   39.249
68795.000   588.000   286.000   58.000   -23.906   39.255
68796.000   577.000   282.000   67.000   -23.968   39.260
68797.000   624.000   349.000   69.000   -24.030   39.266
68798.000   568.000   335.000   70.000   -24.093   39.271
68799.000   596.000   317.000   73.000   -24.155   39.277
68800.000   562.000   236.000   78.000   -24.217   39.283
68801.000   588.000   239.000   57.000   -24.279   39.288
68802.000   600.000   212.000   57.000   -24.341   39.294
68803.000   575.000   200.000   66.000   -24.403   39.299
68804.000   584.000   222.000   69.000   -24.465   39.305
68805.000   626.000   228.000   68.000   -24.527   39.311
68806.000   646.000   223.000   63.000   -24.589   39.316
68807.000   608.000   180.000   77.000   -24.651   39.322
68808.000   580.000   213.000   65.000   -24.713   39.328
68809.000   586.000   244.000   72.000   -24.775   39.333
68810.000   561.000   241.000   63.000   -24.837   39.339
68811.000   580.000   241.000   64.000   -24.899   39.345
68812.000   582.000   238.000   81.000   -24.961   39.351
68813.000   591.000   222.000   73.000   -25.023   39.356
68814.000   627.000   227.000   57.000   -25.085   39.362
68815.000   598.000   177.000   62.000   -25.147   39.368
68816.000   591.000   219.000   68.000   -25.209   39.374
68817.000   591.000   215.000   78.000   -25.271   39.379
68818.000   589.000   219.000   72.000   -25.333   39.385
68819.000   576.000   218.000   75.000   -25.395   39.391
68820.000   588.000   204.000   82.000   -25.457   39.397
68821.000   628.000   260.000   72.000   -25.519   39.403
68822.000   624.000   239.000   70.000   -25.581   39.408
68823.000   606.000   224.000   66.000   -25.643   39.414
68824.000   604.000   233.000   79.000   -25.705   39.420
68825.000   586.000   217.000   61.000   -25.767   39.426
68826.000   573.000   207.000   73.000   -25.829   39.432
68827.000   622.000   223.000   73.000   -25.891   39.438
68828.000   584.000   222.000   72.000   -25.953   39.444
68829.000   605.000   228.000   67.000   -26.015   39.450
68830.000   576.000   256.000   77.000   -26.077   39.455
68831.000   631.000   234.000   67.000   -26.139   39.461
68832.000   603.000   237.000   77.000   -26.201   39.467
68833.000   595.000   255.000   68.000   -26.262   39.473
68834.000   589.000   233.000   55.000   -26.324   39.479
68835.000   690.000   232.000   72.000   -26.386   39.485
68836.000   677.000   243.000   85.000   -26.448   39.491
68837.000   665.000   235.000   71.000   -26.510   39.497
68838.000   613.000   231.000   71.000   -26.572   39.503
68839.000   623.000   246.000   72.000   -26.634   39.509
68840.000   607.000   212.000   72.000   -26.696   39.515
68841.000   595.000   247.000   67.000   -26.758   39.521
68842.000   644.000   226.000   74.000   -26.820   39.527
68843.000   621.000   226.000   75.000   -26.882   39.533
68844.000   675.000   255.000   78.000   -26.944   39.539
68845.000   664.000   233.000   69.000   -27.006   39.545
68846.000   683.000   234.000   79.000   -27.068   39.552
68847.000   629.000   242.000   77.000   -27.130   39.558
68848.000   697.000   269.000   68.000   -27.192   39.564
68849.000   635.000   241.000   43.000   -27.254   39.570
68850.000   670.000   214.000   76.000   -27.316   39.576
68851.000   648.000   239.000   74.000   -27.378   39.582
68852.000   688.000   262.000   65.000   -27.440   39.588
68853.000   620.000   214.000   79.000   -27.502   39.594
68854.000   654.000   207.000   80.000   -27.564   39.601
68855.000   659.000   204.000   95.000   -27.625   39.607
68856.000   656.000   254.000   79.000   -27.687   39.613
68857.000   691.000   260.000   76.000   -27.749   39.619
68858.000   653.000   260.000   77.000   -27.811   39.625
68859.000   677.000   258.000   89.000   -27.873   39.632
68860.000   655.000   244.000   72.000   -27.935   39.638
68861.000   666.000   227.000   90.000   -27.997   39.644
68862.000   666.000   257.000   71.000   -28.059   39.650
68863.000   679.000   268.000   93.000   -28.121   39.657
68864.000   628.000   242.000   64.000   -28.183   39.663
68865.000   636.000   291.000   73.000   -28.245   39.669
68866.000   641.000   250.000   88.000   -28.307   39.676
68867.000   688.000   244.000   83.000   -28.369   39.682
68868.000   984.000   210.000   85.000   -28.431   39.688
68869.000   1032.000   228.000   73.000   -28.492   39.695
68870.000   1091.000   277.000   97.000   -28.554   39.701
68871.000   1188.000   248.000   95.000   -28.616   39.707
68872.000   1316.000   232.000   74.000   -28.678   39.714
68873.000   1320.000   239.000   73.000   -28.740   39.720
68874.000   1355.000   211.000   81.000   -28.802   39.727
68875.000   1505.000   253.000   76.000   -28.864   39.733
68876.000   1542.000   253.000   80.000   -28.926   39.740
68877.000   1739.000   211.000   88.000   -28.988   39.746
68878.000   1720.000   272.000   89.000   -29.050   39.752
68879.000   1822.000   229.000   93.000   -29.111   39.759
68880.000   672.000   319.000   72.000   -29.173   39.765
68881.000   829.000   336.000   85.000   -29.235   39.772
68882.000   697.000   328.000   74.000   -29.297   39.778
68883.000   670.000   335.000   72.000   -29.359   39.785
68884.000   720.000   280.000   99.000   -29.421   39.792
68885.000   690.000   307.000   79.000   -29.483   39.798
68886.000   721.000   337.000   88.000   -29.545   39.805
68887.000   719.000   288.000   97.000   -29.607   39.811
68888.000   701.000   317.000   86.000   -29.668   39.818
68889.000   793.000   302.000   84.000   -29.730   39.824
68890.000   702.000   322.000   82.000   -29.792   39.831
68891.000   715.000   286.000   88.000   -29.854   39.838
68892.000   679.000   342.000   80.000   -29.916   39.844
68893.000   664.000   303.000   74.000   -29.978   39.851
68894.000   723.000   279.000   98.000   -30.040   39.858
68895.000   734.000   350.000   81.000   -30.102   39.864
68896.000   760.000   290.000   66.000   -30.163   39.871
68897.000   782.000   274.000   86.000   -30.225   39.878
68898.000   708.000   333.000   88.000   -30.287   39.885
68899.000   728.000   335.000   90.000   -30.349   39.891
68900.000   726.000   311.000   73.000   -30.411   39.898
68901.000   721.000   359.000   79.000   -30.473   39.905
68902.000   701.000   329.000   104.000   -30.535   39.912
68903.000   744.000   302.000   79.000   -30.596   39.918
68904.000   717.000   298.000   101.000   -30.658   39.925
68905.000   702.000   307.000   86.000   -30.720   39.932
68906.000   756.000   323.000   77.000   -30.782   39.939
68907.000   708.000   332.000   93.000   -30.844   39.946
68908.000   747.000   319.000   91.000   -30.906   39.953
68909.000   721.000   335.000   101.000   -30.968   39.959
68910.000   703.000   323.000   72.000   -31.029   39.966
68911.000   739.000   323.000   74.000   -31.091   39.973
68912.000   722.000   324.000   86.000   -31.153   39.980
68913.000   727.000   312.000   85.000   -31.215   39.987
68914.000   704.000   291.000   74.000   -31.277   39.994
68915.000   750.000   316.000   89.000   -31.339   40.001
68916.000   685.000   315.000   70.000   -31.400   40.008
68917.000   820.000   350.000   67.000   -31.462   40.015
68918.000   740.000   357.000   87.000   -31.524   40.022
68919.000   675.000   331.000   89.000   -31.586   40.029
68920.000   744.000   325.000   85.000   -31.648   40.036
68921.000   680.000   314.000   96.000   -31.710   40.043
68922.000   719.000   324.000   77.000   -31.771   40.050
68923.000   735.000   328.000   93.000   -31.833   40.057
68924.000   718.000   343.000   75.000   -31.895   40.064
68925.000   760.000   353.000   71.000   -31.957   40.072
68926.000   675.000   312.000   75.000   -32.019   40.079
68927.000   778.000   292.000   97.000   -32.080   40.086
68928.000   771.000   297.000   79.000   -32.142   40.093
68929.000   740.000   352.000   91.000   -32.204   40.100
68930.000   694.000   311.000   92.000   -32.266   40.107
68931.000   743.000   364.000   121.000   -32.328   40.115
68932.000   728.000   356.000   109.000   -32.389   40.122
68933.000   738.000   351.000   99.000   -32.451   40.129
68934.000   757.000   296.000   82.000   -32.513   40.136
68935.000   707.000   341.000   88.000   -32.575   40.144
68936.000   815.000   360.000   84.000   -32.637   40.151
68937.000   758.000   314.000   89.000   -32.698   40.158
68938.000   708.000   326.000   88.000   -32.760   40.165
68939.000   709.000   361.000   93.000   -32.822   40.173
68940.000   766.000   345.000   94.000   -32.884   40.180
68941.000   761.000   357.000   102.000   -32.946   40.187
68942.000   701.000   321.000   80.000   -33.007   40.195
68943.000   722.000   334.000   92.000   -33.069   40.202
68944.000   742.000   337.000   91.000   -33.131   40.210
68945.000   724.000   372.000   99.000   -33.193   40.217
68946.000   744.000   334.000   73.000   -33.254   40.225
68947.000   731.000   374.000   95.000   -33.316   40.232
68948.000   776.000   372.000   91.000   -33.378   40.239
68949.000   737.000   340.000   71.000   -33.440   40.247
68950.000   743.000   381.000   91.000   -33.502   40.254
68951.000   796.000   348.000   105.000   -33.563   40.262
68952.000   751.000   307.000   87.000   -33.625   40.270
68953.000   721.000   312.000   88.000   -33.687   40.277
68954.000   775.000   333.000   100.000   -33.749   40.285
68955.000   746.000   376.000   89.000   -33.810   40.292
68956.000   727.000   321.000   97.000   -33.872   40.300
68957.000   807.000   355.000   70.000   -33.934   40.307
68958.000   774.000   317.000   64.000   -33.996   40.315
68959.000   795.000   326.000   105.000   -34.057   40.323
68960.000   760.000   345.000   86.000   -34.119   40.330
68961.000   788.000   321.000   83.000   -34.181   40.338
68962.000   767.000   353.000   71.000   -34.243   40.346
68963.000   707.000   360.000   95.000   -34.304   40.354
68964.000   746.000   334.000   79.000   -34.366   40.361
68965.000   734.000   357.000   97.000   -34.428   40.369
68966.000   775.000   349.000   94.000   -34.489   40.377
68967.000   735.000   308.000   82.000   -34.551   40.385
68968.000   703.000   338.000   96.000   -34.613   40.392
68969.000   789.000   330.000   87.000   -34.675   40.400
68970.000   768.000   316.000   99.000   -34.736   40.408
68971.000   750.000   369.000   78.000   -34.798   40.416
68972.000   750.000   314.000   91.000   -34.860   40.424
68973.000   714.000   312.000   119.000   -34.922   40.432
68974.000   730.000   344.000   96.000   -34.983   40.440
68975.000   744.000   346.000   88.000   -35.045   40.448
68976.000   794.000   340.000   90.000   -35.107   40.456
68977.000   788.000   336.000   76.000   -35.168   40.464
68978.000   794.000   333.000   111.000   -35.230   40.472
68979.000   764.000   300.000   84.000   -35.292   40.480
68980.000   808.000   345.000   89.000   -35.353   40.488
68981.000   756.000   360.000   84.000   -35.415   40.496
68982.000   807.000   369.000   93.000   -35.477   40.504
68983.000   771.000   363.000   89.000   -35.539   40.512
68984.000   738.000   385.000   95.000   -35.600   40.520
68985.000   863.000   323.000   84.000   -35.662   40.528
68986.000   694.000   366.000   87.000   -35.724   40.536
68987.000   693.000   362.000   91.000   -35.785   40.544
68988.000   830.000   380.000   94.000   -35.847   40.553
68989.000   797.000   391.000   92.000   -35.909   40.561
68990.000   853.000   386.000   101.000   -35.970   40.569
68991.000   875.000   343.000   89.000   -36.032   40.577
68992.000   823.000   381.000   79.000   -36.094   40.586
68993.000   895.000   390.000   104.000   -36.155   40.594
68994.000   799.000   373.000   100.000   -36.217   40.602
68995.000   865.000   338.000   99.000   -36.279   40.610
68996.000   811.000   382.000   95.000   -36.340   40.619
68997.000   826.000   358.000   85.000   -36.402   40.627
68998.000   852.000   359.000   82.000   -36.464   40.636
68999.000   858.000   365.000   81.000   -36.525   40.644
69000.000   845.000   371.000   88.000   -36.587   40.652
69001.000   930.000   346.000   100.000   -36.649   40.661
69002.000   837.000   348.000   110.000   -36.710   40.669
69003.000   838.000   369.000   113.000   -36.772   40.678
69004.000   832.000   348.000   91.000   -36.834   40.686
69005.000   817.000   347.000   99.000   -36.895   40.695
69006.000   814.000   339.000   106.000   -36.957   40.703
69007.000   870.000   336.000   91.000   -37.019   40.712
69008.000   759.000   326.000   93.000   -37.080   40.720
69009.000   775.000   358.000   86.000   -37.142   40.729
69010.000   800.000   418.000   99.000   -37.203   40.738
69011.000   856.000   319.000   99.000   -37.265   40.746
69012.000   813.000   338.000   101.000   -37.327   40.755
69013.000   784.000   368.000   102.000   -37.388   40.764
69014.000   842.000   331.000   88.000   -37.450   40.772
69015.000   858.000   320.000   89.000   -37.512   40.781
69016.000   815.000   364.000   106.000   -37.573   40.790
69017.000   880.000   354.000   102.000   -37.635   40.799
69018.000   814.000   355.000   98.000   -37.696   40.807
69019.000   888.000   355.000   106.000   -37.758   40.816
69020.000   847.000   352.000   114.000   -37.820   40.825
69021.000   816.000   488.000   89.000   -37.881   40.834
69022.000   865.000   338.000   86.000   -37.943   40.843
69023.000   855.000   368.000   97.000   -38.004   40.852
69024.000   848.000   360.000   87.000   -38.066   40.860
69025.000   863.000   357.000   120.000   -38.128   40.869
69026.000   873.000   365.000   94.000   -38.189   40.878
69027.000   846.000   360.000   91.000   -38.251   40.887
69028.000   835.000   380.000   101.000   -38.312   40.896
69029.000   814.000   356.000   70.000   -38.374   40.905
69030.000   818.000   380.000   112.000   -38.436   40.914
69031.000   865.000   340.000   105.000   -38.497   40.924
69032.000   922.000   327.000   104.000   -38.559   40.933
69033.000   869.000   344.000   95.000   -38.620   40.942
69034.000   886.000   356.000   107.000   -38.682   40.951
69035.000   838.000   351.000   117.000   -38.744   40.960
69036.000   860.000   378.000   102.000   -38.805   40.969
69037.000   878.000   346.000   71.000   -38.867   40.978
69038.000   805.000   379.000   79.000   -38.928   40.988
69039.000   895.000   322.000   99.000   -38.990   40.997
69040.000   853.000   590.000   98.000   -39.051   41.006
69041.000   891.000   580.000   103.000   -39.113   41.015
69042.000   854.000   617.000   93.000   -39.175   41.025
69043.000   870.000   664.000   121.000   -39.236   41.034
69044.000   883.000   654.000   98.000   -39.298   41.044
69045.000   848.000   720.000   69.000   -39.359   41.053
69046.000   909.000   724.000   93.000   -39.421   41.062
69047.000   873.000   796.000   113.000   -39.482   41.072
69048.000   1356.000   855.000   106.000   -39.544   41.081
69049.000   1271.000   922.000   116.000   -39.605   41.091
69050.000   1486.000   927.000   115.000   -39.667   41.100
69051.000   1509.000   1005.000   123.000   -39.728   41.110
69052.000   1609.000   1136.000   101.000   -39.790   41.119
69053.000   1642.000   1206.000   97.000   -39.851   41.129
69054.000   1785.000   1276.000   114.000   -39.913   41.139
69055.000   1908.000   1384.000   91.000   -39.975   41.148
69056.000   2071.000   1523.000   85.000   -40.036   41.158
69057.000   2107.000   1654.000   107.000   -40.098   41.168
69058.000   2272.000   1780.000   90.000   -40.159   41.177
69059.000   2422.000   1907.000   125.000   -40.221   41.187
69060.000   2617.000   2062.000   105.000   -40.282   41.197
69061.000   2753.000   2218.000   99.000   -40.344   41.207
69062.000   2957.000   2409.000   116.000   -40.405   41.216
69063.000   3102.000   2557.000   105.000   -40.467   41.226
69064.000   3353.000   2738.000   99.000   -40.528   41.236
69065.000   3522.000   3002.000   130.000   -40.590   41.246
69066.000   3722.000   3172.000   108.000   -40.651   41.256
69067.000   4022.000   3372.000   123.000   -40.713   41.266
69068.000   4052.000   3558.000   114.000   -40.774   41.276
69069.000   4338.000   3810.000   102.000   -40.836   41.286
69070.000   4557.000   3992.000   111.000   -40.897   41.296
69071.000   4792.000   4280.000   111.000   -40.959   41.306
69072.000   5054.000   4598.000   113.000   -41.020   41.316
69073.000   5224.000   4855.000   89.000   -41.082   41.326
69074.000   5503.000   4956.000   96.000   -41.143   41.336
69075.000   5806.000   5377.000   123.000   -41.204   41.346
69076.000   5982.000   5629.000   112.000   -41.266   41.356
69077.000   6185.000   5925.000   97.000   -41.327   41.367
69078.000   6489.000   5984.000   73.000   -41.389   41.377
69079.000   6732.000   6429.000   107.000   -41.450   41.387
69080.000   6889.000   6863.000   113.000   -41.512   41.397
69081.000   7107.000   6908.000   121.000   -41.573   41.408
69082.000   7355.000   7217.000   94.000   -41.635   41.418
69083.000   7569.000   7561.000   127.000   -41.696   41.428
69084.000   7647.000   7604.000   114.000   -41.758   41.439
69085.000   7979.000   7969.000   103.000   -41.819   41.449
69086.000   8124.000   8140.000   105.000   -41.880   41.460
69087.000   8091.000   8301.000   97.000   -41.942   41.470
69088.000   8248.000   8512.000   120.000   -42.003   41.481
69089.000   8371.000   8472.000   119.000   -42.065   41.491
69090.000   8458.000   8669.000   90.000   -42.126   41.502
69091.000   8475.000   9165.000   100.000   -42.188   41.512
69092.000   8746.000   9196.000   101.000   -42.249   41.523
69093.000   8765.000   9321.000   116.000   -42.310   41.534
69094.000   8853.000   9465.000   105.000   -42.372   41.544
69095.000   8828.000   9645.000   119.000   -42.433   41.555
69096.000   8709.000   9889.000   100.000   -42.495   41.566
69097.000   8907.000   10093.000   130.000   -42.556   41.577
69098.000   8949.000   10190.000   108.000   -42.618   41.587
69099.000   8856.000   10345.000   113.000   -42.679   41.598
69100.000   8908.000   10460.000   126.000   -42.740   41.609
69101.000   8815.000   10585.000   107.000   -42.802   41.620
69102.000   8792.000   10612.000   110.000   -42.863   41.631
69103.000   8565.000   10762.000   109.000   -42.925   41.642
69104.000   8540.000   10787.000   138.000   -42.986   41.653
69105.000   8435.000   10696.000   113.000   -43.047   41.664
69106.000   8295.000   11035.000   116.000   -43.109   41.675
69107.000   8112.000   10846.000   122.000   -43.170   41.686
69108.000   8017.000   10684.000   111.000   -43.231   41.697
69109.000   7839.000   10811.000   128.000   -43.293   41.708
69110.000   7800.000   10625.000   104.000   -43.354   41.719
69111.000   7719.000   10687.000   97.000   -43.416   41.730
69112.000   7779.000   10592.000   115.000   -43.477   41.742
69113.000   8053.000   10555.000   101.000   -43.538   41.753
69114.000   7660.000   10500.000   109.000   -43.600   41.764
69115.000   7479.000   10900.000   130.000   -43.661   41.775
69116.000   7663.000   10621.000   114.000   -43.722   41.787
69117.000   7551.000   10878.000   118.000   -43.784   41.798
69118.000   7512.000   10590.000   122.000   -43.845   41.810
69119.000   7644.000   10690.000   123.000   -43.906   41.821
69120.000   50901.000   34071.000   97.000   -43.968   41.832
69121.000   64754.000   43290.000   107.000   -44.029   41.844
69122.000   3891.000   4238.000   115.000   -44.090   41.855
69123.000   69539.000   46545.000   120.000   -44.152   41.867
69124.000   533.000   316.000   99.000   -44.213   41.879
69125.000   583.000   293.000   109.000   -44.274   41.890
69126.000   514.000   333.000   128.000   -44.336   41.902
69127.000   504.000   334.000   105.000   -44.397   41.914
69128.000   499.000   351.000   120.000   -44.458   41.925
69129.000   552.000   318.000   120.000   -44.520   41.937
69130.000   545.000   364.000   123.000   -44.581   41.949
69131.000   549.000   437.000   129.000   -44.642   41.961
69132.000   570.000   307.000   127.000   -44.704   41.973
69133.000   523.000   327.000   113.000   -44.765   41.985
69134.000   509.000   321.000   120.000   -44.826   41.996
69135.000   593.000   352.000   145.000   -44.888   42.008
69136.000   555.000   346.000   110.000   -44.949   42.020
69137.000   516.000   318.000   119.000   -45.010   42.032
69138.000   554.000   338.000   105.000   -45.071   42.045
69139.000   507.000   298.000   129.000   -45.133   42.057
69140.000   526.000   331.000   107.000   -45.194   42.069
69141.000   591.000   336.000   127.000   -45.255   42.081
69142.000   496.000   324.000   117.000   -45.316   42.093
69143.000   531.000   375.000   135.000   -45.378   42.105
69144.000   521.000   337.000   126.000   -45.439   42.118
69145.000   558.000   334.000   119.000   -45.500   42.130
69146.000   528.000   315.000   123.000   -45.562   42.142
69147.000   542.000   336.000   123.000   -45.623   42.155
69148.000   533.000   319.000   4306.000   -45.684   42.167
69149.000   519.000   348.000   4535.000   -45.745   42.180
69150.000   521.000   309.000   4603.000   -45.807   42.192
69151.000   554.000   333.000   4752.000   -45.868   42.205
69152.000   545.000   360.000   4985.000   -45.929   42.217
69153.000   546.000   312.000   5146.000   -45.990   42.230
69154.000   546.000   346.000   5396.000   -46.052   42.242
69155.000   537.000   321.000   5698.000   -46.113   42.255
69156.000   534.000   344.000   5813.000   -46.174   42.268
69157.000   561.000   323.000   6140.000   -46.235   42.281
69158.000   526.000   320.000   6430.000   -46.296   42.293
69159.000   514.000   371.000   6821.000   -46.358   42.306
69160.000   524.000   386.000   7292.000   -46.419   42.319
69161.000   523.000   340.000   7792.000   -46.480   42.332
69162.000   571.000   366.000   8108.000   -46.541   42.345
69163.000   555.000   372.000   8699.000   -46.602   42.358
69164.000   524.000   348.000   9249.000   -46.664   42.371
69165.000   565.000   386.000   9597.000   -46.725   42.384
69166.000   535.000   333.000   9772.000   -46.786   42.397
69167.000   570.000   352.000   10146.000   -46.847   42.410
69168.000   504.000   374.000   10500.000   -46.908   42.423
69169.000   562.000   394.000   10753.000   -46.970   42.437
69170.000   571.000   370.000   11036.000   -47.031   42.450
69171.000   511.000   377.000   11126.000   -47.092   42.463
69172.000   580.000   347.000   11166.000   -47.153   42.476
69173.000   536.000   364.000   11578.000   -47.214   42.490
69174.000   573.000   365.000   11567.000   -47.275   42.503
69175.000   554.000   376.000   11593.000   -47.337   42.517
69176.000   538.000   354.000   11676.000   -47.398   42.530
69177.000   591.000   388.000   11691.000   -47.459   42.544
69178.000   595.000   378.000   11904.000   -47.520   42.557
69179.000   561.000   348.000   11660.000   -47.581   42.571
69180.000   558.000   377.000   16967.000   -47.642   42.585
69181.000   541.000   392.000   21576.000   -47.703   42.598
69182.000   628.000   363.000   2577.000   -47.765   42.612
69183.000   543.000   377.000   23184.000   -47.826   42.626
69184.000   583.000   370.000   56.000   -47.887   42.640
69185.000   562.000   330.000   63.000   -47.948   42.654
69186.000   658.000   357.000   46.000   -48.009   42.667
69187.000   629.000   370.000   57.000   -48.070   42.681
69188.000   577.000   381.000   48.000   -48.131   42.695
69189.000   625.000   353.000   49.000   -48.192   42.709
69190.000   627.000   319.000   54.000   -48.254   42.723
69191.000   558.000   356.000   62.000   -48.315   42.738
69192.000   567.000   377.000   43.000   -48.376   42.752
69193.000   601.000   359.000   52.000   -48.437   42.766
69194.000   628.000   369.000   57.000   -48.498   42.780
69195.000   553.000   379.000   57.000   -48.559   42.795
69196.000   595.000   360.000   53.000   -48.620   42.809
69197.000   587.000   366.000   56.000   -48.681   42.823
69198.000   609.000   383.000   57.000   -48.742   42.838
69199.000   569.000   369.000   56.000   -48.803   42.852
69200.000   621.000   391.000   51.000   -48.864   42.867
69201.000   599.000   345.000   63.000   -48.925   42.881
69202.000   565.000   338.000   56.000   -48.987   42.896
69203.000   632.000   357.000   50.000   -49.048   42.911
69204.000   618.000   404.000   61.000   -49.109   42.925
69205.000   567.000   385.000   57.000   -49.170   42.940
69206.000   632.000   385.000   62.000   -49.231   42.955
69207.000   584.000   386.000   65.000   -49.292   42.970
69208.000   667.000   379.000   52.000   -49.353   42.985
69209.000   604.000   355.000   48.000   -49.414   43.000
69210.000   555.000   376.000   59.000   -49.475   43.015
69211.000   604.000   345.000   59.000   -49.536   43.030
69212.000   553.000   399.000   59.000   -49.597   43.045
69213.000   628.000   360.000   49.000   -49.658   43.060
69214.000   596.000   372.000   59.000   -49.719   43.075
69215.000   558.000   381.000   50.000   -49.780   43.090
69216.000   606.000   399.000   41.000   -49.841   43.106
69217.000   584.000   393.000   52.000   -49.902   43.121
69218.000   587.000   369.000   50.000   -49.963   43.136
69219.000   579.000   390.000   58.000   -50.024   43.152
69220.000   573.000   375.000   59.000   -50.085   43.167
69221.000   565.000   392.000   62.000   -50.146   43.183
69222.000   556.000   379.000   47.000   -50.207   43.198
69223.000   554.000   376.000   59.000   -50.268   43.214
69224.000   599.000   370.000   62.000   -50.329   43.230
69225.000   615.000   458.000   52.000   -50.390   43.245
69226.000   581.000   384.000   58.000   -50.451   43.261
69227.000   601.000   391.000   50.000   -50.512   43.277
69228.000   592.000   399.000   58.000   -50.573   43.293
69229.000   578.000   374.000   63.000   -50.634   43.309
69230.000   573.000   389.000   51.000   -50.695   43.325
69231.000   601.000   360.000   50.000   -50.755   43.341
69232.000   575.000   412.000   55.000   -50.816   43.357
69233.000   569.000   404.000   61.000   -50.877   43.373
69234.000   568.000   384.000   60.000   -50.938   43.389
69235.000   563.000   356.000   57.000   -50.999   43.405
69236.000   589.000   352.000   65.000   -51.060   43.422
69237.000   579.000   394.000   68.000   -51.121   43.438
69238.000   560.000   337.000   69.000   -51.182   43.454
69239.000   575.000   378.000   43.000   -51.243   43.471
69240.000   542.000   371.000   56.000   -51.304   43.487
69241.000   599.000   405.000   56.000   -51.365   43.504
69242.000   612.000   368.000   59.000   -51.425   43.521
69243.000   582.000   352.000   43.000   -51.486   43.537
69244.000   581.000   416.000   70.000   -51.547   43.554
69245.000   598.000   352.000   60.000   -51.608   43.571
69246.000   601.000   306.000   41.000   -51.669   43.588
69247.000   560.000   273.000   56.000   -51.730   43.605
69248.000   609.000   303.000   46.000   -51.791   43.622
69249.000   570.000   310.000   66.000   -51.852   43.639
69250.000   558.000   321.000   50.000   -51.912   43.656
69251.000   565.000   331.000   61.000   -51.973   43.673
69252.000   619.000   303.000   49.000   -52.034   43.690
69253.000   614.000   343.000   53.000   -52.095   43.707
69254.000   655.000   325.000   53.000   -52.156   43.725
69255.000   647.000   296.000   62.000   -52.217   43.742
69256.000   564.000   311.000   55.000   -52.277   43.759
69257.000   566.000   334.000   68.000   -52.338   43.777
69258.000   596.000   296.000   75.000   -52.399   43.794
69259.000   603.000   295.000   58.000   -52.460   43.812
69260.000   577.000   344.000   47.000   -52.521   43.830
69261.000   592.000   338.000   59.000   -52.581   43.847
69262.000   593.000   319.000   56.000   -52.642   43.865
69263.000   602.000   316.000   66.000   -52.703   43.883
69264.000   580.000   341.000   60.000   -52.764   43.901
69265.000   583.000   335.000   57.000   -52.825   43.919
69266.000   580.000   334.000   51.000   -52.885   43.937
69267.000   609.000   325.000   52.000   -52.946   43.955
69268.000   588.000   331.000   75.000   -53.007   43.973
69269.000   558.000   328.000   83.000   -53.068   43.991
69270.000   575.000   302.000   76.000   -53.128   44.010
69271.000   629.000   288.000   62.000   -53.189   44.028
69272.000   592.000   327.000   70.000   -53.250   44.046
69273.000   558.000   337.000   70.000   -53.311   44.065
69274.000   633.000   363.000   73.000   -53.371   44.083
69275.000   588.000   286.000   58.000   -53.432   44.102
69276.000   577.000   282.000   67.000   -53.493   44.121
69277.000   624.000   349.000   69.000   -53.554   44.139
69278.000   568.000   335.000   70.000   -53.614   44.158
69279.000   596.000   317.000   73.000   -53.675   44.177
69280.000   562.000   236.000   78.000   -53.736   44.196
69281.000   588.000   239.000   57.000   -53.796   44.215
69282.000   600.000   212.000   57.000   -53.857   44.234
69283.000   575.000   200.000   66.000   -53.918   44.253
69284.000   584.000   222.000   69.000   -53.979   44.272
69285.000   626.000   228.000   68.000   -54.039   44.292
69286.000   646.000   223.000   63.000   -54.100   44.311
69287.000   608.000   180.000   77.000   -54.161   44.330
69288.000   580.000   213.000   65.000   -54.221   44.350
69289.000   586.000   244.000   72.000   -54.282   44.369
69290.000   561.000   241.000   63.000   -54.343   44.389
69291.000   580.000   241.000   64.000   -54.403   44.409
69292.000   582.000   238.000   81.000   -54.464   44.429
69293.000   591.000   222.000   73.000   -54.524   44.448
69294.000   627.000   227.000   57.000   -54.585   44.468
69295.000   598.000   177.000   62.000   -54.646   44.488
69296.000   591.000   219.000   68.000   -54.706   44.508
69297.000   591.000   215.000   78.000   -54.767   44.528
69298.000   589.000   219.000   72.000   -54.828   44.549
69299.000   576.000   218.000   75.000   -54.888   44.569
69300.000   588.000   204.000   82.000   -54.949   44.589
69301.000   628.000   260.000   72.000   -55.009   44.610
69302.000   624.000   239.000   70.000   -55.070   44.630
69303.000   606.000   224.000   66.000   -55.130   44.651
69304.000   604.000   233.000   79.000   -55.191   44.671
69305.000   586.000   217.000   61.000   -55.252   44.692
69306.000   573.000   207.000   73.000   -55.312   44.713
69307.000   622.000   223.000   73.000   -55.373   44.734
69308.000   584.000   222.000   72.000   -55.433   44.754
69309.000   605.000   228.000   67.000   -55.494   44.775
69310.000   576.000   256.000   77.000   -55.554   44.797
69311.000   631.000   234.000   67.000   -55.615   44.818
69312.000   603.000   237.000   77.000   -55.675   44.839
69313.000   595.000   255.000   68.000   -55.736   44.860
69314.000   589.000   233.000   55.000   -55.796   44.882
69315.000   690.000   232.000   72.000   -55.857   44.903
69316.000   677.000   243.000   85.000   -55.917   44.925
69317.000   665.000   235.000   71.000   -55.978   44.946
69318.000   613.000   231.000   71.000   -56.038   44.968
69319.000   623.000   246.000   72.000   -56.099   44.990
69320.000   607.000   212.000   72.000   -56.159   45.012
69321.000   595.000   247.000   67.000   -56.220   45.034
69322.000   644.000   226.000   74.000   -56.280   45.056
69323.000   621.000   226.000   75.000   -56.341   45.078
69324.000   675.000   255.000   78.000   -56.401   45.100
69325.000   664.000   233.000   69.000   -56.462   45.122
69326.000   683.000   234.000   79.000   -56.522   45.145
69327.000   629.000   242.000   77.000   -56.583   45.167
69328.000   697.000   269.000   68.000   -56.643   45.190
69329.000   635.000   241.000   43.000   -56.703   45.212
69330.000   670.000   214.000   76.000   -56.764   45.235
69331.000   648.000   239.000   74.000   -56.824   45.258
69332.000   688.000   262.000   65.000   -56.885   45.281
69333.000   620.000   214.000   79.000   -56.945   45.304
69334.000   654.000   207.000   80.000   -57.005   45.327
69335.000   659.000   204.000   95.000   -57.066   45.350
69336.000   656.000   254.000   79.000   -57.126   45.373
69337.000   691.000   260.000   76.000   -57.186   45.396
69338.000   653.000   260.000   77.000   -57.247   45.420
69339.000   677.000   258.000   89.000   -57.307   45.443
69340.000   655.000   244.000   72.000   -57.368   45.467
69341.000   666.000   227.000   90.000   -57.428   45.491
69342.000   666.000   257.000   71.000   -57.488   45.515
69343.000   679.000   268.000   93.000   -57.549   45.538
69344.000   628.000   242.000   64.000   -57.609   45.562
69345.000   636.000   291.000   73.000   -57.669   45.586
69346.000   641.000   250.000   88.000   -57.729   45.611
69347.000   688.000   244.000   83.000   -57.790   45.635
69348.000   984.000   210.000   85.000   -57.850   45.659
69349.000   1032.000   228.000   73.000   -57.910   45.684
69350.000   1091.000   277.000   97.000   -57.971   45.708
69351.000   1188.000   248.000   95.000   -58.031   45.733
69352.000   1316.000   232.000   74.000   -58.091   45.758
69353.000   1320.000   239.000   73.000   -58.151   45.782
69354.000   1355.000   211.000   81.000   -58.212   45.807
69355.000   1505.000   253.000   76.000   -58.272   45.832
69356.000   1542.000   253.000   80.000   -58.332   45.857
69357.000   1739.000   211.000   88.000   -58.392   45.883
69358.000   1720.000   272.000   89.000   -58.453   45.908
69359.000   1822.000   229.000   93.000   -58.513   45.933
69360.000   672.000   319.000   72.000   -58.573   45.959
69361.000   829.000   336.000   85.000   -58.633   45.985
69362.000   697.000   328.000   74.000   -58.693   46.010
69363.000   670.000   335.000   72.000   -58.753   46.036
69364.000   720.000   280.000   99.000   -58.814   46.062
69365.000   690.000   307.000   79.000   -58.874   46.088
69366.000   721.000   337.000   88.000   -58.934   46.114
69367.000   719.000   288.000   97.000   -58.994   46.140
69368.000   701.000   317.000   86.000   -59.054   46.167
69369.000   793.000   302.000   84.000   -59.114   46.193
69370.000   702.000   322.000   82.000   -59.175   46.220
69371.000   715.000   286.000   88.000   -59.235   46.247
69372.000   679.000   342.000   80.000   -59.295   46.273
69373.000   664.000   303.000   74.000   -59.355   46.300
69374.000   723.000   279.000   98.000   -59.415   46.327
69375.000   734.000   350.000   81.000   -59.475   46.354
69376.000   760.000   290.000   66.000   -59.535   46.382
69377.000   782.000   274.000   86.000   -59.595   46.409
69378.000   708.000   333.000   88.000   -59.655   46.436
69379.000   728.000   335.000   90.000   -59.715   46.464
69380.000   726.000   311.000   73.000   -59.775   46.492
69381.000   721.000   359.000   79.000   -59.835   46.519
69382.000   701.000   329.000   104.000   -59.895   46.547
69383.000   744.000   302.000   79.000   -59.955   46.575
69384.000   717.000   298.000   101.000   -60.015   46.604
69385.000   702.000   307.000   86.000   -60.075   46.632
69386.000   756.000   323.000   77.000   -60.135   46.660
69387.000   708.000   332.000   93.000   -60.195   46.689
69388.000   747.000   319.000   91.000   -60.255   46.717
69389.000   721.000   335.000   101.000   -60.315   46.746
69390.000   703.000   323.000   72.000   -60.375   46.775
69391.000   739.000   323.000   74.000   -60.435   46.804
69392.000   722.000   324.000   86.000   -60.495   46.833
69393.000   727.000   312.000   85.000   -60.555   46.862
69394.000   704.000   291.000   74.000   -60.615   46.892
69395.000   750.000   316.000   89.000   -60.675   46.921
69396.000   685.000   315.000   70.000   -60.735   46.951
69397.000   820.000   350.000   67.000   -60.795   46.980
69398.000   740.000   357.000   87.000   -60.855   47.010
69399.000   675.000   331.000   89.000   -60.914   47.040
69400.000   744.000   325.000   85.000   -60.974   47.070
69401.000   680.000   314.000   96.000   -61.034   47.100
69402.000   719.000   324.000   77.000   -61.094   47.131
69403.000   735.000   328.000   93.000   -61.154   47.161
69404.000   718.000   343.000   75.000   -61.214   47.192
69405.000   760.000   353.000   71.000   -61.273   47.223
69406.000   675.000   312.000   75.000   -61.333   47.254
69407.000   778.000   292.000   97.000   -61.393   47.285
69408.000   771.000   297.000   79.000   -61.453   47.316
69409.000   740.000   352.000   91.000   -61.513   47.347
69410.000   694.000   311.000   92.000   -61.572   47.379
69411.000   743.000   364.000   121.000   -61.632   47.410
69412.000   728.000   356.000   109.000   -61.692   47.442
69413.000   738.000   351.000   99.000   -61.752   47.474
69414.000   757.000   296.000   82.000   -61.811   47.506
69415.000   707.000   341.000   88.000   -61.871   47.538
69416.000   815.000   360.000   84.000   -61.931   47.570
69417.000   758.000   314.000   89.000   -61.990   47.602
69418.000   708.000   326.000   88.000   -62.050   47.635
69419.000   709.000   361.000   93.000   -62.110   47.668
69420.000   766.000   345.000   94.000   -62.170   47.701
69421.000   761.000   357.000   102.000   -62.229   47.734
69422.000   701.000   321.000   80.000   -62.289   47.767
69423.000   722.000   334.000   92.000   -62.348   47.800
69424.000   742.000   337.000   91.000   -62.408   47.833
69425.000   724.000   372.000   99.000   -62.468   47.867
69426.000   744.000   334.000   73.000   -62.527   47.901
69427.000   731.000   374.000   95.000   -62.587   47.935
69428.000   776.000   372.000   91.000   -62.646   47.969
69429.000   737.000   340.000   71.000   -62.706   48.003
69430.000   743.000   381.000   91.000   -62.766   48.037
69431.000   796.000   348.000   105.000   -62.825   48.072
69432.000   751.000   307.000   87.000   -62.885   48.106
69433.000   721.000   312.000   88.000   -62.944   48.141
69434.000   775.000   333.000   100.000   -63.004   48.176
69435.000   746.000   376.000   89.000   -63.063   48.211
69436.000   727.000   321.000   97.000   -63.123   48.247
69437.000   807.000   355.000   70.000   -63.182   48.282
69438.000   774.000   317.000   64.000   -63.242   48.318
69439.000   795.000   326.000   105.000   -63.301   48.353
69440.000   760.000   345.000   86.000   -63.361   48.389
69441.000   788.000   321.000   83.000   -63.420   48.425
69442.000   767.000   353.000   71.000   -63.479   48.462
69443.000   707.000   360.000   95.000   -63.539   48.498
69444.000   746.000   334.000   79.000   -63.598   48.535
69445.000   734.000   357.000   97.000   -63.658   48.572
69446.000   775.000   349.000   94.000   -63.717   48.609
69447.000   735.000   308.000   82.000   -63.776   48.646
69448.000   703.000   338.000   96.000   -63.836   48.683
69449.000   789.000   330.000   87.000   -63.895   48.720
69450.000   768.000   316.000   99.000   -63.954   48.758
69451.000   750.000   369.000   78.000   -64.014   48.796
69452.000   750.000   314.000   91.000   -64.073   48.834
69453.000   714.000   312.000   119.000   -64.132   48.872
69454.000   730.000   344.000   96.000   -64.191   48.911
69455.000   744.000   346.000   88.000   -64.251   48.949
69456.000   794.000   340.000   90.000   -64.310   48.988
69457.000   788.000   336.000   76.000   -64.369   49.027
69458.000   794.000   333.000   111.000   -64.428   49.066
69459.000   764.000   300.000   84.000   -64.488   49.105
69460.000   808.000   345.000   89.000   -64.547   49.145
69461.000   756.000   360.000   84.000   -64.606   49.184
69462.000   807.000   369.000   93.000   -64.665   49.224
69463.000   771.000   363.000   89.000   -64.724   49.264
69464.000   738.000   385.000   95.000   -64.783   49.304
69465.000   863.000   323.000   84.000   -64.842   49.345
69466.000   694.000   366.000   87.000   -64.902   49.386
69467.000   693.000   362.000   91.000   -64.961   49.426
69468.000   830.000   380.000   94.000   -65.020   49.467
69469.000   797.000   391.000   92.000   -65.079   49.509
69470.000   853.000   386.000   101.000   -65.138   49.550
69471.000   875.000   343.000   89.000   -65.197   49.592
69472.000   823.000   381.000   79.000   -65.256   49.634
69473.000   895.000   390.000   104.000   -65.315   49.676
69474.000   799.000   373.000   100.000   -65.374   49.718
69475.000   865.000   338.000   99.000   -65.433   49.760
69476.000   811.000   382.000   95.000   -65.492   49.803
69477.000   826.000   358.000   85.000   -65.551   49.846
69478.000   852.000   359.000   82.000   -65.610   49.889
69479.000   858.000   365.000   81.000   -65.669   49.932
69480.000   845.000   371.000   88.000   -65.728   49.976
69481.000   930.000   346.000   100.000   -65.786   50.020
69482.000   837.000   348.000   110.000   -65.845   50.064
69483.000   838.000   369.000   113.000   -65.904   50.108
69484.000   832.000   348.000   91.000   -65.963   50.152
69485.000   817.000   347.000   99.000   -66.022   50.197
69486.000   814.000   339.000   106.000   -66.081   50.242
69487.000   870.000   336.000   91.000   -66.139   50.287
69488.000   759.000   326.000   93.000   -66.198   50.332
69489.000   775.000   358.000   86.000   -66.257   50.378
69490.000   800.000   418.000   99.000   -66.316   50.423
69491.000   856.000   319.000   99.000   -66.374   50.469
69492.000   813.000   338.000   101.000   -66.433   50.516
69493.000   784.000   368.000   102.000   -66.492   50.562
69494.000   842.000   331.000   88.000   -66.550   50.609
69495.000   858.000   320.000   89.000   -66.609   50.656
69496.000   815.000   364.000   106.000   -66.668   50.703
69497.000   880.000   354.000   102.000   -66.726   50.750
69498.000   814.000   355.000   98.000   -66.785   50.798
69499.000   888.000   355.000   106.000   -66.844   50.846
69500.000   847.000   352.000   114.000   -66.902   50.894
69501.000   816.000   488.000   89.000   -66.961   50.943
69502.000   865.000   338.000   86.000   -67.019   50.991
69503.000   855.000   368.000   97.000   -67.078   51.040
69504.000   848.000   360.000   87.000   -67.136   51.090
69505.000   863.000   357.000   120.000   -67.195   51.139
69506.000   873.000   365.000   94.000   -67.253   51.189
69507.000   846.000   360.000   91.000   -67.312   51.239
69508.000   835.000   380.000   101.000   -67.370   51.289
69509.000   814.000   356.000   70.000   -67.428   51.340
69510.000   818.000   380.000   112.000   -67.487   51.390
69511.000   865.000   340.000   105.000   -67.545   51.441
69512.000   922.000   327.000   104.000   -67.604   51.493
69513.000   869.000   344.000   95.000   -67.662   51.544
69514.000   886.000   356.000   107.000   -67.720   51.596
69515.000   838.000   351.000   117.000   -67.778   51.648
69516.000   860.000   378.000   102.000   -67.837   51.701
69517.000   878.000   346.000   71.000   -67.895   51.754
69518.000   805.000   379.000   79.000   -67.953   51.807
69519.000   895.000   322.000   99.000   -68.011   51.860
69520.000   853.000   590.000   98.000   -68.070   51.914
69521.000   891.000   580.000   103.000   -68.128   51.967
69522.000   854.000   617.000   93.000   -68.186   52.022
69523.000   870.000   664.000   121.000   -68.244   52.076
69524.000   883.000   654.000   98.000   -68.302   52.131
69525.000   848.000   720.000   69.000   -68.360   52.186
69526.000   909.000   724.000   93.000   -68.418   52.241
69527.000   873.000   796.000   113.000   -68.476   52.297
69528.000   1356.000   855.000   106.000   -68.534   52.353
69529.000   1271.000   922.000   116.000   -68.592   52.409
69530.000   1486.000   927.000   115.000   -68.650   52.466
69531.000   1509.000   1005.000   123.000   -68.708   52.523
69532.000   1609.000   1136.000   101.000   -68.766   52.580
69533.000   1642.000   1206.000   97.000   -68.824   52.638
69534.000   1785.000   1276.000   114.000   -68.882   52.695
69535.000   1908.000   1384.000   91.000   -68.940   52.754
69536.000   2071.000   1523.000   85.000   -68.998   52.812
69537.000   2107.000   1654.000   107.000   -69.055   52.871
69538.000   2272.000   1780.000   90.000   -69.113   52.930
69539.000   2422.000   1907.000   125.000   -69.171   52.990
69540.000   2617.000   2062.000   105.000   -69.229   53.050
69541.000   2753.000   2218.000   99.000   -69.286   53.110
69542.000   2957.000   2409.000   116.000   -69.344   53.170
69543.000   3102.000   2557.000   105.000   -69.402   53.231
69544.000   3353.000   2738.000   99.000   -69.459   53.293
69545.000   3522.000   3002.000   130.000   -69.517   53.354
69546.000   3722.000   3172.000   108.000   -69.575   53.416
69547.000   4022.000   3372.000   123.000   -69.632   53.479
69548.000   4052.000   3558.000   114.000   -69.690   53.541
69549.000   4338.000   3810.000   102.000   -69.747   53.604
69550.000   4557.000   3992.000   111.000   -69.805   53.668
69551.000   4792.000   4280.000   111.000   -69.862   53.731
69552.000   5054.000   4598.000   113.000   -69.920   53.796
69553.000   5224.000   4855.000   89.000   -69.977   53.860
69554.000   5503.000   4956.000   96.000   -70.034   53.925
69555.000   5806.000   5377.000   123.000   -70.092   53.990
69556.000   5982.000   5629.000   112.000   -70.149   54.056
69557.000   6185.000   5925.000   97.000   -70.206   54.122
69558.000   6489.000   5984.000   73.000   -70.264   54.188
69559.000   6732.000   6429.000   107.000   -70.321   54.255
69560.000   6889.000   6863.000   113.000   -70.378   54.323
69561.000   7107.000   6908.000   121.000   -70.435   54.390
69562.000   7355.000   7217.000   94.000   -70.492   54.458
69563.000   7569.000   7561.000   127.000   -70.550   54.527
69564.000   7647.000   7604.000   114.000   -70.607   54.596
69565.000   7979.000   7969.000   103.000   -70.664   54.665
69566.000   8124.000   8140.000   105.000   -70.721   54.734
69567.000   8091.000   8301.000   97.000   -70.778   54.805
69568.000   8248.000   8512.000   120.000   -70.835   54.875
69569.000   8371.000   8472.000   119.000   -70.892   54.946
69570.000   8458.000   8669.000   90.000   -70.949   55.018
69571.000   8475.000   9165.000   100.000   -71.005   55.089
69572.000   8746.000   9196.000   101.000   -71.062   55.162
69573.000   8765.000   9321.000   116.000   -71.119   55.234
69574.000   8853.000   9465.000   105.000   -71.176   55.307
69575.000   8828.000   9645.000   119.000   -71.233   55.381
69576.000   8709.000   9889.000   100.000   -71.289   55.455
69577.000   8907.000   10093.000   130.000   -71.346   55.530
69578.000   8949.000   10190.000   108.000   -71.403   55.605
69579.000   8856.000   10345.000   113.000   -71.459   55.680
69580.000   8908.000   10460.000   126.000   -71.516   55.756
69581.000   8815.000   10585.000   107.000   -71.572   55.832
69582.000   8792.000   10612.000   110.000   -71.629   55.909
69583.000   8565.000   10762.000   109.000   -71.685   55.987
69584.000   8540.000   10787.000   138.000   -71.742   56.065
69585.000   8435.000   10696.000   113.000   -71.798   56.143
69586.000   8295.000   11035.000   116.000   -71.855   56.222
69587.000   8112.000   10846.000   122.000   -71.911   56.301
69588.000   8017.000   10684.000   111.000   -71.967   56.381
69589.000   7839.000   10811.000   128.000   -72.024   56.461
69590.000   7800.000   10625.000   104.000   -72.080   56.542
69591.000   7719.000   10687.000   97.000   -72.136   56.623
69592.000   7779.000   10592.000   115.000   -72.192   56.705
69593.000   8053.000   10555.000   101.000   -72.248   56.788
69594.000   7660.000   10500.000   109.000   -72.304   56.871
69595.000   7479.000   10900.000   130.000   -72.360   56.954
69596.000   7663.000   10621.000   114.000   -72.416   57.038
69597.000   7551.000   10878.000   118.000   -72.472   57.123
69598.000   7512.000   10590.000   122.000   -72.528   57.208
69599.000   7644.000   10690.000   123.000   -72.584   57.294
69600.000   50901.000   34071.000   97.000   -72.640   57.380
69601.000   64754.000   43290.000   107.000   -72.696   57.467
69602.000   3891.000   4238.000   115.000   -72.752   57.554
69603.000   69539.000   46545.000   120.000   -72.807   57.642
69604.000   533.000   316.000   99.000   -72.863   57.730
69605.000   583.000   293.000   109.000   -72.919   57.820
69606.000   514.000   333.000   128.000   -72.974   57.909
69607.000   504.000   334.000   105.000   -73.030   58.000
69608.000   499.000   351.000   120.000   -73.085   58.091
69609.000   552.000   318.000   120.000   -73.141   58.182
69610.000   545.000   364.000   123.000   -73.196   58.274
69611.000   549.000   437.000   129.000   -73.251   58.367
69612.000   570.000   307.000   127.000   -73.307   58.460
69613.000   523.000   327.000   113.000   -73.362   58.554
69614.000   509.000   321.000   120.000   -73.417   58.649
69615.000   593.000   352.000   145.000   -73.472   58.744
69616.000   555.000   346.000   110.000   -73.528   58.840
69617.000   516.000   318.000   119.000   -73.583   58.937
69618.000   554.000   338.000   105.000   -73.638   59.034
69619.000   507.000   298.000   129.000   -73.693   59.132
69620.000   526.000   331.000   107.000   -73.748   59.230
69621.000   591.000   336.000   127.000   -73.802   59.330
69622.000   496.000   324.000   117.000   -73.857   59.429
69623.000   531.000   375.000   135.000   -73.912   59.530
69624.000   521.000   337.000   126.000   -73.967   59.631
69625.000   558.000   334.000   119.000   -74.022   59.733
69626.000   528.000   315.000   123.000   -74.076   59.836
69627.000   542.000   336.000   123.000   -74.131   59.940
69628.000   533.000   319.000   4306.000   -74.185   60.044
69629.000   519.000   348.000   4535.000   -74.240   60.149
69630.000   521.000   309.000   4603.000   -74.294   60.254
69631.000   554.000   333.000   4752.000   -74.348   60.361
69632.000   545.000   360.000   4985.000   -74.403   60.468
69633.000   546.000   312.000   5146.000   -74.457   60.576
69634.000   546.000   346.000   5396.000   -74.511   60.684
69635.000   537.000   321.000   5698.000   -74.565   60.794
69636.000   534.000   344.000   5813.000   -74.619   60.904
69637.000   561.000   323.000   6140.000   -74.673   61.015
69638.000   526.000   320.000   6430.000   -74.727   61.127
69639.000   514.000   371.000   6821.000   -74.781   61.239
69640.000   524.000   386.000   7292.000   -74.835   61.353
69641.000   523.000   340.000   7792.000   -74.889   61.467
69642.000   571.000   366.000   8108.000   -74.943   61.582
69643.000   555.000   372.000   8699.000   -74.996   61.698
69644.000   524.000   348.000   9249.000   -75.050   61.814
69645.000   565.000   386.000   9597.000   -75.103   61.932
69646.000   535.000   333.000   9772.000   -75.157   62.050
69647.000   570.000   352.000   10146.000   -75.210   62.170
69648.000   504.000   374.000   10500.000   -75.263   62.290
69649.000   562.000   394.000   10753.000   -75.317   62.411
69650.000   571.000   370.000   11036.000   -75.370   62.533
69651.000   511.000   377.000   11126.000   -75.423   62.655
69652.000   580.000   347.000   11166.000   -75.476   62.779
69653.000   536.000   364.000   11578.000   -75.529   62.904
69654.000   573.000   365.000   11567.000   -75.582   63.029
69655.000   554.000   376.000   11593.000   -75.635   63.156
69656.000   538.000   354.000   11676.000   -75.687   63.283
69657.000   591.000   388.000   11691.000   -75.740   63.412
69658.000   595.000   378.000   11904.000   -75.793   63.541
69659.000   561.000   348.000   11660.000   -75.845   63.671
69660.000   558.000   377.000   16967.000   -75.898   63.803
69661.000   541.000   392.000   21576.000   -75.950   63.935
69662.000   628.000   363.000   2577.000   -76.002   64.068
69663.000   543.000   377.000   23184.000   -76.055   64.203
69664.000   583.000   370.000   56.000   -76.107   64.338
69665.000   562.000   330.000   63.000   -76.159   64.474
69666.000   658.000   357.000   46.000   -76.211   64.612
69667.000   629.000   370.000   57.000   -76.263   64.750
69668.000   577.000   381.000   48.000   -76.315   64.890
69669.000   625.000   353.000   49.000   -76.366   65.030
69670.000   627.000   319.000   54.000   -76.418   65.172
69671.000   558.000   356.000   62.000   -76.470   65.315
69672.000   567.000   377.000   43.000   -76.521   65.458
69673.000   601.000   359.000   52.000   -76.572   65.603
69674.000   628.000   369.000   57.000   -76.624   65.750
69675.000   553.000   379.000   57.000   -76.675   65.897
69676.000   595.000   360.000   53.000   -76.726   66.045
69677.000   587.000   366.000   56.000   -76.777   66.195
69678.000   609.000   383.000   57.000   -76.828   66.345
69679.000   569.000   369.000   56.000   -76.879   66.497
69680.000   621.000   391.000   51.000   -76.930   66.650
69681.000   599.000   345.000   63.000   -76.980   66.805
69682.000   565.000   338.000   56.000   -77.031   66.960
69683.000   632.000   357.000   50.000   -77.081   67.117
69684.000   618.000   404.000   61.000   -77.132   67.275
69685.000   567.000   385.000   57.000   -77.182   67.434
69686.000   632.000   385.000   62.000   -77.232   67.594
69687.000   584.000   386.000   65.000   -77.282   67.756
69688.000   667.000   379.000   52.000   -77.332   67.919
69689.000   604.000   355.000   48.000   -77.382   68.083
69690.000   555.000   376.000   59.000   -77.432   68.249
69691.000   604.000   345.000   59.000   -77.481   68.416
69692.000   553.000   399.000   59.000   -77.531   68.584
69693.000   628.000   360.000   49.000   -77.580   68.754
69694.000   596.000   372.000   59.000   -77.630   68.925
69695.000   558.000   381.000   50.000   -77.679   69.097
69696.000   606.000   399.000   41.000   -77.728   69.271
69697.000   584.000   393.000   52.000   -77.777   69.446
69698.000   587.000   369.000   50.000   -77.826   69.623
69699.000   579.000   390.000   58.000   -77.875   69.801
69700.000   573.000   375.000   59.000   -77.923   69.980
69701.000   565.000   392.000   62.000   -77.972   70.161
69702.000   556.000   379.000   47.000   -78.020   70.344
69703.000   554.000   376.000   59.000   -78.068   70.528
69704.000   599.000   370.000   62.000   -78.116   70.713
69705.000   615.000   458.000   52.000   -78.164   70.900
69706.000   581.000   384.000   58.000   -78.212   71.089
69707.000   601.000   391.000   50.000   -78.260   71.279
69708.000   592.000   399.000   58.000   -78.307   71.470
69709.000   578.000   374.000   63.000   -78.355   71.663
69710.000   573.000   389.000   51.000   -78.402   71.858
69711.000   601.000   360.000   50.000   -78.449   72.054
69712.000   575.000   412.000   55.000   -78.496   72.252
69713.000   569.000   404.000   61.000   -78.543   72.452
69714.000   568.000   384.000   60.000   -78.590   72.653
69715.000   563.000   356.000   57.000   -78.637   72.856
69716.000   589.000   352.000   65.000   -78.683   73.061
69717.000   579.000   394.000   68.000   -78.730   73.267
69718.000   560.000   337.000   69.000   -78.776   73.475
69719.000   575.000   378.000   43.000   -78.822   73.685
69720.000   542.000   371.000   56.000   -78.868   73.896
69721.000   599.000   405.000   56.000   -78.913   74.109
69722.000   612.000   368.000   59.000   -78.959   74.324
69723.000   582.000   352.000   43.000   -79.004   74.541
69724.000   581.000   416.000   70.000   -79.050   74.760
69725.000   598.000   352.000   60.000   -79.095   74.980
69726.000   601.000   306.000   41.000   -79.140   75.202
69727.000   560.000   273.000   56.000   -79.184   75.427
69728.000   609.000   303.000   46.000   -79.229   75.653
69729.000   570.000   310.000   66.000   -79.273   75.880
69730.000   558.000   321.000   50.000   -79.317   76.110
69731.000   565.000   331.000   61.000   -79.362   76.342
69732.000   619.000   303.000   49.000   -79.405   76.576
69733.000   614.000   343.000   53.000   -79.449   76.811
69734.000   655.000   325.000   53.000   -79.493   77.049
69735.000   647.000   296.000   62.000   -79.536   77.288
69736.000   564.000   311.000   55.000   -79.579   77.530
69737.000   566.000   334.000   68.000   -79.622   77.773
69738.000   596.000   296.000   75.000   -79.665   78.019
69739.000   603.000   295.000   58.000   -79.707   78.266
69740.000   577.000   344.000   47.000   -79.750   78.516
69741.000   592.000   338.000   59.000   -79.792   78.768
69742.000   593.000   319.000   56.000   -79.834   79.022
69743.000   602.000   316.000   66.000   -79.876   79.278
69744.000   580.000   341.000   60.000   -79.917   79.536
69745.000   583.000   335.000   57.000   -79.959   79.796
69746.000   580.000   334.000   51.000   -80.000   80.058
69747.000   609.000   325.000   52.000   -80.041   80.323
69748.000   588.000   331.000   75.000   -80.081   80.590
69749.000   558.000   328.000   83.000   -80.122   80.859
69750.000   575.000   302.000   76.000   -80.162   81.130
69751.000   629.000   288.000   62.000   -80.202   81.403
69752.000   592.000   327.000   70.000   -80.242   81.679
69753.000   558.000   337.000   70.000   -80.282   81.957
69754.000   633.000   363.000   73.000   -80.321   82.237
69755.000   588.000   286.000   58.000   -80.360   82.520
69756.000   577.000   282.000   67.000   -80.399   82.805
69757.000   624.000   349.000   69.000   -80.438   83.092
69758.000   568.000   335.000   70.000   -80.476   83.381
69759.000   596.000   317.000   73.000   -80.514   83.673
69760.000   562.000   236.000   78.000   -80.552   83.967
69761.000   588.000   239.000   57.000   -80.590   84.264
69762.000   600.000   212.000   57.000   -80.627   84.563
69763.000   575.000   200.000   66.000   -80.664   84.864
69764.000   584.000   222.000   69.000   -80.701   85.168
69765.000   626.000   228.000   68.000   -80.738   85.474
69766.000   646.000   223.000   63.000   -80.774   85.783
69767.000   608.000   180.000   77.000   -80.810   86.094
69768.000   580.000   213.000   65.000   -80.846   86.407
69769.000   586.000   244.000   72.000   -80.881   86.723
69770.000   561.000   241.000   63.000   -80.917   87.042
69771.000   580.000   241.000   64.000   -80.952   87.362
69772.000   582.000   238.000   81.000   -80.986   87.686
69773.000   591.000   222.000   73.000   -81.021   88.012
69774.000   627.000   227.000   57.000   -81.055   88.340
69775.000   598.000   177.000   62.000   -81.088   88.671
69776.000   591.000   219.000   68.000   -81.122   89.005
69777.000   591.000   215.000   78.000   -81.155   89.340
69778.000   589.000   219.000   72.000   -81.188   89.679
69779.000   576.000   218.000   75.000   -81.220   90.020
69780.000   588.000   204.000   82.000   -81.253   90.363
69781.000   628.000   260.000   72.000   -81.284   90.710
69782.000   624.000   239.000   70.000   -81.316   91.058
69783.000   606.000   224.000   66.000   -81.347   91.409
69784.000   604.000   233.000   79.000   -81.378   91.763
69785.000   586.000   217.000   61.000   -81.409   92.119
69786.000   573.000   207.000   73.000   -81.439   92.478
69787.000   622.000   223.000   73.000   -81.469   92.839
69788.000   584.000   222.000   72.000   -81.498   93.203
69789.000   605.000   228.000   67.000   -81.528   93.570
69790.000   576.000   256.000   77.000   -81.557   93.939
69791.000   631.000   234.000   67.000   -81.585   94.310
69792.000   603.000   237.000   77.000   -81.613   94.684
69793.000   595.000   255.000   68.000   -81.641   95.061
69794.000   589.000   233.000   55.000   -81.668   95.440
69795.000   690.000   232.000   72.000   -81.695   95.821
69796.000   677.000   243.000   85.000   -81.722   96.205
69797.000   665.000   235.000   71.000   -81.748   96.592
69798.000   613.000   231.000   71.000   -81.774   96.981
69799.000   623.000   246.000   72.000   -81.800   97.372
69800.000   607.000   212.000   72.000   -81.825   97.766
69801.000   595.000   247.000   67.000   -81.850   98.162
69802.000   644.000   226.000   74.000   -81.874   98.561
69803.000   621.000   226.000   75.000   -81.898   98.962
69804.000   675.000   255.000   78.000   -81.922   99.365
69805.000   664.000   233.000   69.000   -81.945   99.771
69806.000   683.000   234.000   79.000   -81.968   100.179
69807.000   629.000   242.000   77.000   -81.990   100.589
69808.000   697.000   269.000   68.000   -82.012   101.002
69809.000   635.000   241.000   43.000   -82.033   101.417
69810.000   670.000   214.000   76.000   -82.054   101.834
69811.000   648.000   239.000   74.000   -82.075   102.253
69812.000   688.000   262.000   65.000   -82.095   102.675
69813.000   620.000   214.000   79.000   -82.115   103.098
69814.000   654.000   207.000   80.000   -82.134   103.524
69815.000   659.000   204.000   95.000   -82.153   103.952
69816.000   656.000   254.000   79.000   -82.172   104.382
69817.000   691.000   260.000   76.000   -82.190   104.814
69818.000   653.000   260.000   77.000   -82.207   105.248
69819.000   677.000   258.000   89.000   -82.224   105.684
69820.000   655.000   244.000   72.000   -82.241   106.121
69821.000   666.000   227.000   90.000   -82.257   106.561
69822.000   666.000   257.000   71.000   -82.273   107.002
69823.000   679.000   268.000   93.000   -82.288   107.446
69824.000   628.000   242.000   64.000   -82.303   107.891
69825.000   636.000   291.000   73.000   -82.317   108.337
69826.000   641.000   250.000   88.000   -82.331   108.786
69827.000   688.000   244.000   83.000   -82.345   109.235
69828.000   984.000   210.000   85.000   -82.358   109.687
69829.000   1032.000   228.000   73.000   -82.370   110.140
69830.000   1091.000   277.000   97.000   -82.382   110.594
69831.000   1188.000   248.000   95.000   -82.394   111.050
69832.000   1316.000   232.000   74.000   -82.405   111.507
69833.000   1320.000   239.000   73.000   -82.415   111.966
69834.000   1355.000   211.000   81.000   -82.425   112.426
69835.000   1505.000   253.000   76.000   -82.435   112.887
69836.000   1542.000   253.000   80.000   -82.444   113.349
69837.000   1739.000   211.000   88.000   -82.452   113.812
69838.000   1720.000   272.000   89.000   -82.460   114.276
69839.000   1822.000   229.000   93.000   -82.468   114.741
69840.000   672.000   319.000   72.000   -82.475   115.207
69841.000   829.000   336.000   85.000   -82.481   115.674
69842.000   697.000   328.000   74.000   -82.487   116.142
69843.000   670.000   335.000   72.000   -82.493   116.610
69844.000   720.000   280.000   99.000   -82.498   117.079
69845.000   690.000   307.000   79.000   -82.502   117.549
69846.000   721.000   337.000   88.000   -82.506   118.019
69847.000   719.000   288.000   97.000   -82.510   118.490
69848.000   701.000   317.000   86.000   -82.513   118.961
69849.000   793.000   302.000   84.000   -82.515   119.432
69850.000   702.000   322.000   82.000   -82.517   119.904
69851.000   715.000   286.000   88.000   -82.519   120.376
69852.000   679.000   342.000   80.000   -82.520   120.848
