Time range: [ 16:20:01.000  17:16:00.000 ]
Time range duration: 55.0 min, 59.0 sec
Longitude range: [ 119.0  149.0 ]
58801.000   807.000   444.000   119.000   -62.054   -116.543
58802.000   817.000   425.000   119.000   -61.994   -116.510
58803.000   834.000   517.000   121.000   -61.935   -116.478
58804.000   857.000   505.000   128.000   -61.875   -116.445
58805.000   815.000   461.000   126.000   -61.815   -116.413
58806.000   855.000   493.000   112.000   -61.755   -116.381
58807.000   821.000   508.000   121.000   -61.695   -116.349
58808.000   869.000   478.000   133.000   -61.635   -116.317
58809.000   887.000   481.000   134.000   -61.575   -116.285
58810.000   839.000   499.000   125.000   -61.515   -116.254
58811.000   903.000   430.000   112.000   -61.455   -116.223
58812.000   800.000   520.000   136.000   -61.395   -116.191
58813.000   827.000   461.000   144.000   -61.335   -116.160
58814.000   874.000   480.000   130.000   -61.275   -116.129
58815.000   810.000   501.000   124.000   -61.216   -116.098
58816.000   786.000   480.000   112.000   -61.156   -116.068
58817.000   880.000   520.000   106.000   -61.096   -116.037
58818.000   1044.000   458.000   109.000   -61.036   -116.007
58819.000   1077.000   503.000   115.000   -60.976   -115.976
58820.000   1046.000   447.000   102.000   -60.916   -115.946
58821.000   1042.000   504.000   116.000   -60.855   -115.916
58822.000   1020.000   480.000   123.000   -60.795   -115.886
58823.000   1083.000   496.000   132.000   -60.735   -115.856
58824.000   1032.000   458.000   97.000   -60.675   -115.827
58825.000   1037.000   512.000   108.000   -60.615   -115.797
58826.000   1051.000   467.000   116.000   -60.555   -115.768
58827.000   1034.000   539.000   110.000   -60.495   -115.738
58828.000   1059.000   490.000   116.000   -60.435   -115.709
58829.000   1012.000   535.000   112.000   -60.375   -115.680
58830.000   1093.000   483.000   128.000   -60.315   -115.651
58831.000   1050.000   515.000   117.000   -60.255   -115.622
58832.000   1037.000   482.000   117.000   -60.195   -115.593
58833.000   1058.000   478.000   121.000   -60.134   -115.565
58834.000   998.000   481.000   126.000   -60.074   -115.536
58835.000   1010.000   462.000   124.000   -60.014   -115.508
58836.000   1102.000   481.000   107.000   -59.954   -115.480
58837.000   969.000   484.000   121.000   -59.894   -115.452
58838.000   1117.000   506.000   123.000   -59.834   -115.424
58839.000   1057.000   513.000   115.000   -59.773   -115.396
58840.000   1084.000   514.000   110.000   -59.713   -115.368
58841.000   1064.000   482.000   106.000   -59.653   -115.340
58842.000   992.000   518.000   100.000   -59.593   -115.313
58843.000   1054.000   473.000   118.000   -59.532   -115.285
58844.000   1075.000   469.000   109.000   -59.472   -115.258
58845.000   1079.000   499.000   108.000   -59.412   -115.231
58846.000   1022.000   473.000   93.000   -59.352   -115.204
58847.000   1123.000   440.000   113.000   -59.291   -115.177
58848.000   1062.000   510.000   104.000   -59.231   -115.150
58849.000   1082.000   481.000   91.000   -59.171   -115.123
58850.000   1042.000   524.000   97.000   -59.111   -115.097
58851.000   1126.000   443.000   109.000   -59.050   -115.070
58852.000   1095.000   505.000   120.000   -58.990   -115.044
58853.000   1056.000   522.000   117.000   -58.930   -115.017
58854.000   1130.000   497.000   103.000   -58.869   -114.991
58855.000   1200.000   497.000   108.000   -58.809   -114.965
58856.000   1162.000   497.000   111.000   -58.749   -114.939
58857.000   1141.000   499.000   103.000   -58.688   -114.913
58858.000   1175.000   515.000   116.000   -58.628   -114.887
58859.000   1272.000   493.000   115.000   -58.568   -114.862
58860.000   1260.000   481.000   89.000   -58.507   -114.836
58861.000   1245.000   506.000   102.000   -58.447   -114.810
58862.000   1303.000   473.000   98.000   -58.386   -114.785
58863.000   1321.000   482.000   114.000   -58.326   -114.760
58864.000   1332.000   470.000   99.000   -58.266   -114.735
58865.000   1324.000   487.000   93.000   -58.205   -114.709
58866.000   1456.000   515.000   105.000   -58.145   -114.684
58867.000   1378.000   511.000   109.000   -58.084   -114.660
58868.000   1442.000   497.000   99.000   -58.024   -114.635
58869.000   1401.000   510.000   96.000   -57.963   -114.610
58870.000   1434.000   459.000   122.000   -57.903   -114.585
58871.000   1465.000   495.000   95.000   -57.843   -114.561
58872.000   1543.000   470.000   95.000   -57.782   -114.536
58873.000   1646.000   510.000   112.000   -57.722   -114.512
58874.000   1739.000   552.000   127.000   -57.661   -114.488
58875.000   1755.000   520.000   96.000   -57.601   -114.464
58876.000   1826.000   495.000   113.000   -57.540   -114.440
58877.000   1919.000   536.000   119.000   -57.480   -114.416
58878.000   8688.000   488.000   90.000   -57.419   -114.392
58879.000   8880.000   474.000   114.000   -57.359   -114.368
58880.000   8623.000   541.000   108.000   -57.298   -114.345
58881.000   8674.000   519.000   80.000   -57.238   -114.321
58882.000   8726.000   547.000   113.000   -57.177   -114.297
58883.000   8525.000   552.000   95.000   -57.116   -114.274
58884.000   8555.000   461.000   110.000   -57.056   -114.251
58885.000   8648.000   496.000   83.000   -56.995   -114.228
58886.000   8669.000   572.000   121.000   -56.935   -114.204
58887.000   8667.000   524.000   119.000   -56.874   -114.181
58888.000   8506.000   507.000   105.000   -56.814   -114.158
58889.000   8594.000   512.000   104.000   -56.753   -114.136
58890.000   8534.000   532.000   108.000   -56.692   -114.113
58891.000   8537.000   567.000   109.000   -56.632   -114.090
58892.000   8671.000   512.000   107.000   -56.571   -114.067
58893.000   8530.000   528.000   95.000   -56.511   -114.045
58894.000   8430.000   505.000   109.000   -56.450   -114.022
58895.000   8501.000   540.000   84.000   -56.389   -114.000
58896.000   8622.000   495.000   99.000   -56.329   -113.978
58897.000   8287.000   504.000   101.000   -56.268   -113.956
58898.000   8014.000   524.000   112.000   -56.207   -113.934
58899.000   8135.000   544.000   87.000   -56.147   -113.912
58900.000   8312.000   519.000   96.000   -56.086   -113.890
58901.000   8634.000   578.000   106.000   -56.025   -113.868
58902.000   8643.000   572.000   84.000   -55.965   -113.846
58903.000   9097.000   513.000   109.000   -55.904   -113.824
58904.000   8852.000   515.000   102.000   -55.843   -113.803
58905.000   9187.000   485.000   111.000   -55.783   -113.781
58906.000   9039.000   522.000   101.000   -55.722   -113.760
58907.000   9276.000   539.000   96.000   -55.661   -113.738
58908.000   9315.000   498.000   98.000   -55.601   -113.717
58909.000   9151.000   511.000   91.000   -55.540   -113.696
58910.000   9344.000   542.000   105.000   -55.479   -113.675
58911.000   9380.000   517.000   94.000   -55.418   -113.654
58912.000   9386.000   508.000   103.000   -55.358   -113.633
58913.000   9390.000   536.000   107.000   -55.297   -113.612
58914.000   9426.000   553.000   101.000   -55.236   -113.591
58915.000   9380.000   549.000   80.000   -55.175   -113.570
58916.000   9435.000   498.000   82.000   -55.115   -113.549
58917.000   9269.000   592.000   111.000   -55.054   -113.529
58918.000   9232.000   536.000   108.000   -54.993   -113.508
58919.000   9419.000   535.000   104.000   -54.932   -113.488
58920.000   9231.000   542.000   104.000   -54.872   -113.467
58921.000   8864.000   515.000   95.000   -54.811   -113.447
58922.000   8802.000   545.000   86.000   -54.750   -113.427
58923.000   8421.000   549.000   103.000   -54.689   -113.407
58924.000   8198.000   507.000   80.000   -54.628   -113.387
58925.000   7893.000   556.000   91.000   -54.568   -113.367
58926.000   8092.000   521.000   108.000   -54.507   -113.347
58927.000   7677.000   487.000   106.000   -54.446   -113.327
58928.000   7392.000   541.000   97.000   -54.385   -113.307
58929.000   6734.000   550.000   98.000   -54.324   -113.287
58930.000   6447.000   621.000   113.000   -54.263   -113.268
58931.000   6202.000   599.000   99.000   -54.202   -113.248
58932.000   5845.000   593.000   108.000   -54.142   -113.228
58933.000   5646.000   653.000   87.000   -54.081   -113.209
58934.000   5385.000   618.000   88.000   -54.020   -113.190
58935.000   5150.000   647.000   78.000   -53.959   -113.170
58936.000   4835.000   617.000   108.000   -53.898   -113.151
58937.000   4501.000   599.000   94.000   -53.837   -113.132
58938.000   844.000   656.000   94.000   -53.776   -113.113
58939.000   843.000   636.000   99.000   -53.715   -113.094
58940.000   852.000   620.000   95.000   -53.655   -113.075
58941.000   830.000   665.000   93.000   -53.594   -113.056
58942.000   808.000   639.000   88.000   -53.533   -113.037
58943.000   821.000   666.000   94.000   -53.472   -113.018
58944.000   800.000   684.000   85.000   -53.411   -112.999
58945.000   916.000   689.000   93.000   -53.350   -112.981
58946.000   763.000   762.000   100.000   -53.289   -112.962
58947.000   825.000   803.000   88.000   -53.228   -112.944
58948.000   790.000   884.000   91.000   -53.167   -112.925
58949.000   831.000   970.000   97.000   -53.106   -112.907
58950.000   829.000   1054.000   116.000   -53.045   -112.888
58951.000   834.000   1197.000   99.000   -52.984   -112.870
58952.000   818.000   1307.000   99.000   -52.923   -112.852
58953.000   862.000   1376.000   106.000   -52.862   -112.834
58954.000   837.000   1480.000   103.000   -52.801   -112.816
58955.000   797.000   1520.000   113.000   -52.740   -112.798
58956.000   803.000   1977.000   120.000   -52.679   -112.780
58957.000   825.000   1986.000   105.000   -52.618   -112.762
58958.000   831.000   2142.000   126.000   -52.557   -112.744
58959.000   786.000   2371.000   112.000   -52.496   -112.726
58960.000   843.000   2454.000   105.000   -52.435   -112.708
58961.000   914.000   2579.000   122.000   -52.374   -112.691
58962.000   819.000   2858.000   125.000   -52.313   -112.673
58963.000   841.000   2996.000   106.000   -52.252   -112.656
58964.000   833.000   3269.000   125.000   -52.191   -112.638
58965.000   821.000   3562.000   119.000   -52.130   -112.621
58966.000   845.000   3794.000   138.000   -52.069   -112.603
58967.000   814.000   3950.000   142.000   -52.008   -112.586
58968.000   873.000   4281.000   126.000   -51.947   -112.569
58969.000   821.000   4632.000   144.000   -51.886   -112.552
58970.000   845.000   4929.000   117.000   -51.825   -112.535
58971.000   843.000   5076.000   126.000   -51.764   -112.518
58972.000   857.000   5495.000   144.000   -51.703   -112.501
58973.000   870.000   5706.000   132.000   -51.642   -112.484
58974.000   846.000   5970.000   156.000   -51.581   -112.467
58975.000   795.000   6207.000   151.000   -51.519   -112.450
58976.000   831.000   6530.000   149.000   -51.458   -112.433
58977.000   941.000   6919.000   135.000   -51.397   -112.416
58978.000   821.000   7250.000   158.000   -51.336   -112.400
58979.000   869.000   7386.000   172.000   -51.275   -112.383
58980.000   850.000   7761.000   155.000   -51.214   -112.366
58981.000   799.000   7836.000   158.000   -51.153   -112.350
58982.000   838.000   8072.000   146.000   -51.092   -112.333
58983.000   845.000   8324.000   175.000   -51.031   -112.317
58984.000   856.000   8512.000   171.000   -50.969   -112.301
58985.000   898.000   8741.000   153.000   -50.908   -112.284
58986.000   864.000   9000.000   180.000   -50.847   -112.268
58987.000   859.000   9274.000   173.000   -50.786   -112.252
58988.000   823.000   9274.000   176.000   -50.725   -112.236
58989.000   826.000   9542.000   166.000   -50.664   -112.220
58990.000   851.000   9762.000   183.000   -50.603   -112.204
58991.000   884.000   9859.000   185.000   -50.541   -112.188
58992.000   841.000   10037.000   190.000   -50.480   -112.172
58993.000   911.000   10096.000   177.000   -50.419   -112.156
58994.000   906.000   10276.000   220.000   -50.358   -112.140
58995.000   843.000   10172.000   246.000   -50.297   -112.124
58996.000   855.000   10269.000   219.000   -50.236   -112.109
58997.000   825.000   10326.000   237.000   -50.174   -112.093
58998.000   838.000   10406.000   238.000   -50.113   -112.077
58999.000   910.000   10659.000   273.000   -50.052   -112.062
59000.000   916.000   10526.000   244.000   -49.991   -112.046
59001.000   851.000   10679.000   247.000   -49.930   -112.031
59002.000   732.000   10551.000   288.000   -49.868   -112.015
59003.000   784.000   10488.000   298.000   -49.807   -112.000
59004.000   753.000   10776.000   283.000   -49.746   -111.985
59005.000   712.000   10682.000   295.000   -49.685   -111.969
59006.000   766.000   10797.000   308.000   -49.623   -111.954
59007.000   740.000   10497.000   326.000   -49.562   -111.939
59008.000   735.000   10344.000   6005.000   -49.501   -111.924
59009.000   738.000   10595.000   5805.000   -49.440   -111.909
59010.000   712.000   10623.000   5234.000   -49.378   -111.894
59011.000   739.000   10638.000   5576.000   -49.317   -111.879
59012.000   730.000   10487.000   5963.000   -49.256   -111.864
59013.000   741.000   10583.000   6351.000   -49.195   -111.849
59014.000   711.000   10485.000   7022.000   -49.133   -111.834
59015.000   730.000   10614.000   7711.000   -49.072   -111.819
59016.000   741.000   10384.000   8463.000   -49.011   -111.805
59017.000   749.000   10524.000   9273.000   -48.950   -111.790
59018.000   746.000   10618.000   10347.000   -48.888   -111.775
59019.000   766.000   10532.000   11337.000   -48.827   -111.761
59020.000   699.000   10563.000   12364.000   -48.766   -111.746
59021.000   736.000   10488.000   12999.000   -48.704   -111.731
59022.000   768.000   10599.000   13974.000   -48.643   -111.717
59023.000   766.000   10548.000   14479.000   -48.582   -111.703
59024.000   781.000   10601.000   15832.000   -48.520   -111.688
59025.000   757.000   10503.000   17295.000   -48.459   -111.674
59026.000   749.000   10564.000   18452.000   -48.398   -111.660
59027.000   693.000   10644.000   19528.000   -48.337   -111.645
59028.000   718.000   10435.000   19794.000   -48.275   -111.631
59029.000   748.000   10578.000   19688.000   -48.214   -111.617
59030.000   787.000   10682.000   19372.000   -48.153   -111.603
59031.000   793.000   10610.000   18852.000   -48.091   -111.589
59032.000   737.000   10629.000   17671.000   -48.030   -111.575
59033.000   726.000   10734.000   17115.000   -47.968   -111.561
59034.000   797.000   10835.000   15457.000   -47.907   -111.547
59035.000   758.000   10727.000   14447.000   -47.846   -111.533
59036.000   776.000   10683.000   12887.000   -47.784   -111.519
59037.000   757.000   10708.000   11718.000   -47.723   -111.505
59038.000   752.000   10669.000   9400.000   -47.662   -111.491
59039.000   806.000   10857.000   8565.000   -47.600   -111.478
59040.000   764.000   27842.000   7731.000   -47.539   -111.464
59041.000   750.000   32279.000   6464.000   -47.478   -111.450
59042.000   769.000   12994.000   5214.000   -47.416   -111.437
59043.000   747.000   33996.000   3728.000   -47.355   -111.423
59044.000   761.000   10755.000   1679.000   -47.293   -111.410
59045.000   814.000   10583.000   755.000   -47.232   -111.396
59046.000   745.000   10570.000   76.000   -47.171   -111.383
59047.000   812.000   10382.000   20.000   -47.109   -111.369
59048.000   792.000   10310.000   04.000   -47.048   -111.356
59049.000   795.000   10162.000   01.000   -46.986   -111.342
59050.000   760.000   10183.000   00.000   -46.925   -111.329
59051.000   791.000   10020.000   00.000   -46.864   -111.316
59052.000   781.000   9857.000   00.000   -46.802   -111.303
59053.000   749.000   9752.000   00.000   -46.741   -111.290
59054.000   718.000   9556.000   00.000   -46.679   -111.276
59055.000   747.000   9393.000   00.000   -46.618   -111.263
59056.000   811.000   9094.000   00.000   -46.556   -111.250
59057.000   837.000   8887.000   00.000   -46.495   -111.237
59058.000   824.000   8949.000   00.000   -46.434   -111.224
59059.000   767.000   8585.000   00.000   -46.372   -111.211
59060.000   792.000   8350.000   00.000   -46.311   -111.198
59061.000   775.000   8162.000   00.000   -46.249   -111.186
59062.000   722.000   7845.000   00.000   -46.188   -111.173
59063.000   790.000   7606.000   00.000   -46.126   -111.160
59064.000   789.000   7422.000   00.000   -46.065   -111.147
59065.000   805.000   7300.000   00.000   -46.003   -111.134
59066.000   777.000   7235.000   00.000   -45.942   -111.122
59067.000   790.000   6992.000   00.000   -45.880   -111.109
59068.000   811.000   6945.000   00.000   -45.819   -111.097
59069.000   857.000   6765.000   00.000   -45.757   -111.084
59070.000   778.000   6600.000   00.000   -45.696   -111.071
59071.000   803.000   6319.000   00.000   -45.634   -111.059
59072.000   793.000   6238.000   00.000   -45.573   -111.047
59073.000   756.000   6258.000   00.000   -45.511   -111.034
59074.000   783.000   5892.000   00.000   -45.450   -111.022
59075.000   781.000   5929.000   00.000   -45.388   -111.009
59076.000   768.000   6035.000   00.000   -45.327   -110.997
59077.000   820.000   6014.000   00.000   -45.265   -110.985
59078.000   841.000   5937.000   00.000   -45.204   -110.973
59079.000   862.000   5919.000   00.000   -45.142   -110.960
59080.000   818.000   6087.000   00.000   -45.081   -110.948
59081.000   847.000   5890.000   00.000   -45.019   -110.936
59082.000   823.000   6172.000   00.000   -44.958   -110.924
59083.000   789.000   6136.000   00.000   -44.896   -110.912
59084.000   779.000   6140.000   00.000   -44.835   -110.900
59085.000   834.000   6337.000   00.000   -44.773   -110.888
59086.000   835.000   6340.000   00.000   -44.712   -110.876
59087.000   839.000   6478.000   00.000   -44.650   -110.864
59088.000   847.000   6732.000   00.000   -44.589   -110.852
59089.000   839.000   6933.000   00.000   -44.527   -110.840
59090.000   825.000   7235.000   00.000   -44.465   -110.828
59091.000   871.000   7299.000   00.000   -44.404   -110.817
59092.000   820.000   7512.000   00.000   -44.342   -110.805
59093.000   830.000   7470.000   00.000   -44.281   -110.793
59094.000   803.000   7584.000   00.000   -44.219   -110.781
59095.000   827.000   7967.000   00.000   -44.158   -110.770
59096.000   841.000   7807.000   00.000   -44.096   -110.758
59097.000   829.000   8062.000   00.000   -44.034   -110.746
59098.000   860.000   8262.000   00.000   -43.973   -110.735
59099.000   801.000   8429.000   00.000   -43.911   -110.723
59100.000   794.000   25139.000   16967.000   -43.850   -110.712
59101.000   834.000   29751.000   21576.000   -43.788   -110.700
59102.000   845.000   10313.000   2577.000   -43.726   -110.689
59103.000   858.000   31846.000   23145.000   -43.665   -110.678
59104.000   888.000   9032.000   97.000   -43.603   -110.666
59105.000   871.000   9264.000   82.000   -43.542   -110.655
59106.000   836.000   429.000   88.000   -43.480   -110.643
59107.000   772.000   427.000   82.000   -43.418   -110.632
59108.000   858.000   397.000   84.000   -43.357   -110.621
59109.000   840.000   406.000   65.000   -43.295   -110.610
59110.000   884.000   433.000   80.000   -43.234   -110.599
59111.000   850.000   452.000   93.000   -43.172   -110.587
59112.000   837.000   384.000   77.000   -43.110   -110.576
59113.000   855.000   456.000   90.000   -43.049   -110.565
59114.000   786.000   453.000   84.000   -42.987   -110.554
59115.000   793.000   419.000   77.000   -42.925   -110.543
59116.000   767.000   405.000   75.000   -42.864   -110.532
59117.000   809.000   411.000   72.000   -42.802   -110.521
59118.000   10323.000   456.000   88.000   -42.740   -110.510
59119.000   10197.000   455.000   76.000   -42.679   -110.499
59120.000   10085.000   419.000   87.000   -42.617   -110.488
59121.000   9983.000   430.000   90.000   -42.555   -110.477
59122.000   10282.000   382.000   92.000   -42.494   -110.467
59123.000   9935.000   398.000   89.000   -42.432   -110.456
59124.000   9913.000   361.000   81.000   -42.370   -110.445
59125.000   10090.000   425.000   84.000   -42.309   -110.434
59126.000   9941.000   437.000   75.000   -42.247   -110.424
59127.000   9911.000   433.000   71.000   -42.185   -110.413
59128.000   9984.000   418.000   80.000   -42.124   -110.402
59129.000   9987.000   547.000   72.000   -42.062   -110.392
59130.000   10038.000   418.000   72.000   -42.000   -110.381
59131.000   9933.000   391.000   89.000   -41.939   -110.371
59132.000   9776.000   445.000   74.000   -41.877   -110.360
59133.000   10060.000   412.000   84.000   -41.815   -110.349
59134.000   9861.000   467.000   72.000   -41.754   -110.339
59135.000   9781.000   418.000   77.000   -41.692   -110.329
59136.000   9803.000   411.000   78.000   -41.630   -110.318
59137.000   9894.000   449.000   78.000   -41.568   -110.308
59138.000   9527.000   435.000   78.000   -41.507   -110.297
59139.000   9681.000   423.000   88.000   -41.445   -110.287
59140.000   9672.000   437.000   88.000   -41.383   -110.277
59141.000   9628.000   435.000   81.000   -41.322   -110.266
59142.000   9499.000   429.000   78.000   -41.260   -110.256
59143.000   9423.000   455.000   78.000   -41.198   -110.246
59144.000   9615.000   442.000   86.000   -41.136   -110.236
59145.000   9758.000   438.000   66.000   -41.075   -110.226
59146.000   10088.000   465.000   84.000   -41.013   -110.215
59147.000   9995.000   461.000   90.000   -40.951   -110.205
59148.000   10186.000   438.000   76.000   -40.889   -110.195
59149.000   10160.000   444.000   81.000   -40.828   -110.185
59150.000   10207.000   448.000   83.000   -40.766   -110.175
59151.000   10108.000   392.000   75.000   -40.704   -110.165
59152.000   10194.000   423.000   75.000   -40.642   -110.155
59153.000   10358.000   432.000   66.000   -40.581   -110.145
59154.000   10182.000   403.000   83.000   -40.519   -110.135
59155.000   10402.000   434.000   82.000   -40.457   -110.125
59156.000   10179.000   410.000   63.000   -40.395   -110.115
59157.000   10063.000   463.000   70.000   -40.334   -110.105
59158.000   10064.000   440.000   76.000   -40.272   -110.096
59159.000   10158.000   448.000   65.000   -40.210   -110.086
59160.000   9703.000   443.000   91.000   -40.148   -110.076
59161.000   9785.000   484.000   77.000   -40.087   -110.066
59162.000   9696.000   460.000   80.000   -40.025   -110.056
59163.000   9532.000   427.000   68.000   -39.963   -110.047
59164.000   9492.000   467.000   65.000   -39.901   -110.037
59165.000   9134.000   459.000   83.000   -39.839   -110.027
59166.000   8937.000   438.000   75.000   -39.778   -110.018
59167.000   8455.000   443.000   66.000   -39.716   -110.008
59168.000   8071.000   440.000   62.000   -39.654   -109.999
59169.000   7895.000   454.000   68.000   -39.592   -109.989
59170.000   7641.000   455.000   66.000   -39.530   -109.979
59171.000   7279.000   474.000   66.000   -39.469   -109.970
59172.000   6896.000   450.000   66.000   -39.407   -109.960
59173.000   6379.000   430.000   79.000   -39.345   -109.951
59174.000   5957.000   445.000   64.000   -39.283   -109.941
59175.000   5639.000   440.000   71.000   -39.221   -109.932
59176.000   5149.000   419.000   76.000   -39.159   -109.923
59177.000   4838.000   417.000   68.000   -39.098   -109.913
59178.000   516.000   461.000   59.000   -39.036   -109.904
59179.000   553.000   435.000   62.000   -38.974   -109.895
59180.000   535.000   467.000   77.000   -38.912   -109.885
59181.000   568.000   415.000   77.000   -38.850   -109.876
59182.000   514.000   486.000   58.000   -38.788   -109.867
59183.000   542.000   471.000   74.000   -38.727   -109.857
59184.000   531.000   501.000   61.000   -38.665   -109.848
59185.000   531.000   494.000   81.000   -38.603   -109.839
59186.000   553.000   434.000   83.000   -38.541   -109.830
59187.000   531.000   474.000   72.000   -38.479   -109.821
59188.000   522.000   430.000   72.000   -38.417   -109.812
59189.000   541.000   460.000   79.000   -38.356   -109.803
59190.000   542.000   448.000   85.000   -38.294   -109.793
59191.000   529.000   459.000   62.000   -38.232   -109.784
59192.000   518.000   422.000   86.000   -38.170   -109.775
59193.000   524.000   452.000   75.000   -38.108   -109.766
59194.000   536.000   461.000   82.000   -38.046   -109.757
59195.000   513.000   410.000   82.000   -37.984   -109.748
59196.000   504.000   427.000   61.000   -37.922   -109.739
59197.000   553.000   482.000   57.000   -37.861   -109.731
59198.000   548.000   427.000   68.000   -37.799   -109.722
59199.000   522.000   442.000   68.000   -37.737   -109.713
59200.000   532.000   449.000   68.000   -37.675   -109.704
59201.000   633.000   495.000   76.000   -37.613   -109.695
59202.000   511.000   464.000   69.000   -37.551   -109.686
59203.000   508.000   436.000   62.000   -37.489   -109.677
59204.000   558.000   430.000   65.000   -37.427   -109.669
59205.000   581.000   476.000   77.000   -37.365   -109.660
59206.000   526.000   449.000   60.000   -37.304   -109.651
59207.000   587.000   464.000   58.000   -37.242   -109.642
59208.000   586.000   474.000   68.000   -37.180   -109.634
59209.000   551.000   463.000   66.000   -37.118   -109.625
59210.000   542.000   506.000   69.000   -37.056   -109.616
59211.000   557.000   466.000   60.000   -36.994   -109.608
59212.000   530.000   466.000   62.000   -36.932   -109.599
59213.000   563.000   454.000   60.000   -36.870   -109.591
59214.000   545.000   480.000   72.000   -36.808   -109.582
59215.000   524.000   492.000   57.000   -36.746   -109.574
59216.000   538.000   465.000   63.000   -36.684   -109.565
59217.000   555.000   491.000   49.000   -36.622   -109.556
59218.000   527.000   440.000   75.000   -36.560   -109.548
59219.000   513.000   430.000   66.000   -36.499   -109.540
59220.000   556.000   443.000   54.000   -36.437   -109.531
59221.000   587.000   432.000   67.000   -36.375   -109.523
59222.000   564.000   466.000   51.000   -36.313   -109.514
59223.000   537.000   462.000   66.000   -36.251   -109.506
59224.000   590.000   497.000   59.000   -36.189   -109.498
59225.000   589.000   463.000   68.000   -36.127   -109.489
59226.000   556.000   5584.000   64.000   -36.065   -109.481
59227.000   547.000   5195.000   56.000   -36.003   -109.473
59228.000   513.000   4939.000   58.000   -35.941   -109.464
59229.000   530.000   4544.000   67.000   -35.879   -109.456
59230.000   552.000   4091.000   81.000   -35.817   -109.448
59231.000   541.000   3743.000   56.000   -35.755   -109.439
59232.000   582.000   3422.000   68.000   -35.693   -109.431
59233.000   637.000   3172.000   75.000   -35.631   -109.423
59234.000   630.000   2828.000   67.000   -35.569   -109.415
59235.000   615.000   2526.000   64.000   -35.507   -109.407
59236.000   562.000   2254.000   68.000   -35.445   -109.399
59237.000   611.000   2064.000   86.000   -35.383   -109.391
59238.000   578.000   1827.000   68.000   -35.321   -109.382
59239.000   551.000   1727.000   62.000   -35.259   -109.374
59240.000   606.000   1617.000   63.000   -35.197   -109.366
59241.000   580.000   1411.000   47.000   -35.135   -109.358
59242.000   583.000   1313.000   59.000   -35.073   -109.350
59243.000   546.000   1260.000   59.000   -35.011   -109.342
59244.000   586.000   1116.000   63.000   -34.949   -109.334
59245.000   578.000   1085.000   70.000   -34.887   -109.326
59246.000   545.000   971.000   54.000   -34.825   -109.318
59247.000   578.000   857.000   73.000   -34.763   -109.310
59248.000   615.000   927.000   60.000   -34.701   -109.302
59249.000   668.000   891.000   51.000   -34.639   -109.295
59250.000   600.000   822.000   59.000   -34.577   -109.287
59251.000   601.000   846.000   68.000   -34.515   -109.279
59252.000   564.000   917.000   58.000   -34.453   -109.271
59253.000   578.000   894.000   68.000   -34.391   -109.263
59254.000   600.000   984.000   69.000   -34.329   -109.255
59255.000   614.000   1012.000   54.000   -34.267   -109.248
59256.000   595.000   1026.000   77.000   -34.205   -109.240
59257.000   610.000   1043.000   62.000   -34.143   -109.232
59258.000   570.000   1030.000   66.000   -34.081   -109.224
59259.000   571.000   1125.000   67.000   -34.019   -109.217
59260.000   618.000   1285.000   62.000   -33.957   -109.209
59261.000   611.000   1381.000   60.000   -33.895   -109.201
59262.000   553.000   1437.000   71.000   -33.833   -109.193
59263.000   590.000   1532.000   63.000   -33.771   -109.186
59264.000   605.000   1520.000   62.000   -33.709   -109.178
59265.000   601.000   1590.000   68.000   -33.647   -109.171
59266.000   609.000   1753.000   55.000   -33.585   -109.163
59267.000   631.000   1934.000   64.000   -33.523   -109.155
59268.000   590.000   2089.000   72.000   -33.461   -109.148
59269.000   599.000   2290.000   57.000   -33.399   -109.140
59270.000   637.000   2437.000   69.000   -33.337   -109.133
59271.000   642.000   2631.000   61.000   -33.275   -109.125
59272.000   545.000   2864.000   61.000   -33.212   -109.118
59273.000   647.000   3223.000   63.000   -33.150   -109.110
59274.000   595.000   3509.000   62.000   -33.088   -109.103
59275.000   595.000   3675.000   72.000   -33.026   -109.095
59276.000   632.000   3888.000   65.000   -32.964   -109.088
59277.000   618.000   4296.000   47.000   -32.902   -109.080
59278.000   637.000   4550.000   59.000   -32.840   -109.073
59279.000   586.000   4823.000   73.000   -32.778   -109.066
59280.000   869.000   480.000   149.000   -32.716   -109.058
59281.000   828.000   444.000   119.000   -32.654   -109.051
59282.000   899.000   405.000   119.000   -32.592   -109.044
59283.000   888.000   470.000   121.000   -32.530   -109.036
59284.000   890.000   445.000   128.000   -32.468   -109.029
59285.000   855.000   448.000   126.000   -32.405   -109.022
59286.000   874.000   454.000   112.000   -32.343   -109.014
59287.000   816.000   483.000   121.000   -32.281   -109.007
59288.000   886.000   440.000   133.000   -32.219   -109.000
59289.000   882.000   445.000   134.000   -32.157   -108.993
59290.000   911.000   435.000   125.000   -32.095   -108.985
59291.000   915.000   397.000   112.000   -32.033   -108.978
59292.000   870.000   469.000   136.000   -31.971   -108.971
59293.000   862.000   406.000   144.000   -31.909   -108.964
59294.000   892.000   430.000   130.000   -31.847   -108.957
59295.000   856.000   472.000   124.000   -31.784   -108.950
59296.000   853.000   467.000   112.000   -31.722   -108.942
59297.000   854.000   454.000   106.000   -31.660   -108.935
59298.000   858.000   428.000   109.000   -31.598   -108.928
59299.000   910.000   446.000   115.000   -31.536   -108.921
59300.000   866.000   419.000   102.000   -31.474   -108.914
59301.000   865.000   437.000   116.000   -31.412   -108.907
59302.000   851.000   448.000   123.000   -31.350   -108.900
59303.000   864.000   463.000   132.000   -31.287   -108.893
59304.000   886.000   416.000   97.000   -31.225   -108.886
59305.000   857.000   463.000   108.000   -31.163   -108.879
59306.000   873.000   441.000   116.000   -31.101   -108.872
59307.000   886.000   478.000   110.000   -31.039   -108.865
59308.000   874.000   483.000   116.000   -30.977   -108.858
59309.000   867.000   473.000   112.000   -30.915   -108.851
59310.000   885.000   424.000   128.000   -30.852   -108.844
59311.000   889.000   460.000   117.000   -30.790   -108.837
59312.000   902.000   442.000   117.000   -30.728   -108.830
59313.000   901.000   439.000   121.000   -30.666   -108.823
59314.000   846.000   432.000   126.000   -30.604   -108.817
59315.000   864.000   448.000   124.000   -30.542   -108.810
59316.000   940.000   450.000   107.000   -30.480   -108.803
59317.000   815.000   466.000   121.000   -30.417   -108.796
59318.000   879.000   449.000   123.000   -30.355   -108.789
59319.000   864.000   434.000   115.000   -30.293   -108.782
59320.000   911.000   476.000   110.000   -30.231   -108.776
59321.000   889.000   442.000   106.000   -30.169   -108.769
59322.000   842.000   443.000   100.000   -30.107   -108.762
59323.000   876.000   434.000   118.000   -30.044   -108.755
59324.000   864.000   441.000   109.000   -29.982   -108.749
59325.000   833.000   418.000   108.000   -29.920   -108.742
59326.000   780.000   417.000   93.000   -29.858   -108.735
59327.000   830.000   387.000   113.000   -29.796   -108.729
59328.000   793.000   439.000   104.000   -29.734   -108.722
59329.000   841.000   433.000   91.000   -29.671   -108.715
59330.000   809.000   463.000   97.000   -29.609   -108.709
59331.000   891.000   396.000   109.000   -29.547   -108.702
59332.000   885.000   449.000   120.000   -29.485   -108.695
59333.000   852.000   456.000   117.000   -29.423   -108.689
59334.000   854.000   445.000   103.000   -29.360   -108.682
59335.000   872.000   445.000   108.000   -29.298   -108.676
59336.000   850.000   456.000   111.000   -29.236   -108.669
59337.000   845.000   440.000   103.000   -29.174   -108.662
59338.000   855.000   474.000   116.000   -29.112   -108.656
59339.000   872.000   464.000   115.000   -29.049   -108.649
59340.000   840.000   442.000   89.000   -28.987   -108.643
59341.000   846.000   482.000   102.000   -28.925   -108.636
59342.000   895.000   450.000   98.000   -28.863   -108.630
59343.000   857.000   430.000   114.000   -28.801   -108.623
59344.000   862.000   462.000   99.000   -28.738   -108.617
59345.000   837.000   452.000   93.000   -28.676   -108.610
59346.000   921.000   430.000   105.000   -28.614   -108.604
59347.000   824.000   454.000   109.000   -28.552   -108.598
59348.000   860.000   435.000   99.000   -28.490   -108.591
59349.000   867.000   423.000   96.000   -28.427   -108.585
59350.000   848.000   420.000   122.000   -28.365   -108.578
59351.000   799.000   449.000   95.000   -28.303   -108.572
59352.000   827.000   378.000   95.000   -28.241   -108.566
59353.000   845.000   408.000   112.000   -28.178   -108.559
59354.000   891.000   460.000   127.000   -28.116   -108.553
59355.000   882.000   436.000   96.000   -28.054   -108.547
59356.000   810.000   437.000   113.000   -27.992   -108.540
59357.000   855.000   471.000   119.000   -27.929   -108.534
59358.000   823.000   415.000   90.000   -27.867   -108.528
59359.000   906.000   421.000   114.000   -27.805   -108.521
59360.000   841.000   471.000   108.000   -27.743   -108.515
59361.000   904.000   464.000   80.000   -27.681   -108.509
59362.000   837.000   435.000   113.000   -27.618   -108.503
59363.000   812.000   426.000   95.000   -27.556   -108.496
59364.000   817.000   404.000   110.000   -27.494   -108.490
59365.000   868.000   418.000   83.000   -27.432   -108.484
59366.000   918.000   483.000   121.000   -27.369   -108.478
59367.000   860.000   444.000   119.000   -27.307   -108.471
59368.000   867.000   450.000   105.000   -27.245   -108.465
59369.000   850.000   401.000   104.000   -27.182   -108.459
59370.000   842.000   426.000   108.000   -27.120   -108.453
59371.000   876.000   481.000   109.000   -27.058   -108.447
59372.000   842.000   417.000   107.000   -26.996   -108.441
59373.000   874.000   452.000   95.000   -26.933   -108.435
59374.000   881.000   431.000   109.000   -26.871   -108.428
59375.000   854.000   449.000   84.000   -26.809   -108.422
59376.000   827.000   416.000   99.000   -26.747   -108.416
59377.000   836.000   458.000   101.000   -26.684   -108.410
59378.000   927.000   450.000   112.000   -26.622   -108.404
59379.000   855.000   451.000   87.000   -26.560   -108.398
59380.000   882.000   454.000   96.000   -26.498   -108.392
59381.000   836.000   487.000   106.000   -26.435   -108.386
59382.000   843.000   476.000   84.000   -26.373   -108.380
59383.000   903.000   465.000   109.000   -26.311   -108.374
59384.000   828.000   413.000   102.000   -26.248   -108.368
59385.000   857.000   397.000   111.000   -26.186   -108.362
59386.000   886.000   450.000   101.000   -26.124   -108.356
59387.000   844.000   428.000   96.000   -26.062   -108.350
59388.000   849.000   457.000   98.000   -25.999   -108.344
59389.000   797.000   457.000   91.000   -25.937   -108.338
59390.000   860.000   467.000   105.000   -25.875   -108.332
59391.000   838.000   410.000   94.000   -25.812   -108.326
59392.000   844.000   454.000   103.000   -25.750   -108.320
59393.000   874.000   478.000   107.000   -25.688   -108.314
59394.000   879.000   436.000   101.000   -25.625   -108.308
59395.000   844.000   423.000   80.000   -25.563   -108.303
59396.000   863.000   439.000   82.000   -25.501   -108.297
59397.000   865.000   488.000   111.000   -25.439   -108.291
59398.000   816.000   448.000   108.000   -25.376   -108.285
59399.000   890.000   453.000   104.000   -25.314   -108.279
59400.000   840.000   447.000   104.000   -25.252   -108.273
59401.000   877.000   420.000   95.000   -25.189   -108.267
59402.000   834.000   463.000   86.000   -25.127   -108.262
59403.000   822.000   449.000   103.000   -25.065   -108.256
59404.000   826.000   440.000   80.000   -25.002   -108.250
59405.000   862.000   442.000   91.000   -24.940   -108.244
59406.000   858.000   414.000   108.000   -24.878   -108.238
59407.000   845.000   410.000   106.000   -24.815   -108.233
59408.000   869.000   433.000   97.000   -24.753   -108.227
59409.000   907.000   474.000   98.000   -24.691   -108.221
59410.000   827.000   544.000   113.000   -24.628   -108.215
59411.000   855.000   521.000   99.000   -24.566   -108.210
59412.000   930.000   520.000   108.000   -24.504   -108.204
59413.000   870.000   569.000   87.000   -24.441   -108.198
59414.000   885.000   536.000   88.000   -24.379   -108.193
59415.000   874.000   536.000   78.000   -24.317   -108.187
59416.000   860.000   539.000   108.000   -24.254   -108.181
59417.000   837.000   495.000   94.000   -24.192   -108.176
59418.000   860.000   576.000   94.000   -24.130   -108.170
59419.000   830.000   554.000   99.000   -24.067   -108.164
59420.000   882.000   523.000   95.000   -24.005   -108.159
59421.000   879.000   562.000   93.000   -23.943   -108.153
59422.000   859.000   572.000   88.000   -23.880   -108.147
59423.000   856.000   576.000   94.000   -23.818   -108.142
59424.000   846.000   585.000   85.000   -23.756   -108.136
59425.000   946.000   617.000   93.000   -23.693   -108.131
59426.000   795.000   675.000   100.000   -23.631   -108.125
59427.000   873.000   721.000   88.000   -23.568   -108.119
59428.000   863.000   797.000   91.000   -23.506   -108.114
59429.000   845.000   874.000   97.000   -23.444   -108.108
59430.000   852.000   975.000   116.000   -23.381   -108.103
59431.000   913.000   1121.000   99.000   -23.319   -108.097
59432.000   832.000   1191.000   99.000   -23.257   -108.092
59433.000   854.000   1255.000   106.000   -23.194   -108.086
59434.000   879.000   1414.000   103.000   -23.132   -108.081
59435.000   791.000   1480.000   113.000   -23.070   -108.075
59436.000   820.000   1894.000   120.000   -23.007   -108.070
59437.000   848.000   1889.000   105.000   -22.945   -108.064
59438.000   860.000   2044.000   126.000   -22.882   -108.059
59439.000   799.000   2265.000   112.000   -22.820   -108.053
59440.000   884.000   2366.000   105.000   -22.758   -108.048
59441.000   825.000   2491.000   122.000   -22.695   -108.042
59442.000   860.000   2745.000   125.000   -22.633   -108.037
59443.000   896.000   2897.000   106.000   -22.571   -108.031
59444.000   817.000   3181.000   125.000   -22.508   -108.026
59445.000   841.000   3499.000   119.000   -22.446   -108.021
59446.000   890.000   3707.000   138.000   -22.383   -108.015
59447.000   849.000   3856.000   142.000   -22.321   -108.010
59448.000   869.000   4192.000   126.000   -22.259   -108.004
59449.000   861.000   4527.000   144.000   -22.196   -107.999
59450.000   854.000   4823.000   117.000   -22.134   -107.994
59451.000   864.000   4997.000   126.000   -22.071   -107.988
59452.000   854.000   5374.000   144.000   -22.009   -107.983
59453.000   868.000   5626.000   132.000   -21.947   -107.978
59454.000   842.000   5877.000   156.000   -21.884   -107.972
59455.000   851.000   6092.000   151.000   -21.822   -107.967
59456.000   849.000   6437.000   149.000   -21.759   -107.962
59457.000   908.000   6816.000   135.000   -21.697   -107.956
59458.000   868.000   7154.000   158.000   -21.635   -107.951
59459.000   894.000   7292.000   172.000   -21.572   -107.946
59460.000   838.000   7655.000   155.000   -21.510   -107.940
59461.000   834.000   7726.000   158.000   -21.447   -107.935
59462.000   870.000   8000.000   146.000   -21.385   -107.930
59463.000   878.000   8204.000   175.000   -21.323   -107.924
59464.000   852.000   8413.000   171.000   -21.260   -107.919
59465.000   896.000   8667.000   153.000   -21.198   -107.914
59466.000   849.000   8854.000   180.000   -21.135   -107.909
59467.000   905.000   9074.000   173.000   -21.073   -107.903
59468.000   836.000   9139.000   176.000   -21.010   -107.898
59469.000   854.000   9400.000   166.000   -20.948   -107.893
59470.000   826.000   9643.000   183.000   -20.886   -107.888
59471.000   884.000   9704.000   185.000   -20.823   -107.883
59472.000   886.000   9902.000   190.000   -20.761   -107.877
59473.000   850.000   9842.000   177.000   -20.698   -107.872
59474.000   892.000   10106.000   220.000   -20.636   -107.867
59475.000   896.000   10048.000   246.000   -20.574   -107.862
59476.000   813.000   10113.000   219.000   -20.511   -107.857
59477.000   790.000   10163.000   237.000   -20.449   -107.851
59478.000   854.000   10230.000   238.000   -20.386   -107.846
59479.000   914.000   10502.000   273.000   -20.324   -107.841
59480.000   902.000   10361.000   244.000   -20.261   -107.836
59481.000   862.000   10547.000   247.000   -20.199   -107.831
59482.000   780.000   10377.000   288.000   -20.136   -107.826
59483.000   787.000   10327.000   298.000   -20.074   -107.821
59484.000   719.000   10602.000   283.000   -20.012   -107.816
59485.000   720.000   10534.000   295.000   -19.949   -107.810
59486.000   749.000   10636.000   308.000   -19.887   -107.805
59487.000   712.000   10371.000   326.000   -19.824   -107.800
59488.000   740.000   10189.000   6005.000   -19.762   -107.795
59489.000   761.000   10445.000   5805.000   -19.699   -107.790
59490.000   754.000   10427.000   5234.000   -19.637   -107.785
59491.000   756.000   10452.000   5576.000   -19.574   -107.780
59492.000   727.000   10357.000   5963.000   -19.512   -107.775
59493.000   752.000   10428.000   6351.000   -19.450   -107.770
59494.000   713.000   10301.000   7022.000   -19.387   -107.765
59495.000   744.000   10460.000   7711.000   -19.325   -107.760
59496.000   727.000   10201.000   8463.000   -19.262   -107.755
59497.000   737.000   10336.000   9273.000   -19.200   -107.750
59498.000   729.000   10453.000   10347.000   -19.137   -107.745
59499.000   778.000   10332.000   11337.000   -19.075   -107.740
59500.000   745.000   10395.000   12364.000   -19.012   -107.735
59501.000   744.000   10292.000   12999.000   -18.950   -107.730
59502.000   763.000   10459.000   13974.000   -18.887   -107.725
59503.000   776.000   10395.000   14479.000   -18.825   -107.720
59504.000   764.000   10447.000   15832.000   -18.762   -107.715
59505.000   765.000   10347.000   17295.000   -18.700   -107.710
59506.000   759.000   10412.000   18452.000   -18.637   -107.705
59507.000   706.000   10475.000   19528.000   -18.575   -107.700
59508.000   753.000   10245.000   19794.000   -18.513   -107.695
59509.000   741.000   10408.000   19688.000   -18.450   -107.690
59510.000   744.000   10491.000   19372.000   -18.388   -107.685
59511.000   761.000   10415.000   18852.000   -18.325   -107.680
59512.000   745.000   10470.000   17671.000   -18.263   -107.675
59513.000   720.000   10550.000   17115.000   -18.200   -107.670
59514.000   815.000   10632.000   15457.000   -18.138   -107.665
59515.000   735.000   10525.000   14447.000   -18.075   -107.661
59516.000   785.000   10506.000   12887.000   -18.013   -107.656
59517.000   753.000   10505.000   11718.000   -17.950   -107.651
59518.000   766.000   10487.000   9400.000   -17.888   -107.646
59519.000   779.000   10653.000   8565.000   -17.825   -107.641
59520.000   743.000   27608.000   7731.000   -17.763   -107.636
59521.000   759.000   32067.000   6464.000   -17.700   -107.631
59522.000   707.000   12754.000   5214.000   -17.638   -107.626
59523.000   710.000   33771.000   3728.000   -17.575   -107.622
59524.000   771.000   10489.000   1679.000   -17.513   -107.617
59525.000   760.000   10321.000   755.000   -17.450   -107.612
59526.000   790.000   10323.000   76.000   -17.388   -107.607
59527.000   799.000   10112.000   20.000   -17.325   -107.602
59528.000   789.000   10015.000   04.000   -17.263   -107.597
59529.000   763.000   9820.000   01.000   -17.200   -107.593
59530.000   743.000   9836.000   00.000   -17.138   -107.588
59531.000   740.000   9699.000   00.000   -17.075   -107.583
59532.000   729.000   9468.000   00.000   -17.013   -107.578
59533.000   721.000   9317.000   00.000   -16.950   -107.573
59534.000   723.000   9106.000   00.000   -16.888   -107.569
59535.000   716.000   8890.000   00.000   -16.825   -107.564
59536.000   737.000   8565.000   00.000   -16.763   -107.559
59537.000   793.000   8316.000   00.000   -16.700   -107.554
59538.000   699.000   8320.000   00.000   -16.638   -107.550
59539.000   681.000   7889.000   00.000   -16.575   -107.545
59540.000   703.000   7629.000   00.000   -16.513   -107.540
59541.000   697.000   7413.000   00.000   -16.450   -107.535
59542.000   642.000   6980.000   00.000   -16.388   -107.531
59543.000   715.000   6618.000   00.000   -16.325   -107.526
59544.000   681.000   6402.000   00.000   -16.263   -107.521
59545.000   692.000   6188.000   00.000   -16.200   -107.516
59546.000   671.000   5922.000   00.000   -16.137   -107.512
59547.000   727.000   5566.000   00.000   -16.075   -107.507
59548.000   696.000   5319.000   00.000   -16.012   -107.502
59549.000   741.000   5048.000   00.000   -15.950   -107.498
59550.000   679.000   4767.000   00.000   -15.887   -107.493
59551.000   671.000   4338.000   00.000   -15.825   -107.488
59552.000   644.000   4115.000   00.000   -15.762   -107.484
59553.000   655.000   3927.000   00.000   -15.700   -107.479
59554.000   649.000   3469.000   00.000   -15.637   -107.474
59555.000   674.000   3242.000   00.000   -15.575   -107.469
59556.000   671.000   3102.000   00.000   -15.512   -107.465
59557.000   666.000   2928.000   00.000   -15.450   -107.460
59558.000   706.000   2658.000   00.000   -15.387   -107.456
59559.000   733.000   2440.000   00.000   -15.325   -107.451
59560.000   662.000   2258.000   00.000   -15.262   -107.446
59561.000   694.000   2060.000   00.000   -15.200   -107.442
59562.000   650.000   1938.000   00.000   -15.137   -107.437
59563.000   690.000   1761.000   00.000   -15.074   -107.432
59564.000   672.000   1586.000   00.000   -15.012   -107.428
59565.000   732.000   1477.000   00.000   -14.949   -107.423
59566.000   674.000   1350.000   00.000   -14.887   -107.418
59567.000   734.000   1328.000   00.000   -14.824   -107.414
59568.000   677.000   1161.000   00.000   -14.762   -107.409
59569.000   680.000   1159.000   00.000   -14.699   -107.405
59570.000   678.000   1047.000   00.000   -14.637   -107.400
59571.000   742.000   1036.000   00.000   -14.574   -107.396
59572.000   676.000   973.000   00.000   -14.511   -107.391
59573.000   679.000   903.000   00.000   -14.449   -107.386
59574.000   631.000   854.000   00.000   -14.386   -107.382
59575.000   690.000   842.000   00.000   -14.324   -107.377
59576.000   666.000   750.000   00.000   -14.261   -107.373
59577.000   681.000   727.000   00.000   -14.199   -107.368
59578.000   695.000   724.000   00.000   -14.136   -107.364
59579.000   656.000   654.000   00.000   -14.074   -107.359
59580.000   646.000   17116.000   16967.000   -14.011   -107.354
59581.000   732.000   21782.000   21576.000   -13.948   -107.350
59582.000   695.000   1943.000   2577.000   -13.886   -107.345
59583.000   729.000   23289.000   23145.000   -13.823   -107.341
59584.000   710.000   380.000   97.000   -13.761   -107.336
59585.000   719.000   352.000   82.000   -13.698   -107.332
59586.000   684.000   367.000   88.000   -13.636   -107.327
59587.000   650.000   380.000   82.000   -13.573   -107.323
59588.000   661.000   367.000   84.000   -13.510   -107.318
59589.000   697.000   361.000   65.000   -13.448   -107.314
59590.000   714.000   401.000   80.000   -13.385   -107.309
59591.000   705.000   408.000   93.000   -13.323   -107.305
59592.000   673.000   353.000   77.000   -13.260   -107.300
59593.000   707.000   381.000   90.000   -13.198   -107.296
59594.000   572.000   403.000   84.000   -13.135   -107.291
59595.000   612.000   376.000   77.000   -13.072   -107.287
59596.000   604.000   364.000   75.000   -13.010   -107.282
59597.000   636.000   338.000   72.000   -12.947   -107.278
59598.000   609.000   397.000   88.000   -12.885   -107.273
59599.000   623.000   392.000   76.000   -12.822   -107.269
59600.000   571.000   357.000   87.000   -12.760   -107.265
59601.000   618.000   383.000   90.000   -12.697   -107.260
59602.000   582.000   316.000   92.000   -12.634   -107.256
59603.000   655.000   359.000   89.000   -12.572   -107.251
59604.000   595.000   330.000   81.000   -12.509   -107.247
59605.000   556.000   381.000   84.000   -12.447   -107.242
59606.000   542.000   391.000   75.000   -12.384   -107.238
59607.000   624.000   361.000   71.000   -12.321   -107.233
59608.000   596.000   382.000   80.000   -12.259   -107.229
59609.000   563.000   399.000   72.000   -12.196   -107.225
59610.000   628.000   377.000   72.000   -12.134   -107.220
59611.000   594.000   346.000   89.000   -12.071   -107.216
59612.000   578.000   387.000   74.000   -12.009   -107.211
59613.000   565.000   363.000   84.000   -11.946   -107.207
59614.000   608.000   401.000   72.000   -11.883   -107.203
59615.000   635.000   382.000   77.000   -11.821   -107.198
59616.000   588.000   350.000   78.000   -11.758   -107.194
59617.000   608.000   359.000   78.000   -11.696   -107.189
59618.000   588.000   366.000   78.000   -11.633   -107.185
59619.000   579.000   385.000   88.000   -11.570   -107.181
59620.000   587.000   382.000   88.000   -11.508   -107.176
59621.000   612.000   372.000   81.000   -11.445   -107.172
59622.000   541.000   390.000   78.000   -11.383   -107.168
59623.000   612.000   415.000   78.000   -11.320   -107.163
59624.000   598.000   337.000   86.000   -11.257   -107.159
59625.000   585.000   404.000   66.000   -11.195   -107.154
59626.000   604.000   392.000   84.000   -11.132   -107.150
59627.000   568.000   383.000   90.000   -11.069   -107.146
59628.000   595.000   393.000   76.000   -11.007   -107.141
59629.000   599.000   385.000   81.000   -10.944   -107.137
59630.000   575.000   378.000   83.000   -10.882   -107.133
59631.000   591.000   336.000   75.000   -10.819   -107.128
59632.000   576.000   394.000   75.000   -10.756   -107.124
59633.000   592.000   372.000   66.000   -10.694   -107.120
59634.000   599.000   373.000   83.000   -10.631   -107.115
59635.000   579.000   378.000   82.000   -10.569   -107.111
59636.000   610.000   370.000   63.000   -10.506   -107.107
59637.000   575.000   406.000   70.000   -10.443   -107.102
59638.000   555.000   371.000   76.000   -10.381   -107.098
59639.000   599.000   405.000   65.000   -10.318   -107.094
59640.000   588.000   380.000   91.000   -10.256   -107.090
59641.000   576.000   391.000   77.000   -10.193   -107.085
59642.000   581.000   391.000   80.000   -10.130   -107.081
59643.000   569.000   345.000   68.000   -10.068   -107.077
59644.000   572.000   400.000   65.000   -10.005   -107.072
59645.000   598.000   384.000   83.000   -9.942   -107.068
59646.000   605.000   366.000   75.000   -9.880   -107.064
59647.000   605.000   374.000   66.000   -9.817   -107.059
59648.000   607.000   366.000   62.000   -9.755   -107.055
59649.000   578.000   383.000   68.000   -9.692   -107.051
59650.000   572.000   433.000   66.000   -9.629   -107.047
59651.000   600.000   404.000   66.000   -9.567   -107.042
59652.000   583.000   377.000   66.000   -9.504   -107.038
59653.000   603.000   384.000   79.000   -9.441   -107.034
59654.000   582.000   374.000   64.000   -9.379   -107.030
59655.000   584.000   374.000   71.000   -9.316   -107.025
59656.000   606.000   356.000   76.000   -9.253   -107.021
59657.000   576.000   356.000   68.000   -9.191   -107.017
59658.000   576.000   399.000   59.000   -9.128   -107.013
59659.000   631.000   386.000   62.000   -9.066   -107.008
59660.000   563.000   388.000   77.000   -9.003   -107.004
59661.000   611.000   352.000   77.000   -8.940   -107.000
59662.000   584.000   418.000   58.000   -8.878   -106.996
59663.000   610.000   394.000   74.000   -8.815   -106.991
59664.000   615.000   415.000   61.000   -8.752   -106.987
59665.000   604.000   416.000   81.000   -8.690   -106.983
59666.000   603.000   394.000   83.000   -8.627   -106.979
59667.000   591.000   395.000   72.000   -8.564   -106.974
59668.000   548.000   397.000   72.000   -8.502   -106.970
59669.000   583.000   387.000   79.000   -8.439   -106.966
59670.000   597.000   366.000   85.000   -8.377   -106.962
59671.000   585.000   400.000   62.000   -8.314   -106.958
59672.000   578.000   344.000   86.000   -8.251   -106.953
59673.000   570.000   397.000   75.000   -8.189   -106.949
59674.000   589.000   378.000   82.000   -8.126   -106.945
59675.000   576.000   343.000   82.000   -8.063   -106.941
59676.000   567.000   357.000   61.000   -8.001   -106.937
59677.000   608.000   422.000   57.000   -7.938   -106.932
59678.000   596.000   370.000   68.000   -7.875   -106.928
59679.000   584.000   383.000   68.000   -7.813   -106.924
59680.000   576.000   356.000   68.000   -7.750   -106.920
59681.000   589.000   417.000   76.000   -7.687   -106.916
59682.000   560.000   390.000   69.000   -7.625   -106.911
59683.000   578.000   379.000   62.000   -7.562   -106.907
59684.000   573.000   371.000   65.000   -7.499   -106.903
59685.000   578.000   417.000   77.000   -7.437   -106.899
59686.000   566.000   363.000   60.000   -7.374   -106.895
59687.000   626.000   394.000   58.000   -7.311   -106.891
59688.000   655.000   402.000   68.000   -7.249   -106.886
59689.000   573.000   394.000   66.000   -7.186   -106.882
59690.000   627.000   431.000   69.000   -7.124   -106.878
59691.000   578.000   369.000   60.000   -7.061   -106.874
59692.000   538.000   413.000   62.000   -6.998   -106.870
59693.000   620.000   408.000   60.000   -6.936   -106.866
59694.000   581.000   384.000   72.000   -6.873   -106.861
59695.000   570.000   426.000   57.000   -6.810   -106.857
59696.000   597.000   404.000   63.000   -6.748   -106.853
59697.000   581.000   424.000   49.000   -6.685   -106.849
59698.000   549.000   407.000   75.000   -6.622   -106.845
59699.000   514.000   359.000   66.000   -6.560   -106.841
59700.000   582.000   376.000   54.000   -6.497   -106.836
59701.000   639.000   382.000   67.000   -6.434   -106.832
59702.000   584.000   368.000   51.000   -6.372   -106.828
59703.000   595.000   405.000   66.000   -6.309   -106.824
59704.000   635.000   421.000   59.000   -6.246   -106.820
59705.000   589.000   387.000   68.000   -6.184   -106.816
59706.000   617.000   422.000   64.000   -6.121   -106.812
59707.000   624.000   392.000   56.000   -6.058   -106.807
59708.000   559.000   375.000   58.000   -5.996   -106.803
59709.000   599.000   413.000   67.000   -5.933   -106.799
59710.000   598.000   415.000   81.000   -5.870   -106.795
59711.000   581.000   414.000   56.000   -5.808   -106.791
59712.000   623.000   413.000   68.000   -5.745   -106.787
59713.000   645.000   391.000   75.000   -5.682   -106.783
59714.000   658.000   407.000   67.000   -5.620   -106.779
59715.000   612.000   388.000   64.000   -5.557   -106.774
59716.000   607.000   402.000   68.000   -5.494   -106.770
59717.000   643.000   377.000   86.000   -5.431   -106.766
59718.000   628.000   372.000   68.000   -5.369   -106.762
59719.000   599.000   406.000   62.000   -5.306   -106.758
59720.000   638.000   410.000   63.000   -5.243   -106.754
59721.000   600.000   397.000   47.000   -5.181   -106.750
59722.000   600.000   395.000   59.000   -5.118   -106.746
59723.000   620.000   411.000   59.000   -5.055   -106.742
59724.000   593.000   419.000   63.000   -4.993   -106.737
59725.000   631.000   417.000   70.000   -4.930   -106.733
59726.000   568.000   393.000   54.000   -4.867   -106.729
59727.000   588.000   373.000   73.000   -4.805   -106.725
59728.000   616.000   445.000   60.000   -4.742   -106.721
59729.000   674.000   397.000   51.000   -4.679   -106.717
59730.000   638.000   411.000   59.000   -4.617   -106.713
59731.000   637.000   440.000   68.000   -4.554   -106.709
59732.000   606.000   516.000   58.000   -4.491   -106.705
59733.000   647.000   502.000   68.000   -4.429   -106.701
59734.000   622.000   626.000   69.000   -4.366   -106.697
59735.000   587.000   614.000   54.000   -4.303   -106.692
59736.000   659.000   711.000   77.000   -4.241   -106.688
59737.000   668.000   783.000   62.000   -4.178   -106.684
59738.000   590.000   787.000   66.000   -4.115   -106.680
59739.000   626.000   911.000   67.000   -4.052   -106.676
59740.000   623.000   1075.000   62.000   -3.990   -106.672
59741.000   646.000   1175.000   60.000   -3.927   -106.668
59742.000   598.000   1208.000   71.000   -3.864   -106.664
59743.000   603.000   1384.000   63.000   -3.802   -106.660
59744.000   648.000   1400.000   62.000   -3.739   -106.656
59745.000   635.000   1471.000   68.000   -3.676   -106.652
59746.000   652.000   1629.000   55.000   -3.614   -106.648
59747.000   626.000   1798.000   64.000   -3.551   -106.643
59748.000   607.000   1963.000   72.000   -3.488   -106.639
59749.000   608.000   2149.000   57.000   -3.426   -106.635
59750.000   610.000   2354.000   69.000   -3.363   -106.631
59751.000   645.000   2543.000   61.000   -3.300   -106.627
59752.000   583.000   2773.000   61.000   -3.237   -106.623
59753.000   643.000   3117.000   63.000   -3.175   -106.619
59754.000   620.000   3414.000   62.000   -3.112   -106.615
59755.000   601.000   3581.000   72.000   -3.049   -106.611
59756.000   673.000   3795.000   65.000   -2.987   -106.607
59757.000   661.000   4198.000   47.000   -2.924   -106.603
59758.000   641.000   4445.000   59.000   -2.861   -106.599
59759.000   598.000   4718.000   73.000   -2.799   -106.595
59760.000   850.000   464.000   149.000   -2.736   -106.591
59761.000   811.000   412.000   119.000   -2.673   -106.587
59762.000   903.000   395.000   119.000   -2.610   -106.582
59763.000   882.000   449.000   121.000   -2.548   -106.578
59764.000   878.000   441.000   128.000   -2.485   -106.574
59765.000   842.000   414.000   126.000   -2.422   -106.570
59766.000   854.000   455.000   112.000   -2.360   -106.566
59767.000   813.000   481.000   121.000   -2.297   -106.562
59768.000   871.000   435.000   133.000   -2.234   -106.558
59769.000   838.000   440.000   134.000   -2.172   -106.554
59770.000   895.000   473.000   125.000   -2.109   -106.550
59771.000   847.000   400.000   112.000   -2.046   -106.546
59772.000   883.000   493.000   136.000   -1.983   -106.542
59773.000   840.000   501.000   144.000   -1.921   -106.538
59774.000   863.000   436.000   130.000   -1.858   -106.534
59775.000   852.000   475.000   124.000   -1.795   -106.530
59776.000   831.000   437.000   112.000   -1.733   -106.526
59777.000   821.000   468.000   106.000   -1.670   -106.522
59778.000   842.000   404.000   109.000   -1.607   -106.518
59779.000   860.000   447.000   115.000   -1.545   -106.514
59780.000   846.000   406.000   102.000   -1.482   -106.509
59781.000   929.000   435.000   116.000   -1.419   -106.505
59782.000   830.000   464.000   123.000   -1.356   -106.501
59783.000   860.000   433.000   132.000   -1.294   -106.497
59784.000   854.000   398.000   97.000   -1.231   -106.493
59785.000   870.000   455.000   108.000   -1.168   -106.489
59786.000   890.000   448.000   116.000   -1.106   -106.485
59787.000   881.000   480.000   110.000   -1.043   -106.481
59788.000   875.000   448.000   116.000   -0.980   -106.477
59789.000   851.000   444.000   112.000   -0.917   -106.473
59790.000   830.000   422.000   128.000   -0.855   -106.469
59791.000   887.000   443.000   117.000   -0.792   -106.465
59792.000   936.000   425.000   117.000   -0.729   -106.461
59793.000   851.000   420.000   121.000   -0.667   -106.457
59794.000   898.000   431.000   126.000   -0.604   -106.453
59795.000   873.000   439.000   124.000   -0.541   -106.449
59796.000   881.000   442.000   107.000   -0.478   -106.445
59797.000   846.000   422.000   121.000   -0.416   -106.441
59798.000   878.000   430.000   123.000   -0.353   -106.437
59799.000   876.000   419.000   115.000   -0.290   -106.433
59800.000   898.000   440.000   110.000   -0.228   -106.429
59801.000   883.000   445.000   106.000   -0.165   -106.425
59802.000   867.000   441.000   100.000   -0.102   -106.420
59803.000   902.000   434.000   118.000   -0.039   -106.416
59804.000   811.000   423.000   109.000   00.023   -106.412
59805.000   832.000   499.000   108.000   00.086   -106.408
59806.000   803.000   432.000   93.000   00.149   -106.404
59807.000   809.000   374.000   113.000   00.211   -106.400
59808.000   778.000   420.000   104.000   00.274   -106.396
59809.000   845.000   442.000   91.000   00.337   -106.392
59810.000   832.000   435.000   97.000   00.400   -106.388
59811.000   836.000   416.000   109.000   00.462   -106.384
59812.000   895.000   440.000   120.000   00.525   -106.380
59813.000   846.000   423.000   117.000   00.588   -106.376
59814.000   863.000   434.000   103.000   00.650   -106.372
59815.000   874.000   445.000   108.000   00.713   -106.368
59816.000   848.000   447.000   111.000   00.776   -106.364
59817.000   872.000   446.000   103.000   00.839   -106.360
59818.000   843.000   470.000   116.000   00.901   -106.356
59819.000   828.000   486.000   115.000   00.964   -106.352
59820.000   865.000   415.000   89.000   01.027   -106.348
59821.000   863.000   532.000   102.000   01.089   -106.344
59822.000   862.000   438.000   98.000   01.152   -106.340
59823.000   851.000   402.000   114.000   01.215   -106.336
59824.000   875.000   438.000   99.000   01.278   -106.331
59825.000   826.000   449.000   93.000   01.340   -106.327
59826.000   842.000   451.000   105.000   01.403   -106.323
59827.000   851.000   438.000   109.000   01.466   -106.319
59828.000   902.000   422.000   99.000   01.529   -106.315
59829.000   840.000   441.000   96.000   01.591   -106.311
59830.000   893.000   431.000   122.000   01.654   -106.307
59831.000   905.000   428.000   95.000   01.717   -106.303
59832.000   849.000   365.000   95.000   01.779   -106.299
59833.000   897.000   447.000   112.000   01.842   -106.295
59834.000   882.000   444.000   127.000   01.905   -106.291
59835.000   885.000   446.000   96.000   01.968   -106.287
59836.000   866.000   434.000   113.000   02.030   -106.283
59837.000   850.000   473.000   119.000   02.093   -106.279
59838.000   826.000   437.000   90.000   02.156   -106.275
59839.000   895.000   411.000   114.000   02.218   -106.271
59840.000   854.000   473.000   108.000   02.281   -106.267
59841.000   877.000   465.000   80.000   02.344   -106.263
59842.000   837.000   458.000   113.000   02.407   -106.258
59843.000   869.000   458.000   95.000   02.469   -106.254
59844.000   841.000   421.000   110.000   02.532   -106.250
59845.000   866.000   427.000   83.000   02.595   -106.246
59846.000   894.000   478.000   121.000   02.658   -106.242
59847.000   899.000   441.000   119.000   02.720   -106.238
59848.000   867.000   436.000   105.000   02.783   -106.234
59849.000   814.000   433.000   104.000   02.846   -106.230
59850.000   814.000   436.000   108.000   02.908   -106.226
59851.000   872.000   466.000   109.000   02.971   -106.222
59852.000   876.000   431.000   107.000   03.034   -106.218
59853.000   901.000   430.000   95.000   03.097   -106.214
59854.000   866.000   435.000   109.000   03.159   -106.210
59855.000   833.000   469.000   84.000   03.222   -106.206
59856.000   820.000   424.000   99.000   03.285   -106.202
59857.000   839.000   441.000   101.000   03.348   -106.197
59858.000   895.000   445.000   112.000   03.410   -106.193
59859.000   867.000   473.000   87.000   03.473   -106.189
59860.000   891.000   427.000   96.000   03.536   -106.185
59861.000   852.000   479.000   106.000   03.598   -106.181
59862.000   839.000   503.000   84.000   03.661   -106.177
59863.000   879.000   447.000   109.000   03.724   -106.173
59864.000   870.000   422.000   102.000   03.787   -106.169
59865.000   852.000   428.000   111.000   03.849   -106.165
59866.000   891.000   455.000   101.000   03.912   -106.161
59867.000   849.000   431.000   96.000   03.975   -106.157
59868.000   844.000   446.000   98.000   04.038   -106.153
59869.000   824.000   445.000   91.000   04.100   -106.148
59870.000   872.000   479.000   105.000   04.163   -106.144
59871.000   854.000   430.000   94.000   04.226   -106.140
59872.000   841.000   447.000   103.000   04.288   -106.136
59873.000   864.000   468.000   107.000   04.351   -106.132
59874.000   835.000   432.000   101.000   04.414   -106.128
59875.000   875.000   435.000   80.000   04.477   -106.124
59876.000   829.000   443.000   82.000   04.539   -106.120
59877.000   893.000   510.000   111.000   04.602   -106.116
59878.000   849.000   466.000   108.000   04.665   -106.112
59879.000   875.000   467.000   104.000   04.728   -106.108
59880.000   816.000   459.000   104.000   04.790   -106.103
59881.000   851.000   425.000   95.000   04.853   -106.099
59882.000   861.000   450.000   86.000   04.916   -106.095
59883.000   848.000   457.000   103.000   04.978   -106.091
59884.000   792.000   425.000   80.000   05.041   -106.087
59885.000   822.000   462.000   91.000   05.104   -106.083
59886.000   849.000   440.000   108.000   05.167   -106.079
59887.000   876.000   423.000   106.000   05.229   -106.075
59888.000   871.000   438.000   97.000   05.292   -106.071
59889.000   860.000   477.000   98.000   05.355   -106.066
59890.000   806.000   557.000   113.000   05.418   -106.062
59891.000   856.000   541.000   99.000   05.480   -106.058
59892.000   898.000   514.000   108.000   05.543   -106.054
59893.000   865.000   646.000   87.000   05.606   -106.050
59894.000   894.000   545.000   88.000   05.668   -106.046
59895.000   871.000   562.000   78.000   05.731   -106.042
59896.000   868.000   538.000   108.000   05.794   -106.038
59897.000   872.000   531.000   94.000   05.857   -106.033
59898.000   839.000   590.000   94.000   05.919   -106.029
59899.000   811.000   558.000   99.000   05.982   -106.025
59900.000   888.000   553.000   95.000   06.045   -106.021
59901.000   884.000   602.000   93.000   06.108   -106.017
59902.000   857.000   581.000   88.000   06.170   -106.013
59903.000   862.000   594.000   94.000   06.233   -106.009
59904.000   878.000   620.000   85.000   06.296   -106.004
59905.000   916.000   630.000   93.000   06.359   -106.000
59906.000   801.000   688.000   100.000   06.421   -105.996
59907.000   829.000   763.000   88.000   06.484   -105.992
59908.000   835.000   820.000   91.000   06.547   -105.988
59909.000   859.000   899.000   97.000   06.609   -105.984
59910.000   862.000   994.000   116.000   06.672   -105.980
59911.000   896.000   1098.000   99.000   06.735   -105.975
59912.000   828.000   1203.000   99.000   06.798   -105.971
59913.000   807.000   1265.000   106.000   06.860   -105.967
59914.000   863.000   1402.000   103.000   06.923   -105.963
59915.000   816.000   1483.000   113.000   06.986   -105.959
59916.000   851.000   1920.000   120.000   07.049   -105.955
59917.000   924.000   1970.000   105.000   07.111   -105.950
59918.000   838.000   2030.000   126.000   07.174   -105.946
59919.000   824.000   2279.000   112.000   07.237   -105.942
59920.000   885.000   2372.000   105.000   07.299   -105.938
59921.000   850.000   2510.000   122.000   07.362   -105.934
59922.000   888.000   2770.000   125.000   07.425   -105.929
59923.000   918.000   2899.000   106.000   07.488   -105.925
59924.000   784.000   3181.000   125.000   07.550   -105.921
59925.000   914.000   3493.000   119.000   07.613   -105.917
59926.000   871.000   3721.000   138.000   07.676   -105.913
59927.000   828.000   3826.000   142.000   07.739   -105.908
59928.000   834.000   4213.000   126.000   07.801   -105.904
59929.000   892.000   4544.000   144.000   07.864   -105.900
59930.000   850.000   4839.000   117.000   07.927   -105.896
59931.000   827.000   5001.000   126.000   07.989   -105.892
59932.000   867.000   5382.000   144.000   08.052   -105.887
59933.000   855.000   5695.000   132.000   08.115   -105.883
59934.000   862.000   5913.000   156.000   08.178   -105.879
59935.000   871.000   6103.000   151.000   08.240   -105.875
59936.000   867.000   6456.000   149.000   08.303   -105.871
59937.000   894.000   6821.000   135.000   08.366   -105.866
59938.000   840.000   7163.000   158.000   08.429   -105.862
59939.000   915.000   7293.000   172.000   08.491   -105.858
59940.000   839.000   24505.000   155.000   08.554   -105.854
59941.000   943.000   29189.000   158.000   08.617   -105.849
59942.000   873.000   9919.000   146.000   08.679   -105.845
59943.000   901.000   31257.000   175.000   08.742   -105.841
59944.000   889.000   8348.000   171.000   08.805   -105.837
59945.000   937.000   8603.000   153.000   08.868   -105.832
59946.000   866.000   8848.000   180.000   08.930   -105.828
59947.000   868.000   9102.000   173.000   08.993   -105.824
59948.000   841.000   9116.000   176.000   09.056   -105.820
59949.000   928.000   9400.000   166.000   09.118   -105.815
59950.000   813.000   9635.000   183.000   09.181   -105.811
59951.000   856.000   9703.000   185.000   09.244   -105.807
59952.000   852.000   9890.000   190.000   09.307   -105.803
59953.000   868.000   9832.000   177.000   09.369   -105.798
59954.000   895.000   10099.000   220.000   09.432   -105.794
59955.000   862.000   10052.000   246.000   09.495   -105.790
59956.000   856.000   10108.000   219.000   09.558   -105.786
59957.000   800.000   10150.000   237.000   09.620   -105.781
59958.000   831.000   10227.000   238.000   09.683   -105.777
59959.000   909.000   10511.000   273.000   09.746   -105.773
59960.000   865.000   10357.000   244.000   09.808   -105.768
59961.000   908.000   10524.000   247.000   09.871   -105.764
59962.000   886.000   10376.000   288.000   09.934   -105.760
59963.000   895.000   10331.000   298.000   09.997   -105.755
59964.000   840.000   10601.000   283.000   10.059   -105.751
59965.000   869.000   10539.000   295.000   10.122   -105.747
59966.000   870.000   10637.000   308.000   10.185   -105.743
59967.000   846.000   10368.000   326.000   10.247   -105.738
59968.000   874.000   10185.000   6005.000   10.310   -105.734
59969.000   881.000   10422.000   5805.000   10.373   -105.730
59970.000   869.000   10434.000   5234.000   10.436   -105.725
59971.000   850.000   10482.000   5576.000   10.498   -105.721
59972.000   893.000   10346.000   5963.000   10.561   -105.717
59973.000   881.000   10432.000   6351.000   10.624   -105.712
59974.000   878.000   10321.000   7022.000   10.686   -105.708
59975.000   894.000   10451.000   7711.000   10.749   -105.704
59976.000   855.000   10208.000   8463.000   10.812   -105.699
59977.000   867.000   10347.000   9273.000   10.875   -105.695
59978.000   898.000   10458.000   10347.000   10.937   -105.691
59979.000   919.000   10376.000   11337.000   11.000   -105.686
59980.000   882.000   10385.000   12364.000   11.063   -105.682
59981.000   927.000   10298.000   12999.000   11.126   -105.677
59982.000   889.000   10458.000   13974.000   11.188   -105.673
59983.000   924.000   10388.000   14479.000   11.251   -105.669
59984.000   877.000   10437.000   15832.000   11.314   -105.664
59985.000   836.000   10328.000   17295.000   11.376   -105.660
59986.000   854.000   10427.000   18452.000   11.439   -105.656
59987.000   856.000   10476.000   19528.000   11.502   -105.651
59988.000   901.000   10229.000   19794.000   11.565   -105.647
59989.000   866.000   10422.000   19688.000   11.627   -105.642
59990.000   853.000   10512.000   19372.000   11.690   -105.638
59991.000   913.000   10425.000   18852.000   11.753   -105.634
59992.000   891.000   10460.000   17671.000   11.815   -105.629
59993.000   836.000   10514.000   17115.000   11.878   -105.625
59994.000   929.000   10629.000   15457.000   11.941   -105.620
59995.000   842.000   10532.000   14447.000   12.003   -105.616
59996.000   907.000   10509.000   12887.000   12.066   -105.612
59997.000   909.000   10478.000   11718.000   12.129   -105.607
59998.000   862.000   10496.000   9400.000   12.192   -105.603
59999.000   897.000   10634.000   8565.000   12.254   -105.598
60000.000   17422.000   27589.000   7731.000   12.317   -105.594
60001.000   22048.000   32041.000   6464.000   12.380   -105.589
60002.000   1476.000   12753.000   5214.000   12.442   -105.585
60003.000   23609.000   33774.000   3728.000   12.505   -105.580
60004.000   798.000   10487.000   1679.000   12.568   -105.576
60005.000   786.000   10336.000   755.000   12.631   -105.572
60006.000   769.000   10310.000   76.000   12.693   -105.567
60007.000   799.000   10074.000   20.000   12.756   -105.563
60008.000   764.000   10029.000   04.000   12.819   -105.558
60009.000   741.000   9818.000   01.000   12.881   -105.554
60010.000   748.000   9844.000   00.000   12.944   -105.549
60011.000   761.000   9702.000   00.000   13.007   -105.545
60012.000   734.000   9453.000   00.000   13.070   -105.540
60013.000   733.000   9311.000   00.000   13.132   -105.536
60014.000   729.000   9099.000   00.000   13.195   -105.531
60015.000   722.000   8904.000   00.000   13.258   -105.527
60016.000   765.000   8566.000   00.000   13.320   -105.522
60017.000   758.000   8313.000   00.000   13.383   -105.518
60018.000   684.000   8320.000   00.000   13.446   -105.513
60019.000   685.000   7889.000   00.000   13.508   -105.509
60020.000   686.000   7612.000   00.000   13.571   -105.504
60021.000   709.000   7415.000   00.000   13.634   -105.500
60022.000   659.000   6991.000   00.000   13.697   -105.495
60023.000   756.000   6628.000   00.000   13.759   -105.491
60024.000   708.000   6378.000   00.000   13.822   -105.486
60025.000   690.000   6186.000   00.000   13.885   -105.481
60026.000   697.000   5943.000   00.000   13.947   -105.477
60027.000   703.000   5556.000   00.000   14.010   -105.472
60028.000   716.000   5320.000   00.000   14.073   -105.468
60029.000   713.000   5086.000   00.000   14.135   -105.463
60030.000   687.000   4756.000   00.000   14.198   -105.459
60031.000   662.000   4349.000   00.000   14.261   -105.454
60032.000   641.000   4131.000   00.000   14.324   -105.450
60033.000   668.000   3932.000   00.000   14.386   -105.445
60034.000   671.000   3496.000   00.000   14.449   -105.440
60035.000   715.000   3231.000   00.000   14.512   -105.436
60036.000   648.000   3100.000   00.000   14.574   -105.431
60037.000   627.000   2970.000   00.000   14.637   -105.427
60038.000   668.000   2659.000   00.000   14.700   -105.422
60039.000   693.000   2450.000   00.000   14.762   -105.417
60040.000   669.000   2265.000   00.000   14.825   -105.413
60041.000   689.000   2067.000   00.000   14.888   -105.408
60042.000   641.000   1938.000   00.000   14.950   -105.403
60043.000   711.000   1764.000   00.000   15.013   -105.399
60044.000   701.000   1584.000   00.000   15.076   -105.394
60045.000   797.000   1493.000   00.000   15.138   -105.390
60046.000   695.000   1359.000   00.000   15.201   -105.385
60047.000   698.000   1305.000   00.000   15.264   -105.380
60048.000   701.000   1158.000   00.000   15.327   -105.376
60049.000   694.000   1159.000   00.000   15.389   -105.371
60050.000   696.000   1049.000   00.000   15.452   -105.366
60051.000   737.000   1048.000   00.000   15.515   -105.362
60052.000   663.000   955.000   00.000   15.577   -105.357
60053.000   703.000   933.000   00.000   15.640   -105.352
60054.000   643.000   851.000   00.000   15.703   -105.347
60055.000   691.000   862.000   00.000   15.765   -105.343
60056.000   681.000   752.000   00.000   15.828   -105.338
60057.000   674.000   735.000   00.000   15.891   -105.333
60058.000   676.000   712.000   00.000   15.953   -105.329
60059.000   613.000   655.000   00.000   16.016   -105.324
60060.000   668.000   17140.000   16967.000   16.079   -105.319
60061.000   728.000   21764.000   21576.000   16.141   -105.314
60062.000   704.000   1957.000   2577.000   16.204   -105.310
60063.000   723.000   23304.000   23145.000   16.267   -105.305
60064.000   699.000   368.000   97.000   16.329   -105.300
60065.000   725.000   357.000   82.000   16.392   -105.295
60066.000   690.000   371.000   88.000   16.455   -105.291
60067.000   701.000   386.000   82.000   16.517   -105.286
60068.000   656.000   373.000   84.000   16.580   -105.281
60069.000   691.000   370.000   65.000   16.643   -105.276
60070.000   699.000   405.000   80.000   16.706   -105.272
60071.000   695.000   383.000   93.000   16.768   -105.267
60072.000   682.000   351.000   77.000   16.831   -105.262
60073.000   688.000   381.000   90.000   16.894   -105.257
60074.000   581.000   422.000   84.000   16.956   -105.252
60075.000   642.000   392.000   77.000   17.019   -105.248
60076.000   574.000   372.000   75.000   17.082   -105.243
60077.000   590.000   354.000   72.000   17.144   -105.238
60078.000   607.000   384.000   88.000   17.207   -105.233
60079.000   584.000   404.000   76.000   17.270   -105.228
60080.000   619.000   373.000   87.000   17.332   -105.223
60081.000   634.000   382.000   90.000   17.395   -105.219
60082.000   572.000   314.000   92.000   17.458   -105.214
60083.000   603.000   364.000   89.000   17.520   -105.209
60084.000   579.000   321.000   81.000   17.583   -105.204
60085.000   580.000   377.000   84.000   17.646   -105.199
60086.000   582.000   382.000   75.000   17.708   -105.194
60087.000   596.000   348.000   71.000   17.771   -105.189
60088.000   597.000   384.000   80.000   17.834   -105.184
60089.000   584.000   414.000   72.000   17.896   -105.180
60090.000   640.000   395.000   72.000   17.959   -105.175
60091.000   595.000   370.000   89.000   18.022   -105.170
60092.000   602.000   400.000   74.000   18.084   -105.165
60093.000   572.000   366.000   84.000   18.147   -105.160
60094.000   574.000   401.000   72.000   18.209   -105.155
60095.000   642.000   390.000   77.000   18.272   -105.150
60096.000   561.000   374.000   78.000   18.335   -105.145
60097.000   610.000   374.000   78.000   18.397   -105.140
60098.000   582.000   376.000   78.000   18.460   -105.135
60099.000   607.000   376.000   88.000   18.523   -105.130
60100.000   586.000   379.000   88.000   18.585   -105.125
60101.000   602.000   370.000   81.000   18.648   -105.120
60102.000   553.000   394.000   78.000   18.711   -105.115
60103.000   599.000   423.000   78.000   18.773   -105.110
60104.000   631.000   344.000   86.000   18.836   -105.105
60105.000   598.000   428.000   66.000   18.899   -105.100
60106.000   588.000   408.000   84.000   18.961   -105.095
60107.000   585.000   389.000   90.000   19.024   -105.090
60108.000   554.000   408.000   76.000   19.087   -105.085
60109.000   575.000   394.000   81.000   19.149   -105.080
60110.000   596.000   397.000   83.000   19.212   -105.075
60111.000   618.000   338.000   75.000   19.275   -105.070
60112.000   582.000   389.000   75.000   19.337   -105.065
60113.000   595.000   401.000   66.000   19.400   -105.060
60114.000   587.000   364.000   83.000   19.462   -105.055
60115.000   584.000   395.000   82.000   19.525   -105.050
60116.000   605.000   377.000   63.000   19.588   -105.045
60117.000   602.000   412.000   70.000   19.650   -105.040
60118.000   555.000   362.000   76.000   19.713   -105.035
60119.000   601.000   382.000   65.000   19.776   -105.029
60120.000   588.000   405.000   91.000   19.838   -105.024
60121.000   563.000   410.000   77.000   19.901   -105.019
60122.000   553.000   407.000   80.000   19.964   -105.014
60123.000   567.000   346.000   68.000   20.026   -105.009
60124.000   595.000   418.000   65.000   20.089   -105.004
60125.000   580.000   418.000   83.000   20.151   -104.999
60126.000   578.000   2624.000   75.000   20.214   -104.994
60127.000   633.000   23469.000   66.000   20.277   -104.988
60128.000   647.000   380.000   62.000   20.339   -104.983
60129.000   598.000   379.000   68.000   20.402   -104.978
60130.000   548.000   404.000   66.000   20.465   -104.973
60131.000   573.000   402.000   66.000   20.527   -104.968
60132.000   638.000   378.000   66.000   20.590   -104.962
60133.000   606.000   369.000   79.000   20.653   -104.957
60134.000   592.000   379.000   64.000   20.715   -104.952
60135.000   587.000   397.000   71.000   20.778   -104.947
60136.000   605.000   345.000   76.000   20.840   -104.942
60137.000   558.000   345.000   68.000   20.903   -104.936
60138.000   595.000   394.000   59.000   20.966   -104.931
60139.000   613.000   374.000   62.000   21.028   -104.926
60140.000   561.000   419.000   77.000   21.091   -104.921
60141.000   579.000   376.000   77.000   21.153   -104.915
60142.000   617.000   411.000   58.000   21.216   -104.910
60143.000   603.000   385.000   74.000   21.279   -104.905
60144.000   605.000   408.000   61.000   21.341   -104.899
60145.000   615.000   421.000   81.000   21.404   -104.894
60146.000   631.000   378.000   83.000   21.467   -104.889
60147.000   626.000   396.000   72.000   21.529   -104.883
60148.000   573.000   391.000   72.000   21.592   -104.878
60149.000   599.000   372.000   79.000   21.654   -104.873
60150.000   601.000   375.000   85.000   21.717   -104.867
60151.000   591.000   384.000   62.000   21.780   -104.862
60152.000   571.000   358.000   86.000   21.842   -104.857
60153.000   609.000   409.000   75.000   21.905   -104.851
60154.000   568.000   392.000   82.000   21.967   -104.846
60155.000   579.000   357.000   82.000   22.030   -104.841
60156.000   578.000   322.000   61.000   22.093   -104.835
60157.000   607.000   403.000   57.000   22.155   -104.830
60158.000   575.000   373.000   68.000   22.218   -104.824
60159.000   600.000   361.000   68.000   22.280   -104.819
60160.000   569.000   376.000   68.000   22.343   -104.814
60161.000   586.000   409.000   76.000   22.406   -104.808
60162.000   563.000   388.000   69.000   22.468   -104.803
60163.000   595.000   384.000   62.000   22.531   -104.797
60164.000   612.000   372.000   65.000   22.593   -104.792
60165.000   576.000   392.000   77.000   22.656   -104.786
60166.000   583.000   370.000   60.000   22.719   -104.781
60167.000   605.000   374.000   58.000   22.781   -104.775
60168.000   593.000   409.000   68.000   22.844   -104.770
60169.000   598.000   396.000   66.000   22.906   -104.764
60170.000   610.000   435.000   69.000   22.969   -104.759
60171.000   601.000   377.000   60.000   23.032   -104.753
60172.000   579.000   410.000   62.000   23.094   -104.748
60173.000   589.000   381.000   60.000   23.157   -104.742
60174.000   559.000   397.000   72.000   23.219   -104.737
60175.000   601.000   413.000   57.000   23.282   -104.731
60176.000   564.000   400.000   63.000   23.345   -104.726
60177.000   602.000   417.000   49.000   23.407   -104.720
60178.000   615.000   396.000   75.000   23.470   -104.714
60179.000   547.000   372.000   66.000   23.532   -104.709
60180.000   553.000   357.000   54.000   23.595   -104.703
60181.000   629.000   362.000   67.000   23.657   -104.698
60182.000   555.000   377.000   51.000   23.720   -104.692
60183.000   602.000   399.000   66.000   23.783   -104.686
60184.000   615.000   432.000   59.000   23.845   -104.681
60185.000   596.000   366.000   68.000   23.908   -104.675
60186.000   621.000   401.000   64.000   23.970   -104.669
60187.000   637.000   382.000   56.000   24.033   -104.664
60188.000   586.000   385.000   58.000   24.096   -104.658
60189.000   592.000   427.000   67.000   24.158   -104.652
60190.000   601.000   415.000   81.000   24.221   -104.647
60191.000   571.000   423.000   56.000   24.283   -104.641
60192.000   633.000   427.000   68.000   24.346   -104.635
60193.000   590.000   383.000   75.000   24.408   -104.629
60194.000   679.000   398.000   67.000   24.471   -104.624
60195.000   607.000   399.000   64.000   24.533   -104.618
60196.000   639.000   413.000   68.000   24.596   -104.612
60197.000   643.000   377.000   86.000   24.659   -104.606
60198.000   623.000   378.000   68.000   24.721   -104.601
60199.000   589.000   379.000   62.000   24.784   -104.595
60200.000   657.000   396.000   63.000   24.846   -104.589
60201.000   597.000   409.000   47.000   24.909   -104.583
60202.000   611.000   391.000   59.000   24.971   -104.577
60203.000   607.000   425.000   59.000   25.034   -104.572
60204.000   656.000   397.000   63.000   25.097   -104.566
60205.000   667.000   429.000   70.000   25.159   -104.560
60206.000   608.000   404.000   54.000   25.222   -104.554
60207.000   618.000   390.000   73.000   25.284   -104.548
60208.000   602.000   464.000   60.000   25.347   -104.542
60209.000   733.000   403.000   51.000   25.409   -104.536
60210.000   633.000   419.000   59.000   25.472   -104.531
60211.000   608.000   422.000   68.000   25.534   -104.525
60212.000   615.000   501.000   58.000   25.597   -104.519
60213.000   661.000   487.000   68.000   25.659   -104.513
60214.000   615.000   623.000   69.000   25.722   -104.507
60215.000   574.000   608.000   54.000   25.785   -104.501
60216.000   661.000   710.000   77.000   25.847   -104.495
60217.000   721.000   767.000   62.000   25.910   -104.489
60218.000   610.000   778.000   66.000   25.972   -104.483
60219.000   599.000   925.000   67.000   26.035   -104.477
60220.000   620.000   1074.000   62.000   26.097   -104.471
60221.000   646.000   1167.000   60.000   26.160   -104.465
60222.000   622.000   1208.000   71.000   26.222   -104.459
60223.000   611.000   1379.000   63.000   26.285   -104.453
60224.000   640.000   1407.000   62.000   26.347   -104.447
60225.000   703.000   1453.000   68.000   26.410   -104.441
60226.000   636.000   1630.000   55.000   26.472   -104.435
60227.000   645.000   1791.000   64.000   26.535   -104.429
60228.000   600.000   1971.000   72.000   26.597   -104.422
60229.000   631.000   2161.000   57.000   26.660   -104.416
60230.000   599.000   2353.000   69.000   26.723   -104.410
60231.000   586.000   2552.000   61.000   26.785   -104.404
60232.000   606.000   2787.000   61.000   26.848   -104.398
60233.000   620.000   3118.000   63.000   26.910   -104.392
60234.000   631.000   3417.000   62.000   26.973   -104.386
60235.000   594.000   3586.000   72.000   27.035   -104.380
60236.000   675.000   3803.000   65.000   27.098   -104.373
60237.000   641.000   4210.000   47.000   27.160   -104.367
60238.000   654.000   4432.000   59.000   27.223   -104.361
60239.000   621.000   4722.000   73.000   27.285   -104.355
62160.000   850.000   464.000   149.000   31.610   59.080
