Time range: [ 21:48:01.000  22:20:00.000 ]
Time range duration: 31.0 min, 59.0 sec
Longitude range: [ 69.0  144.0 ]
78481.000   4006.000   640.000   69.000   82.441   -86.292
78482.000   4004.000   575.000   57.000   82.431   -85.826
78483.000   4046.000   639.000   60.000   82.422   -85.362
78484.000   4167.000   604.000   71.000   82.411   -84.898
78485.000   4108.000   572.000   59.000   82.401   -84.436
78486.000   4125.000   575.000   55.000   82.389   -83.975
78487.000   4184.000   542.000   67.000   82.378   -83.516
78488.000   4243.000   564.000   77.000   82.365   -83.058
78489.000   4215.000   626.000   47.000   82.353   -82.602
78490.000   4217.000   594.000   63.000   82.339   -82.147
78491.000   4362.000   546.000   65.000   82.326   -81.694
78492.000   4401.000   576.000   57.000   82.311   -81.242
78493.000   4208.000   573.000   66.000   82.297   -80.792
78494.000   4406.000   528.000   55.000   82.282   -80.344
78495.000   4393.000   554.000   59.000   82.266   -79.898
78496.000   4411.000   612.000   72.000   82.250   -79.453
78497.000   4487.000   551.000   53.000   82.233   -79.010
78498.000   4436.000   544.000   66.000   82.216   -78.570
78499.000   4709.000   588.000   67.000   82.199   -78.131
78500.000   4616.000   628.000   69.000   82.181   -77.694
78501.000   4660.000   588.000   59.000   82.162   -77.259
78502.000   4657.000   575.000   67.000   82.144   -76.827
78503.000   4741.000   549.000   70.000   82.124   -76.396
78504.000   4646.000   587.000   62.000   82.104   -75.968
78505.000   4719.000   560.000   67.000   82.084   -75.542
78506.000   4688.000   546.000   63.000   82.064   -75.117
78507.000   4680.000   564.000   62.000   82.043   -74.696
78508.000   4805.000   572.000   50.000   82.021   -74.276
78509.000   4863.000   530.000   73.000   81.999   -73.859
78510.000   4855.000   516.000   52.000   81.977   -73.444
78511.000   4818.000   567.000   54.000   81.954   -73.031
78512.000   4795.000   557.000   42.000   81.931   -72.621
78513.000   4924.000   550.000   39.000   81.907   -72.213
78514.000   4905.000   572.000   58.000   81.883   -71.808
78515.000   4895.000   493.000   66.000   81.859   -71.405
78516.000   4826.000   537.000   57.000   81.834   -71.004
78517.000   4769.000   504.000   65.000   81.809   -70.606
78518.000   4986.000   518.000   72.000   81.783   -70.210
78519.000   4951.000   484.000   65.000   81.757   -69.817
78520.000   4861.000   546.000   59.000   81.731   -69.426
78521.000   4878.000   551.000   69.000   81.704   -69.038
78522.000   4974.000   557.000   51.000   81.677   -68.652
78523.000   5033.000   551.000   68.000   81.649   -68.269
78524.000   4992.000   530.000   61.000   81.621   -67.889
78525.000   5004.000   528.000   64.000   81.593   -67.511
78526.000   5137.000   544.000   56.000   81.564   -67.135
78527.000   5013.000   502.000   59.000   81.535   -66.762
78528.000   5054.000   538.000   69.000   81.506   -66.392
78529.000   5071.000   534.000   77.000   81.476   -66.024
78530.000   4982.000   520.000   72.000   81.446   -65.659
78531.000   5193.000   555.000   62.000   81.416   -65.297
78532.000   5223.000   515.000   57.000   81.385   -64.937
78533.000   5137.000   510.000   63.000   81.354   -64.579
78534.000   5274.000   537.000   60.000   81.322   -64.224
78535.000   5205.000   522.000   54.000   81.290   -63.872
78536.000   5289.000   534.000   73.000   81.258   -63.523
78537.000   5305.000   538.000   65.000   81.226   -63.176
78538.000   5261.000   492.000   78.000   81.193   -62.831
78539.000   5429.000   489.000   68.000   81.160   -62.489
78540.000   5257.000   485.000   72.000   81.127   -62.150
78541.000   5374.000   502.000   66.000   81.093   -61.813
78542.000   5397.000   472.000   52.000   81.059   -61.479
78543.000   5289.000   434.000   80.000   81.025   -61.147
78544.000   5428.000   471.000   63.000   80.990   -60.818
78545.000   5345.000   471.000   57.000   80.955   -60.492
78546.000   5297.000   465.000   58.000   80.920   -60.168
78547.000   5357.000   448.000   38.000   80.884   -59.846
78548.000   5486.000   475.000   75.000   80.849   -59.527
78549.000   5408.000   440.000   65.000   80.812   -59.211
78550.000   5233.000   460.000   66.000   80.776   -58.897
78551.000   5386.000   426.000   62.000   80.739   -58.586
78552.000   5333.000   448.000   64.000   80.703   -58.277
78553.000   5197.000   411.000   93.000   80.665   -57.970
78554.000   5325.000   441.000   70.000   80.628   -57.666
78555.000   5316.000   470.000   65.000   80.590   -57.364
78556.000   5389.000   466.000   58.000   80.552   -57.065
78557.000   5285.000   439.000   59.000   80.514   -56.768
78558.000   5384.000   496.000   68.000   80.475   -56.474
78559.000   5379.000   440.000   71.000   80.437   -56.182
78560.000   5244.000   480.000   68.000   80.398   -55.892
78561.000   5199.000   455.000   93.000   80.359   -55.605
78562.000   5277.000   454.000   53.000   80.319   -55.320
78563.000   5305.000   454.000   38.000   80.279   -55.038
78564.000   5120.000   442.000   66.000   80.239   -54.757
78565.000   5037.000   498.000   62.000   80.199   -54.479
78566.000   5268.000   441.000   47.000   80.159   -54.204
78567.000   5249.000   444.000   70.000   80.118   -53.930
78568.000   5132.000   456.000   70.000   80.077   -53.659
78569.000   5230.000   449.000   61.000   80.036   -53.390
78570.000   5175.000   462.000   57.000   79.995   -53.124
78571.000   5332.000   465.000   33.000   79.953   -52.859
78572.000   5097.000   454.000   60.000   79.912   -52.597
78573.000   5180.000   443.000   69.000   79.870   -52.337
78574.000   5177.000   459.000   55.000   79.827   -52.079
78575.000   5162.000   436.000   67.000   79.785   -51.823
78576.000   5077.000   464.000   72.000   79.743   -51.569
78577.000   5133.000   439.000   91.000   79.700   -51.318
78578.000   5123.000   459.000   71.000   79.657   -51.069
78579.000   5017.000   451.000   38.000   79.614   -50.821
78580.000   5063.000   446.000   66.000   79.570   -50.576
78581.000   5117.000   420.000   65.000   79.527   -50.333
78582.000   5069.000   479.000   72.000   79.483   -50.091
78583.000   5075.000   413.000   67.000   79.439   -49.852
78584.000   5056.000   464.000   65.000   79.395   -49.615
78585.000   4958.000   414.000   125.000   79.351   -49.380
78586.000   5049.000   461.000   67.000   79.306   -49.147
78587.000   4889.000   463.000   66.000   79.261   -48.915
78588.000   4894.000   451.000   45.000   79.217   -48.686
78589.000   4780.000   437.000   60.000   79.172   -48.458
78590.000   4897.000   466.000   70.000   79.126   -48.233
78591.000   4973.000   475.000   72.000   79.081   -48.009
78592.000   4941.000   476.000   58.000   79.035   -47.787
78593.000   4862.000   464.000   91.000   78.990   -47.567
78594.000   4740.000   457.000   66.000   78.944   -47.349
78595.000   4781.000   464.000   39.000   78.898   -47.133
78596.000   4629.000   446.000   60.000   78.852   -46.919
78597.000   4705.000   505.000   60.000   78.805   -46.706
78598.000   4651.000   455.000   66.000   78.759   -46.495
78599.000   4570.000   461.000   50.000   78.712   -46.286
78600.000   4627.000   432.000   49.000   78.666   -46.078
78601.000   4547.000   511.000   64.000   78.619   -45.872
78602.000   4442.000   459.000   53.000   78.571   -45.668
78603.000   4428.000   430.000   61.000   78.524   -45.466
78604.000   4383.000   465.000   65.000   78.477   -45.265
78605.000   4429.000   438.000   85.000   78.429   -45.066
78606.000   4388.000   451.000   57.000   78.382   -44.869
78607.000   4276.000   475.000   86.000   78.334   -44.673
78608.000   4315.000   469.000   62.000   78.286   -44.479
78609.000   4269.000   479.000   61.000   78.238   -44.287
78610.000   4228.000   653.000   55.000   78.190   -44.096
78611.000   4144.000   628.000   73.000   78.141   -43.906
78612.000   4157.000   597.000   62.000   78.093   -43.718
78613.000   4289.000   521.000   81.000   78.044   -43.532
78614.000   4042.000   494.000   63.000   77.996   -43.347
78615.000   4128.000   523.000   81.000   77.947   -43.164
78616.000   4138.000   503.000   78.000   77.898   -42.982
78617.000   4032.000   530.000   67.000   77.849   -42.802
78618.000   4024.000   566.000   62.000   77.800   -42.623
78619.000   3910.000   520.000   69.000   77.750   -42.446
78620.000   3717.000   638.000   51.000   77.701   -42.270
78621.000   3865.000   683.000   117.000   77.651   -42.095
78622.000   3889.000   626.000   60.000   77.601   -41.922
78623.000   3811.000   589.000   82.000   77.552   -41.750
78624.000   3745.000   528.000   63.000   77.502   -41.580
78625.000   3679.000   565.000   58.000   77.452   -41.411
78626.000   3571.000   520.000   62.000   77.402   -41.243
78627.000   3573.000   539.000   76.000   77.351   -41.077
78628.000   3512.000   583.000   62.000   77.301   -40.912
78629.000   3583.000   573.000   117.000   77.251   -40.748
78630.000   3414.000   594.000   53.000   77.200   -40.586
78631.000   3354.000   634.000   86.000   77.149   -40.425
78632.000   3355.000   567.000   75.000   77.099   -40.265
78633.000   3326.000   601.000   68.000   77.048   -40.107
78634.000   3410.000   662.000   73.000   76.997   -39.949
78635.000   3281.000   691.000   62.000   76.946   -39.793
78636.000   3217.000   561.000   57.000   76.894   -39.639
78637.000   3178.000   538.000   81.000   76.843   -39.485
78638.000   3179.000   527.000   64.000   76.792   -39.333
78639.000   3082.000   495.000   83.000   76.740   -39.181
78640.000   3160.000   542.000   75.000   76.689   -39.031
78641.000   3017.000   524.000   68.000   76.637   -38.883
78642.000   2935.000   532.000   52.000   76.585   -38.735
78643.000   2965.000   496.000   50.000   76.534   -38.588
78644.000   2996.000   553.000   60.000   76.482   -38.443
78645.000   2834.000   528.000   85.000   76.430   -38.299
78646.000   2649.000   600.000   60.000   76.378   -38.156
78647.000   2770.000   553.000   55.000   76.326   -38.014
78648.000   2739.000   540.000   68.000   76.273   -37.873
78649.000   2760.000   549.000   77.000   76.221   -37.733
78650.000   2700.000   560.000   57.000   76.168   -37.594
78651.000   2623.000   540.000   69.000   76.116   -37.456
78652.000   2692.000   471.000   81.000   76.063   -37.319
78653.000   2614.000   472.000   85.000   76.011   -37.184
78654.000   2499.000   481.000   67.000   75.958   -37.049
78655.000   2518.000   487.000   85.000   75.905   -36.916
78656.000   2437.000   462.000   74.000   75.852   -36.783
78657.000   2422.000   488.000   70.000   75.799   -36.651
78658.000   2429.000   489.000   65.000   75.746   -36.521
78659.000   2374.000   515.000   73.000   75.693   -36.391
78660.000   2340.000   459.000   70.000   75.640   -36.262
78661.000   2252.000   491.000   77.000   75.587   -36.135
78662.000   2246.000   468.000   65.000   75.533   -36.008
78663.000   2145.000   512.000   66.000   75.480   -35.882
78664.000   2221.000   484.000   52.000   75.426   -35.757
78665.000   2130.000   472.000   57.000   75.373   -35.633
78666.000   2074.000   466.000   69.000   75.319   -35.510
78667.000   2015.000   482.000   72.000   75.265   -35.388
78668.000   2071.000   479.000   70.000   75.212   -35.267
78669.000   1979.000   457.000   62.000   75.158   -35.147
78670.000   2002.000   436.000   64.000   75.104   -35.027
78671.000   1922.000   493.000   51.000   75.050   -34.909
78672.000   1962.000   474.000   68.000   74.996   -34.791
78673.000   1867.000   500.000   77.000   74.942   -34.674
78674.000   1866.000   433.000   72.000   74.888   -34.558
78675.000   1852.000   488.000   75.000   74.833   -34.443
78676.000   1820.000   500.000   69.000   74.779   -34.328
78677.000   1807.000   448.000   65.000   74.725   -34.215
78678.000   1751.000   468.000   52.000   74.670   -34.102
78679.000   1680.000   499.000   79.000   74.616   -33.990
78680.000   1817.000   482.000   59.000   74.561   -33.879
78681.000   1781.000   469.000   75.000   74.507   -33.769
78682.000   1714.000   472.000   66.000   74.452   -33.659
78683.000   1782.000   473.000   72.000   74.397   -33.550
78684.000   1737.000   469.000   60.000   74.343   -33.442
78685.000   1694.000   460.000   65.000   74.288   -33.335
78686.000   1627.000   433.000   55.000   74.233   -33.229
78687.000   1647.000   522.000   72.000   74.178   -33.123
78688.000   1648.000   476.000   76.000   74.123   -33.018
78689.000   1641.000   438.000   73.000   74.068   -32.914
78690.000   1671.000   452.000   70.000   74.013   -32.810
78691.000   1593.000   504.000   61.000   73.958   -32.707
78692.000   1558.000   498.000   73.000   73.902   -32.605
78693.000   1601.000   455.000   56.000   73.847   -32.504
78694.000   1612.000   451.000   96.000   73.792   -32.403
78695.000   1509.000   482.000   75.000   73.737   -32.303
78696.000   1540.000   443.000   68.000   73.681   -32.204
78697.000   1554.000   484.000   77.000   73.626   -32.105
78698.000   1561.000   493.000   81.000   73.570   -32.007
78699.000   1635.000   425.000   59.000   73.515   -31.910
78700.000   1652.000   501.000   66.000   73.459   -31.814
78701.000   1545.000   448.000   51.000   73.403   -31.718
78702.000   1564.000   475.000   56.000   73.348   -31.622
78703.000   1580.000   448.000   67.000   73.292   -31.528
78704.000   1611.000   453.000   62.000   73.236   -31.434
78705.000   1549.000   435.000   77.000   73.180   -31.340
78706.000   1545.000   460.000   63.000   73.124   -31.248
78707.000   1428.000   448.000   59.000   73.068   -31.155
78708.000   1524.000   436.000   69.000   73.012   -31.064
78709.000   1503.000   455.000   65.000   72.956   -30.973
78710.000   1575.000   445.000   56.000   72.900   -30.883
78711.000   1489.000   463.000   69.000   72.844   -30.793
78712.000   1332.000   439.000   57.000   72.788   -30.704
78713.000   1320.000   478.000   73.000   72.732   -30.615
78714.000   1332.000   481.000   62.000   72.676   -30.527
78715.000   1307.000   482.000   60.000   72.619   -30.440
78716.000   1319.000   470.000   55.000   72.563   -30.353
78717.000   1407.000   509.000   79.000   72.507   -30.267
78718.000   1339.000   452.000   72.000   72.450   -30.181
78719.000   1266.000   463.000   62.000   72.394   -30.096
78720.000   1217.000   17251.000   70.000   72.337   -30.012
78721.000   1328.000   21840.000   70.000   72.281   -29.928
78722.000   1399.000   4237.000   63.000   72.224   -29.844
78723.000   1338.000   46519.000   66.000   72.168   -29.761
78724.000   1316.000   508.000   62.000   72.111   -29.679
78725.000   1172.000   503.000   66.000   72.054   -29.597
78726.000   1119.000   524.000   81.000   71.997   -29.516
78727.000   1194.000   528.000   72.000   71.941   -29.435
78728.000   1235.000   545.000   69.000   71.884   -29.355
78729.000   1302.000   502.000   68.000   71.827   -29.275
78730.000   1336.000   522.000   70.000   71.770   -29.196
78731.000   1303.000   519.000   73.000   71.713   -29.117
78732.000   1294.000   513.000   63.000   71.656   -29.039
78733.000   1188.000   536.000   66.000   71.599   -28.961
78734.000   984.000   545.000   65.000   71.542   -28.883
78735.000   943.000   532.000   57.000   71.485   -28.807
78736.000   953.000   530.000   72.000   71.428   -28.730
78737.000   986.000   580.000   64.000   71.371   -28.654
78738.000   997.000   499.000   71.000   71.314   -28.579
78739.000   1028.000   559.000   82.000   71.257   -28.504
78740.000   1105.000   540.000   66.000   71.200   -28.430
78741.000   1183.000   551.000   80.000   71.142   -28.356
78742.000   1104.000   475.000   60.000   71.085   -28.282
78743.000   971.000   537.000   78.000   71.028   -28.209
78744.000   927.000   543.000   55.000   70.970   -28.136
78745.000   956.000   559.000   85.000   70.913   -28.064
78746.000   960.000   525.000   69.000   70.856   -27.992
78747.000   924.000   530.000   60.000   70.798   -27.921
78748.000   984.000   555.000   60.000   70.741   -27.850
78749.000   929.000   516.000   73.000   70.683   -27.780
78750.000   963.000   540.000   52.000   70.626   -27.710
78751.000   1070.000   516.000   59.000   70.568   -27.640
78752.000   982.000   519.000   59.000   70.510   -27.571
78753.000   1052.000   552.000   78.000   70.453   -27.502
78754.000   1036.000   508.000   66.000   70.395   -27.434
78755.000   1054.000   531.000   74.000   70.338   -27.366
78756.000   989.000   491.000   80.000   70.280   -27.298
78757.000   876.000   497.000   77.000   70.222   -27.231
78758.000   853.000   501.000   63.000   70.164   -27.164
78759.000   907.000   494.000   67.000   70.107   -27.098
78760.000   908.000   477.000   79.000   70.049   -27.032
78761.000   900.000   545.000   73.000   69.991   -26.967
78762.000   911.000   491.000   68.000   69.933   -26.901
78763.000   867.000   493.000   78.000   69.875   -26.837
78764.000   894.000   525.000   67.000   69.817   -26.772
78765.000   872.000   483.000   73.000   69.759   -26.708
78766.000   869.000   495.000   83.000   69.701   -26.644
78767.000   913.000   492.000   55.000   69.643   -26.581
78768.000   893.000   509.000   57.000   69.585   -26.518
78769.000   830.000   493.000   60.000   69.527   -26.456
78770.000   926.000   497.000   56.000   69.469   -26.393
78771.000   931.000   524.000   63.000   69.411   -26.332
78772.000   844.000   505.000   79.000   69.353   -26.270
78773.000   852.000   494.000   74.000   69.295   -26.209
78774.000   812.000   443.000   66.000   69.236   -26.148
78775.000   826.000   494.000   72.000   69.178   -26.088
78776.000   826.000   465.000   68.000   69.120   -26.028
78777.000   837.000   594.000   65.000   69.062   -25.968
78778.000   823.000   472.000   43.000   69.003   -25.908
78779.000   841.000   477.000   50.000   68.945   -25.849
78780.000   839.000   482.000   40.000   68.887   -25.790
78781.000   779.000   422.000   56.000   68.828   -25.732
78782.000   854.000   454.000   49.000   68.770   -25.674
78783.000   825.000   459.000   44.000   68.712   -25.616
78784.000   786.000   458.000   42.000   68.653   -25.559
78785.000   849.000   507.000   51.000   68.595   -25.502
78786.000   837.000   464.000   43.000   68.536   -25.445
78787.000   845.000   431.000   54.000   68.478   -25.388
78788.000   819.000   400.000   47.000   68.419   -25.332
78789.000   816.000   508.000   45.000   68.361   -25.276
78790.000   816.000   422.000   53.000   68.302   -25.221
78791.000   897.000   439.000   44.000   68.244   -25.165
78792.000   764.000   424.000   45.000   68.185   -25.111
78793.000   801.000   445.000   39.000   68.126   -25.056
78794.000   3235.000   431.000   39.000   68.068   -25.002
78795.000   3202.000   438.000   55.000   68.009   -24.947
78796.000   3193.000   413.000   35.000   67.950   -24.894
78797.000   3261.000   501.000   35.000   67.892   -24.840
78798.000   3247.000   435.000   34.000   67.833   -24.787
78799.000   3228.000   404.000   40.000   67.774   -24.734
78800.000   3115.000   401.000   48.000   67.715   -24.682
78801.000   3199.000   452.000   71.000   67.657   -24.629
78802.000   3205.000   456.000   33.000   67.598   -24.577
78803.000   3122.000   430.000   55.000   67.539   -24.525
78804.000   3139.000   453.000   47.000   67.480   -24.474
78805.000   3176.000   409.000   36.000   67.421   -24.423
78806.000   3076.000   426.000   41.000   67.362   -24.372
78807.000   3193.000   461.000   49.000   67.303   -24.321
78808.000   3228.000   438.000   49.000   67.245   -24.271
78809.000   3171.000   412.000   101.000   67.186   -24.221
78810.000   3067.000   422.000   64.000   67.127   -24.171
78811.000   3148.000   392.000   54.000   67.068   -24.121
78812.000   3075.000   466.000   49.000   67.009   -24.072
78813.000   3035.000   401.000   48.000   66.950   -24.023
78814.000   3002.000   452.000   41.000   66.891   -23.974
78815.000   3142.000   484.000   36.000   66.832   -23.925
78816.000   3043.000   455.000   42.000   66.773   -23.877
78817.000   2957.000   466.000   97.000   66.713   -23.829
78818.000   3101.000   432.000   68.000   66.654   -23.781
78819.000   3083.000   456.000   53.000   66.595   -23.734
78820.000   3017.000   482.000   58.000   66.536   -23.686
78821.000   3025.000   528.000   53.000   66.477   -23.639
78822.000   3034.000   438.000   47.000   66.418   -23.592
78823.000   3037.000   468.000   34.000   66.359   -23.546
78824.000   2987.000   408.000   40.000   66.299   -23.499
78825.000   2942.000   425.000   103.000   66.240   -23.453
78826.000   2883.000   457.000   50.000   66.181   -23.407
78827.000   3050.000   456.000   49.000   66.122   -23.362
78828.000   2805.000   478.000   50.000   66.062   -23.316
78829.000   2969.000   475.000   43.000   66.003   -23.271
78830.000   2813.000   437.000   51.000   65.944   -23.226
78831.000   2817.000   432.000   41.000   65.884   -23.181
78832.000   2796.000   458.000   43.000   65.825   -23.137
78833.000   2821.000   389.000   97.000   65.766   -23.093
78834.000   2769.000   480.000   38.000   65.706   -23.049
78835.000   2723.000   450.000   52.000   65.647   -23.005
78836.000   2752.000   422.000   37.000   65.588   -22.961
78837.000   2662.000   551.000   55.000   65.528   -22.918
78838.000   2647.000   426.000   35.000   65.469   -22.875
78839.000   2701.000   431.000   39.000   65.409   -22.832
78840.000   2474.000   414.000   58.000   65.350   -22.789
78841.000   2625.000   476.000   44.000   65.290   -22.746
78842.000   2516.000   742.000   38.000   65.231   -22.704
78843.000   2494.000   757.000   50.000   65.171   -22.662
78844.000   2520.000   788.000   39.000   65.112   -22.620
78845.000   2536.000   761.000   34.000   65.052   -22.578
78846.000   2537.000   789.000   41.000   64.993   -22.537
78847.000   2488.000   745.000   46.000   64.933   -22.495
78848.000   2425.000   750.000   43.000   64.874   -22.454
78849.000   2461.000   795.000   57.000   64.814   -22.413
78850.000   2377.000   854.000   42.000   64.754   -22.373
78851.000   2456.000   824.000   43.000   64.695   -22.332
78852.000   2353.000   904.000   52.000   64.635   -22.292
78853.000   2316.000   979.000   40.000   64.576   -22.252
78854.000   2315.000   992.000   45.000   64.516   -22.212
78855.000   2219.000   1027.000   48.000   64.456   -22.172
78856.000   2252.000   1014.000   52.000   64.397   -22.133
78857.000   2230.000   968.000   45.000   64.337   -22.093
78858.000   2159.000   930.000   56.000   64.277   -22.054
78859.000   2158.000   996.000   50.000   64.217   -22.015
78860.000   2180.000   1053.000   46.000   64.158   -21.976
78861.000   2139.000   1149.000   34.000   64.098   -21.938
78862.000   2153.000   1085.000   43.000   64.038   -21.899
78863.000   2110.000   1111.000   45.000   63.978   -21.861
78864.000   2051.000   1208.000   43.000   63.919   -21.823
78865.000   2040.000   1328.000   31.000   63.859   -21.785
78866.000   1897.000   1263.000   42.000   63.799   -21.747
78867.000   2068.000   1213.000   47.000   63.739   -21.710
78868.000   1993.000   1301.000   58.000   63.679   -21.672
78869.000   1986.000   1275.000   41.000   63.620   -21.635
78870.000   1947.000   1263.000   37.000   63.560   -21.598
78871.000   1934.000   1400.000   37.000   63.500   -21.561
78872.000   1860.000   1429.000   46.000   63.440   -21.525
78873.000   1842.000   1518.000   44.000   63.380   -21.488
78874.000   1740.000   1497.000   56.000   63.320   -21.452
78875.000   1761.000   1534.000   47.000   63.260   -21.416
78876.000   1734.000   1553.000   50.000   63.200   -21.380
78877.000   1760.000   1584.000   34.000   63.140   -21.344
78878.000   1773.000   1711.000   51.000   63.080   -21.308
78879.000   1713.000   1659.000   48.000   63.020   -21.273
78880.000   1693.000   1686.000   55.000   62.960   -21.238
78881.000   1651.000   1730.000   33.000   62.900   -21.202
78882.000   1648.000   1647.000   50.000   62.840   -21.167
78883.000   1666.000   1723.000   47.000   62.780   -21.133
78884.000   1588.000   1774.000   52.000   62.720   -21.098
78885.000   1613.000   1806.000   40.000   62.660   -21.063
78886.000   1575.000   1865.000   42.000   62.600   -21.029
78887.000   1451.000   1907.000   54.000   62.540   -20.995
78888.000   1465.000   2017.000   40.000   62.480   -20.961
78889.000   1550.000   2060.000   49.000   62.420   -20.927
78890.000   1498.000   2172.000   50.000   62.360   -20.893
78891.000   1448.000   2136.000   60.000   62.300   -20.859
78892.000   1445.000   2185.000   48.000   62.240   -20.826
78893.000   1523.000   2176.000   35.000   62.180   -20.793
78894.000   1384.000   2241.000   48.000   62.120   -20.760
78895.000   1384.000   2350.000   48.000   62.059   -20.727
78896.000   1431.000   2372.000   55.000   61.999   -20.694
78897.000   1296.000   2432.000   61.000   61.939   -20.661
78898.000   1357.000   2444.000   160.000   61.879   -20.628
78899.000   1294.000   2466.000   135.000   61.819   -20.596
78900.000   1333.000   2586.000   149.000   61.759   -20.564
78901.000   1354.000   2732.000   165.000   61.698   -20.532
78902.000   1270.000   2774.000   144.000   61.638   -20.500
78903.000   1262.000   2900.000   174.000   61.578   -20.468
78904.000   1269.000   17288.000   135.000   61.518   -20.436
78905.000   1231.000   21902.000   239.000   61.457   -20.404
78906.000   1181.000   2918.000   155.000   61.397   -20.373
78907.000   1179.000   23529.000   130.000   61.337   -20.342
78908.000   1195.000   625.000   163.000   61.277   -20.310
78909.000   1209.000   669.000   164.000   61.216   -20.279
78910.000   1175.000   579.000   155.000   61.156   -20.249
78911.000   1133.000   623.000   143.000   61.096   -20.218
78912.000   1148.000   576.000   164.000   61.035   -20.187
78913.000   1059.000   572.000   155.000   60.975   -20.157
78914.000   1041.000   585.000   152.000   60.915   -20.126
78915.000   1049.000   584.000   144.000   60.854   -20.096
78916.000   1004.000   603.000   172.000   60.794   -20.066
78917.000   1125.000   578.000   139.000   60.734   -20.036
78918.000   1065.000   558.000   176.000   60.673   -20.006
78919.000   1069.000   577.000   126.000   60.613   -19.976
78920.000   1095.000   544.000   149.000   60.553   -19.947
78921.000   1024.000   578.000   253.000   60.492   -19.917
78922.000   1030.000   535.000   146.000   60.432   -19.888
78923.000   992.000   574.000   183.000   60.371   -19.859
78924.000   985.000   587.000   142.000   60.311   -19.830
78925.000   973.000   566.000   174.000   60.251   -19.801
78926.000   991.000   570.000   145.000   60.190   -19.772
78927.000   991.000   527.000   141.000   60.130   -19.743
78928.000   1041.000   539.000   151.000   60.069   -19.714
78929.000   953.000   597.000   187.000   60.009   -19.686
78930.000   1019.000   559.000   173.000   59.948   -19.657
78931.000   885.000   557.000   145.000   59.888   -19.629
78932.000   901.000   539.000   158.000   59.827   -19.601
78933.000   884.000   572.000   172.000   59.767   -19.573
78934.000   919.000   545.000   142.000   59.706   -19.545
78935.000   848.000   513.000   166.000   59.646   -19.517
78936.000   922.000   517.000   155.000   59.585   -19.490
78937.000   859.000   495.000   251.000   59.525   -19.462
78938.000   848.000   551.000   132.000   59.464   -19.435
78939.000   876.000   569.000   183.000   59.404   -19.407
78940.000   875.000   495.000   145.000   59.343   -19.380
78941.000   884.000   536.000   155.000   59.283   -19.353
78942.000   872.000   529.000   154.000   59.222   -19.326
78943.000   841.000   515.000   165.000   59.161   -19.299
78944.000   857.000   541.000   167.000   59.101   -19.272
78945.000   844.000   537.000   155.000   59.040   -19.246
78946.000   855.000   537.000   184.000   58.980   -19.219
78947.000   808.000   512.000   148.000   58.919   -19.193
78948.000   795.000   503.000   149.000   58.858   -19.166
78949.000   836.000   448.000   158.000   58.798   -19.140
78950.000   811.000   519.000   171.000   58.737   -19.114
78951.000   808.000   510.000   171.000   58.677   -19.088
78952.000   801.000   522.000   163.000   58.616   -19.062
78953.000   832.000   477.000   191.000   58.555   -19.036
78954.000   817.000   477.000   163.000   58.495   -19.010
78955.000   836.000   508.000   146.000   58.434   -18.985
78956.000   815.000   496.000   150.000   58.373   -18.959
78957.000   904.000   473.000   147.000   58.313   -18.934
78958.000   784.000   492.000   165.000   58.252   -18.909
78959.000   751.000   493.000   144.000   58.191   -18.883
78960.000   853.000   639.000   66.000   58.131   -18.858
78961.000   901.000   640.000   69.000   58.070   -18.833
78962.000   824.000   575.000   57.000   58.009   -18.808
78963.000   822.000   639.000   60.000   57.948   -18.783
78964.000   871.000   604.000   71.000   57.888   -18.759
78965.000   840.000   572.000   59.000   57.827   -18.734
78966.000   845.000   575.000   55.000   57.766   -18.710
78967.000   846.000   542.000   67.000   57.705   -18.685
78968.000   806.000   564.000   77.000   57.645   -18.661
78969.000   834.000   626.000   47.000   57.584   -18.637
78970.000   857.000   594.000   63.000   57.523   -18.612
78971.000   831.000   546.000   65.000   57.462   -18.588
78972.000   822.000   576.000   57.000   57.402   -18.564
78973.000   863.000   573.000   66.000   57.341   -18.541
78974.000   836.000   528.000   55.000   57.280   -18.517
78975.000   856.000   554.000   59.000   57.219   -18.493
78976.000   816.000   612.000   72.000   57.158   -18.470
78977.000   796.000   551.000   53.000   57.098   -18.446
78978.000   799.000   544.000   66.000   57.037   -18.423
78979.000   791.000   588.000   67.000   56.976   -18.399
78980.000   842.000   628.000   69.000   56.915   -18.376
78981.000   820.000   588.000   59.000   56.854   -18.353
78982.000   827.000   575.000   67.000   56.793   -18.330
78983.000   861.000   549.000   70.000   56.732   -18.307
78984.000   828.000   587.000   62.000   56.672   -18.284
78985.000   842.000   560.000   67.000   56.611   -18.261
78986.000   867.000   546.000   63.000   56.550   -18.239
78987.000   818.000   564.000   62.000   56.489   -18.216
78988.000   852.000   572.000   50.000   56.428   -18.194
78989.000   853.000   530.000   73.000   56.367   -18.171
78990.000   859.000   516.000   52.000   56.306   -18.149
78991.000   915.000   567.000   54.000   56.245   -18.126
78992.000   768.000   557.000   42.000   56.185   -18.104
78993.000   769.000   550.000   39.000   56.124   -18.082
78994.000   767.000   572.000   58.000   56.063   -18.060
78995.000   804.000   493.000   66.000   56.002   -18.038
78996.000   842.000   537.000   57.000   55.941   -18.016
78997.000   837.000   504.000   65.000   55.880   -17.995
78998.000   868.000   518.000   72.000   55.819   -17.973
78999.000   833.000   484.000   65.000   55.758   -17.951
79000.000   806.000   546.000   59.000   55.697   -17.930
79001.000   842.000   551.000   69.000   55.636   -17.908
79002.000   784.000   557.000   51.000   55.575   -17.887
79003.000   798.000   551.000   68.000   55.514   -17.866
79004.000   872.000   530.000   61.000   55.453   -17.844
79005.000   827.000   528.000   64.000   55.392   -17.823
79006.000   878.000   544.000   56.000   55.331   -17.802
79007.000   800.000   502.000   59.000   55.270   -17.781
79008.000   765.000   538.000   69.000   55.209   -17.760
79009.000   815.000   534.000   77.000   55.148   -17.740
79010.000   831.000   520.000   72.000   55.087   -17.719
79011.000   825.000   555.000   62.000   55.026   -17.698
79012.000   844.000   515.000   57.000   54.965   -17.678
79013.000   824.000   510.000   63.000   54.904   -17.657
79014.000   845.000   537.000   60.000   54.843   -17.637
79015.000   807.000   522.000   54.000   54.782   -17.616
79016.000   802.000   534.000   73.000   54.721   -17.596
79017.000   817.000   538.000   65.000   54.660   -17.576
79018.000   830.000   492.000   78.000   54.599   -17.555
79019.000   890.000   489.000   68.000   54.538   -17.535
79020.000   873.000   485.000   72.000   54.477   -17.515
79021.000   882.000   502.000   66.000   54.416   -17.495
79022.000   858.000   472.000   52.000   54.354   -17.476
79023.000   817.000   434.000   80.000   54.293   -17.456
79024.000   829.000   471.000   63.000   54.232   -17.436
79025.000   831.000   471.000   57.000   54.171   -17.416
79026.000   792.000   465.000   58.000   54.110   -17.397
79027.000   809.000   448.000   38.000   54.049   -17.377
79028.000   835.000   475.000   75.000   53.988   -17.358
79029.000   812.000   440.000   65.000   53.927   -17.338
79030.000   791.000   460.000   66.000   53.866   -17.319
79031.000   857.000   426.000   62.000   53.804   -17.300
79032.000   844.000   448.000   64.000   53.743   -17.281
79033.000   779.000   411.000   93.000   53.682   -17.262
79034.000   813.000   441.000   70.000   53.621   -17.243
79035.000   811.000   470.000   65.000   53.560   -17.224
79036.000   815.000   466.000   58.000   53.499   -17.205
79037.000   793.000   439.000   59.000   53.438   -17.186
79038.000   778.000   496.000   68.000   53.376   -17.167
79039.000   827.000   440.000   71.000   53.315   -17.148
79040.000   798.000   480.000   68.000   53.254   -17.130
79041.000   748.000   455.000   93.000   53.193   -17.111
79042.000   801.000   454.000   53.000   53.132   -17.093
79043.000   749.000   454.000   38.000   53.071   -17.074
79044.000   724.000   442.000   66.000   53.009   -17.056
79045.000   798.000   498.000   62.000   52.948   -17.038
79046.000   770.000   441.000   47.000   52.887   -17.019
79047.000   792.000   444.000   70.000   52.826   -17.001
79048.000   780.000   456.000   70.000   52.765   -16.983
79049.000   783.000   449.000   61.000   52.703   -16.965
79050.000   767.000   462.000   57.000   52.642   -16.947
79051.000   766.000   465.000   33.000   52.581   -16.929
79052.000   778.000   454.000   60.000   52.520   -16.911
79053.000   750.000   443.000   69.000   52.458   -16.893
79054.000   758.000   459.000   55.000   52.397   -16.876
79055.000   827.000   436.000   67.000   52.336   -16.858
79056.000   830.000   464.000   72.000   52.275   -16.840
79057.000   814.000   439.000   91.000   52.213   -16.823
79058.000   809.000   459.000   71.000   52.152   -16.805
79059.000   809.000   451.000   38.000   52.091   -16.788
79060.000   829.000   446.000   66.000   52.030   -16.770
79061.000   803.000   420.000   65.000   51.968   -16.753
79062.000   800.000   479.000   72.000   51.907   -16.736
79063.000   807.000   413.000   67.000   51.846   -16.718
79064.000   767.000   464.000   65.000   51.785   -16.701
79065.000   731.000   414.000   125.000   51.723   -16.684
79066.000   794.000   461.000   67.000   51.662   -16.667
79067.000   722.000   463.000   66.000   51.601   -16.650
79068.000   806.000   451.000   45.000   51.539   -16.633
79069.000   815.000   437.000   60.000   51.478   -16.616
79070.000   758.000   466.000   70.000   51.417   -16.599
79071.000   773.000   475.000   72.000   51.355   -16.583
79072.000   812.000   476.000   58.000   51.294   -16.566
79073.000   813.000   464.000   91.000   51.233   -16.549
79074.000   763.000   457.000   66.000   51.171   -16.533
79075.000   801.000   464.000   39.000   51.110   -16.516
79076.000   769.000   446.000   60.000   51.049   -16.500
79077.000   805.000   505.000   60.000   50.987   -16.483
79078.000   805.000   455.000   66.000   50.926   -16.467
79079.000   785.000   461.000   50.000   50.865   -16.451
79080.000   776.000   432.000   49.000   50.803   -16.434
79081.000   800.000   511.000   64.000   50.742   -16.418
79082.000   747.000   459.000   53.000   50.681   -16.402
79083.000   784.000   430.000   61.000   50.619   -16.386
79084.000   778.000   465.000   65.000   50.558   -16.370
79085.000   787.000   438.000   85.000   50.497   -16.354
79086.000   798.000   451.000   57.000   50.435   -16.338
79087.000   788.000   475.000   86.000   50.374   -16.322
79088.000   781.000   469.000   62.000   50.313   -16.306
79089.000   796.000   479.000   61.000   50.251   -16.290
79090.000   781.000   653.000   55.000   50.190   -16.275
79091.000   789.000   628.000   73.000   50.128   -16.259
79092.000   756.000   597.000   62.000   50.067   -16.243
79093.000   755.000   521.000   81.000   50.006   -16.228
79094.000   735.000   494.000   63.000   49.944   -16.212
79095.000   767.000   523.000   81.000   49.883   -16.197
79096.000   722.000   503.000   78.000   49.821   -16.181
79097.000   708.000   530.000   67.000   49.760   -16.166
79098.000   781.000   566.000   62.000   49.698   -16.150
79099.000   701.000   520.000   69.000   49.637   -16.135
79100.000   688.000   638.000   51.000   49.576   -16.120
79101.000   714.000   683.000   117.000   49.514   -16.105
79102.000   748.000   626.000   60.000   49.453   -16.089
79103.000   727.000   589.000   82.000   49.391   -16.074
79104.000   746.000   528.000   63.000   49.330   -16.059
79105.000   720.000   565.000   58.000   49.268   -16.044
79106.000   697.000   520.000   62.000   49.207   -16.029
79107.000   709.000   539.000   76.000   49.146   -16.014
79108.000   676.000   583.000   62.000   49.084   -16.000
79109.000   765.000   573.000   117.000   49.023   -15.985
79110.000   684.000   594.000   53.000   48.961   -15.970
79111.000   750.000   634.000   86.000   48.900   -15.955
79112.000   698.000   567.000   75.000   48.838   -15.941
79113.000   670.000   601.000   68.000   48.777   -15.926
79114.000   781.000   662.000   73.000   48.715   -15.911
79115.000   660.000   691.000   62.000   48.654   -15.897
79116.000   738.000   561.000   57.000   48.592   -15.882
79117.000   687.000   538.000   81.000   48.531   -15.868
79118.000   740.000   527.000   64.000   48.469   -15.853
79119.000   701.000   495.000   83.000   48.408   -15.839
79120.000   722.000   542.000   75.000   48.346   -15.825
79121.000   710.000   524.000   68.000   48.285   -15.811
79122.000   737.000   532.000   52.000   48.223   -15.796
79123.000   680.000   496.000   50.000   48.162   -15.782
79124.000   731.000   553.000   60.000   48.100   -15.768
79125.000   759.000   528.000   85.000   48.039   -15.754
79126.000   650.000   600.000   60.000   47.977   -15.740
79127.000   723.000   553.000   55.000   47.916   -15.726
79128.000   686.000   540.000   68.000   47.854   -15.712
79129.000   755.000   549.000   77.000   47.793   -15.698
79130.000   747.000   560.000   57.000   47.731   -15.684
79131.000   685.000   540.000   69.000   47.670   -15.670
79132.000   727.000   471.000   81.000   47.608   -15.656
79133.000   776.000   472.000   85.000   47.546   -15.643
79134.000   672.000   481.000   67.000   47.485   -15.629
79135.000   761.000   487.000   85.000   47.423   -15.615
79136.000   657.000   462.000   74.000   47.362   -15.602
79137.000   686.000   488.000   70.000   47.300   -15.588
79138.000   706.000   489.000   65.000   47.239   -15.575
79139.000   702.000   515.000   73.000   47.177   -15.561
79140.000   701.000   459.000   70.000   47.116   -15.548
79141.000   722.000   491.000   77.000   47.054   -15.534
79142.000   739.000   468.000   65.000   46.992   -15.521
79143.000   691.000   512.000   66.000   46.931   -15.507
79144.000   717.000   484.000   52.000   46.869   -15.494
79145.000   733.000   472.000   57.000   46.808   -15.481
79146.000   697.000   466.000   69.000   46.746   -15.468
79147.000   687.000   482.000   72.000   46.685   -15.454
79148.000   737.000   479.000   70.000   46.623   -15.441
79149.000   727.000   457.000   62.000   46.561   -15.428
79150.000   730.000   436.000   64.000   46.500   -15.415
79151.000   710.000   493.000   51.000   46.438   -15.402
79152.000   754.000   474.000   68.000   46.377   -15.389
79153.000   695.000   500.000   77.000   46.315   -15.376
79154.000   653.000   433.000   72.000   46.253   -15.363
79155.000   668.000   488.000   75.000   46.192   -15.350
79156.000   643.000   500.000   69.000   46.130   -15.338
79157.000   651.000   448.000   65.000   46.068   -15.325
79158.000   640.000   468.000   52.000   46.007   -15.312
79159.000   656.000   499.000   79.000   45.945   -15.299
79160.000   706.000   482.000   59.000   45.884   -15.287
79161.000   802.000   469.000   75.000   45.822   -15.274
79162.000   725.000   472.000   66.000   45.760   -15.261
79163.000   748.000   473.000   72.000   45.699   -15.249
79164.000   741.000   469.000   60.000   45.637   -15.236
79165.000   717.000   460.000   65.000   45.575   -15.224
79166.000   708.000   433.000   55.000   45.514   -15.211
79167.000   756.000   522.000   72.000   45.452   -15.199
79168.000   784.000   476.000   76.000   45.390   -15.186
79169.000   785.000   438.000   73.000   45.329   -15.174
79170.000   776.000   452.000   70.000   45.267   -15.162
79171.000   775.000   504.000   61.000   45.205   -15.150
79172.000   733.000   498.000   73.000   45.144   -15.137
79173.000   790.000   455.000   56.000   45.082   -15.125
79174.000   781.000   451.000   96.000   45.020   -15.113
79175.000   749.000   482.000   75.000   44.959   -15.101
79176.000   778.000   443.000   68.000   44.897   -15.089
79177.000   885.000   484.000   77.000   44.835   -15.077
79178.000   835.000   493.000   81.000   44.774   -15.065
79179.000   920.000   425.000   59.000   44.712   -15.053
79180.000   940.000   501.000   66.000   44.650   -15.041
79181.000   891.000   448.000   51.000   44.589   -15.029
79182.000   903.000   475.000   56.000   44.527   -15.017
79183.000   865.000   448.000   67.000   44.465   -15.005
79184.000   967.000   453.000   62.000   44.404   -14.993
79185.000   889.000   435.000   77.000   44.342   -14.981
79186.000   882.000   460.000   63.000   44.280   -14.969
79187.000   825.000   448.000   59.000   44.219   -14.958
79188.000   866.000   436.000   69.000   44.157   -14.946
79189.000   880.000   455.000   65.000   44.095   -14.934
79190.000   963.000   445.000   56.000   44.033   -14.923
79191.000   858.000   463.000   69.000   43.972   -14.911
79192.000   777.000   439.000   57.000   43.910   -14.900
79193.000   763.000   478.000   73.000   43.848   -14.888
79194.000   778.000   481.000   62.000   43.786   -14.877
79195.000   774.000   482.000   60.000   43.725   -14.865
79196.000   792.000   470.000   55.000   43.663   -14.854
79197.000   862.000   509.000   79.000   43.601   -14.842
79198.000   883.000   452.000   72.000   43.540   -14.831
79199.000   764.000   463.000   62.000   43.478   -14.820
79200.000   702.000   17251.000   70.000   43.416   -14.808
79201.000   831.000   21840.000   70.000   43.354   -14.797
79202.000   919.000   4237.000   63.000   43.293   -14.786
79203.000   902.000   46519.000   66.000   43.231   -14.774
79204.000   845.000   508.000   62.000   43.169   -14.763
79205.000   698.000   503.000   66.000   43.107   -14.752
79206.000   667.000   524.000   81.000   43.046   -14.741
79207.000   747.000   528.000   72.000   42.984   -14.730
79208.000   746.000   545.000   69.000   42.922   -14.719
79209.000   866.000   502.000   68.000   42.860   -14.708
79210.000   935.000   522.000   70.000   42.799   -14.697
79211.000   915.000   519.000   73.000   42.737   -14.686
79212.000   893.000   513.000   63.000   42.675   -14.675
79213.000   765.000   536.000   66.000   42.613   -14.664
79214.000   763.000   545.000   65.000   42.551   -14.653
79215.000   730.000   532.000   57.000   42.490   -14.642
79216.000   769.000   530.000   72.000   42.428   -14.631
79217.000   778.000   580.000   64.000   42.366   -14.621
79218.000   781.000   499.000   71.000   42.304   -14.610
79219.000   786.000   559.000   82.000   42.243   -14.599
79220.000   897.000   540.000   66.000   42.181   -14.588
79221.000   978.000   551.000   80.000   42.119   -14.578
79222.000   893.000   475.000   60.000   42.057   -14.567
79223.000   752.000   537.000   78.000   41.995   -14.557
79224.000   715.000   543.000   55.000   41.934   -14.546
79225.000   743.000   559.000   85.000   41.872   -14.535
79226.000   724.000   525.000   69.000   41.810   -14.525
79227.000   717.000   530.000   60.000   41.748   -14.514
79228.000   788.000   555.000   60.000   41.686   -14.504
79229.000   706.000   516.000   73.000   41.625   -14.493
79230.000   758.000   540.000   52.000   41.563   -14.483
79231.000   862.000   516.000   59.000   41.501   -14.473
79232.000   786.000   519.000   59.000   41.439   -14.462
79233.000   811.000   552.000   78.000   41.377   -14.452
79234.000   861.000   508.000   66.000   41.315   -14.442
79235.000   849.000   531.000   74.000   41.254   -14.431
79236.000   769.000   491.000   80.000   41.192   -14.421
79237.000   682.000   497.000   77.000   41.130   -14.411
79238.000   646.000   501.000   63.000   41.068   -14.401
79239.000   711.000   494.000   67.000   41.006   -14.390
79240.000   722.000   477.000   79.000   40.944   -14.380
79241.000   715.000   545.000   73.000   40.883   -14.370
79242.000   713.000   491.000   68.000   40.821   -14.360
79243.000   663.000   493.000   78.000   40.759   -14.350
79244.000   683.000   525.000   67.000   40.697   -14.340
79245.000   678.000   483.000   73.000   40.635   -14.330
79246.000   715.000   495.000   83.000   40.573   -14.320
79247.000   700.000   492.000   55.000   40.511   -14.310
79248.000   694.000   509.000   57.000   40.450   -14.300
79249.000   664.000   493.000   60.000   40.388   -14.290
79250.000   741.000   497.000   56.000   40.326   -14.280
79251.000   740.000   524.000   63.000   40.264   -14.270
79252.000   667.000   505.000   79.000   40.202   -14.261
79253.000   678.000   494.000   74.000   40.140   -14.251
79254.000   643.000   443.000   66.000   40.078   -14.241
79255.000   659.000   494.000   72.000   40.017   -14.231
79256.000   638.000   465.000   68.000   39.955   -14.221
79257.000   658.000   594.000   65.000   39.893   -14.212
79258.000   623.000   472.000   43.000   39.831   -14.202
79259.000   665.000   477.000   50.000   39.769   -14.192
79260.000   669.000   482.000   40.000   39.707   -14.183
79261.000   603.000   422.000   56.000   39.645   -14.173
79262.000   678.000   454.000   49.000   39.583   -14.164
79263.000   632.000   459.000   44.000   39.522   -14.154
79264.000   17473.000   458.000   42.000   39.460   -14.145
79265.000   22107.000   507.000   51.000   39.398   -14.135
79266.000   2336.000   464.000   43.000   39.336   -14.126
79267.000   23748.000   431.000   54.000   39.274   -14.116
79268.000   727.000   400.000   47.000   39.212   -14.107
79269.000   693.000   508.000   45.000   39.150   -14.097
79270.000   729.000   422.000   53.000   39.088   -14.088
79271.000   799.000   439.000   44.000   39.026   -14.078
79272.000   686.000   424.000   45.000   38.964   -14.069
79273.000   687.000   445.000   39.000   38.903   -14.060
79274.000   755.000   431.000   39.000   38.841   -14.050
79275.000   716.000   438.000   55.000   38.779   -14.041
79276.000   685.000   413.000   35.000   38.717   -14.032
79277.000   715.000   501.000   35.000   38.655   -14.023
79278.000   688.000   435.000   34.000   38.593   -14.014
79279.000   684.000   404.000   40.000   38.531   -14.004
79280.000   626.000   401.000   48.000   38.469   -13.995
79281.000   699.000   452.000   71.000   38.407   -13.986
79282.000   650.000   456.000   33.000   38.345   -13.977
79283.000   619.000   430.000   55.000   38.283   -13.968
79284.000   663.000   453.000   47.000   38.221   -13.959
79285.000   671.000   409.000   36.000   38.159   -13.950
79286.000   715.000   426.000   41.000   38.098   -13.941
79287.000   669.000   461.000   49.000   38.036   -13.932
79288.000   694.000   438.000   49.000   37.974   -13.923
79289.000   700.000   412.000   101.000   37.912   -13.914
79290.000   676.000   422.000   64.000   37.850   -13.905
79291.000   708.000   392.000   54.000   37.788   -13.896
79292.000   696.000   466.000   49.000   37.726   -13.887
79293.000   658.000   401.000   48.000   37.664   -13.878
79294.000   663.000   452.000   41.000   37.602   -13.869
79295.000   726.000   484.000   36.000   37.540   -13.861
79296.000   645.000   455.000   42.000   37.478   -13.852
79297.000   743.000   466.000   97.000   37.416   -13.843
79298.000   673.000   432.000   68.000   37.354   -13.834
79299.000   692.000   456.000   53.000   37.292   -13.825
79300.000   669.000   482.000   58.000   37.230   -13.817
79301.000   708.000   528.000   53.000   37.168   -13.808
79302.000   711.000   438.000   47.000   37.106   -13.799
79303.000   677.000   468.000   34.000   37.044   -13.791
79304.000   652.000   408.000   40.000   36.982   -13.782
79305.000   718.000   425.000   103.000   36.920   -13.773
79306.000   680.000   457.000   50.000   36.858   -13.765
79307.000   673.000   456.000   49.000   36.796   -13.756
79308.000   638.000   478.000   50.000   36.734   -13.748
79309.000   728.000   475.000   43.000   36.673   -13.739
79310.000   673.000   437.000   51.000   36.611   -13.731
79311.000   700.000   432.000   41.000   36.549   -13.722
79312.000   697.000   458.000   43.000   36.487   -13.714
79313.000   623.000   389.000   97.000   36.425   -13.705
79314.000   670.000   480.000   38.000   36.363   -13.697
79315.000   682.000   450.000   52.000   36.301   -13.688
79316.000   699.000   422.000   37.000   36.239   -13.680
79317.000   649.000   551.000   55.000   36.177   -13.672
79318.000   699.000   426.000   35.000   36.115   -13.663
79319.000   693.000   431.000   39.000   36.053   -13.655
79320.000   670.000   414.000   58.000   35.991   -13.647
79321.000   656.000   476.000   44.000   35.929   -13.638
79322.000   619.000   742.000   38.000   35.867   -13.630
79323.000   648.000   757.000   50.000   35.805   -13.622
79324.000   688.000   788.000   39.000   35.743   -13.614
79325.000   641.000   761.000   34.000   35.681   -13.605
79326.000   696.000   789.000   41.000   35.619   -13.597
79327.000   674.000   745.000   46.000   35.557   -13.589
79328.000   675.000   750.000   43.000   35.495   -13.581
79329.000   761.000   795.000   57.000   35.433   -13.573
79330.000   673.000   854.000   42.000   35.371   -13.565
79331.000   700.000   824.000   43.000   35.309   -13.557
79332.000   698.000   904.000   52.000   35.247   -13.548
79333.000   671.000   979.000   40.000   35.185   -13.540
79334.000   667.000   992.000   45.000   35.122   -13.532
79335.000   645.000   1027.000   48.000   35.060   -13.524
79336.000   654.000   1014.000   52.000   34.998   -13.516
79337.000   656.000   968.000   45.000   34.936   -13.508
79338.000   669.000   930.000   56.000   34.874   -13.500
79339.000   635.000   996.000   50.000   34.812   -13.492
79340.000   654.000   1053.000   46.000   34.750   -13.484
79341.000   655.000   1149.000   34.000   34.688   -13.477
79342.000   665.000   1085.000   43.000   34.626   -13.469
79343.000   691.000   1111.000   45.000   34.564   -13.461
79344.000   644.000   1208.000   43.000   34.502   -13.453
79345.000   681.000   1328.000   31.000   34.440   -13.445
79346.000   632.000   1263.000   42.000   34.378   -13.437
79347.000   661.000   1213.000   47.000   34.316   -13.429
79348.000   668.000   1301.000   58.000   34.254   -13.422
79349.000   641.000   1275.000   41.000   34.192   -13.414
79350.000   692.000   1263.000   37.000   34.130   -13.406
79351.000   640.000   1400.000   37.000   34.068   -13.398
79352.000   663.000   1429.000   46.000   34.006   -13.391
79353.000   658.000   1518.000   44.000   33.944   -13.383
79354.000   630.000   1497.000   56.000   33.882   -13.375
79355.000   649.000   1534.000   47.000   33.820   -13.368
79356.000   645.000   1553.000   50.000   33.758   -13.360
79357.000   681.000   1584.000   34.000   33.696   -13.352
79358.000   663.000   1711.000   51.000   33.633   -13.345
79359.000   641.000   1659.000   48.000   33.571   -13.337
79360.000   674.000   1686.000   55.000   33.509   -13.329
79361.000   625.000   1730.000   33.000   33.447   -13.322
79362.000   623.000   1647.000   50.000   33.385   -13.314
79363.000   638.000   1723.000   47.000   33.323   -13.307
79364.000   636.000   1774.000   52.000   33.261   -13.299
79365.000   663.000   1806.000   40.000   33.199   -13.292
79366.000   667.000   1865.000   42.000   33.137   -13.284
79367.000   609.000   1907.000   54.000   33.075   -13.277
79368.000   613.000   2017.000   40.000   33.013   -13.269
79369.000   645.000   2060.000   49.000   32.951   -13.262
79370.000   609.000   2172.000   50.000   32.889   -13.255
79371.000   616.000   2136.000   60.000   32.827   -13.247
79372.000   677.000   2185.000   48.000   32.764   -13.240
79373.000   660.000   2176.000   35.000   32.702   -13.232
79374.000   679.000   2241.000   48.000   32.640   -13.225
79375.000   632.000   2350.000   48.000   32.578   -13.218
79376.000   679.000   2372.000   55.000   32.516   -13.210
79377.000   629.000   2432.000   61.000   32.454   -13.203
79378.000   664.000   2444.000   160.000   32.392   -13.196
79379.000   642.000   2466.000   135.000   32.330   -13.188
79380.000   690.000   2586.000   149.000   32.268   -13.181
79381.000   660.000   2732.000   165.000   32.206   -13.174
79382.000   655.000   2774.000   144.000   32.144   -13.167
79383.000   628.000   2900.000   174.000   32.081   -13.160
79384.000   671.000   17288.000   135.000   32.019   -13.152
79385.000   633.000   21902.000   239.000   31.957   -13.145
79386.000   667.000   2918.000   155.000   31.895   -13.138
79387.000   638.000   23529.000   130.000   31.833   -13.131
79388.000   644.000   625.000   163.000   31.771   -13.124
79389.000   721.000   669.000   164.000   31.709   -13.117
79390.000   651.000   579.000   155.000   31.647   -13.109
79391.000   630.000   623.000   143.000   31.585   -13.102
79392.000   651.000   576.000   164.000   31.522   -13.095
79393.000   596.000   572.000   155.000   31.460   -13.088
79394.000   625.000   585.000   152.000   31.398   -13.081
79395.000   585.000   584.000   144.000   31.336   -13.074
79396.000   615.000   603.000   172.000   31.274   -13.067
79397.000   648.000   578.000   139.000   31.212   -13.060
79398.000   593.000   558.000   176.000   31.150   -13.053
79399.000   610.000   577.000   126.000   31.088   -13.046
79400.000   636.000   544.000   149.000   31.026   -13.039
79401.000   707.000   578.000   253.000   30.963   -13.032
79402.000   617.000   535.000   146.000   30.901   -13.025
79403.000   565.000   574.000   183.000   30.839   -13.018
79404.000   632.000   587.000   142.000   30.777   -13.012
79405.000   616.000   566.000   174.000   30.715   -13.005
79406.000   651.000   570.000   145.000   30.653   -12.998
79407.000   616.000   527.000   141.000   30.591   -12.991
79408.000   667.000   539.000   151.000   30.529   -12.984
79409.000   591.000   597.000   187.000   30.466   -12.977
79410.000   678.000   559.000   173.000   30.404   -12.970
79411.000   610.000   557.000   145.000   30.342   -12.964
79412.000   622.000   539.000   158.000   30.280   -12.957
79413.000   576.000   572.000   172.000   30.218   -12.950
79414.000   666.000   545.000   142.000   30.156   -12.943
79415.000   608.000   513.000   166.000   30.094   -12.937
79416.000   667.000   517.000   155.000   30.031   -12.930
79417.000   681.000   495.000   251.000   29.969   -12.923
79418.000   598.000   551.000   132.000   29.907   -12.916
79419.000   584.000   569.000   183.000   29.845   -12.910
79420.000   654.000   495.000   145.000   29.783   -12.903
79421.000   605.000   536.000   155.000   29.721   -12.896
79422.000   621.000   529.000   154.000   29.659   -12.890
79423.000   597.000   515.000   165.000   29.596   -12.883
79424.000   628.000   541.000   167.000   29.534   -12.876
79425.000   685.000   537.000   155.000   29.472   -12.870
79426.000   607.000   537.000   184.000   29.410   -12.863
79427.000   590.000   512.000   148.000   29.348   -12.857
79428.000   575.000   503.000   149.000   29.286   -12.850
79429.000   636.000   448.000   158.000   29.223   -12.843
79430.000   644.000   519.000   171.000   29.161   -12.837
79431.000   622.000   510.000   171.000   29.099   -12.830
79432.000   608.000   522.000   163.000   29.037   -12.824
79433.000   634.000   477.000   191.000   28.975   -12.817
79434.000   624.000   477.000   163.000   28.913   -12.811
79435.000   628.000   508.000   146.000   28.850   -12.804
79436.000   615.000   496.000   150.000   28.788   -12.798
79437.000   714.000   473.000   147.000   28.726   -12.791
79438.000   622.000   492.000   165.000   28.664   -12.785
79439.000   548.000   493.000   144.000   28.602   -12.779
79921.000   853.000   639.000   66.000   -1.439   -10.504
79922.000   901.000   640.000   69.000   -1.501   -10.500
79923.000   824.000   575.000   57.000   -1.564   -10.496
79924.000   822.000   639.000   60.000   -1.626   -10.492
79925.000   871.000   604.000   71.000   -1.688   -10.488
79926.000   840.000   572.000   59.000   -1.751   -10.484
79927.000   845.000   575.000   55.000   -1.813   -10.480
79928.000   846.000   542.000   67.000   -1.875   -10.476
79929.000   806.000   564.000   77.000   -1.938   -10.472
79930.000   834.000   626.000   47.000   -2.000   -10.468
79931.000   857.000   594.000   63.000   -2.062   -10.464
79932.000   831.000   546.000   65.000   -2.125   -10.460
79933.000   822.000   576.000   57.000   -2.187   -10.456
79934.000   863.000   573.000   66.000   -2.250   -10.452
79935.000   836.000   528.000   55.000   -2.312   -10.448
79936.000   856.000   554.000   59.000   -2.374   -10.444
79937.000   816.000   612.000   72.000   -2.437   -10.440
79938.000   796.000   551.000   53.000   -2.499   -10.436
79939.000   799.000   544.000   66.000   -2.561   -10.432
79940.000   791.000   588.000   67.000   -2.624   -10.428
79941.000   842.000   628.000   69.000   -2.686   -10.423
79942.000   820.000   588.000   59.000   -2.748   -10.419
79943.000   827.000   575.000   67.000   -2.811   -10.415
79944.000   861.000   549.000   70.000   -2.873   -10.411
79945.000   828.000   587.000   62.000   -2.935   -10.407
79946.000   842.000   560.000   67.000   -2.998   -10.403
79947.000   867.000   546.000   63.000   -3.060   -10.399
79948.000   818.000   564.000   62.000   -3.122   -10.395
79949.000   852.000   572.000   50.000   -3.185   -10.391
79950.000   853.000   530.000   73.000   -3.247   -10.387
79951.000   859.000   516.000   52.000   -3.309   -10.383
79952.000   915.000   567.000   54.000   -3.372   -10.379
79953.000   768.000   557.000   42.000   -3.434   -10.375
79954.000   769.000   550.000   39.000   -3.496   -10.371
79955.000   767.000   572.000   58.000   -3.559   -10.367
79956.000   804.000   493.000   66.000   -3.621   -10.363
79957.000   842.000   537.000   57.000   -3.683   -10.359
79958.000   837.000   504.000   65.000   -3.746   -10.355
79959.000   868.000   518.000   72.000   -3.808   -10.351
79960.000   833.000   484.000   65.000   -3.870   -10.347
79961.000   806.000   546.000   59.000   -3.933   -10.343
79962.000   842.000   551.000   69.000   -3.995   -10.339
79963.000   784.000   557.000   51.000   -4.057   -10.335
79964.000   798.000   551.000   68.000   -4.120   -10.331
79965.000   872.000   530.000   61.000   -4.182   -10.327
79966.000   827.000   528.000   64.000   -4.244   -10.323
79967.000   878.000   544.000   56.000   -4.307   -10.319
79968.000   800.000   502.000   59.000   -4.369   -10.315
79969.000   765.000   538.000   69.000   -4.431   -10.311
79970.000   815.000   534.000   77.000   -4.494   -10.307
79971.000   831.000   520.000   72.000   -4.556   -10.303
79972.000   825.000   555.000   62.000   -4.618   -10.299
79973.000   844.000   515.000   57.000   -4.681   -10.295
79974.000   824.000   510.000   63.000   -4.743   -10.290
79975.000   845.000   537.000   60.000   -4.805   -10.286
79976.000   807.000   522.000   54.000   -4.868   -10.282
79977.000   802.000   534.000   73.000   -4.930   -10.278
79978.000   817.000   538.000   65.000   -4.992   -10.274
79979.000   830.000   492.000   78.000   -5.055   -10.270
79980.000   890.000   489.000   68.000   -5.117   -10.266
79981.000   873.000   485.000   72.000   -5.179   -10.262
79982.000   882.000   502.000   66.000   -5.242   -10.258
79983.000   858.000   472.000   52.000   -5.304   -10.254
79984.000   817.000   434.000   80.000   -5.366   -10.250
79985.000   829.000   471.000   63.000   -5.429   -10.246
79986.000   831.000   471.000   57.000   -5.491   -10.242
79987.000   792.000   465.000   58.000   -5.553   -10.238
79988.000   809.000   448.000   38.000   -5.616   -10.234
79989.000   835.000   475.000   75.000   -5.678   -10.230
79990.000   812.000   440.000   65.000   -5.740   -10.225
79991.000   791.000   460.000   66.000   -5.803   -10.221
79992.000   857.000   426.000   62.000   -5.865   -10.217
79993.000   844.000   448.000   64.000   -5.927   -10.213
79994.000   779.000   411.000   93.000   -5.990   -10.209
79995.000   813.000   441.000   70.000   -6.052   -10.205
79996.000   811.000   470.000   65.000   -6.114   -10.201
79997.000   815.000   466.000   58.000   -6.177   -10.197
79998.000   793.000   439.000   59.000   -6.239   -10.193
79999.000   778.000   496.000   68.000   -6.301   -10.189
80000.000   827.000   440.000   71.000   -6.363   -10.185
80001.000   798.000   480.000   68.000   -6.426   -10.181
80002.000   748.000   455.000   93.000   -6.488   -10.176
80003.000   801.000   454.000   53.000   -6.550   -10.172
80004.000   749.000   454.000   38.000   -6.613   -10.168
80005.000   724.000   442.000   66.000   -6.675   -10.164
80006.000   798.000   498.000   62.000   -6.737   -10.160
80007.000   770.000   441.000   47.000   -6.800   -10.156
80008.000   792.000   444.000   70.000   -6.862   -10.152
80009.000   780.000   456.000   70.000   -6.924   -10.148
80010.000   783.000   449.000   61.000   -6.987   -10.144
80011.000   767.000   462.000   57.000   -7.049   -10.139
80012.000   766.000   465.000   33.000   -7.111   -10.135
80013.000   778.000   454.000   60.000   -7.174   -10.131
80014.000   750.000   443.000   69.000   -7.236   -10.127
80015.000   758.000   459.000   55.000   -7.298   -10.123
80016.000   827.000   436.000   67.000   -7.360   -10.119
80017.000   830.000   464.000   72.000   -7.423   -10.115
80018.000   814.000   439.000   91.000   -7.485   -10.111
80019.000   809.000   459.000   71.000   -7.547   -10.106
80020.000   809.000   451.000   38.000   -7.610   -10.102
80021.000   829.000   446.000   66.000   -7.672   -10.098
80022.000   803.000   420.000   65.000   -7.734   -10.094
80023.000   800.000   479.000   72.000   -7.797   -10.090
80024.000   807.000   413.000   67.000   -7.859   -10.086
80025.000   767.000   464.000   65.000   -7.921   -10.082
80026.000   731.000   414.000   125.000   -7.983   -10.077
80027.000   794.000   461.000   67.000   -8.046   -10.073
80028.000   722.000   463.000   66.000   -8.108   -10.069
80029.000   806.000   451.000   45.000   -8.170   -10.065
80030.000   815.000   437.000   60.000   -8.233   -10.061
80031.000   758.000   466.000   70.000   -8.295   -10.057
80032.000   773.000   475.000   72.000   -8.357   -10.052
80033.000   812.000   476.000   58.000   -8.420   -10.048
80034.000   813.000   464.000   91.000   -8.482   -10.044
80035.000   763.000   457.000   66.000   -8.544   -10.040
80036.000   801.000   464.000   39.000   -8.606   -10.036
80037.000   769.000   446.000   60.000   -8.669   -10.032
80038.000   805.000   505.000   60.000   -8.731   -10.027
80039.000   805.000   455.000   66.000   -8.793   -10.023
80040.000   785.000   461.000   50.000   -8.856   -10.019
80041.000   776.000   432.000   49.000   -8.918   -10.015
80042.000   800.000   511.000   64.000   -8.980   -10.011
80043.000   747.000   459.000   53.000   -9.042   -10.006
80044.000   784.000   430.000   61.000   -9.105   -10.002
80045.000   778.000   465.000   65.000   -9.167   -9.998
80046.000   787.000   438.000   85.000   -9.229   -9.994
80047.000   798.000   451.000   57.000   -9.292   -9.990
80048.000   788.000   475.000   86.000   -9.354   -9.985
80049.000   781.000   469.000   62.000   -9.416   -9.981
80050.000   796.000   479.000   61.000   -9.478   -9.977
80051.000   781.000   653.000   55.000   -9.541   -9.973
80052.000   789.000   628.000   73.000   -9.603   -9.969
80053.000   756.000   597.000   62.000   -9.665   -9.964
80054.000   755.000   521.000   81.000   -9.728   -9.960
80055.000   735.000   494.000   63.000   -9.790   -9.956
80056.000   767.000   523.000   81.000   -9.852   -9.952
80057.000   722.000   503.000   78.000   -9.914   -9.947
80058.000   708.000   530.000   67.000   -9.977   -9.943
80059.000   781.000   566.000   62.000   -10.039   -9.939
80060.000   701.000   520.000   69.000   -10.101   -9.935
80061.000   688.000   638.000   51.000   -10.163   -9.930
80062.000   714.000   683.000   117.000   -10.226   -9.926
80063.000   748.000   626.000   60.000   -10.288   -9.922
80064.000   727.000   589.000   82.000   -10.350   -9.918
80065.000   746.000   528.000   63.000   -10.413   -9.913
80066.000   720.000   565.000   58.000   -10.475   -9.909
80067.000   697.000   520.000   62.000   -10.537   -9.905
80068.000   709.000   539.000   76.000   -10.599   -9.901
80069.000   676.000   583.000   62.000   -10.662   -9.896
80070.000   765.000   573.000   117.000   -10.724   -9.892
80071.000   684.000   594.000   53.000   -10.786   -9.888
80072.000   750.000   634.000   86.000   -10.848   -9.883
80073.000   698.000   567.000   75.000   -10.911   -9.879
80074.000   670.000   601.000   68.000   -10.973   -9.875
80075.000   781.000   662.000   73.000   -11.035   -9.871
80076.000   660.000   691.000   62.000   -11.098   -9.866
80077.000   738.000   561.000   57.000   -11.160   -9.862
80078.000   687.000   538.000   81.000   -11.222   -9.858
80079.000   740.000   527.000   64.000   -11.284   -9.853
80080.000   701.000   495.000   83.000   -11.347   -9.849
80081.000   722.000   542.000   75.000   -11.409   -9.845
80082.000   710.000   524.000   68.000   -11.471   -9.840
80083.000   737.000   532.000   52.000   -11.533   -9.836
80084.000   680.000   496.000   50.000   -11.596   -9.832
80085.000   731.000   553.000   60.000   -11.658   -9.827
80086.000   759.000   528.000   85.000   -11.720   -9.823
80087.000   650.000   600.000   60.000   -11.782   -9.819
80088.000   723.000   553.000   55.000   -11.845   -9.814
80089.000   686.000   540.000   68.000   -11.907   -9.810
80090.000   755.000   549.000   77.000   -11.969   -9.806
80091.000   747.000   560.000   57.000   -12.031   -9.801
80092.000   685.000   540.000   69.000   -12.094   -9.797
80093.000   727.000   471.000   81.000   -12.156   -9.793
80094.000   776.000   472.000   85.000   -12.218   -9.788
80095.000   672.000   481.000   67.000   -12.280   -9.784
80096.000   761.000   487.000   85.000   -12.343   -9.779
80097.000   657.000   462.000   74.000   -12.405   -9.775
80098.000   686.000   488.000   70.000   -12.467   -9.771
80099.000   706.000   489.000   65.000   -12.529   -9.766
80100.000   702.000   515.000   73.000   -12.592   -9.762
80101.000   701.000   459.000   70.000   -12.654   -9.758
80102.000   722.000   491.000   77.000   -12.716   -9.753
80103.000   739.000   468.000   65.000   -12.778   -9.749
80104.000   691.000   512.000   66.000   -12.840   -9.744
80105.000   717.000   484.000   52.000   -12.903   -9.740
80106.000   733.000   472.000   57.000   -12.965   -9.736
80107.000   697.000   466.000   69.000   -13.027   -9.731
80108.000   687.000   482.000   72.000   -13.089   -9.727
80109.000   737.000   479.000   70.000   -13.152   -9.722
80110.000   727.000   457.000   62.000   -13.214   -9.718
80111.000   730.000   436.000   64.000   -13.276   -9.713
80112.000   710.000   493.000   51.000   -13.338   -9.709
80113.000   754.000   474.000   68.000   -13.401   -9.704
80114.000   695.000   500.000   77.000   -13.463   -9.700
80115.000   653.000   433.000   72.000   -13.525   -9.696
80116.000   668.000   488.000   75.000   -13.587   -9.691
80117.000   643.000   500.000   69.000   -13.650   -9.687
80118.000   651.000   448.000   65.000   -13.712   -9.682
80119.000   640.000   468.000   52.000   -13.774   -9.678
80120.000   656.000   499.000   79.000   -13.836   -9.673
80121.000   706.000   482.000   59.000   -13.898   -9.669
80122.000   802.000   469.000   75.000   -13.961   -9.664
80123.000   725.000   472.000   66.000   -14.023   -9.660
80124.000   748.000   473.000   72.000   -14.085   -9.655
80125.000   741.000   469.000   60.000   -14.147   -9.651
80126.000   717.000   460.000   65.000   -14.209   -9.646
80127.000   708.000   433.000   55.000   -14.272   -9.642
80128.000   756.000   522.000   72.000   -14.334   -9.637
80129.000   784.000   476.000   76.000   -14.396   -9.633
80130.000   785.000   438.000   73.000   -14.458   -9.628
80131.000   776.000   452.000   70.000   -14.521   -9.624
80132.000   775.000   504.000   61.000   -14.583   -9.619
80133.000   733.000   498.000   73.000   -14.645   -9.615
80134.000   790.000   455.000   56.000   -14.707   -9.610
80135.000   781.000   451.000   96.000   -14.769   -9.605
80136.000   749.000   482.000   75.000   -14.832   -9.601
80137.000   778.000   443.000   68.000   -14.894   -9.596
80138.000   885.000   484.000   77.000   -14.956   -9.592
80139.000   835.000   493.000   81.000   -15.018   -9.587
80140.000   920.000   425.000   59.000   -15.080   -9.583
80141.000   940.000   501.000   66.000   -15.143   -9.578
80142.000   891.000   448.000   51.000   -15.205   -9.574
80143.000   903.000   475.000   56.000   -15.267   -9.569
80144.000   865.000   448.000   67.000   -15.329   -9.564
80145.000   967.000   453.000   62.000   -15.391   -9.560
80146.000   889.000   435.000   77.000   -15.454   -9.555
80147.000   882.000   460.000   63.000   -15.516   -9.551
80148.000   825.000   448.000   59.000   -15.578   -9.546
80149.000   866.000   436.000   69.000   -15.640   -9.541
80150.000   880.000   455.000   65.000   -15.702   -9.537
80151.000   963.000   445.000   56.000   -15.765   -9.532
80152.000   858.000   463.000   69.000   -15.827   -9.527
80153.000   777.000   439.000   57.000   -15.889   -9.523
80154.000   763.000   478.000   73.000   -15.951   -9.518
80155.000   778.000   481.000   62.000   -16.013   -9.513
80156.000   774.000   482.000   60.000   -16.076   -9.509
80157.000   792.000   470.000   55.000   -16.138   -9.504
80158.000   862.000   509.000   79.000   -16.200   -9.499
80159.000   883.000   452.000   72.000   -16.262   -9.495
80160.000   764.000   463.000   62.000   -16.324   -9.490
80161.000   702.000   17251.000   70.000   -16.386   -9.485
80162.000   831.000   21840.000   70.000   -16.449   -9.481
80163.000   919.000   4237.000   63.000   -16.511   -9.476
80164.000   902.000   46519.000   66.000   -16.573   -9.471
80165.000   845.000   508.000   62.000   -16.635   -9.467
80166.000   698.000   503.000   66.000   -16.697   -9.462
80167.000   667.000   524.000   81.000   -16.760   -9.457
80168.000   747.000   528.000   72.000   -16.822   -9.452
80169.000   746.000   545.000   69.000   -16.884   -9.448
80170.000   866.000   502.000   68.000   -16.946   -9.443
80171.000   935.000   522.000   70.000   -17.008   -9.438
80172.000   915.000   519.000   73.000   -17.070   -9.434
80173.000   893.000   513.000   63.000   -17.133   -9.429
80174.000   765.000   536.000   66.000   -17.195   -9.424
80175.000   763.000   545.000   65.000   -17.257   -9.419
80176.000   730.000   532.000   57.000   -17.319   -9.414
80177.000   769.000   530.000   72.000   -17.381   -9.410
80178.000   778.000   580.000   64.000   -17.443   -9.405
80179.000   781.000   499.000   71.000   -17.506   -9.400
80180.000   786.000   559.000   82.000   -17.568   -9.395
80181.000   897.000   540.000   66.000   -17.630   -9.391
80182.000   978.000   551.000   80.000   -17.692   -9.386
80183.000   893.000   475.000   60.000   -17.754   -9.381
80184.000   752.000   537.000   78.000   -17.816   -9.376
80185.000   715.000   543.000   55.000   -17.878   -9.371
80186.000   743.000   559.000   85.000   -17.941   -9.366
80187.000   724.000   525.000   69.000   -18.003   -9.362
80188.000   717.000   530.000   60.000   -18.065   -9.357
80189.000   788.000   555.000   60.000   -18.127   -9.352
80190.000   706.000   516.000   73.000   -18.189   -9.347
80191.000   758.000   540.000   52.000   -18.251   -9.342
80192.000   862.000   516.000   59.000   -18.314   -9.337
80193.000   786.000   519.000   59.000   -18.376   -9.332
80194.000   811.000   552.000   78.000   -18.438   -9.328
80195.000   861.000   508.000   66.000   -18.500   -9.323
80196.000   849.000   531.000   74.000   -18.562   -9.318
80197.000   769.000   491.000   80.000   -18.624   -9.313
80198.000   682.000   497.000   77.000   -18.686   -9.308
80199.000   646.000   501.000   63.000   -18.749   -9.303
80200.000   711.000   494.000   67.000   -18.811   -9.298
80201.000   722.000   477.000   79.000   -18.873   -9.293
80202.000   715.000   545.000   73.000   -18.935   -9.288
80203.000   713.000   491.000   68.000   -18.997   -9.283
80204.000   663.000   493.000   78.000   -19.059   -9.278
80205.000   683.000   525.000   67.000   -19.121   -9.273
80206.000   678.000   483.000   73.000   -19.183   -9.268
80207.000   715.000   495.000   83.000   -19.246   -9.263
80208.000   700.000   492.000   55.000   -19.308   -9.259
80209.000   694.000   509.000   57.000   -19.370   -9.254
80210.000   664.000   493.000   60.000   -19.432   -9.249
80211.000   741.000   497.000   56.000   -19.494   -9.244
80212.000   740.000   524.000   63.000   -19.556   -9.239
80213.000   667.000   505.000   79.000   -19.618   -9.234
80214.000   678.000   494.000   74.000   -19.680   -9.229
80215.000   643.000   443.000   66.000   -19.743   -9.223
80216.000   659.000   494.000   72.000   -19.805   -9.218
80217.000   638.000   465.000   68.000   -19.867   -9.213
80218.000   658.000   594.000   65.000   -19.929   -9.208
80219.000   623.000   472.000   43.000   -19.991   -9.203
80220.000   665.000   477.000   50.000   -20.053   -9.198
80221.000   669.000   482.000   40.000   -20.115   -9.193
80222.000   603.000   422.000   56.000   -20.177   -9.188
80223.000   678.000   454.000   49.000   -20.240   -9.183
80224.000   632.000   459.000   44.000   -20.302   -9.178
80225.000   17473.000   458.000   42.000   -20.364   -9.173
80226.000   22107.000   507.000   51.000   -20.426   -9.168
80227.000   2336.000   464.000   43.000   -20.488   -9.163
80228.000   23748.000   431.000   54.000   -20.550   -9.158
80229.000   727.000   400.000   47.000   -20.612   -9.152
80230.000   693.000   508.000   45.000   -20.674   -9.147
80231.000   729.000   422.000   53.000   -20.736   -9.142
80232.000   799.000   439.000   44.000   -20.798   -9.137
80233.000   686.000   424.000   45.000   -20.861   -9.132
80234.000   687.000   445.000   39.000   -20.923   -9.127
80235.000   755.000   431.000   39.000   -20.985   -9.122
80236.000   716.000   438.000   55.000   -21.047   -9.116
80237.000   685.000   413.000   35.000   -21.109   -9.111
80238.000   715.000   501.000   35.000   -21.171   -9.106
80239.000   688.000   435.000   34.000   -21.233   -9.101
80240.000   684.000   404.000   40.000   -21.295   -9.096
80241.000   626.000   401.000   48.000   -21.357   -9.090
80242.000   699.000   452.000   71.000   -21.419   -9.085
80243.000   650.000   456.000   33.000   -21.481   -9.080
80244.000   619.000   430.000   55.000   -21.544   -9.075
80245.000   663.000   453.000   47.000   -21.606   -9.069
80246.000   671.000   409.000   36.000   -21.668   -9.064
80247.000   715.000   426.000   41.000   -21.730   -9.059
80248.000   669.000   461.000   49.000   -21.792   -9.054
80249.000   694.000   438.000   49.000   -21.854   -9.048
80250.000   700.000   412.000   101.000   -21.916   -9.043
80251.000   676.000   422.000   64.000   -21.978   -9.038
80252.000   708.000   392.000   54.000   -22.040   -9.032
80253.000   696.000   466.000   49.000   -22.102   -9.027
80254.000   658.000   401.000   48.000   -22.164   -9.022
80255.000   663.000   452.000   41.000   -22.226   -9.016
80256.000   726.000   484.000   36.000   -22.288   -9.011
80257.000   645.000   455.000   42.000   -22.350   -9.006
80258.000   743.000   466.000   97.000   -22.413   -9.000
80259.000   673.000   432.000   68.000   -22.475   -8.995
80260.000   692.000   456.000   53.000   -22.537   -8.990
80261.000   669.000   482.000   58.000   -22.599   -8.984
80262.000   708.000   528.000   53.000   -22.661   -8.979
80263.000   711.000   438.000   47.000   -22.723   -8.973
80264.000   677.000   468.000   34.000   -22.785   -8.968
80265.000   652.000   408.000   40.000   -22.847   -8.963
80266.000   718.000   425.000   103.000   -22.909   -8.957
80267.000   680.000   457.000   50.000   -22.971   -8.952
80268.000   673.000   456.000   49.000   -23.033   -8.946
80269.000   638.000   478.000   50.000   -23.095   -8.941
80270.000   728.000   475.000   43.000   -23.157   -8.935
80271.000   673.000   437.000   51.000   -23.219   -8.930
80272.000   700.000   432.000   41.000   -23.281   -8.925
80273.000   697.000   458.000   43.000   -23.343   -8.919
80274.000   623.000   389.000   97.000   -23.405   -8.914
80275.000   670.000   480.000   38.000   -23.467   -8.908
80276.000   682.000   450.000   52.000   -23.529   -8.903
80277.000   699.000   422.000   37.000   -23.591   -8.897
80278.000   649.000   551.000   55.000   -23.654   -8.891
80279.000   699.000   426.000   35.000   -23.716   -8.886
80280.000   693.000   431.000   39.000   -23.778   -8.880
80281.000   670.000   414.000   58.000   -23.840   -8.875
80282.000   656.000   476.000   44.000   -23.902   -8.869
80283.000   619.000   742.000   38.000   -23.964   -8.864
80284.000   648.000   757.000   50.000   -24.026   -8.858
80285.000   688.000   788.000   39.000   -24.088   -8.853
80286.000   641.000   761.000   34.000   -24.150   -8.847
80287.000   696.000   789.000   41.000   -24.212   -8.841
80288.000   674.000   745.000   46.000   -24.274   -8.836
80289.000   675.000   750.000   43.000   -24.336   -8.830
80290.000   761.000   795.000   57.000   -24.398   -8.824
80291.000   673.000   854.000   42.000   -24.460   -8.819
80292.000   700.000   824.000   43.000   -24.522   -8.813
80293.000   698.000   904.000   52.000   -24.584   -8.807
80294.000   671.000   979.000   40.000   -24.646   -8.802
80295.000   667.000   992.000   45.000   -24.708   -8.796
80296.000   645.000   1027.000   48.000   -24.770   -8.790
80297.000   654.000   1014.000   52.000   -24.832   -8.785
80298.000   656.000   968.000   45.000   -24.894   -8.779
80299.000   669.000   930.000   56.000   -24.956   -8.773
80300.000   635.000   996.000   50.000   -25.018   -8.767
80301.000   654.000   1053.000   46.000   -25.080   -8.762
80302.000   655.000   1149.000   34.000   -25.142   -8.756
80303.000   665.000   1085.000   43.000   -25.204   -8.750
80304.000   691.000   1111.000   45.000   -25.266   -8.744
80305.000   644.000   1208.000   43.000   -25.328   -8.739
80306.000   681.000   1328.000   31.000   -25.390   -8.733
80307.000   632.000   1263.000   42.000   -25.452   -8.727
80308.000   661.000   1213.000   47.000   -25.514   -8.721
80309.000   668.000   1301.000   58.000   -25.576   -8.715
80310.000   641.000   1275.000   41.000   -25.638   -8.710
80311.000   692.000   1263.000   37.000   -25.700   -8.704
80312.000   640.000   1400.000   37.000   -25.762   -8.698
80313.000   663.000   1429.000   46.000   -25.824   -8.692
80314.000   658.000   1518.000   44.000   -25.886   -8.686
80315.000   630.000   1497.000   56.000   -25.948   -8.680
80316.000   649.000   1534.000   47.000   -26.010   -8.674
80317.000   645.000   1553.000   50.000   -26.072   -8.668
80318.000   681.000   1584.000   34.000   -26.134   -8.662
80319.000   663.000   1711.000   51.000   -26.196   -8.657
80320.000   641.000   1659.000   48.000   -26.258   -8.651
80321.000   674.000   1686.000   55.000   -26.320   -8.645
80322.000   625.000   1730.000   33.000   -26.382   -8.639
80323.000   623.000   1647.000   50.000   -26.444   -8.633
80324.000   638.000   1723.000   47.000   -26.506   -8.627
80325.000   636.000   1774.000   52.000   -26.568   -8.621
80326.000   663.000   1806.000   40.000   -26.629   -8.615
80327.000   667.000   1865.000   42.000   -26.691   -8.609
80328.000   609.000   1907.000   54.000   -26.753   -8.603
80329.000   613.000   2017.000   40.000   -26.815   -8.597
80330.000   645.000   2060.000   49.000   -26.877   -8.591
80331.000   609.000   2172.000   50.000   -26.939   -8.584
80332.000   616.000   2136.000   60.000   -27.001   -8.578
80333.000   677.000   2185.000   48.000   -27.063   -8.572
80334.000   660.000   2176.000   35.000   -27.125   -8.566
80335.000   679.000   2241.000   48.000   -27.187   -8.560
80336.000   632.000   2350.000   48.000   -27.249   -8.554
80337.000   679.000   2372.000   55.000   -27.311   -8.548
80338.000   629.000   2432.000   61.000   -27.373   -8.542
80339.000   664.000   2444.000   160.000   -27.435   -8.536
80340.000   642.000   2466.000   135.000   -27.497   -8.529
80341.000   690.000   2586.000   149.000   -27.559   -8.523
80342.000   660.000   2732.000   165.000   -27.621   -8.517
80343.000   655.000   2774.000   144.000   -27.683   -8.511
80344.000   628.000   2900.000   174.000   -27.745   -8.505
80345.000   671.000   17288.000   135.000   -27.806   -8.498
80346.000   633.000   21902.000   239.000   -27.868   -8.492
80347.000   667.000   2918.000   155.000   -27.930   -8.486
80348.000   638.000   23529.000   130.000   -27.992   -8.480
80349.000   644.000   625.000   163.000   -28.054   -8.473
80350.000   721.000   669.000   164.000   -28.116   -8.467
80351.000   651.000   579.000   155.000   -28.178   -8.461
80352.000   630.000   623.000   143.000   -28.240   -8.455
80353.000   651.000   576.000   164.000   -28.302   -8.448
80354.000   596.000   572.000   155.000   -28.364   -8.442
80355.000   625.000   585.000   152.000   -28.426   -8.436
80356.000   585.000   584.000   144.000   -28.488   -8.429
80357.000   615.000   603.000   172.000   -28.550   -8.423
80358.000   648.000   578.000   139.000   -28.611   -8.416
80359.000   593.000   558.000   176.000   -28.673   -8.410
80360.000   610.000   577.000   126.000   -28.735   -8.404
80361.000   636.000   544.000   149.000   -28.797   -8.397
80362.000   707.000   578.000   253.000   -28.859   -8.391
80363.000   617.000   535.000   146.000   -28.921   -8.384
80364.000   565.000   574.000   183.000   -28.983   -8.378
80365.000   632.000   587.000   142.000   -29.045   -8.371
80366.000   616.000   566.000   174.000   -29.107   -8.365
80367.000   651.000   570.000   145.000   -29.169   -8.358
80368.000   616.000   527.000   141.000   -29.230   -8.352
80369.000   667.000   539.000   151.000   -29.292   -8.345
80370.000   591.000   597.000   187.000   -29.354   -8.339
80371.000   678.000   559.000   173.000   -29.416   -8.332
80372.000   610.000   557.000   145.000   -29.478   -8.326
80373.000   622.000   539.000   158.000   -29.540   -8.319
80374.000   576.000   572.000   172.000   -29.602   -8.313
80375.000   666.000   545.000   142.000   -29.664   -8.306
80376.000   608.000   513.000   166.000   -29.726   -8.299
80377.000   667.000   517.000   155.000   -29.787   -8.293
80378.000   681.000   495.000   251.000   -29.849   -8.286
80379.000   598.000   551.000   132.000   -29.911   -8.280
80380.000   584.000   569.000   183.000   -29.973   -8.273
80381.000   654.000   495.000   145.000   -30.035   -8.266
80382.000   605.000   536.000   155.000   -30.097   -8.260
80383.000   621.000   529.000   154.000   -30.159   -8.253
80384.000   597.000   515.000   165.000   -30.221   -8.246
80385.000   628.000   541.000   167.000   -30.282   -8.239
80386.000   685.000   537.000   155.000   -30.344   -8.233
80387.000   607.000   537.000   184.000   -30.406   -8.226
80388.000   590.000   512.000   148.000   -30.468   -8.219
80389.000   575.000   503.000   149.000   -30.530   -8.212
80390.000   636.000   448.000   158.000   -30.592   -8.206
80391.000   644.000   519.000   171.000   -30.654   -8.199
80392.000   622.000   510.000   171.000   -30.715   -8.192
80393.000   608.000   522.000   163.000   -30.777   -8.185
80394.000   634.000   477.000   191.000   -30.839   -8.178
80395.000   624.000   477.000   163.000   -30.901   -8.171
80396.000   628.000   508.000   146.000   -30.963   -8.164
80397.000   615.000   496.000   150.000   -31.025   -8.158
80398.000   714.000   473.000   147.000   -31.086   -8.151
80399.000   622.000   492.000   165.000   -31.148   -8.144
80400.000   548.000   493.000   144.000   -31.210   -8.137
