Time range: [ 00:00:00.000  00:12:01.000 ]
Time range duration: 12.0 min, 1.0 sec
Longitude range: [ 217.0  281.0 ]
00.000   1080.000   597.000   217.000   -69.729   113.502
01.000   1107.000   648.000   229.000   -69.671   113.565
02.000   1078.000   604.000   204.000   -69.613   113.627
03.000   1068.000   605.000   191.000   -69.556   113.690
04.000   1077.000   596.000   201.000   -69.498   113.752
05.000   1096.000   607.000   194.000   -69.440   113.813
06.000   1094.000   576.000   182.000   -69.382   113.875
07.000   1088.000   581.000   205.000   -69.325   113.936
08.000   1127.000   598.000   212.000   -69.267   113.996
09.000   1111.000   566.000   210.000   -69.209   114.057
10.000   1169.000   624.000   199.000   -69.151   114.117
11.000   1019.000   629.000   214.000   -69.093   114.176
12.000   1102.000   612.000   211.000   -69.035   114.235
13.000   1105.000   611.000   194.000   -68.977   114.294
14.000   1072.000   587.000   203.000   -68.919   114.353
15.000   1052.000   613.000   201.000   -68.861   114.411
16.000   1090.000   609.000   225.000   -68.803   114.469
17.000   1100.000   636.000   206.000   -68.745   114.527
18.000   1029.000   592.000   190.000   -68.687   114.584
19.000   1107.000   663.000   202.000   -68.629   114.641
20.000   1043.000   620.000   199.000   -68.571   114.698
21.000   1065.000   602.000   189.000   -68.512   114.754
22.000   1145.000   578.000   188.000   -68.454   114.810
23.000   1089.000   612.000   189.000   -68.396   114.866
24.000   1112.000   606.000   191.000   -68.338   114.921
25.000   1102.000   583.000   199.000   -68.280   114.976
26.000   1168.000   626.000   171.000   -68.221   115.031
27.000   1079.000   550.000   203.000   -68.163   115.086
28.000   1094.000   599.000   183.000   -68.105   115.140
29.000   1080.000   618.000   216.000   -68.046   115.194
30.000   1075.000   621.000   218.000   -67.988   115.247
31.000   1065.000   567.000   182.000   -67.930   115.301
32.000   1067.000   606.000   210.000   -67.871   115.354
33.000   1173.000   615.000   201.000   -67.813   115.407
34.000   1111.000   615.000   215.000   -67.754   115.459
35.000   1134.000   584.000   222.000   -67.696   115.511
36.000   1122.000   593.000   222.000   -67.638   115.563
37.000   1037.000   608.000   195.000   -67.579   115.615
38.000   1070.000   627.000   188.000   -67.521   115.666
39.000   1092.000   621.000   209.000   -67.462   115.717
40.000   1082.000   605.000   211.000   -67.403   115.768
41.000   1078.000   620.000   197.000   -67.345   115.819
42.000   1097.000   611.000   204.000   -67.286   115.869
43.000   1222.000   631.000   195.000   -67.228   115.919
44.000   1081.000   591.000   182.000   -67.169   115.969
45.000   1119.000   571.000   232.000   -67.110   116.018
46.000   1155.000   616.000   188.000   -67.052   116.068
47.000   1088.000   591.000   191.000   -66.993   116.117
48.000   1121.000   627.000   215.000   -66.934   116.165
49.000   1066.000   605.000   218.000   -66.876   116.214
50.000   1103.000   587.000   202.000   -66.817   116.262
51.000   1140.000   613.000   195.000   -66.758   116.310
52.000   1148.000   641.000   208.000   -66.699   116.358
53.000   1118.000   643.000   206.000   -66.640   116.405
54.000   1085.000   581.000   176.000   -66.582   116.452
55.000   1096.000   576.000   215.000   -66.523   116.499
56.000   1093.000   592.000   193.000   -66.464   116.546
57.000   1181.000   584.000   182.000   -66.405   116.593
58.000   1116.000   579.000   218.000   -66.346   116.639
59.000   1099.000   646.000   208.000   -66.287   116.685
60.000   1119.000   563.000   200.000   -66.228   116.731
61.000   1182.000   612.000   198.000   -66.169   116.776
62.000   1090.000   625.000   191.000   -66.111   116.822
63.000   1170.000   653.000   199.000   -66.052   116.867
64.000   1128.000   615.000   203.000   -65.993   116.912
65.000   1134.000   614.000   178.000   -65.934   116.956
66.000   1163.000   606.000   209.000   -65.875   117.001
67.000   1133.000   589.000   226.000   -65.816   117.045
68.000   1174.000   585.000   203.000   -65.756   117.089
69.000   1110.000   581.000   213.000   -65.697   117.133
70.000   1136.000   619.000   205.000   -65.638   117.176
71.000   1151.000   588.000   188.000   -65.579   117.220
72.000   1083.000   627.000   203.000   -65.520   117.263
73.000   1137.000   619.000   194.000   -65.461   117.306
74.000   1092.000   583.000   187.000   -65.402   117.349
75.000   1126.000   607.000   199.000   -65.343   117.391
76.000   1100.000   577.000   184.000   -65.283   117.433
77.000   1070.000   628.000   187.000   -65.224   117.475
78.000   1084.000   609.000   177.000   -65.165   117.517
79.000   1146.000   604.000   228.000   -65.106   117.559
80.000   1170.000   592.000   205.000   -65.047   117.600
81.000   1112.000   624.000   193.000   -64.987   117.642
82.000   1187.000   612.000   178.000   -64.928   117.683
83.000   1067.000   603.000   184.000   -64.869   117.724
84.000   1155.000   601.000   200.000   -64.810   117.764
85.000   1156.000   586.000   169.000   -64.750   117.805
86.000   1136.000   612.000   184.000   -64.691   117.845
87.000   1178.000   585.000   197.000   -64.632   117.885
88.000   1157.000   594.000   230.000   -64.572   117.925
89.000   1095.000   637.000   187.000   -64.513   117.965
90.000   1111.000   574.000   213.000   -64.453   118.004
91.000   1186.000   605.000   207.000   -64.394   118.044
92.000   1212.000   625.000   214.000   -64.335   118.083
93.000   1101.000   561.000   193.000   -64.275   118.122
94.000   1125.000   599.000   196.000   -64.216   118.160
95.000   1145.000   590.000   211.000   -64.156   118.199
96.000   1180.000   626.000   156.000   -64.097   118.237
97.000   1238.000   570.000   195.000   -64.037   118.276
98.000   1214.000   555.000   220.000   -63.978   118.314
99.000   1121.000   608.000   190.000   -63.918   118.351
100.000   1134.000   661.000   188.000   -63.859   118.389
101.000   1120.000   590.000   223.000   -63.799   118.427
102.000   1188.000   582.000   196.000   -63.740   118.464
103.000   1165.000   582.000   190.000   -63.680   118.501
104.000   1215.000   581.000   210.000   -63.621   118.538
105.000   1143.000   607.000   193.000   -63.561   118.575
106.000   1195.000   614.000   184.000   -63.502   118.612
107.000   1206.000   598.000   210.000   -63.442   118.648
108.000   1225.000   614.000   196.000   -63.382   118.684
109.000   1217.000   591.000   192.000   -63.323   118.720
110.000   1237.000   642.000   219.000   -63.263   118.756
111.000   1268.000   596.000   156.000   -63.203   118.792
112.000   1255.000   625.000   192.000   -63.144   118.828
113.000   1253.000   599.000   211.000   -63.084   118.863
114.000   1207.000   587.000   177.000   -63.024   118.899
115.000   1245.000   621.000   203.000   -62.965   118.934
116.000   1272.000   583.000   196.000   -62.905   118.969
117.000   1288.000   587.000   228.000   -62.845   119.004
118.000   1287.000   603.000   195.000   -62.786   119.038
119.000   1225.000   608.000   193.000   -62.726   119.073
120.000   1248.000   620.000   190.000   -62.666   119.107
121.000   1208.000   595.000   176.000   -62.606   119.141
122.000   1283.000   639.000   198.000   -62.547   119.176
123.000   1241.000   626.000   185.000   -62.487   119.209
124.000   1202.000   576.000   183.000   -62.427   119.243
125.000   1243.000   559.000   173.000   -62.367   119.277
126.000   1248.000   578.000   176.000   -62.307   119.310
127.000   1181.000   588.000   177.000   -62.247   119.344
128.000   1164.000   651.000   215.000   -62.188   119.377
129.000   1219.000   647.000   209.000   -62.128   119.410
130.000   1169.000   634.000   196.000   -62.068   119.443
131.000   1206.000   593.000   213.000   -62.008   119.475
132.000   1144.000   608.000   222.000   -61.948   119.508
133.000   1232.000   576.000   183.000   -61.888   119.540
134.000   1276.000   584.000   207.000   -61.828   119.573
135.000   1171.000   611.000   191.000   -61.768   119.605
136.000   1207.000   574.000   203.000   -61.708   119.637
137.000   1213.000   612.000   193.000   -61.648   119.669
138.000   1293.000   574.000   203.000   -61.589   119.700
139.000   1316.000   647.000   188.000   -61.529   119.732
140.000   1214.000   588.000   176.000   -61.469   119.763
141.000   1272.000   609.000   172.000   -61.409   119.795
142.000   1254.000   581.000   180.000   -61.349   119.826
143.000   1322.000   636.000   199.000   -61.289   119.857
144.000   1339.000   594.000   192.000   -61.229   119.888
145.000   1393.000   646.000   190.000   -61.169   119.919
146.000   1299.000   595.000   188.000   -61.109   119.949
147.000   1355.000   598.000   192.000   -61.048   119.980
148.000   1321.000   645.000   193.000   -60.988   120.010
149.000   1359.000   668.000   213.000   -60.928   120.040
150.000   1348.000   579.000   163.000   -60.868   120.071
151.000   1480.000   647.000   193.000   -60.808   120.101
152.000   1467.000   624.000   198.000   -60.748   120.130
153.000   1588.000   601.000   206.000   -60.688   120.160
154.000   1580.000   599.000   206.000   -60.628   120.190
155.000   1768.000   590.000   166.000   -60.568   120.219
156.000   1662.000   649.000   180.000   -60.508   120.249
157.000   1596.000   606.000   189.000   -60.447   120.278
158.000   1675.000   651.000   204.000   -60.387   120.307
159.000   1737.000   636.000   215.000   -60.327   120.336
160.000   1753.000   606.000   198.000   -60.267   120.365
161.000   2315.000   664.000   218.000   -60.207   120.394
162.000   5629.000   683.000   201.000   -60.147   120.422
163.000   6225.000   750.000   203.000   -60.086   120.451
164.000   4182.000   680.000   168.000   -60.026   120.479
165.000   3574.000   681.000   190.000   -59.966   120.507
166.000   2162.000   614.000   169.000   -59.906   120.536
167.000   1571.000   629.000   185.000   -59.846   120.564
168.000   1472.000   656.000   175.000   -59.785   120.592
169.000   1540.000   616.000   207.000   -59.725   120.619
170.000   1731.000   614.000   203.000   -59.665   120.647
171.000   1714.000   584.000   169.000   -59.605   120.675
172.000   1974.000   600.000   193.000   -59.544   120.702
173.000   1864.000   556.000   203.000   -59.484   120.729
174.000   2005.000   610.000   190.000   -59.424   120.757
175.000   4319.000   576.000   169.000   -59.363   120.784
176.000   3912.000   632.000   209.000   -59.303   120.811
177.000   2704.000   598.000   202.000   -59.243   120.838
178.000   3525.000   584.000   195.000   -59.182   120.865
179.000   2206.000   581.000   211.000   -59.122   120.891
180.000   3717.000   614.000   173.000   -59.062   120.918
181.000   3409.000   605.000   198.000   -59.001   120.944
182.000   2197.000   662.000   192.000   -58.941   120.971
183.000   1866.000   631.000   193.000   -58.881   120.997
184.000   1989.000   615.000   202.000   -58.820   121.023
185.000   2291.000   580.000   201.000   -58.760   121.049
186.000   2016.000   661.000   215.000   -58.700   121.075
187.000   1947.000   648.000   200.000   -58.639   121.101
188.000   1938.000   635.000   217.000   -58.579   121.127
189.000   1989.000   620.000   209.000   -58.518   121.152
190.000   2115.000   636.000   220.000   -58.458   121.178
191.000   2206.000   619.000   211.000   -58.397   121.203
192.000   2235.000   648.000   184.000   -58.337   121.229
193.000   2249.000   602.000   199.000   -58.277   121.254
194.000   2275.000   647.000   181.000   -58.216   121.279
195.000   2098.000   622.000   196.000   -58.156   121.304
196.000   2116.000   604.000   203.000   -58.095   121.329
197.000   2223.000   604.000   193.000   -58.035   121.354
198.000   2252.000   634.000   223.000   -57.974   121.379
199.000   2777.000   666.000   202.000   -57.914   121.403
200.000   4276.000   648.000   178.000   -57.853   121.428
201.000   4917.000   643.000   199.000   -57.793   121.452
202.000   4610.000   627.000   215.000   -57.732   121.477
203.000   3176.000   608.000   183.000   -57.672   121.501
204.000   2793.000   642.000   228.000   -57.611   121.525
205.000   3005.000   611.000   182.000   -57.551   121.549
206.000   2960.000   636.000   214.000   -57.490   121.573
207.000   2550.000   680.000   209.000   -57.429   121.597
208.000   2530.000   620.000   208.000   -57.369   121.621
209.000   2835.000   655.000   200.000   -57.308   121.645
210.000   3190.000   609.000   213.000   -57.248   121.668
211.000   3806.000   631.000   209.000   -57.187   121.692
212.000   3659.000   659.000   213.000   -57.127   121.715
213.000   4777.000   653.000   229.000   -57.066   121.739
214.000   7824.000   792.000   216.000   -57.005   121.762
215.000   8356.000   700.000   207.000   -56.945   121.785
216.000   8950.000   732.000   228.000   -56.884   121.808
217.000   7065.000   820.000   256.000   -56.824   121.831
218.000   5590.000   751.000   230.000   -56.763   121.854
219.000   6599.000   781.000   247.000   -56.702   121.877
220.000   5741.000   786.000   247.000   -56.642   121.900
221.000   5000.000   723.000   239.000   -56.581   121.922
222.000   4399.000   738.000   244.000   -56.520   121.945
223.000   3596.000   757.000   259.000   -56.460   121.967
224.000   3280.000   751.000   266.000   -56.399   121.990
225.000   3217.000   740.000   272.000   -56.338   122.012
226.000   3014.000   746.000   236.000   -56.278   122.034
227.000   3707.000   736.000   267.000   -56.217   122.056
228.000   4571.000   917.000   284.000   -56.156   122.078
229.000   3594.000   930.000   337.000   -56.095   122.100
230.000   3104.000   927.000   296.000   -56.035   122.122
231.000   2784.000   936.000   334.000   -55.974   122.144
232.000   2591.000   944.000   311.000   -55.913   122.166
233.000   2471.000   817.000   271.000   -55.853   122.187
234.000   2420.000   781.000   236.000   -55.792   122.209
235.000   2063.000   798.000   231.000   -55.731   122.230
236.000   2014.000   800.000   251.000   -55.670   122.252
237.000   2028.000   776.000   232.000   -55.610   122.273
238.000   2005.000   757.000   292.000   -55.549   122.294
239.000   1984.000   814.000   248.000   -55.488   122.316
240.000   1897.000   852.000   284.000   -55.427   122.337
241.000   1974.000   829.000   281.000   -55.366   122.358
242.000   1027.000   607.000   205.000   -55.306   122.379
243.000   999.000   635.000   209.000   -55.245   122.399
244.000   972.000   663.000   214.000   -55.184   122.420
245.000   974.000   560.000   207.000   -55.123   122.441
246.000   988.000   618.000   219.000   -55.062   122.462
247.000   948.000   627.000   198.000   -55.002   122.482
248.000   1011.000   610.000   222.000   -54.941   122.503
249.000   969.000   621.000   211.000   -54.880   122.523
250.000   992.000   596.000   209.000   -54.819   122.543
251.000   1006.000   619.000   213.000   -54.758   122.564
252.000   981.000   632.000   223.000   -54.697   122.584
253.000   1010.000   564.000   205.000   -54.637   122.604
254.000   992.000   592.000   184.000   -54.576   122.624
255.000   959.000   662.000   202.000   -54.515   122.644
256.000   959.000   619.000   233.000   -54.454   122.664
257.000   951.000   611.000   224.000   -54.393   122.684
258.000   964.000   601.000   221.000   -54.332   122.704
259.000   1027.000   672.000   201.000   -54.271   122.723
260.000   1062.000   659.000   212.000   -54.210   122.743
261.000   1037.000   603.000   206.000   -54.150   122.762
262.000   990.000   626.000   179.000   -54.089   122.782
263.000   925.000   609.000   210.000   -54.028   122.801
264.000   1015.000   627.000   196.000   -53.967   122.821
265.000   994.000   631.000   216.000   -53.906   122.840
266.000   930.000   581.000   195.000   -53.845   122.859
267.000   996.000   620.000   205.000   -53.784   122.878
268.000   945.000   667.000   200.000   -53.723   122.897
269.000   934.000   630.000   201.000   -53.662   122.916
270.000   1034.000   643.000   202.000   -53.601   122.935
271.000   959.000   630.000   178.000   -53.540   122.954
272.000   950.000   619.000   215.000   -53.479   122.973
273.000   994.000   615.000   220.000   -53.418   122.992
274.000   997.000   636.000   206.000   -53.357   123.010
275.000   962.000   568.000   233.000   -53.296   123.029
276.000   965.000   583.000   196.000   -53.235   123.048
277.000   1004.000   651.000   202.000   -53.174   123.066
278.000   1065.000   617.000   190.000   -53.113   123.085
279.000   1047.000   646.000   219.000   -53.052   123.103
280.000   984.000   611.000   205.000   -52.991   123.121
281.000   1005.000   639.000   208.000   -52.930   123.139
282.000   999.000   580.000   223.000   -52.869   123.158
283.000   992.000   627.000   203.000   -52.808   123.176
284.000   985.000   674.000   217.000   -52.747   123.194
285.000   978.000   645.000   224.000   -52.686   123.212
286.000   1005.000   651.000   234.000   -52.625   123.230
287.000   1002.000   584.000   189.000   -52.564   123.247
288.000   978.000   609.000   189.000   -52.503   123.265
289.000   990.000   606.000   193.000   -52.442   123.283
290.000   954.000   568.000   188.000   -52.381   123.301
291.000   985.000   642.000   203.000   -52.320   123.318
292.000   1038.000   623.000   192.000   -52.259   123.336
293.000   1006.000   592.000   209.000   -52.198   123.353
294.000   1001.000   607.000   226.000   -52.137   123.371
295.000   1001.000   603.000   211.000   -52.075   123.388
296.000   983.000   624.000   216.000   -52.014   123.406
297.000   1057.000   618.000   211.000   -51.953   123.423
298.000   1016.000   642.000   219.000   -51.892   123.440
299.000   968.000   621.000   205.000   -51.831   123.457
300.000   1003.000   584.000   178.000   -51.770   123.474
301.000   1032.000   638.000   219.000   -51.709   123.491
302.000   1054.000   647.000   176.000   -51.648   123.508
303.000   977.000   618.000   194.000   -51.587   123.525
304.000   1003.000   606.000   214.000   -51.525   123.542
305.000   999.000   600.000   203.000   -51.464   123.559
306.000   955.000   608.000   233.000   -51.403   123.576
307.000   1089.000   642.000   183.000   -51.342   123.592
308.000   997.000   646.000   203.000   -51.281   123.609
309.000   951.000   636.000   207.000   -51.220   123.626
310.000   988.000   622.000   197.000   -51.159   123.642
311.000   1010.000   620.000   215.000   -51.097   123.659
312.000   991.000   653.000   189.000   -51.036   123.675
313.000   1049.000   637.000   168.000   -50.975   123.691
314.000   1002.000   606.000   206.000   -50.914   123.708
315.000   1089.000   633.000   215.000   -50.853   123.724
316.000   1010.000   639.000   231.000   -50.791   123.740
317.000   1040.000   642.000   188.000   -50.730   123.756
318.000   1009.000   632.000   218.000   -50.669   123.772
319.000   996.000   575.000   233.000   -50.608   123.788
320.000   992.000   620.000   204.000   -50.547   123.804
321.000   1020.000   660.000   208.000   -50.485   123.820
322.000   1049.000   617.000   209.000   -50.424   123.836
323.000   979.000   609.000   207.000   -50.363   123.852
324.000   987.000   669.000   208.000   -50.302   123.868
325.000   1023.000   652.000   210.000   -50.241   123.884
326.000   985.000   638.000   211.000   -50.179   123.899
327.000   963.000   632.000   191.000   -50.118   123.915
328.000   1008.000   614.000   195.000   -50.057   123.931
329.000   998.000   628.000   190.000   -49.996   123.946
330.000   1010.000   616.000   213.000   -49.934   123.962
331.000   1026.000   620.000   222.000   -49.873   123.977
332.000   1015.000   635.000   206.000   -49.812   123.992
333.000   1002.000   630.000   195.000   -49.751   124.008
334.000   1018.000   671.000   204.000   -49.689   124.023
335.000   1009.000   612.000   207.000   -49.628   124.038
336.000   1010.000   584.000   211.000   -49.567   124.053
337.000   1026.000   617.000   196.000   -49.505   124.069
338.000   994.000   646.000   213.000   -49.444   124.084
339.000   1051.000   643.000   211.000   -49.383   124.099
340.000   1033.000   579.000   219.000   -49.322   124.114
341.000   1001.000   649.000   179.000   -49.260   124.129
342.000   973.000   669.000   199.000   -49.199   124.144
343.000   1026.000   629.000   215.000   -49.138   124.159
344.000   943.000   608.000   206.000   -49.076   124.173
345.000   1027.000   621.000   201.000   -49.015   124.188
346.000   1027.000   637.000   212.000   -48.954   124.203
347.000   1064.000   623.000   234.000   -48.892   124.218
348.000   1035.000   605.000   213.000   -48.831   124.232
349.000   1085.000   587.000   219.000   -48.770   124.247
350.000   987.000   562.000   230.000   -48.708   124.261
351.000   1009.000   633.000   212.000   -48.647   124.276
352.000   996.000   635.000   237.000   -48.586   124.290
353.000   1021.000   610.000   217.000   -48.524   124.305
354.000   1053.000   604.000   245.000   -48.463   124.319
355.000   1001.000   601.000   218.000   -48.402   124.333
356.000   1007.000   626.000   209.000   -48.340   124.348
357.000   1021.000   601.000   219.000   -48.279   124.362
358.000   1006.000   610.000   202.000   -48.217   124.376
359.000   955.000   638.000   177.000   -48.156   124.390
360.000   990.000   611.000   204.000   -48.095   124.404
361.000   1020.000   630.000   214.000   -48.033   124.418
362.000   994.000   593.000   224.000   -47.972   124.432
363.000   1056.000   625.000   207.000   -47.911   124.446
364.000   1061.000   584.000   201.000   -47.849   124.460
365.000   1099.000   660.000   230.000   -47.788   124.474
366.000   1055.000   608.000   205.000   -47.726   124.488
367.000   1047.000   608.000   223.000   -47.665   124.502
368.000   992.000   612.000   191.000   -47.603   124.515
369.000   1036.000   629.000   191.000   -47.542   124.529
370.000   1078.000   626.000   227.000   -47.481   124.543
371.000   1062.000   583.000   185.000   -47.419   124.556
372.000   1031.000   620.000   192.000   -47.358   124.570
373.000   1074.000   628.000   188.000   -47.296   124.584
374.000   1071.000   599.000   219.000   -47.235   124.597
375.000   991.000   635.000   190.000   -47.173   124.611
376.000   1110.000   617.000   203.000   -47.112   124.624
377.000   1062.000   629.000   209.000   -47.051   124.637
378.000   1019.000   601.000   233.000   -46.989   124.651
379.000   1093.000   620.000   202.000   -46.928   124.664
380.000   1021.000   670.000   190.000   -46.866   124.677
381.000   1072.000   626.000   192.000   -46.805   124.691
382.000   1065.000   624.000   213.000   -46.743   124.704
383.000   1085.000   652.000   212.000   -46.682   124.717
384.000   1105.000   654.000   201.000   -46.620   124.730
385.000   1051.000   609.000   213.000   -46.559   124.743
386.000   1078.000   583.000   190.000   -46.497   124.756
387.000   1120.000   618.000   209.000   -46.436   124.769
388.000   1046.000   618.000   201.000   -46.374   124.782
389.000   1024.000   599.000   197.000   -46.313   124.795
390.000   1011.000   596.000   210.000   -46.251   124.808
391.000   1074.000   657.000   196.000   -46.190   124.821
392.000   1021.000   613.000   219.000   -46.128   124.833
393.000   1078.000   582.000   180.000   -46.067   124.846
394.000   1069.000   658.000   236.000   -46.005   124.859
395.000   1065.000   623.000   204.000   -45.944   124.872
396.000   1095.000   590.000   196.000   -45.882   124.884
397.000   1126.000   598.000   195.000   -45.821   124.897
398.000   1097.000   610.000   199.000   -45.759   124.909
399.000   1036.000   649.000   234.000   -45.698   124.922
400.000   1041.000   596.000   194.000   -45.636   124.935
401.000   1048.000   613.000   199.000   -45.575   124.947
402.000   1076.000   619.000   224.000   -45.513   124.959
403.000   1059.000   620.000   188.000   -45.452   124.972
404.000   1119.000   619.000   188.000   -45.390   124.984
405.000   1058.000   567.000   195.000   -45.328   124.997
406.000   1104.000   616.000   213.000   -45.267   125.009
407.000   1071.000   621.000   197.000   -45.205   125.021
408.000   1048.000   637.000   175.000   -45.144   125.033
409.000   1127.000   584.000   209.000   -45.082   125.045
410.000   1138.000   609.000   190.000   -45.021   125.058
411.000   1084.000   567.000   200.000   -44.959   125.070
412.000   1048.000   603.000   237.000   -44.897   125.082
413.000   1055.000   638.000   224.000   -44.836   125.094
414.000   1075.000   596.000   198.000   -44.774   125.106
415.000   1060.000   587.000   192.000   -44.713   125.118
416.000   1104.000   644.000   212.000   -44.651   125.130
417.000   1061.000   592.000   228.000   -44.590   125.142
418.000   1051.000   604.000   203.000   -44.528   125.154
419.000   1031.000   652.000   230.000   -44.466   125.165
420.000   1075.000   625.000   177.000   -44.405   125.177
421.000   1111.000   559.000   198.000   -44.343   125.189
422.000   1025.000   652.000   210.000   -44.281   125.201
423.000   1042.000   622.000   189.000   -44.220   125.212
424.000   1034.000   650.000   193.000   -44.158   125.224
425.000   1055.000   570.000   202.000   -44.097   125.236
426.000   1036.000   614.000   216.000   -44.035   125.247
427.000   1058.000   635.000   201.000   -43.973   125.259
428.000   1124.000   630.000   192.000   -43.912   125.271
429.000   1096.000   635.000   240.000   -43.850   125.282
430.000   1003.000   619.000   202.000   -43.788   125.294
431.000   1057.000   595.000   186.000   -43.727   125.305
432.000   1073.000   615.000   198.000   -43.665   125.316
433.000   1104.000   602.000   187.000   -43.604   125.328
434.000   1121.000   608.000   212.000   -43.542   125.339
435.000   1046.000   605.000   231.000   -43.480   125.350
436.000   1039.000   608.000   192.000   -43.419   125.362
437.000   1023.000   645.000   219.000   -43.357   125.373
438.000   1050.000   558.000   201.000   -43.295   125.384
439.000   1038.000   564.000   198.000   -43.234   125.395
440.000   1059.000   624.000   189.000   -43.172   125.407
441.000   1034.000   596.000   187.000   -43.110   125.418
442.000   1071.000   618.000   215.000   -43.049   125.429
443.000   1079.000   623.000   205.000   -42.987   125.440
444.000   1092.000   618.000   185.000   -42.925   125.451
445.000   1086.000   644.000   201.000   -42.863   125.462
446.000   1105.000   653.000   217.000   -42.802   125.473
447.000   1087.000   598.000   206.000   -42.740   125.484
448.000   1101.000   603.000   209.000   -42.678   125.495
449.000   1056.000   608.000   229.000   -42.617   125.506
450.000   1040.000   590.000   195.000   -42.555   125.517
451.000   1067.000   578.000   201.000   -42.493   125.527
452.000   1128.000   589.000   190.000   -42.432   125.538
453.000   1052.000   567.000   211.000   -42.370   125.549
454.000   1060.000   608.000   182.000   -42.308   125.560
455.000   1050.000   587.000   196.000   -42.246   125.570
456.000   1037.000   613.000   207.000   -42.185   125.581
457.000   1068.000   622.000   221.000   -42.123   125.592
458.000   1040.000   597.000   199.000   -42.061   125.602
459.000   1080.000   591.000   203.000   -42.000   125.613
460.000   1100.000   585.000   180.000   -41.938   125.624
461.000   1020.000   616.000   228.000   -41.876   125.634
462.000   1092.000   661.000   195.000   -41.814   125.645
463.000   1091.000   609.000   222.000   -41.753   125.655
464.000   1070.000   644.000   204.000   -41.691   125.666
465.000   1084.000   611.000   192.000   -41.629   125.676
466.000   1074.000   618.000   206.000   -41.567   125.687
467.000   1103.000   624.000   233.000   -41.506   125.697
468.000   1075.000   609.000   202.000   -41.444   125.707
469.000   1005.000   617.000   190.000   -41.382   125.718
470.000   1070.000   560.000   221.000   -41.320   125.728
471.000   1042.000   614.000   220.000   -41.259   125.738
472.000   1111.000   630.000   233.000   -41.197   125.748
473.000   1122.000   593.000   191.000   -41.135   125.759
474.000   1068.000   628.000   227.000   -41.073   125.769
475.000   1114.000   582.000   234.000   -41.011   125.779
476.000   1085.000   582.000   178.000   -40.950   125.789
477.000   1063.000   635.000   209.000   -40.888   125.799
478.000   1130.000   604.000   200.000   -40.826   125.809
479.000   1132.000   554.000   200.000   -40.764   125.819
480.000   1080.000   597.000   217.000   -40.702   125.829
481.000   1107.000   648.000   229.000   -40.641   125.839
482.000   1078.000   604.000   204.000   -40.579   125.849
483.000   1068.000   605.000   191.000   -40.517   125.859
484.000   1077.000   596.000   201.000   -40.455   125.869
485.000   1096.000   607.000   194.000   -40.393   125.879
486.000   1094.000   576.000   182.000   -40.332   125.889
487.000   1088.000   581.000   205.000   -40.270   125.899
488.000   1127.000   598.000   212.000   -40.208   125.909
489.000   1111.000   566.000   210.000   -40.146   125.919
490.000   1169.000   624.000   199.000   -40.084   125.928
491.000   1019.000   629.000   214.000   -40.023   125.938
492.000   1102.000   612.000   211.000   -39.961   125.948
493.000   1105.000   611.000   194.000   -39.899   125.957
494.000   1072.000   587.000   203.000   -39.837   125.967
495.000   1052.000   613.000   201.000   -39.775   125.977
496.000   1090.000   609.000   225.000   -39.713   125.986
497.000   1100.000   636.000   206.000   -39.652   125.996
498.000   1029.000   592.000   190.000   -39.590   126.006
499.000   1107.000   663.000   202.000   -39.528   126.015
500.000   1043.000   620.000   199.000   -39.466   126.025
501.000   1065.000   602.000   189.000   -39.404   126.034
502.000   1145.000   578.000   188.000   -39.342   126.044
503.000   1089.000   612.000   189.000   -39.280   126.053
504.000   1112.000   606.000   191.000   -39.219   126.063
505.000   1102.000   583.000   199.000   -39.157   126.072
506.000   1168.000   626.000   171.000   -39.095   126.081
507.000   1079.000   550.000   203.000   -39.033   126.091
508.000   1094.000   599.000   183.000   -38.971   126.100
509.000   1080.000   618.000   216.000   -38.909   126.109
510.000   1075.000   621.000   218.000   -38.847   126.119
511.000   1065.000   567.000   182.000   -38.785   126.128
512.000   1067.000   606.000   210.000   -38.724   126.137
513.000   1173.000   615.000   201.000   -38.662   126.146
514.000   1111.000   615.000   215.000   -38.600   126.156
515.000   1134.000   584.000   222.000   -38.538   126.165
516.000   1122.000   593.000   222.000   -38.476   126.174
517.000   1037.000   608.000   195.000   -38.414   126.183
518.000   1070.000   627.000   188.000   -38.352   126.192
519.000   1092.000   621.000   209.000   -38.290   126.201
520.000   1082.000   605.000   211.000   -38.228   126.210
521.000   1078.000   620.000   197.000   -38.166   126.219
522.000   1097.000   611.000   204.000   -38.105   126.228
523.000   1222.000   631.000   195.000   -38.043   126.237
524.000   1081.000   591.000   182.000   -37.981   126.246
525.000   1119.000   571.000   232.000   -37.919   126.255
526.000   1155.000   616.000   188.000   -37.857   126.264
527.000   1088.000   591.000   191.000   -37.795   126.273
528.000   1121.000   627.000   215.000   -37.733   126.282
529.000   1066.000   605.000   218.000   -37.671   126.291
530.000   1103.000   587.000   202.000   -37.609   126.300
531.000   1140.000   613.000   195.000   -37.547   126.309
532.000   1148.000   641.000   208.000   -37.485   126.317
533.000   1118.000   643.000   206.000   -37.423   126.326
534.000   1085.000   581.000   176.000   -37.361   126.335
535.000   1096.000   576.000   215.000   -37.299   126.344
536.000   1093.000   592.000   193.000   -37.237   126.352
537.000   1181.000   584.000   182.000   -37.176   126.361
538.000   1116.000   579.000   218.000   -37.114   126.370
539.000   1099.000   646.000   208.000   -37.052   126.378
540.000   1119.000   563.000   200.000   -36.990   126.387
541.000   1182.000   612.000   198.000   -36.928   126.396
542.000   1090.000   625.000   191.000   -36.866   126.404
543.000   1170.000   653.000   199.000   -36.804   126.413
544.000   1128.000   615.000   203.000   -36.742   126.421
545.000   1134.000   614.000   178.000   -36.680   126.430
546.000   1163.000   606.000   209.000   -36.618   126.438
547.000   1133.000   589.000   226.000   -36.556   126.447
548.000   1174.000   585.000   203.000   -36.494   126.455
549.000   1110.000   581.000   213.000   -36.432   126.464
550.000   1136.000   619.000   205.000   -36.370   126.472
551.000   1151.000   588.000   188.000   -36.308   126.481
552.000   1083.000   627.000   203.000   -36.246   126.489
553.000   1137.000   619.000   194.000   -36.184   126.497
554.000   1092.000   583.000   187.000   -36.122   126.506
555.000   1126.000   607.000   199.000   -36.060   126.514
556.000   1100.000   577.000   184.000   -35.998   126.522
557.000   1070.000   628.000   187.000   -35.936   126.531
558.000   1084.000   609.000   177.000   -35.874   126.539
559.000   1146.000   604.000   228.000   -35.812   126.547
560.000   1170.000   592.000   205.000   -35.750   126.556
561.000   1112.000   624.000   193.000   -35.688   126.564
562.000   1187.000   612.000   178.000   -35.626   126.572
563.000   1067.000   603.000   184.000   -35.564   126.580
564.000   1155.000   601.000   200.000   -35.502   126.588
565.000   1156.000   586.000   169.000   -35.440   126.596
566.000   1136.000   612.000   184.000   -35.378   126.605
567.000   1178.000   585.000   197.000   -35.316   126.613
568.000   1157.000   594.000   230.000   -35.254   126.621
569.000   1095.000   637.000   187.000   -35.192   126.629
570.000   1111.000   574.000   213.000   -35.130   126.637
571.000   1186.000   605.000   207.000   -35.068   126.645
572.000   1212.000   625.000   214.000   -35.006   126.653
573.000   1101.000   561.000   193.000   -34.944   126.661
574.000   1125.000   599.000   196.000   -34.882   126.669
575.000   1145.000   590.000   211.000   -34.820   126.677
576.000   1180.000   626.000   156.000   -34.758   126.685
577.000   1238.000   570.000   195.000   -34.695   126.693
578.000   1214.000   555.000   220.000   -34.633   126.701
579.000   1121.000   608.000   190.000   -34.571   126.708
580.000   1134.000   661.000   188.000   -34.509   126.716
581.000   1120.000   590.000   223.000   -34.447   126.724
582.000   1188.000   582.000   196.000   -34.385   126.732
583.000   1165.000   582.000   190.000   -34.323   126.740
584.000   1215.000   581.000   210.000   -34.261   126.748
585.000   1143.000   607.000   193.000   -34.199   126.755
586.000   1195.000   614.000   184.000   -34.137   126.763
587.000   1206.000   598.000   210.000   -34.075   126.771
588.000   1225.000   614.000   196.000   -34.013   126.779
589.000   1217.000   591.000   192.000   -33.951   126.786
590.000   1237.000   642.000   219.000   -33.889   126.794
591.000   1268.000   596.000   156.000   -33.827   126.802
592.000   1255.000   625.000   192.000   -33.764   126.809
593.000   1253.000   599.000   211.000   -33.702   126.817
594.000   1207.000   587.000   177.000   -33.640   126.825
595.000   1245.000   621.000   203.000   -33.578   126.832
596.000   1272.000   583.000   196.000   -33.516   126.840
597.000   1288.000   587.000   228.000   -33.454   126.847
598.000   1287.000   603.000   195.000   -33.392   126.855
599.000   1225.000   608.000   193.000   -33.330   126.863
600.000   1248.000   620.000   190.000   -33.268   126.870
601.000   1208.000   595.000   176.000   -33.206   126.878
602.000   1283.000   639.000   198.000   -33.144   126.885
603.000   1241.000   626.000   185.000   -33.081   126.893
604.000   1202.000   576.000   183.000   -33.019   126.900
605.000   1243.000   559.000   173.000   -32.957   126.907
606.000   1248.000   578.000   176.000   -32.895   126.915
607.000   1181.000   588.000   177.000   -32.833   126.922
608.000   1164.000   651.000   215.000   -32.771   126.930
609.000   1219.000   647.000   209.000   -32.709   126.937
610.000   1169.000   634.000   196.000   -32.647   126.944
611.000   1206.000   593.000   213.000   -32.584   126.952
612.000   1144.000   608.000   222.000   -32.522   126.959
613.000   1232.000   576.000   183.000   -32.460   126.966
614.000   1276.000   584.000   207.000   -32.398   126.974
615.000   1171.000   611.000   191.000   -32.336   126.981
616.000   1207.000   574.000   203.000   -32.274   126.988
617.000   1213.000   612.000   193.000   -32.212   126.996
618.000   1293.000   574.000   203.000   -32.150   127.003
619.000   1316.000   647.000   188.000   -32.087   127.010
620.000   1214.000   588.000   176.000   -32.025   127.017
621.000   1272.000   609.000   172.000   -31.963   127.024
622.000   1254.000   581.000   180.000   -31.901   127.032
623.000   1322.000   636.000   199.000   -31.839   127.039
624.000   1339.000   594.000   192.000   -31.777   127.046
625.000   1393.000   646.000   190.000   -31.715   127.053
626.000   1299.000   595.000   188.000   -31.652   127.060
627.000   1355.000   598.000   192.000   -31.590   127.067
628.000   1321.000   645.000   193.000   -31.528   127.074
629.000   1359.000   668.000   213.000   -31.466   127.081
630.000   1348.000   579.000   163.000   -31.404   127.088
631.000   1480.000   647.000   193.000   -31.342   127.096
632.000   1467.000   624.000   198.000   -31.279   127.103
633.000   1588.000   601.000   206.000   -31.217   127.110
634.000   1580.000   599.000   206.000   -31.155   127.117
635.000   1768.000   590.000   166.000   -31.093   127.124
636.000   1662.000   649.000   180.000   -31.031   127.131
637.000   1596.000   606.000   189.000   -30.969   127.137
638.000   1675.000   651.000   204.000   -30.906   127.144
639.000   1737.000   636.000   215.000   -30.844   127.151
640.000   1753.000   606.000   198.000   -30.782   127.158
641.000   2315.000   664.000   218.000   -30.720   127.165
642.000   5629.000   683.000   201.000   -30.658   127.172
643.000   6225.000   750.000   203.000   -30.595   127.179
644.000   4182.000   680.000   168.000   -30.533   127.186
645.000   3574.000   681.000   190.000   -30.471   127.193
646.000   2162.000   614.000   169.000   -30.409   127.199
647.000   1571.000   629.000   185.000   -30.347   127.206
648.000   1472.000   656.000   175.000   -30.284   127.213
649.000   1540.000   616.000   207.000   -30.222   127.220
650.000   1731.000   614.000   203.000   -30.160   127.227
651.000   1714.000   584.000   169.000   -30.098   127.233
652.000   1974.000   600.000   193.000   -30.036   127.240
653.000   1864.000   556.000   203.000   -29.973   127.247
654.000   2005.000   610.000   190.000   -29.911   127.254
655.000   4319.000   576.000   169.000   -29.849   127.260
656.000   3912.000   632.000   209.000   -29.787   127.267
657.000   2704.000   598.000   202.000   -29.724   127.274
658.000   3525.000   584.000   195.000   -29.662   127.280
659.000   2206.000   581.000   211.000   -29.600   127.287
660.000   3717.000   614.000   173.000   -29.538   127.294
661.000   3409.000   605.000   198.000   -29.476   127.300
662.000   2197.000   662.000   192.000   -29.413   127.307
663.000   1866.000   631.000   193.000   -29.351   127.313
664.000   1989.000   615.000   202.000   -29.289   127.320
665.000   2291.000   580.000   201.000   -29.227   127.327
666.000   2016.000   661.000   215.000   -29.164   127.333
667.000   1947.000   648.000   200.000   -29.102   127.340
668.000   1938.000   635.000   217.000   -29.040   127.346
669.000   1989.000   620.000   209.000   -28.978   127.353
670.000   2115.000   636.000   220.000   -28.915   127.359
671.000   2206.000   619.000   211.000   -28.853   127.366
672.000   2235.000   648.000   184.000   -28.791   127.372
673.000   2249.000   602.000   199.000   -28.729   127.379
674.000   2275.000   647.000   181.000   -28.666   127.385
675.000   2098.000   622.000   196.000   -28.604   127.392
676.000   2116.000   604.000   203.000   -28.542   127.398
677.000   2223.000   604.000   193.000   -28.480   127.405
678.000   2252.000   634.000   223.000   -28.417   127.411
679.000   2777.000   666.000   202.000   -28.355   127.417
680.000   4276.000   648.000   178.000   -28.293   127.424
681.000   4917.000   643.000   199.000   -28.231   127.430
682.000   4610.000   627.000   215.000   -28.168   127.436
683.000   3176.000   608.000   183.000   -28.106   127.443
684.000   2793.000   642.000   228.000   -28.044   127.449
685.000   3005.000   611.000   182.000   -27.982   127.456
686.000   2960.000   636.000   214.000   -27.919   127.462
687.000   2550.000   680.000   209.000   -27.857   127.468
688.000   2530.000   620.000   208.000   -27.795   127.474
689.000   2835.000   655.000   200.000   -27.732   127.481
690.000   3190.000   609.000   213.000   -27.670   127.487
691.000   3806.000   631.000   209.000   -27.608   127.493
692.000   3659.000   659.000   213.000   -27.546   127.499
693.000   4777.000   653.000   229.000   -27.483   127.506
694.000   7824.000   792.000   216.000   -27.421   127.512
695.000   8356.000   700.000   207.000   -27.359   127.518
696.000   8950.000   732.000   228.000   -27.296   127.524
697.000   7065.000   820.000   256.000   -27.234   127.531
698.000   5590.000   751.000   230.000   -27.172   127.537
699.000   6599.000   781.000   247.000   -27.110   127.543
700.000   5741.000   786.000   247.000   -27.047   127.549
701.000   5000.000   723.000   239.000   -26.985   127.555
702.000   4399.000   738.000   244.000   -26.923   127.561
703.000   3596.000   757.000   259.000   -26.860   127.567
704.000   3280.000   751.000   266.000   -26.798   127.573
705.000   3217.000   740.000   272.000   -26.736   127.580
706.000   3014.000   746.000   236.000   -26.673   127.586
707.000   3707.000   736.000   267.000   -26.611   127.592
708.000   4571.000   917.000   284.000   -26.549   127.598
709.000   3594.000   930.000   337.000   -26.486   127.604
710.000   3104.000   927.000   296.000   -26.424   127.610
711.000   2784.000   936.000   334.000   -26.362   127.616
712.000   2591.000   944.000   311.000   -26.300   127.622
713.000   2471.000   817.000   271.000   -26.237   127.628
714.000   2420.000   781.000   236.000   -26.175   127.634
715.000   2063.000   798.000   231.000   -26.113   127.640
716.000   2014.000   800.000   251.000   -26.050   127.646
717.000   2028.000   776.000   232.000   -25.988   127.652
718.000   2005.000   757.000   292.000   -25.926   127.658
719.000   1984.000   814.000   248.000   -25.863   127.664
720.000   1897.000   852.000   284.000   -25.801   127.670
721.000   1974.000   829.000   281.000   -25.739   127.676
