Time range: [ 00:00:-0.000  00:04:34.000 ]
Time range duration: 4.0 min, 34.0 sec
Longitude range: [ 168.0  598.0 ]
-0.000   12541.000   4223.000   598.000   71.240   -175.501
01.000   15356.000   4241.000   539.000   71.297   -175.426
02.000   15772.000   4599.000   518.000   71.355   -175.351
03.000   18923.000   5069.000   457.000   71.412   -175.275
04.000   24892.000   4989.000   400.000   71.469   -175.198
05.000   28453.000   5192.000   387.000   71.526   -175.122
06.000   25960.000   4779.000   353.000   71.583   -175.044
07.000   20235.000   4006.000   321.000   71.641   -174.966
08.000   19447.000   3732.000   301.000   71.698   -174.888
09.000   18201.000   3519.000   291.000   71.755   -174.809
10.000   17832.000   3323.000   271.000   71.812   -174.730
11.000   16971.000   3167.000   233.000   71.869   -174.650
12.000   15799.000   2791.000   236.000   71.926   -174.570
13.000   16800.000   2968.000   222.000   71.983   -174.489
14.000   19624.000   2920.000   201.000   72.039   -174.408
15.000   19428.000   2924.000   177.000   72.096   -174.326
16.000   17179.000   2653.000   203.000   72.153   -174.243
17.000   16335.000   2443.000   178.000   72.210   -174.160
18.000   16111.000   2361.000   180.000   72.266   -174.077
19.000   16356.000   2279.000   167.000   72.323   -173.993
20.000   14278.000   1895.000   191.000   72.380   -173.908
21.000   12330.000   1830.000   177.000   72.436   -173.823
22.000   10101.000   1561.000   155.000   72.493   -173.737
23.000   9584.000   1560.000   158.000   72.549   -173.651
24.000   10396.000   1595.000   175.000   72.606   -173.564
25.000   11585.000   1740.000   156.000   72.662   -173.477
26.000   11554.000   1616.000   172.000   72.719   -173.389
27.000   11146.000   1564.000   161.000   72.775   -173.300
28.000   10761.000   1401.000   154.000   72.831   -173.211
29.000   10989.000   1407.000   161.000   72.888   -173.121
30.000   10698.000   1312.000   137.000   72.944   -173.031
31.000   10053.000   1229.000   157.000   73.000   -172.940
32.000   9898.000   1193.000   173.000   73.056   -172.848
33.000   10214.000   1214.000   148.000   73.112   -172.756
34.000   10142.000   1146.000   139.000   73.168   -172.663
35.000   9285.000   1111.000   165.000   73.224   -172.570
36.000   8451.000   1136.000   175.000   73.280   -172.476
37.000   7780.000   1069.000   126.000   73.336   -172.381
38.000   7346.000   982.000   139.000   73.392   -172.286
39.000   7167.000   954.000   142.000   73.448   -172.190
40.000   7194.000   891.000   139.000   73.503   -172.093
41.000   7368.000   942.000   126.000   73.559   -171.996
42.000   7230.000   914.000   121.000   73.615   -171.898
43.000   6633.000   837.000   140.000   73.670   -171.799
44.000   6428.000   825.000   152.000   73.726   -171.700
45.000   6083.000   811.000   158.000   73.781   -171.600
46.000   5877.000   800.000   137.000   73.837   -171.499
47.000   5862.000   851.000   152.000   73.892   -171.398
48.000   5745.000   800.000   129.000   73.948   -171.295
49.000   5349.000   776.000   158.000   74.003   -171.193
50.000   5164.000   749.000   158.000   74.058   -171.089
51.000   4896.000   770.000   144.000   74.113   -170.985
52.000   4862.000   713.000   147.000   74.168   -170.880
53.000   4694.000   769.000   153.000   74.223   -170.774
54.000   4689.000   689.000   132.000   74.278   -170.667
55.000   4645.000   677.000   144.000   74.333   -170.560
56.000   4591.000   666.000   138.000   74.388   -170.452
57.000   4596.000   637.000   140.000   74.443   -170.343
58.000   4497.000   687.000   147.000   74.498   -170.233
59.000   4381.000   654.000   133.000   74.553   -170.123
60.000   4120.000   662.000   159.000   74.607   -170.012
61.000   4073.000   652.000   138.000   74.662   -169.900
62.000   4224.000   644.000   139.000   74.716   -169.787
63.000   4202.000   654.000   155.000   74.771   -169.673
64.000   4131.000   672.000   149.000   74.825   -169.559
65.000   4005.000   665.000   147.000   74.880   -169.444
66.000   3997.000   618.000   137.000   74.934   -169.327
67.000   3982.000   608.000   129.000   74.988   -169.210
68.000   3912.000   646.000   136.000   75.042   -169.093
69.000   3672.000   644.000   135.000   75.096   -168.974
70.000   3877.000   662.000   157.000   75.151   -168.854
71.000   3963.000   603.000   157.000   75.204   -168.734
72.000   3925.000   608.000   119.000   75.258   -168.612
73.000   3888.000   645.000   141.000   75.312   -168.490
74.000   3719.000   626.000   143.000   75.366   -168.367
75.000   3504.000   623.000   152.000   75.420   -168.243
76.000   3525.000   621.000   142.000   75.473   -168.118
77.000   3348.000   621.000   129.000   75.527   -167.992
78.000   3288.000   605.000   133.000   75.580   -167.865
79.000   3380.000   564.000   129.000   75.634   -167.737
80.000   2994.000   673.000   137.000   75.687   -167.609
81.000   3022.000   582.000   128.000   75.740   -167.479
82.000   2941.000   589.000   171.000   75.793   -167.348
83.000   2884.000   648.000   141.000   75.847   -167.216
84.000   2813.000   636.000   136.000   75.900   -167.084
85.000   2758.000   574.000   147.000   75.953   -166.950
86.000   2901.000   646.000   155.000   76.005   -166.815
87.000   2835.000   576.000   152.000   76.058   -166.679
88.000   2863.000   596.000   133.000   76.111   -166.542
89.000   2982.000   629.000   154.000   76.164   -166.404
90.000   3099.000   616.000   146.000   76.216   -166.265
91.000   3006.000   616.000   160.000   76.268   -166.125
92.000   3048.000   601.000   133.000   76.321   -165.984
93.000   3077.000   605.000   136.000   76.373   -165.842
94.000   3008.000   602.000   136.000   76.425   -165.699
95.000   2956.000   598.000   141.000   76.477   -165.554
96.000   3120.000   632.000   162.000   76.529   -165.409
97.000   2898.000   555.000   106.000   76.581   -165.262
98.000   2954.000   558.000   132.000   76.633   -165.114
99.000   2888.000   584.000   136.000   76.685   -164.965
100.000   2883.000   620.000   141.000   76.737   -164.815
101.000   2819.000   597.000   160.000   76.788   -164.664
102.000   2741.000   626.000   150.000   76.840   -164.511
103.000   2801.000   563.000   151.000   76.891   -164.357
104.000   2761.000   613.000   144.000   76.942   -164.202
105.000   2749.000   579.000   188.000   76.994   -164.046
106.000   2604.000   593.000   155.000   77.045   -163.889
107.000   2698.000   652.000   166.000   77.096   -163.730
108.000   2556.000   595.000   143.000   77.146   -163.570
109.000   2593.000   641.000   155.000   77.197   -163.409
110.000   2639.000   595.000   166.000   77.248   -163.246
111.000   2586.000   602.000   164.000   77.298   -163.082
112.000   2651.000   588.000   168.000   77.349   -162.917
113.000   2730.000   608.000   135.000   77.399   -162.751
114.000   2554.000   626.000   128.000   77.450   -162.583
115.000   2481.000   588.000   153.000   77.500   -162.414
116.000   2124.000   636.000   168.000   77.550   -162.243
117.000   2104.000   641.000   171.000   77.600   -162.071
118.000   2049.000   615.000   141.000   77.649   -161.898
119.000   2136.000   608.000   146.000   77.699   -161.723
120.000   2164.000   592.000   148.000   77.749   -161.547
121.000   2371.000   630.000   161.000   77.798   -161.369
122.000   2332.000   597.000   147.000   77.847   -161.190
123.000   2232.000   589.000   162.000   77.897   -161.009
124.000   2310.000   593.000   161.000   77.946   -160.827
125.000   2319.000   595.000   144.000   77.995   -160.644
126.000   2419.000   589.000   147.000   78.043   -160.459
127.000   2521.000   594.000   166.000   78.092   -160.272
128.000   2259.000   639.000   133.000   78.141   -160.084
129.000   2316.000   618.000   134.000   78.189   -159.894
130.000   2181.000   588.000   153.000   78.237   -159.703
131.000   2069.000   589.000   142.000   78.286   -159.510
132.000   1910.000   605.000   144.000   78.334   -159.316
133.000   1834.000   549.000   175.000   78.381   -159.120
134.000   1679.000   625.000   158.000   78.429   -158.922
135.000   1791.000   627.000   131.000   78.477   -158.723
136.000   1807.000   611.000   156.000   78.524   -158.522
137.000   1773.000   634.000   152.000   78.572   -158.319
138.000   1774.000   598.000   147.000   78.619   -158.115
139.000   1687.000   623.000   132.000   78.666   -157.909
140.000   1821.000   595.000   155.000   78.713   -157.701
141.000   1740.000   646.000   160.000   78.759   -157.491
142.000   1706.000   645.000   154.000   78.806   -157.280
143.000   1731.000   604.000   140.000   78.852   -157.067
144.000   1772.000   623.000   167.000   78.899   -156.852
145.000   1728.000   612.000   160.000   78.945   -156.635
146.000   1739.000   597.000   134.000   78.991   -156.417
147.000   1702.000   619.000   159.000   79.036   -156.196
148.000   1706.000   611.000   153.000   79.082   -155.974
149.000   1625.000   573.000   141.000   79.127   -155.750
150.000   1716.000   595.000   149.000   79.173   -155.524
151.000   1713.000   590.000   156.000   79.218   -155.296
152.000   1681.000   579.000   135.000   79.263   -155.067
153.000   1705.000   610.000   137.000   79.308   -154.835
154.000   1651.000   641.000   158.000   79.352   -154.601
155.000   1710.000   612.000   151.000   79.396   -154.366
156.000   1643.000   563.000   145.000   79.441   -154.128
157.000   1619.000   635.000   163.000   79.485   -153.888
158.000   1564.000   595.000   145.000   79.529   -153.647
159.000   1511.000   601.000   151.000   79.572   -153.403
160.000   1639.000   636.000   140.000   79.616   -153.157
161.000   1580.000   644.000   159.000   79.659   -152.909
162.000   1561.000   557.000   148.000   79.702   -152.659
163.000   1472.000   603.000   144.000   79.745   -152.407
164.000   1490.000   570.000   151.000   79.787   -152.153
165.000   1517.000   610.000   141.000   79.830   -151.897
166.000   1536.000   613.000   167.000   79.872   -151.639
167.000   1588.000   558.000   144.000   79.914   -151.378
168.000   1550.000   631.000   178.000   79.956   -151.115
169.000   1540.000   615.000   137.000   79.998   -150.850
170.000   1577.000   627.000   140.000   80.039   -150.583
171.000   1551.000   585.000   144.000   80.080   -150.314
172.000   1540.000   614.000   140.000   80.121   -150.042
173.000   1549.000   605.000   137.000   80.162   -149.768
174.000   1554.000   591.000   149.000   80.202   -149.492
175.000   1502.000   616.000   141.000   80.242   -149.213
176.000   1560.000   623.000   128.000   80.282   -148.932
177.000   1560.000   559.000   144.000   80.322   -148.649
178.000   1536.000   569.000   150.000   80.362   -148.364
179.000   1535.000   632.000   145.000   80.401   -148.076
180.000   1536.000   575.000   160.000   80.440   -147.786
181.000   1578.000   613.000   149.000   80.479   -147.493
182.000   1428.000   628.000   161.000   80.517   -147.198
183.000   1537.000   609.000   168.000   80.556   -146.901
184.000   1446.000   598.000   145.000   80.594   -146.601
185.000   1499.000   603.000   162.000   80.632   -146.298
186.000   1508.000   611.000   193.000   80.669   -145.994
187.000   1522.000   556.000   154.000   80.706   -145.686
188.000   1473.000   574.000   157.000   80.743   -145.377
189.000   1392.000   598.000   148.000   80.780   -145.065
190.000   1409.000   537.000   143.000   80.816   -144.750
191.000   1493.000   540.000   126.000   80.852   -144.433
192.000   1554.000   617.000   130.000   80.888   -144.113
193.000   1380.000   594.000   150.000   80.924   -143.791
194.000   1473.000   597.000   129.000   80.959   -143.466
195.000   1455.000   595.000   147.000   80.994   -143.139
196.000   1411.000   601.000   180.000   81.029   -142.809
197.000   1447.000   618.000   156.000   81.063   -142.477
198.000   1464.000   575.000   159.000   81.097   -142.142
199.000   1501.000   602.000   139.000   81.131   -141.804
200.000   1455.000   586.000   148.000   81.164   -141.464
201.000   1469.000   552.000   139.000   81.197   -141.122
202.000   1429.000   566.000   157.000   81.230   -140.776
203.000   1438.000   595.000   153.000   81.263   -140.429
204.000   1413.000   541.000   150.000   81.295   -140.078
205.000   1496.000   594.000   149.000   81.327   -139.725
206.000   1435.000   597.000   155.000   81.358   -139.370
207.000   1386.000   620.000   151.000   81.389   -139.011
208.000   1379.000   603.000   159.000   81.420   -138.651
209.000   1411.000   600.000   150.000   81.450   -138.287
210.000   1391.000   597.000   144.000   81.481   -137.921
211.000   1372.000   595.000   127.000   81.510   -137.553
212.000   1361.000   618.000   135.000   81.540   -137.181
213.000   1349.000   602.000   132.000   81.569   -136.808
214.000   1395.000   601.000   153.000   81.597   -136.431
215.000   1426.000   592.000   150.000   81.626   -136.052
216.000   1355.000   577.000   146.000   81.654   -135.671
217.000   1372.000   624.000   147.000   81.681   -135.287
218.000   1411.000   613.000   158.000   81.708   -134.900
219.000   1405.000   568.000   157.000   81.735   -134.511
220.000   1338.000   546.000   166.000   81.762   -134.120
221.000   1406.000   607.000   155.000   81.788   -133.726
222.000   1380.000   598.000   138.000   81.813   -133.329
223.000   1384.000   595.000   156.000   81.838   -132.930
224.000   1382.000   598.000   137.000   81.863   -132.528
225.000   1422.000   594.000   157.000   81.888   -132.124
226.000   1400.000   581.000   131.000   81.912   -131.718
227.000   1312.000   639.000   139.000   81.935   -131.309
228.000   1380.000   644.000   113.000   81.958   -130.898
229.000   1356.000   572.000   142.000   81.981   -130.484
230.000   1375.000   557.000   160.000   82.004   -130.068
231.000   1415.000   553.000   159.000   82.025   -129.650
232.000   1416.000   617.000   153.000   82.047   -129.230
233.000   1351.000   552.000   133.000   82.068   -128.807
234.000   1291.000   584.000   139.000   82.089   -128.382
235.000   1460.000   594.000   150.000   82.109   -127.955
236.000   1303.000   588.000   142.000   82.129   -127.525
237.000   1335.000   578.000   130.000   82.148   -127.094
238.000   1352.000   584.000   148.000   82.167   -126.660
239.000   1337.000   586.000   147.000   82.185   -126.224
240.000   1218.000   608.000   166.000   82.203   -125.787
241.000   1331.000   609.000   133.000   82.220   -125.347
242.000   1332.000   617.000   162.000   82.237   -124.905
243.000   1333.000   562.000   156.000   82.254   -124.462
244.000   1268.000   570.000   142.000   82.270   -124.016
245.000   1310.000   599.000   151.000   82.286   -123.569
246.000   1282.000   542.000   151.000   82.301   -123.120
247.000   1270.000   614.000   150.000   82.315   -122.669
248.000   1286.000   597.000   145.000   82.329   -122.216
249.000   1301.000   591.000   140.000   82.343   -121.762
250.000   1274.000   569.000   161.000   82.356   -121.306
251.000   1343.000   600.000   168.000   82.369   -120.849
252.000   1239.000   587.000   151.000   82.381   -120.390
253.000   1224.000   573.000   165.000   82.393   -119.930
254.000   1255.000   564.000   165.000   82.404   -119.468
255.000   1234.000   562.000   156.000   82.415   -119.005
256.000   1250.000   582.000   149.000   82.425   -118.541
257.000   1259.000   623.000   155.000   82.435   -118.075
258.000   1260.000   573.000   162.000   82.444   -117.609
259.000   1318.000   608.000   145.000   82.453   -117.141
260.000   1283.000   582.000   145.000   82.461   -116.672
261.000   1275.000   599.000   161.000   82.469   -116.202
262.000   1235.000   582.000   139.000   82.476   -115.731
263.000   1290.000   549.000   140.000   82.482   -115.260
264.000   1303.000   583.000   148.000   82.489   -114.787
265.000   1291.000   574.000   145.000   82.494   -114.314
266.000   1216.000   608.000   146.000   82.499   -113.840
267.000   1219.000   625.000   135.000   82.504   -113.366
268.000   1281.000   583.000   154.000   82.508   -112.891
269.000   1279.000   617.000   147.000   82.512   -112.415
270.000   1235.000   573.000   173.000   82.515   -111.939
271.000   1244.000   619.000   154.000   82.517   -111.463
272.000   1235.000   613.000   173.000   82.519   -110.986
273.000   1249.000   578.000   160.000   82.521   -110.510
274.000   1273.000   635.000   168.000   82.522   -110.033
