Time range: [ 18:40:23.000  19:40:00.000 ]
Time range duration: 59.0 min, 37.0 sec
Longitude range: [ 111.0  132.0 ]
67223.000   2372.000   599.000   132.000   82.520   -45.831
67224.000   2370.000   585.000   140.000   82.520   -45.355
67225.000   2349.000   576.000   142.000   82.520   -44.878
67226.000   2405.000   536.000   132.000   82.519   -44.402
67227.000   2375.000   560.000   138.000   82.517   -43.926
67228.000   2277.000   578.000   155.000   82.515   -43.450
67229.000   2234.000   581.000   122.000   82.513   -42.974
67230.000   2278.000   562.000   137.000   82.510   -42.499
67231.000   2285.000   606.000   185.000   82.506   -42.024
67232.000   2238.000   573.000   116.000   82.502   -41.549
67233.000   2216.000   597.000   140.000   82.497   -41.075
67234.000   2294.000   595.000   132.000   82.492   -40.602
67235.000   2190.000   603.000   137.000   82.487   -40.130
67236.000   2214.000   558.000   153.000   82.480   -39.658
67237.000   2176.000   588.000   147.000   82.474   -39.187
67238.000   2083.000   594.000   122.000   82.467   -38.717
67239.000   2094.000   580.000   130.000   82.459   -38.248
67240.000   2105.000   586.000   144.000   82.451   -37.779
67241.000   2133.000   629.000   141.000   82.442   -37.312
67242.000   2042.000   570.000   147.000   82.433   -36.846
67243.000   2082.000   593.000   133.000   82.423   -36.381
67244.000   1987.000   571.000   147.000   82.413   -35.918
67245.000   2098.000   579.000   143.000   82.402   -35.455
67246.000   2054.000   623.000   139.000   82.391   -34.994
67247.000   2013.000   618.000   139.000   82.379   -34.535
67248.000   2104.000   563.000   149.000   82.367   -34.076
67249.000   2014.000   551.000   134.000   82.354   -33.620
67250.000   2054.000   568.000   141.000   82.341   -33.165
67251.000   1978.000   590.000   148.000   82.328   -32.711
67252.000   2014.000   563.000   136.000   82.313   -32.259
67253.000   1974.000   528.000   157.000   82.299   -31.809
67254.000   1936.000   595.000   123.000   82.284   -31.360
67255.000   1947.000   586.000   178.000   82.268   -30.914
67256.000   1902.000   540.000   147.000   82.252   -30.469
67257.000   1972.000   549.000   149.000   82.236   -30.026
67258.000   1990.000   601.000   170.000   82.219   -29.585
67259.000   1798.000   593.000   144.000   82.201   -29.146
67260.000   1836.000   576.000   138.000   82.183   -28.709
67261.000   1880.000   567.000   160.000   82.165   -28.273
67262.000   1911.000   539.000   134.000   82.146   -27.840
67263.000   1858.000   578.000   151.000   82.127   -27.409
67264.000   1839.000   563.000   160.000   82.107   -26.981
67265.000   1930.000   564.000   144.000   82.087   -26.554
67266.000   1831.000   607.000   190.000   82.067   -26.130
67267.000   1856.000   551.000   147.000   82.046   -25.707
67268.000   1802.000   550.000   150.000   82.024   -25.287
67269.000   1817.000   596.000   158.000   82.002   -24.870
67270.000   1882.000   585.000   135.000   81.980   -24.454
67271.000   1777.000   595.000   115.000   81.957   -24.041
67272.000   1853.000   591.000   155.000   81.934   -23.631
67273.000   1797.000   584.000   148.000   81.911   -23.222
67274.000   1779.000   582.000   140.000   81.887   -22.816
67275.000   1711.000   550.000   150.000   81.862   -22.413
67276.000   1703.000   615.000   142.000   81.837   -22.012
67277.000   1695.000   593.000   145.000   81.812   -21.613
67278.000   1698.000   573.000   164.000   81.787   -21.217
67279.000   1653.000   616.000   154.000   81.761   -20.824
67280.000   1656.000   549.000   134.000   81.734   -20.433
67281.000   1762.000   591.000   135.000   81.708   -20.044
67282.000   1691.000   563.000   143.000   81.680   -19.658
67283.000   1665.000   575.000   138.000   81.653   -19.274
67284.000   1689.000   582.000   153.000   81.625   -18.893
67285.000   1631.000   582.000   142.000   81.597   -18.515
67286.000   1623.000   594.000   145.000   81.568   -18.139
67287.000   1683.000   580.000   152.000   81.539   -17.766
67288.000   1634.000   565.000   156.000   81.510   -17.395
67289.000   1677.000   628.000   148.000   81.480   -17.027
67290.000   1558.000   596.000   167.000   81.450   -16.661
67291.000   1628.000   573.000   151.000   81.420   -16.298
67292.000   1617.000   605.000   129.000   81.389   -15.938
67293.000   1601.000   632.000   158.000   81.358   -15.580
67294.000   1585.000   567.000   146.000   81.327   -15.225
67295.000   1661.000   596.000   161.000   81.295   -14.872
67296.000   1562.000   570.000   146.000   81.263   -14.522
67297.000   1539.000   592.000   146.000   81.230   -14.175
67298.000   1556.000   589.000   158.000   81.198   -13.830
67299.000   1470.000   554.000   165.000   81.165   -13.488
67300.000   1523.000   601.000   140.000   81.131   -13.148
67301.000   1486.000   564.000   162.000   81.098   -12.811
67302.000   1456.000   597.000   152.000   81.064   -12.476
67303.000   1492.000   551.000   161.000   81.029   -12.144
67304.000   1388.000   596.000   165.000   80.995   -11.815
67305.000   1517.000   559.000   158.000   80.960   -11.488
67306.000   1447.000   560.000   114.000   80.925   -11.163
67307.000   1486.000   596.000   169.000   80.889   -10.842
67308.000   1449.000   585.000   160.000   80.853   -10.522
67309.000   1505.000   553.000   157.000   80.817   -10.205
67310.000   1406.000   537.000   157.000   80.781   -9.891
67311.000   1400.000   591.000   158.000   80.744   -9.579
67312.000   1368.000   623.000   162.000   80.707   -9.270
67313.000   1433.000   559.000   147.000   80.670   -8.963
67314.000   1399.000   515.000   148.000   80.633   -8.658
67315.000   1366.000   622.000   155.000   80.595   -8.356
67316.000   1474.000   584.000   152.000   80.557   -8.057
67317.000   1429.000   560.000   162.000   80.519   -7.760
67318.000   1380.000   581.000   173.000   80.481   -7.465
67319.000   1409.000   541.000   153.000   80.442   -7.173
67320.000   1317.000   567.000   135.000   80.403   -6.883
67321.000   1366.000   545.000   153.000   80.364   -6.595
67322.000   1398.000   594.000   140.000   80.324   -6.310
67323.000   1340.000   552.000   197.000   80.285   -6.027
67324.000   1289.000   532.000   151.000   80.245   -5.746
67325.000   1376.000   563.000   145.000   80.204   -5.468
67326.000   1383.000   573.000   149.000   80.164   -5.192
67327.000   1351.000   571.000   143.000   80.123   -4.918
67328.000   1383.000   602.000   119.000   80.083   -4.647
67329.000   1291.000   543.000   152.000   80.042   -4.377
67330.000   1288.000   547.000   136.000   80.000   -4.110
67331.000   1310.000   573.000   139.000   79.959   -3.846
67332.000   1325.000   560.000   159.000   79.917   -3.583
67333.000   1310.000   590.000   124.000   79.875   -3.323
67334.000   1308.000   559.000   133.000   79.833   -3.064
67335.000   1264.000   559.000   127.000   79.791   -2.808
67336.000   1302.000   587.000   141.000   79.748   -2.554
67337.000   1250.000   578.000   148.000   79.705   -2.302
67338.000   1307.000   604.000   137.000   79.662   -2.053
67339.000   1236.000   582.000   152.000   79.619   -1.805
67340.000   1289.000   577.000   142.000   79.576   -1.559
67341.000   1218.000   567.000   144.000   79.532   -1.316
67342.000   1305.000   622.000   149.000   79.489   -1.074
67343.000   1245.000   619.000   157.000   79.445   -0.835
67344.000   1249.000   579.000   144.000   79.400   -0.597
67345.000   1285.000   570.000   143.000   79.356   -0.362
67346.000   1186.000   543.000   151.000   79.312   -0.128
67347.000   1244.000   578.000   127.000   79.267   00.103
67348.000   1259.000   581.000   135.000   79.222   00.333
67349.000   1253.000   532.000   130.000   79.177   00.561
67350.000   1210.000   575.000   150.000   79.132   00.787
67351.000   1113.000   588.000   163.000   79.087   01.010
67352.000   1255.000   584.000   159.000   79.041   01.233
67353.000   1215.000   570.000   141.000   78.996   01.453
67354.000   1242.000   523.000   148.000   78.950   01.671
67355.000   1149.000   569.000   154.000   78.904   01.888
67356.000   1160.000   589.000   173.000   78.858   02.103
67357.000   1128.000   559.000   145.000   78.811   02.316
67358.000   1232.000   574.000   134.000   78.765   02.527
67359.000   1181.000   589.000   157.000   78.718   02.736
67360.000   1129.000   534.000   153.000   78.671   02.944
67361.000   1124.000   596.000   126.000   78.624   03.150
67362.000   1174.000   591.000   164.000   78.577   03.354
67363.000   1152.000   564.000   149.000   78.530   03.557
67364.000   1195.000   580.000   158.000   78.483   03.758
67365.000   1130.000   580.000   138.000   78.435   03.957
67366.000   1196.000   566.000   153.000   78.388   04.155
67367.000   1141.000   548.000   145.000   78.340   04.351
67368.000   1155.000   583.000   158.000   78.292   04.545
67369.000   1174.000   614.000   156.000   78.244   04.738
67370.000   1185.000   543.000   140.000   78.196   04.929
67371.000   1136.000   553.000   157.000   78.147   05.119
67372.000   1184.000   580.000   152.000   78.099   05.307
67373.000   1174.000   563.000   157.000   78.050   05.493
67374.000   1210.000   585.000   145.000   78.002   05.678
67375.000   1166.000   627.000   128.000   77.953   05.862
67376.000   1144.000   587.000   144.000   77.904   06.044
67377.000   1125.000   594.000   138.000   77.855   06.224
67378.000   1191.000   562.000   138.000   77.805   06.403
67379.000   1111.000   587.000   141.000   77.756   06.581
67380.000   1177.000   581.000   148.000   77.707   06.757
67381.000   1097.000   520.000   157.000   77.657   06.932
67382.000   1143.000   540.000   148.000   77.607   07.105
67383.000   1091.000   558.000   124.000   77.558   07.277
67384.000   1129.000   540.000   155.000   77.508   07.448
67385.000   1125.000   589.000   146.000   77.458   07.617
67386.000   1127.000   614.000   161.000   77.408   07.785
67387.000   1168.000   578.000   134.000   77.357   07.951
67388.000   1115.000   532.000   175.000   77.307   08.116
67389.000   1159.000   593.000   163.000   77.257   08.280
67390.000   1154.000   578.000   154.000   77.206   08.443
67391.000   1139.000   591.000   166.000   77.155   08.604
67392.000   1124.000   543.000   141.000   77.105   08.764
67393.000   1173.000   557.000   135.000   77.054   08.923
67394.000   1117.000   642.000   156.000   77.003   09.080
67395.000   1091.000   575.000   147.000   76.952   09.236
67396.000   1138.000   595.000   163.000   76.901   09.391
67397.000   1069.000   573.000   152.000   76.849   09.545
67398.000   1144.000   564.000   162.000   76.798   09.697
67399.000   1144.000   599.000   150.000   76.746   09.849
67400.000   1154.000   656.000   159.000   76.695   09.999
67401.000   1142.000   603.000   154.000   76.643   10.148
67402.000   1094.000   568.000   150.000   76.592   10.296
67403.000   1183.000   590.000   156.000   76.540   10.442
67404.000   1173.000   568.000   127.000   76.488   10.588
67405.000   1104.000   552.000   152.000   76.436   10.732
67406.000   1124.000   593.000   142.000   76.384   10.876
67407.000   1165.000   544.000   143.000   76.332   11.018
67408.000   1170.000   552.000   156.000   76.279   11.159
67409.000   1081.000   535.000   159.000   76.227   11.299
67410.000   1126.000   527.000   159.000   76.175   11.438
67411.000   1100.000   569.000   136.000   76.122   11.576
67412.000   1106.000   506.000   149.000   76.069   11.713
67413.000   1107.000   552.000   146.000   76.017   11.849
67414.000   1119.000   588.000   150.000   75.964   11.983
67415.000   1155.000   559.000   146.000   75.911   12.117
67416.000   1191.000   592.000   144.000   75.858   12.250
67417.000   1203.000   584.000   124.000   75.805   12.382
67418.000   1168.000   573.000   155.000   75.752   12.512
67419.000   1144.000   563.000   130.000   75.699   12.642
67420.000   1113.000   556.000   138.000   75.646   12.771
67421.000   1171.000   578.000   138.000   75.593   12.899
67422.000   1166.000   591.000   146.000   75.539   13.026
67423.000   1110.000   584.000   178.000   75.486   13.152
67424.000   1132.000   602.000   146.000   75.432   13.277
67425.000   1194.000   607.000   174.000   75.379   13.401
67426.000   1144.000   594.000   143.000   75.325   13.524
67427.000   1152.000   605.000   164.000   75.271   13.646
67428.000   1160.000   601.000   153.000   75.218   13.768
67429.000   1089.000   589.000   154.000   75.164   13.888
67430.000   1161.000   572.000   152.000   75.110   14.008
67431.000   1181.000   595.000   135.000   75.056   14.126
67432.000   1165.000   621.000   126.000   75.002   14.244
67433.000   1172.000   567.000   155.000   74.948   14.361
67434.000   1156.000   599.000   151.000   74.894   14.477
67435.000   1196.000   633.000   159.000   74.839   14.593
67436.000   1181.000   615.000   151.000   74.785   14.707
67437.000   1191.000   577.000   145.000   74.731   14.821
67438.000   1201.000   583.000   144.000   74.676   14.934
67439.000   1222.000   591.000   163.000   74.622   15.046
67440.000   1406.000   618.000   139.000   74.567   15.157
67441.000   1997.000   578.000   142.000   74.513   15.267
67442.000   1634.000   599.000   139.000   74.458   15.377
67443.000   1576.000   558.000   178.000   74.403   15.486
67444.000   1504.000   611.000   155.000   74.349   15.594
67445.000   1523.000   585.000   158.000   74.294   15.701
67446.000   1567.000   609.000   165.000   74.239   15.808
67447.000   1470.000   546.000   142.000   74.184   15.914
67448.000   1277.000   547.000   152.000   74.129   16.019
67449.000   1266.000   561.000   161.000   74.074   16.123
67450.000   1369.000   596.000   163.000   74.019   16.227
67451.000   1268.000   563.000   146.000   73.964   16.330
67452.000   1610.000   554.000   128.000   73.908   16.432
67453.000   1826.000   523.000   131.000   73.853   16.533
67454.000   1389.000   592.000   144.000   73.798   16.634
67455.000   1202.000   632.000   123.000   73.742   16.734
67456.000   1231.000   573.000   150.000   73.687   16.833
67457.000   1201.000   572.000   148.000   73.632   16.932
67458.000   1179.000   623.000   146.000   73.576   17.030
67459.000   1226.000   595.000   157.000   73.520   17.127
67460.000   1210.000   584.000   156.000   73.465   17.224
67461.000   1446.000   556.000   144.000   73.409   17.320
67462.000   1459.000   581.000   156.000   73.353   17.416
67463.000   1447.000   618.000   150.000   73.298   17.510
67464.000   1584.000   577.000   151.000   73.242   17.604
67465.000   1575.000   606.000   142.000   73.186   17.698
67466.000   1399.000   581.000   148.000   73.130   17.791
67467.000   1351.000   633.000   175.000   73.074   17.883
67468.000   1212.000   586.000   152.000   73.018   17.975
67469.000   1183.000   562.000   151.000   72.962   18.066
67470.000   1205.000   609.000   150.000   72.906   18.156
67471.000   1343.000   598.000   164.000   72.850   18.246
67472.000   1303.000   604.000   147.000   72.794   18.335
67473.000   1236.000   610.000   117.000   72.738   18.424
67474.000   1300.000   545.000   153.000   72.681   18.512
67475.000   1277.000   616.000   148.000   72.625   18.599
67476.000   1264.000   588.000   150.000   72.569   18.686
67477.000   1272.000   579.000   143.000   72.512   18.772
67478.000   1203.000   584.000   152.000   72.456   18.858
67479.000   1207.000   539.000   158.000   72.400   18.943
67480.000   1300.000   609.000   143.000   72.343   19.028
67481.000   1303.000   601.000   147.000   72.286   19.112
67482.000   1258.000   653.000   147.000   72.230   19.195
67483.000   1233.000   550.000   151.000   72.173   19.278
67484.000   1248.000   554.000   137.000   72.117   19.361
67485.000   1231.000   635.000   133.000   72.060   19.443
67486.000   1275.000   604.000   124.000   72.003   19.524
67487.000   1245.000   611.000   158.000   71.946   19.605
67488.000   1266.000   600.000   143.000   71.890   19.685
67489.000   1314.000   554.000   169.000   71.833   19.765
67490.000   1279.000   635.000   157.000   71.776   19.845
67491.000   1263.000   563.000   149.000   71.719   19.923
67492.000   1305.000   630.000   160.000   71.662   20.002
67493.000   1232.000   585.000   148.000   71.605   20.080
67494.000   1238.000   621.000   137.000   71.548   20.157
67495.000   1258.000   566.000   151.000   71.491   20.234
67496.000   1267.000   579.000   132.000   71.434   20.310
67497.000   1281.000   573.000   156.000   71.377   20.386
67498.000   1300.000   567.000   161.000   71.320   20.462
67499.000   1305.000   568.000   182.000   71.262   20.537
67500.000   1365.000   602.000   141.000   71.205   20.611
67501.000   1349.000   620.000   142.000   71.148   20.685
67502.000   1419.000   546.000   157.000   71.091   20.759
67503.000   1366.000   589.000   140.000   71.033   20.832
67504.000   1438.000   609.000   141.000   70.976   20.905
67505.000   1402.000   600.000   159.000   70.919   20.977
67506.000   1330.000   571.000   136.000   70.861   21.049
67507.000   1364.000   582.000   155.000   70.804   21.120
67508.000   1405.000   574.000   169.000   70.746   21.191
67509.000   1333.000   597.000   164.000   70.689   21.261
67510.000   1382.000   610.000   139.000   70.631   21.332
67511.000   1435.000   577.000   139.000   70.574   21.401
67512.000   1466.000   571.000   136.000   70.516   21.470
67513.000   1459.000   578.000   148.000   70.458   21.539
67514.000   1474.000   580.000   132.000   70.401   21.608
67515.000   1610.000   568.000   144.000   70.343   21.676
67516.000   2453.000   559.000   145.000   70.285   21.743
67517.000   2000.000   600.000   151.000   70.228   21.811
67518.000   2189.000   647.000   155.000   70.170   21.877
67519.000   1841.000   613.000   141.000   70.112   21.944
67520.000   2488.000   633.000   137.000   70.054   22.010
67521.000   2726.000   680.000   155.000   69.996   22.075
67522.000   4276.000   718.000   152.000   69.938   22.141
67523.000   4277.000   799.000   172.000   69.880   22.205
67524.000   3756.000   746.000   141.000   69.823   22.270
67525.000   6726.000   920.000   176.000   69.765   22.334
67526.000   8811.000   998.000   161.000   69.707   22.398
67527.000   11203.000   1567.000   163.000   69.649   22.461
67528.000   14637.000   1620.000   167.000   69.591   22.524
67529.000   13817.000   1671.000   195.000   69.532   22.587
67530.000   16697.000   2433.000   216.000   69.474   22.649
67531.000   15593.000   2694.000   195.000   69.416   22.711
67532.000   24743.000   3333.000   195.000   69.358   22.772
67533.000   31492.000   5010.000   233.000   69.300   22.834
67534.000   34924.000   7553.000   293.000   69.242   22.894
67535.000   23681.000   7654.000   571.000   69.183   22.955
67536.000   15533.000   5793.000   659.000   69.125   23.015
67537.000   4629.000   2035.000   467.000   69.067   23.075
67538.000   5106.000   2396.000   475.000   69.009   23.134
67539.000   6822.000   4569.000   1191.000   68.950   23.193
67540.000   7753.000   5826.000   1635.000   68.892   23.252
67541.000   8072.000   5657.000   1662.000   68.834   23.311
67542.000   8424.000   6554.000   1780.000   68.775   23.369
67543.000   8836.000   7692.000   2297.000   68.717   23.427
67544.000   6821.000   5305.000   1539.000   68.658   23.484
67545.000   6358.000   3401.000   854.000   68.600   23.541
67546.000   6420.000   2723.000   727.000   68.541   23.598
67547.000   6622.000   2712.000   718.000   68.483   23.655
67548.000   6031.000   2232.000   522.000   68.424   23.711
67549.000   5599.000   2199.000   494.000   68.366   23.767
67550.000   5228.000   2084.000   502.000   68.307   23.822
67551.000   5849.000   2121.000   390.000   68.249   23.878
67552.000   6120.000   2244.000   404.000   68.190   23.933
67553.000   6228.000   2422.000   450.000   68.131   23.987
67554.000   7833.000   3023.000   517.000   68.073   24.042
67555.000   10012.000   3596.000   584.000   68.014   24.096
67556.000   9750.000   3822.000   623.000   67.955   24.150
67557.000   8787.000   3433.000   536.000   67.897   24.203
67558.000   9670.000   3459.000   436.000   67.838   24.256
67559.000   7854.000   2576.000   449.000   67.779   24.309
67560.000   6453.000   2520.000   483.000   67.720   24.362
67561.000   5977.000   2636.000   517.000   67.662   24.414
67562.000   7147.000   3227.000   542.000   67.603   24.466
67563.000   8249.000   3869.000   684.000   67.544   24.518
67564.000   7412.000   3275.000   580.000   67.485   24.570
67565.000   7903.000   3893.000   693.000   67.426   24.621
67566.000   8325.000   4241.000   772.000   67.367   24.672
67567.000   9327.000   4839.000   830.000   67.308   24.723
67568.000   10243.000   5743.000   1020.000   67.250   24.773
67569.000   11724.000   6670.000   1118.000   67.191   24.823
67570.000   14124.000   7164.000   1141.000   67.132   24.873
67571.000   15382.000   7499.000   1057.000   67.073   24.923
67572.000   15475.000   7082.000   1112.000   67.014   24.972
67573.000   10324.000   4546.000   690.000   66.955   25.021
67574.000   7936.000   4100.000   657.000   66.896   25.070
67575.000   8404.000   4587.000   761.000   66.837   25.119
67576.000   9339.000   5466.000   906.000   66.777   25.167
67577.000   9860.000   5782.000   1105.000   66.718   25.215
67578.000   10384.000   6071.000   1012.000   66.659   25.263
67579.000   11070.000   6521.000   1051.000   66.600   25.311
67580.000   12980.000   7014.000   1062.000   66.541   25.358
67581.000   11679.000   6265.000   949.000   66.482   25.405
67582.000   10622.000   6210.000   974.000   66.423   25.452
67583.000   13139.000   7591.000   1097.000   66.363   25.499
67584.000   14589.000   8509.000   1266.000   66.304   25.545
67585.000   16753.000   9585.000   1312.000   66.245   25.591
67586.000   18854.000   10338.000   1483.000   66.186   25.637
67587.000   12878.000   6398.000   908.000   66.126   25.683
67588.000   11844.000   6445.000   988.000   66.067   25.728
67589.000   10544.000   6488.000   952.000   66.008   25.773
67590.000   9402.000   4628.000   613.000   65.949   25.818
67591.000   8178.000   3525.000   379.000   65.889   25.863
67592.000   6389.000   2495.000   282.000   65.830   25.908
67593.000   3162.000   1137.000   213.000   65.770   25.952
67594.000   2793.000   1052.000   191.000   65.711   25.996
67595.000   3452.000   1319.000   209.000   65.652   26.040
67596.000   3510.000   1463.000   228.000   65.592   26.083
67597.000   3432.000   1420.000   227.000   65.533   26.127
67598.000   3642.000   1530.000   258.000   65.473   26.170
67599.000   3149.000   1559.000   268.000   65.414   26.213
67600.000   3079.000   1618.000   289.000   65.355   26.256
67601.000   3282.000   1741.000   313.000   65.295   26.298
67602.000   3674.000   1902.000   335.000   65.236   26.341
67603.000   3963.000   2163.000   329.000   65.176   26.383
67604.000   4013.000   2112.000   337.000   65.117   26.425
67605.000   4416.000   2371.000   349.000   65.057   26.467
67606.000   4820.000   2442.000   354.000   64.997   26.508
67607.000   5043.000   2641.000   315.000   64.938   26.550
67608.000   5442.000   2583.000   317.000   64.878   26.591
67609.000   6580.000   2825.000   336.000   64.819   26.632
67610.000   6908.000   2838.000   317.000   64.759   26.672
67611.000   6946.000   2717.000   314.000   64.699   26.713
67612.000   6720.000   2581.000   310.000   64.640   26.753
67613.000   6378.000   2347.000   293.000   64.580   26.793
67614.000   5983.000   2175.000   273.000   64.520   26.833
67615.000   5483.000   2042.000   239.000   64.461   26.873
67616.000   5429.000   1914.000   269.000   64.401   26.913
67617.000   5431.000   1864.000   252.000   64.341   26.952
67618.000   5248.000   1731.000   235.000   64.282   26.991
67619.000   4975.000   1501.000   218.000   64.222   27.030
67620.000   4018.000   1260.000   204.000   64.162   27.069
67621.000   3982.000   1204.000   203.000   64.102   27.108
67622.000   3899.000   1187.000   201.000   64.043   27.146
67623.000   4331.000   1259.000   175.000   63.983   27.184
67624.000   4000.000   1085.000   172.000   63.923   27.222
67625.000   3577.000   1097.000   176.000   63.863   27.260
67626.000   3668.000   1080.000   177.000   63.803   27.298
67627.000   3602.000   1041.000   181.000   63.744   27.336
67628.000   3523.000   970.000   177.000   63.684   27.373
67629.000   3358.000   923.000   191.000   63.624   27.410
67630.000   3254.000   928.000   196.000   63.564   27.447
67631.000   2811.000   854.000   162.000   63.504   27.484
67632.000   2701.000   851.000   170.000   63.444   27.521
67633.000   2587.000   789.000   173.000   63.384   27.557
67634.000   2376.000   798.000   131.000   63.324   27.594
67635.000   2333.000   767.000   158.000   63.264   27.630
67636.000   2266.000   746.000   164.000   63.205   27.666
67637.000   2203.000   728.000   159.000   63.145   27.702
67638.000   2199.000   750.000   178.000   63.085   27.737
67639.000   2047.000   741.000   138.000   63.025   27.773
67640.000   1763.000   682.000   166.000   62.965   27.808
67641.000   1645.000   678.000   155.000   62.905   27.843
67642.000   1515.000   675.000   160.000   62.845   27.878
67643.000   1555.000   680.000   166.000   62.785   27.913
67644.000   1478.000   639.000   158.000   62.725   27.948
67645.000   1410.000   600.000   135.000   62.664   27.982
67646.000   1434.000   689.000   168.000   62.604   28.017
67647.000   1422.000   661.000   180.000   62.544   28.051
67648.000   1393.000   589.000   152.000   62.484   28.085
67649.000   1267.000   601.000   150.000   62.424   28.119
67650.000   1297.000   634.000   163.000   62.364   28.153
67651.000   1281.000   625.000   151.000   62.304   28.186
67652.000   1321.000   598.000   150.000   62.244   28.220
67653.000   1232.000   643.000   158.000   62.184   28.253
67654.000   1203.000   695.000   148.000   62.124   28.286
67655.000   1217.000   589.000   143.000   62.063   28.319
67656.000   1226.000   599.000   148.000   62.003   28.352
67657.000   1198.000   608.000   140.000   61.943   28.385
67658.000   1275.000   621.000   151.000   61.883   28.418
67659.000   1233.000   590.000   140.000   61.823   28.450
67660.000   1138.000   624.000   144.000   61.763   28.482
67661.000   1196.000   599.000   151.000   61.702   28.515
67662.000   1178.000   583.000   157.000   61.642   28.547
67663.000   1236.000   619.000   180.000   61.582   28.578
67664.000   1211.000   623.000   131.000   61.522   28.610
67665.000   1203.000   587.000   162.000   61.461   28.642
67666.000   1232.000   613.000   155.000   61.401   28.673
67667.000   1220.000   602.000   159.000   61.341   28.705
67668.000   1144.000   641.000   171.000   61.281   28.736
67669.000   1199.000   627.000   167.000   61.220   28.767
67670.000   1181.000   594.000   150.000   61.160   28.798
67671.000   1178.000   636.000   184.000   61.100   28.828
67672.000   1182.000   606.000   137.000   61.039   28.859
67673.000   1172.000   624.000   144.000   60.979   28.890
67674.000   1100.000   586.000   142.000   60.919   28.920
67675.000   1124.000   621.000   142.000   60.858   28.950
67676.000   1121.000   577.000   161.000   60.798   28.980
67677.000   1120.000   569.000   168.000   60.738   29.010
67678.000   1153.000   568.000   143.000   60.677   29.040
67679.000   1163.000   587.000   153.000   60.617   29.070
67680.000   1145.000   619.000   165.000   60.556   29.100
67681.000   1154.000   635.000   144.000   60.496   29.129
67682.000   1088.000   584.000   146.000   60.436   29.158
67683.000   1147.000   616.000   169.000   60.375   29.188
67684.000   1187.000   596.000   151.000   60.315   29.217
67685.000   1114.000   589.000   150.000   60.254   29.246
67686.000   1100.000   619.000   140.000   60.194   29.275
67687.000   1094.000   576.000   158.000   60.133   29.303
67688.000   1100.000   551.000   175.000   60.073   29.332
67689.000   1149.000   592.000   145.000   60.012   29.361
67690.000   1082.000   573.000   142.000   59.952   29.389
67691.000   1085.000   573.000   145.000   59.891   29.417
67692.000   1119.000   615.000   157.000   59.831   29.445
67693.000   1090.000   597.000   173.000   59.770   29.473
67694.000   1155.000   575.000   174.000   59.710   29.501
67695.000   1148.000   618.000   164.000   59.649   29.529
67696.000   1041.000   560.000   165.000   59.589   29.557
67697.000   1077.000   607.000   136.000   59.528   29.584
67698.000   1129.000   607.000   167.000   59.468   29.612
67699.000   1133.000   615.000   151.000   59.407   29.639
67700.000   1081.000   592.000   151.000   59.347   29.667
67701.000   1120.000   576.000   159.000   59.286   29.694
67702.000   1097.000   583.000   147.000   59.226   29.721
67703.000   1111.000   554.000   130.000   59.165   29.748
67704.000   1081.000   576.000   170.000   59.104   29.774
67705.000   1096.000   552.000   163.000   59.044   29.801
67706.000   1096.000   614.000   165.000   58.983   29.828
67707.000   1066.000   611.000   164.000   58.923   29.854
67708.000   1072.000   586.000   148.000   58.862   29.880
67709.000   1013.000   578.000   143.000   58.801   29.907
67710.000   1077.000   585.000   150.000   58.741   29.933
67711.000   1066.000   601.000   154.000   58.680   29.959
67712.000   1136.000   589.000   144.000   58.619   29.985
67713.000   1135.000   588.000   159.000   58.559   30.011
67714.000   1066.000   576.000   144.000   58.498   30.036
67715.000   1064.000   586.000   165.000   58.437   30.062
67716.000   1110.000   573.000   133.000   58.377   30.088
67717.000   1033.000   584.000   159.000   58.316   30.113
67718.000   1055.000   581.000   150.000   58.255   30.138
67719.000   1087.000   577.000   119.000   58.195   30.164
67720.000   994.000   573.000   149.000   58.134   30.189
67721.000   1069.000   540.000   157.000   58.073   30.214
67722.000   1096.000   558.000   165.000   58.012   30.239
67723.000   1038.000   582.000   153.000   57.952   30.263
67724.000   1028.000   598.000   129.000   57.891   30.288
67725.000   1043.000   544.000   146.000   57.830   30.313
67726.000   1063.000   586.000   142.000   57.769   30.337
67727.000   1100.000   585.000   120.000   57.709   30.362
67728.000   1001.000   533.000   149.000   57.648   30.386
67729.000   1081.000   551.000   139.000   57.587   30.410
67730.000   1041.000   555.000   136.000   57.526   30.434
67731.000   1046.000   565.000   151.000   57.466   30.459
67732.000   1021.000   558.000   134.000   57.405   30.483
67733.000   1036.000   605.000   162.000   57.344   30.506
67734.000   975.000   581.000   148.000   57.283   30.530
67735.000   1079.000   555.000   130.000   57.222   30.554
67736.000   1049.000   522.000   149.000   57.161   30.577
67737.000   1003.000   547.000   149.000   57.101   30.601
67738.000   1048.000   565.000   132.000   57.040   30.624
67739.000   995.000   565.000   118.000   56.979   30.648
67740.000   1064.000   569.000   149.000   56.918   30.671
67741.000   1071.000   537.000   133.000   56.857   30.694
67742.000   1073.000   571.000   149.000   56.796   30.717
67743.000   1026.000   586.000   147.000   56.736   30.740
67744.000   1022.000   575.000   161.000   56.675   30.763
67745.000   1045.000   599.000   153.000   56.614   30.786
67746.000   1010.000   529.000   134.000   56.553   30.808
67747.000   1039.000   558.000   162.000   56.492   30.831
67748.000   1095.000   571.000   130.000   56.431   30.854
67749.000   1058.000   515.000   148.000   56.370   30.876
67750.000   1078.000   550.000   149.000   56.309   30.898
67751.000   1075.000   535.000   146.000   56.248   30.921
67752.000   1079.000   545.000   134.000   56.187   30.943
67753.000   1078.000   554.000   138.000   56.126   30.965
67754.000   1047.000   537.000   139.000   56.066   30.987
67755.000   1089.000   564.000   152.000   56.005   31.009
67756.000   1112.000   541.000   142.000   55.944   31.031
67757.000   1140.000   558.000   137.000   55.883   31.053
67758.000   1098.000   509.000   153.000   55.822   31.074
67759.000   1063.000   571.000   143.000   55.761   31.096
67760.000   1070.000   566.000   131.000   55.700   31.117
67761.000   1094.000   533.000   114.000   55.639   31.139
67762.000   1091.000   559.000   149.000   55.578   31.160
67763.000   1102.000   557.000   126.000   55.517   31.182
67764.000   1148.000   587.000   156.000   55.456   31.203
67765.000   1129.000   557.000   149.000   55.395   31.224
67766.000   1069.000   568.000   125.000   55.334   31.245
67767.000   1105.000   537.000   141.000   55.273   31.266
67768.000   1167.000   523.000   138.000   55.212   31.287
67769.000   1026.000   567.000   123.000   55.151   31.308
67770.000   1099.000   522.000   125.000   55.090   31.329
67771.000   1055.000   519.000   117.000   55.029   31.349
67772.000   1145.000   522.000   141.000   54.968   31.370
67773.000   1134.000   543.000   152.000   54.907   31.390
67774.000   1101.000   505.000   149.000   54.846   31.411
67775.000   1136.000   534.000   147.000   54.785   31.431
67776.000   1149.000   568.000   126.000   54.723   31.452
67777.000   1085.000   573.000   134.000   54.662   31.472
67778.000   1151.000   573.000   127.000   54.601   31.492
67779.000   1125.000   534.000   145.000   54.540   31.512
67780.000   1116.000   484.000   165.000   54.479   31.532
67781.000   1168.000   535.000   152.000   54.418   31.552
67782.000   1037.000   537.000   151.000   54.357   31.572
67783.000   1083.000   515.000   141.000   54.296   31.592
67784.000   1065.000   517.000   147.000   54.235   31.611
67785.000   1030.000   544.000   146.000   54.174   31.631
67786.000   1007.000   543.000   130.000   54.113   31.651
67787.000   1048.000   511.000   128.000   54.051   31.670
67788.000   1025.000   530.000   133.000   53.990   31.690
67789.000   1047.000   521.000   141.000   53.929   31.709
67790.000   1044.000   506.000   153.000   53.868   31.728
67791.000   988.000   504.000   152.000   53.807   31.748
67792.000   1024.000   532.000   141.000   53.746   31.767
67793.000   1030.000   573.000   121.000   53.685   31.786
67794.000   1032.000   530.000   128.000   53.623   31.805
67795.000   1068.000   521.000   135.000   53.562   31.824
67796.000   1018.000   515.000   140.000   53.501   31.843
67797.000   1033.000   520.000   154.000   53.440   31.862
67798.000   1047.000   530.000   127.000   53.379   31.880
67799.000   963.000   503.000   123.000   53.318   31.899
67800.000   1007.000   536.000   143.000   53.256   31.918
67801.000   952.000   479.000   115.000   53.195   31.936
67802.000   960.000   491.000   128.000   53.134   31.955
67803.000   1021.000   511.000   144.000   53.073   31.973
67804.000   1035.000   469.000   140.000   53.012   31.992
67805.000   988.000   525.000   127.000   52.950   32.010
67806.000   973.000   486.000   120.000   52.889   32.028
67807.000   1001.000   520.000   165.000   52.828   32.046
67808.000   976.000   489.000   151.000   52.767   32.065
67809.000   998.000   507.000   125.000   52.706   32.083
67810.000   1037.000   530.000   120.000   52.644   32.101
67811.000   990.000   491.000   126.000   52.583   32.119
67812.000   975.000   494.000   117.000   52.522   32.137
67813.000   906.000   514.000   124.000   52.461   32.154
67814.000   908.000   501.000   127.000   52.399   32.172
67815.000   914.000   513.000   118.000   52.338   32.190
67816.000   964.000   506.000   158.000   52.277   32.207
67817.000   911.000   522.000   131.000   52.216   32.225
67818.000   950.000   539.000   121.000   52.154   32.243
67819.000   998.000   501.000   128.000   52.093   32.260
67820.000   928.000   472.000   129.000   52.032   32.277
67821.000   968.000   524.000   151.000   51.970   32.295
67822.000   982.000   483.000   141.000   51.909   32.312
67823.000   966.000   508.000   133.000   51.848   32.329
67824.000   930.000   533.000   136.000   51.787   32.346
67825.000   905.000   508.000   145.000   51.725   32.364
67826.000   890.000   507.000   115.000   51.664   32.381
67827.000   939.000   509.000   128.000   51.603   32.398
67828.000   877.000   516.000   121.000   51.541   32.415
67829.000   929.000   501.000   118.000   51.480   32.431
67830.000   921.000   553.000   134.000   51.419   32.448
67831.000   886.000   491.000   130.000   51.357   32.465
67832.000   909.000   485.000   114.000   51.296   32.482
67833.000   865.000   513.000   134.000   51.235   32.498
67834.000   890.000   516.000   135.000   51.173   32.515
67835.000   911.000   500.000   145.000   51.112   32.532
67836.000   881.000   497.000   131.000   51.051   32.548
67837.000   925.000   492.000   138.000   50.989   32.565
67838.000   891.000   522.000   133.000   50.928   32.581
67839.000   891.000   499.000   118.000   50.867   32.597
67840.000   911.000   483.000   118.000   50.805   32.614
67841.000   893.000   514.000   129.000   50.744   32.630
67842.000   870.000   479.000   131.000   50.683   32.646
67843.000   853.000   487.000   122.000   50.621   32.662
67844.000   904.000   506.000   118.000   50.560   32.678
67845.000   867.000   467.000   119.000   50.498   32.694
67846.000   861.000   493.000   108.000   50.437   32.710
67847.000   866.000   536.000   114.000   50.376   32.726
67848.000   899.000   427.000   131.000   50.314   32.742
67849.000   811.000   457.000   128.000   50.253   32.758
67850.000   820.000   524.000   99.000   50.191   32.773
67851.000   876.000   467.000   138.000   50.130   32.789
67852.000   895.000   486.000   132.000   50.069   32.805
67853.000   857.000   525.000   142.000   50.007   32.820
67854.000   889.000   454.000   134.000   49.946   32.836
67855.000   875.000   489.000   122.000   49.884   32.851
67856.000   895.000   475.000   132.000   49.823   32.867
67857.000   825.000   444.000   109.000   49.762   32.882
67858.000   862.000   448.000   127.000   49.700   32.898
67859.000   865.000   494.000   115.000   49.639   32.913
67860.000   886.000   499.000   131.000   49.577   32.928
67861.000   795.000   473.000   112.000   49.516   32.943
67862.000   886.000   447.000   122.000   49.454   32.959
67863.000   823.000   471.000   127.000   49.393   32.974
67864.000   895.000   425.000   121.000   49.331   32.989
67865.000   883.000   426.000   114.000   49.270   33.004
67866.000   893.000   457.000   123.000   49.208   33.019
67867.000   825.000   471.000   125.000   49.147   33.034
67868.000   862.000   444.000   121.000   49.086   33.048
67869.000   883.000   435.000   105.000   49.024   33.063
67870.000   809.000   511.000   122.000   48.963   33.078
67871.000   860.000   492.000   118.000   48.901   33.093
67872.000   870.000   496.000   95.000   48.840   33.107
67873.000   836.000   473.000   111.000   48.778   33.122
67874.000   864.000   456.000   122.000   48.717   33.137
67875.000   839.000   447.000   117.000   48.655   33.151
67876.000   848.000   447.000   117.000   48.594   33.166
67877.000   793.000   479.000   134.000   48.532   33.180
67878.000   847.000   450.000   116.000   48.471   33.195
67879.000   885.000   470.000   107.000   48.409   33.209
67880.000   823.000   514.000   118.000   48.348   33.223
67881.000   843.000   421.000   125.000   48.286   33.238
67882.000   799.000   446.000   115.000   48.225   33.252
67883.000   834.000   447.000   108.000   48.163   33.266
67884.000   830.000   420.000   144.000   48.102   33.280
67885.000   878.000   449.000   121.000   48.040   33.294
67886.000   848.000   426.000   121.000   47.978   33.308
67887.000   840.000   467.000   112.000   47.917   33.322
67888.000   886.000   472.000   114.000   47.855   33.336
67889.000   855.000   393.000   132.000   47.794   33.350
67890.000   761.000   442.000   127.000   47.732   33.364
67891.000   825.000   497.000   125.000   47.671   33.378
67892.000   806.000   417.000   113.000   47.609   33.392
67893.000   851.000   429.000   117.000   47.548   33.405
67894.000   808.000   450.000   118.000   47.486   33.419
67895.000   845.000   419.000   131.000   47.425   33.433
67896.000   816.000   452.000   108.000   47.363   33.446
67897.000   831.000   441.000   112.000   47.301   33.460
67898.000   821.000   430.000   115.000   47.240   33.474
67899.000   830.000   468.000   123.000   47.178   33.487
67900.000   785.000   434.000   130.000   47.117   33.501
67901.000   848.000   443.000   116.000   47.055   33.514
67902.000   825.000   400.000   114.000   46.993   33.527
67903.000   788.000   413.000   121.000   46.932   33.541
67904.000   845.000   405.000   106.000   46.870   33.554
67905.000   882.000   431.000   105.000   46.809   33.567
67906.000   798.000   425.000   101.000   46.747   33.581
67907.000   792.000   421.000   122.000   46.686   33.594
67908.000   803.000   402.000   100.000   46.624   33.607
67909.000   822.000   465.000   118.000   46.562   33.620
67910.000   797.000   389.000   125.000   46.501   33.633
67911.000   795.000   446.000   135.000   46.439   33.646
67912.000   809.000   426.000   92.000   46.377   33.659
67913.000   797.000   451.000   110.000   46.316   33.672
67914.000   830.000   416.000   113.000   46.254   33.685
67915.000   800.000   408.000   120.000   46.193   33.698
67916.000   780.000   443.000   135.000   46.131   33.711
67917.000   763.000   417.000   132.000   46.069   33.723
67918.000   761.000   416.000   104.000   46.008   33.736
67919.000   761.000   436.000   113.000   45.946   33.749
70800.000   1049.000   394.000   111.000   -45.953   -158.322
