Time range: [ 04:28:00.000  04:51:59.000 ]
Time range duration: 23.0 min, 59.0 sec
Longitude range: [ 470.0  11384.0 ]
16080.000   1250.000   9663.000   11384.000   24.441   -108.621
16081.000   1188.000   9540.000   11180.000   24.379   -108.615
16082.000   1155.000   9353.000   10836.000   24.317   -108.610
16083.000   1236.000   9238.000   10402.000   24.255   -108.604
16084.000   1294.000   8772.000   10051.000   24.192   -108.598
16085.000   1259.000   8707.000   9937.000   24.130   -108.593
16086.000   1207.000   8386.000   9671.000   24.068   -108.587
16087.000   1197.000   8405.000   8925.000   24.006   -108.582
16088.000   1257.000   8013.000   8724.000   23.943   -108.576
16089.000   1269.000   7890.000   8304.000   23.881   -108.570
16090.000   1191.000   7398.000   7824.000   23.819   -108.565
16091.000   1221.000   7288.000   7472.000   23.757   -108.559
16092.000   1246.000   6807.000   7111.000   23.694   -108.554
16093.000   1244.000   6611.000   6706.000   23.632   -108.548
16094.000   1254.000   6410.000   6356.000   23.570   -108.542
16095.000   1207.000   6288.000   5991.000   23.508   -108.537
16096.000   1206.000   6001.000   5471.000   23.445   -108.531
16097.000   1342.000   5533.000   5233.000   23.383   -108.526
16098.000   1219.000   5197.000   5017.000   23.321   -108.520
16099.000   1144.000   4974.000   4601.000   23.259   -108.515
16100.000   1167.000   4597.000   4320.000   23.196   -108.509
16101.000   1214.000   4414.000   4007.000   23.134   -108.504
16102.000   1164.000   4129.000   3631.000   23.072   -108.498
16103.000   1225.000   3941.000   3344.000   23.010   -108.493
16104.000   1199.000   3670.000   3140.000   22.947   -108.487
16105.000   1158.000   3461.000   2968.000   22.885   -108.482
16106.000   1238.000   3181.000   2833.000   22.823   -108.476
16107.000   1236.000   2991.000   2656.000   22.761   -108.471
16108.000   1248.000   2782.000   2423.000   22.698   -108.466
16109.000   1186.000   2501.000   2219.000   22.636   -108.460
16110.000   1232.000   2524.000   2094.000   22.574   -108.455
16111.000   1236.000   2165.000   1979.000   22.511   -108.449
16112.000   1179.000   2177.000   1760.000   22.449   -108.444
16113.000   1098.000   2022.000   1663.000   22.387   -108.438
16114.000   1187.000   1834.000   1583.000   22.325   -108.433
16115.000   1180.000   1690.000   1495.000   22.262   -108.428
16116.000   1191.000   1598.000   1361.000   22.200   -108.422
16117.000   1316.000   1560.000   1250.000   22.138   -108.417
16118.000   1123.000   1389.000   1265.000   22.076   -108.412
16119.000   1141.000   1327.000   1164.000   22.013   -108.406
16120.000   1161.000   1285.000   1055.000   21.951   -108.401
16121.000   1146.000   1285.000   1054.000   21.889   -108.396
16122.000   1162.000   1159.000   917.000   21.826   -108.390
16123.000   1103.000   1113.000   872.000   21.764   -108.385
16124.000   1106.000   1021.000   825.000   21.702   -108.380
16125.000   1226.000   1036.000   792.000   21.640   -108.374
16126.000   1100.000   1007.000   752.000   21.577   -108.369
16127.000   1128.000   983.000   769.000   21.515   -108.364
16128.000   1139.000   860.000   732.000   21.453   -108.359
16129.000   1099.000   883.000   625.000   21.390   -108.353
16130.000   1215.000   860.000   615.000   21.328   -108.348
16131.000   1144.000   769.000   616.000   21.266   -108.343
16132.000   1126.000   820.000   613.000   21.204   -108.338
16133.000   1332.000   745.000   579.000   21.141   -108.332
16134.000   1196.000   735.000   550.000   21.079   -108.327
16135.000   1130.000   789.000   521.000   21.017   -108.322
16136.000   1085.000   649.000   518.000   20.954   -108.317
16137.000   1176.000   702.000   470.000   20.892   -108.312
16138.000   1198.000   694.000   455.000   20.830   -108.306
16139.000   1139.000   689.000   482.000   20.768   -108.301
16140.000   1194.000   609.000   479.000   20.705   -108.296
16141.000   1193.000   622.000   380.000   20.643   -108.291
16142.000   1200.000   656.000   401.000   20.581   -108.286
16143.000   1061.000   622.000   415.000   20.518   -108.281
16144.000   1151.000   575.000   396.000   20.456   -108.275
16145.000   1127.000   660.000   383.000   20.394   -108.270
16146.000   1073.000   597.000   330.000   20.332   -108.265
16147.000   1112.000   615.000   320.000   20.269   -108.260
16148.000   1083.000   587.000   314.000   20.207   -108.255
16149.000   1123.000   566.000   357.000   20.145   -108.250
16150.000   1034.000   568.000   294.000   20.082   -108.245
16151.000   1066.000   608.000   309.000   20.020   -108.240
16152.000   1065.000   510.000   291.000   19.958   -108.235
16153.000   1104.000   600.000   279.000   19.895   -108.229
16154.000   1121.000   580.000   278.000   19.833   -108.224
16155.000   1062.000   535.000   259.000   19.771   -108.219
16156.000   1111.000   561.000   254.000   19.709   -108.214
16157.000   1176.000   568.000   245.000   19.646   -108.209
16158.000   1131.000   562.000   239.000   19.584   -108.204
16159.000   1124.000   529.000   251.000   19.522   -108.199
16160.000   1093.000   538.000   231.000   19.459   -108.194
16161.000   1112.000   530.000   247.000   19.397   -108.189
16162.000   1121.000   546.000   241.000   19.335   -108.184
16163.000   1159.000   466.000   226.000   19.272   -108.179
16164.000   1190.000   456.000   234.000   19.210   -108.174
16165.000   1183.000   489.000   208.000   19.148   -108.169
16166.000   1124.000   519.000   210.000   19.086   -108.164
16167.000   1192.000   475.000   214.000   19.023   -108.159
16168.000   1062.000   526.000   193.000   18.961   -108.154
16169.000   1231.000   502.000   243.000   18.899   -108.149
16170.000   1085.000   477.000   218.000   18.836   -108.144
16171.000   1104.000   476.000   162.000   18.774   -108.139
16172.000   1185.000   511.000   209.000   18.712   -108.134
16173.000   1179.000   597.000   201.000   18.649   -108.129
16174.000   1183.000   486.000   174.000   18.587   -108.125
16175.000   1142.000   480.000   210.000   18.525   -108.120
16176.000   1147.000   471.000   179.000   18.462   -108.115
16177.000   1256.000   469.000   247.000   18.400   -108.110
16178.000   1096.000   468.000   185.000   18.338   -108.105
16179.000   1158.000   468.000   192.000   18.275   -108.100
16180.000   1112.000   447.000   165.000   18.213   -108.095
16181.000   1151.000   444.000   172.000   18.151   -108.090
16182.000   1116.000   462.000   154.000   18.088   -108.085
16183.000   1158.000   487.000   182.000   18.026   -108.080
16184.000   1104.000   495.000   178.000   17.964   -108.076
16185.000   1260.000   483.000   241.000   17.902   -108.071
16186.000   1241.000   478.000   161.000   17.839   -108.066
16187.000   1180.000   497.000   162.000   17.777   -108.061
16188.000   1217.000   475.000   171.000   17.715   -108.056
16189.000   1234.000   575.000   161.000   17.652   -108.051
16190.000   1271.000   474.000   176.000   17.590   -108.047
16191.000   1256.000   481.000   138.000   17.528   -108.042
16192.000   1287.000   484.000   163.000   17.465   -108.037
16193.000   1391.000   544.000   241.000   17.403   -108.032
16194.000   1350.000   500.000   179.000   17.341   -108.027
16195.000   1349.000   505.000   130.000   17.278   -108.022
16196.000   1264.000   498.000   189.000   17.216   -108.018
16197.000   1353.000   499.000   179.000   17.154   -108.013
16198.000   1310.000   470.000   163.000   17.091   -108.008
16199.000   1345.000   513.000   156.000   17.029   -108.003
16200.000   1286.000   447.000   160.000   16.967   -107.999
16201.000   1331.000   472.000   158.000   16.904   -107.994
16202.000   1365.000   466.000   117.000   16.842   -107.989
16203.000   1387.000   476.000   129.000   16.780   -107.984
16204.000   1481.000   469.000   189.000   16.717   -107.980
16205.000   1398.000   486.000   154.000   16.655   -107.975
16206.000   1406.000   475.000   174.000   16.593   -107.970
16207.000   1487.000   496.000   150.000   16.530   -107.965
16208.000   1514.000   485.000   141.000   16.468   -107.961
16209.000   1566.000   474.000   166.000   16.406   -107.956
16210.000   1561.000   438.000   150.000   16.343   -107.951
16211.000   1581.000   470.000   148.000   16.281   -107.947
16212.000   1588.000   482.000   132.000   16.219   -107.942
16213.000   1616.000   481.000   136.000   16.156   -107.937
16214.000   7228.000   489.000   159.000   16.094   -107.932
16215.000   7453.000   482.000   159.000   16.032   -107.928
16216.000   7342.000   487.000   146.000   15.969   -107.923
16217.000   7162.000   561.000   145.000   15.907   -107.918
16218.000   7426.000   477.000   158.000   15.845   -107.914
16219.000   7342.000   457.000   154.000   15.782   -107.909
16220.000   7270.000   470.000   147.000   15.720   -107.904
16221.000   7103.000   462.000   146.000   15.658   -107.900
16222.000   6980.000   496.000   129.000   15.595   -107.895
16223.000   6854.000   486.000   134.000   15.533   -107.891
16224.000   6757.000   485.000   140.000   15.471   -107.886
16225.000   6755.000   537.000   141.000   15.408   -107.881
16226.000   6678.000   462.000   153.000   15.346   -107.877
16227.000   6577.000   490.000   148.000   15.284   -107.872
16228.000   6541.000   473.000   157.000   15.221   -107.867
16229.000   6387.000   477.000   134.000   15.159   -107.863
16230.000   6474.000   478.000   143.000   15.097   -107.858
16231.000   6383.000   487.000   141.000   15.034   -107.854
16232.000   6255.000   496.000   154.000   14.972   -107.849
16233.000   6185.000   456.000   153.000   14.910   -107.844
16234.000   6238.000   513.000   151.000   14.847   -107.840
16235.000   6086.000   447.000   143.000   14.785   -107.835
16236.000   6067.000   499.000   122.000   14.723   -107.831
16237.000   6129.000   477.000   139.000   14.660   -107.826
16238.000   5913.000   480.000   134.000   14.598   -107.822
16239.000   5979.000   469.000   145.000   14.535   -107.817
16240.000   6030.000   494.000   152.000   14.473   -107.813
16241.000   5964.000   453.000   152.000   14.411   -107.808
16242.000   5939.000   456.000   141.000   14.348   -107.803
16243.000   5916.000   430.000   147.000   14.286   -107.799
16244.000   5918.000   510.000   164.000   14.224   -107.794
16245.000   6003.000   468.000   128.000   14.161   -107.790
16246.000   5915.000   492.000   135.000   14.099   -107.785
16247.000   5989.000   489.000   127.000   14.037   -107.781
16248.000   5909.000   453.000   148.000   13.974   -107.776
16249.000   6062.000   492.000   136.000   13.912   -107.772
16250.000   6111.000   453.000   135.000   13.850   -107.767
16251.000   5965.000   476.000   145.000   13.787   -107.763
16252.000   6183.000   456.000   138.000   13.725   -107.758
16253.000   6111.000   507.000   137.000   13.663   -107.754
16254.000   6249.000   467.000   138.000   13.600   -107.749
16255.000   6291.000   476.000   144.000   13.538   -107.745
16256.000   6158.000   483.000   126.000   13.476   -107.740
16257.000   6108.000   524.000   138.000   13.413   -107.736
16258.000   6125.000   483.000   142.000   13.351   -107.731
16259.000   6232.000   465.000   130.000   13.288   -107.727
16260.000   6098.000   477.000   128.000   13.226   -107.723
16261.000   6450.000   486.000   146.000   13.164   -107.718
16262.000   6174.000   482.000   163.000   13.101   -107.714
16263.000   6421.000   517.000   159.000   13.039   -107.709
16264.000   6583.000   511.000   142.000   12.977   -107.705
16265.000   6444.000   594.000   136.000   12.914   -107.700
16266.000   6640.000   508.000   142.000   12.852   -107.696
16267.000   6590.000   481.000   139.000   12.790   -107.691
16268.000   6751.000   477.000   152.000   12.727   -107.687
16269.000   6617.000   468.000   128.000   12.665   -107.683
16270.000   6670.000   493.000   124.000   12.603   -107.678
16271.000   6864.000   455.000   110.000   12.540   -107.674
16272.000   6992.000   492.000   142.000   12.478   -107.669
16273.000   7072.000   488.000   120.000   12.415   -107.665
16274.000   1767.000   459.000   130.000   12.353   -107.661
16275.000   1798.000   440.000   145.000   12.291   -107.656
16276.000   1848.000   464.000   147.000   12.228   -107.652
16277.000   1854.000   485.000   132.000   12.166   -107.647
16278.000   1848.000   464.000   123.000   12.104   -107.643
16279.000   1792.000   492.000   133.000   12.041   -107.639
16280.000   1886.000   485.000   123.000   11.979   -107.634
16281.000   1880.000   448.000   126.000   11.917   -107.630
16282.000   1934.000   490.000   124.000   11.854   -107.626
16283.000   1821.000   452.000   147.000   11.792   -107.621
16284.000   1769.000   442.000   127.000   11.729   -107.617
16285.000   1833.000   499.000   138.000   11.667   -107.613
16286.000   1865.000   502.000   147.000   11.605   -107.608
16287.000   1838.000   437.000   157.000   11.542   -107.604
16288.000   1791.000   503.000   151.000   11.480   -107.599
16289.000   1889.000   505.000   155.000   11.418   -107.595
16290.000   1885.000   462.000   138.000   11.355   -107.591
16291.000   1819.000   399.000   119.000   11.293   -107.586
16292.000   1825.000   481.000   124.000   11.231   -107.582
16293.000   1877.000   479.000   130.000   11.168   -107.578
16294.000   1857.000   465.000   135.000   11.106   -107.574
16295.000   1781.000   452.000   111.000   11.043   -107.569
16296.000   1847.000   479.000   129.000   10.981   -107.565
16297.000   1850.000   500.000   150.000   10.919   -107.561
16298.000   1748.000   488.000   127.000   10.856   -107.556
16299.000   1826.000   452.000   155.000   10.794   -107.552
16300.000   1729.000   485.000   133.000   10.732   -107.548
16301.000   1814.000   475.000   159.000   10.669   -107.543
16302.000   1738.000   421.000   138.000   10.607   -107.539
16303.000   1771.000   461.000   144.000   10.545   -107.535
16304.000   1728.000   447.000   146.000   10.482   -107.531
16305.000   1745.000   472.000   148.000   10.420   -107.526
16306.000   1728.000   467.000   142.000   10.357   -107.522
16307.000   1707.000   464.000   128.000   10.295   -107.518
16308.000   1725.000   484.000   123.000   10.233   -107.513
16309.000   1695.000   462.000   134.000   10.170   -107.509
16310.000   1750.000   452.000   124.000   10.108   -107.505
16311.000   1694.000   443.000   131.000   10.046   -107.501
16312.000   1721.000   458.000   143.000   09.983   -107.496
16313.000   1722.000   477.000   144.000   09.921   -107.492
16314.000   1702.000   491.000   122.000   09.858   -107.488
16315.000   1664.000   437.000   149.000   09.796   -107.484
16316.000   1645.000   514.000   121.000   09.734   -107.479
16317.000   1663.000   466.000   147.000   09.671   -107.475
16318.000   1609.000   446.000   106.000   09.609   -107.471
16319.000   1630.000   455.000   98.000   09.547   -107.467
16320.000   17617.000   17293.000   108.000   09.484   -107.462
16321.000   22237.000   21886.000   118.000   09.422   -107.458
16322.000   1896.000   2120.000   132.000   09.360   -107.454
16323.000   23872.000   23579.000   149.000   09.297   -107.450
16324.000   954.000   515.000   148.000   09.235   -107.446
16325.000   966.000   540.000   215.000   09.172   -107.441
16326.000   995.000   471.000   132.000   09.110   -107.437
16327.000   953.000   491.000   103.000   09.048   -107.433
16328.000   980.000   484.000   130.000   08.985   -107.429
16329.000   953.000   473.000   128.000   08.923   -107.425
16330.000   973.000   466.000   130.000   08.861   -107.420
16331.000   893.000   513.000   113.000   08.798   -107.416
16332.000   893.000   503.000   128.000   08.736   -107.412
16333.000   931.000   523.000   119.000   08.673   -107.408
16334.000   10460.000   492.000   132.000   08.611   -107.404
16335.000   10511.000   504.000   135.000   08.549   -107.399
16336.000   10404.000   490.000   122.000   08.486   -107.395
16337.000   10171.000   454.000   115.000   08.424   -107.391
16338.000   10310.000   462.000   115.000   08.362   -107.387
16339.000   9996.000   459.000   133.000   08.299   -107.383
16340.000   9898.000   483.000   125.000   08.237   -107.378
16341.000   9882.000   536.000   113.000   08.174   -107.374
16342.000   9650.000   447.000   97.000   08.112   -107.370
16343.000   9590.000   500.000   130.000   08.050   -107.366
16344.000   9634.000   533.000   104.000   07.987   -107.362
16345.000   9649.000   506.000   123.000   07.925   -107.358
16346.000   9297.000   509.000   109.000   07.863   -107.353
16347.000   9098.000   495.000   120.000   07.800   -107.349
16348.000   9164.000   459.000   138.000   07.738   -107.345
16349.000   8867.000   533.000   210.000   07.675   -107.341
16350.000   8857.000   487.000   116.000   07.613   -107.337
16351.000   9007.000   497.000   96.000   07.551   -107.333
16352.000   8873.000   496.000   121.000   07.488   -107.329
16353.000   8636.000   458.000   123.000   07.426   -107.324
16354.000   8721.000   470.000   108.000   07.364   -107.320
16355.000   8443.000   480.000   132.000   07.301   -107.316
16356.000   8498.000   503.000   118.000   07.239   -107.312
16357.000   8457.000   552.000   113.000   07.177   -107.308
16358.000   8496.000   475.000   121.000   07.114   -107.304
16359.000   8391.000   494.000   102.000   07.052   -107.300
16360.000   8320.000   511.000   123.000   06.989   -107.295
16361.000   8266.000   460.000   136.000   06.927   -107.291
16362.000   8287.000   481.000   140.000   06.865   -107.287
16363.000   8115.000   494.000   115.000   06.802   -107.283
16364.000   8161.000   473.000   100.000   06.740   -107.279
16365.000   8377.000   532.000   115.000   06.678   -107.275
16366.000   8156.000   469.000   131.000   06.615   -107.271
16367.000   8128.000   510.000   98.000   06.553   -107.267
16368.000   8223.000   484.000   114.000   06.490   -107.263
16369.000   7991.000   522.000   104.000   06.428   -107.258
16370.000   8135.000   451.000   119.000   06.366   -107.254
16371.000   8148.000   487.000   125.000   06.303   -107.250
16372.000   8056.000   464.000   111.000   06.241   -107.246
16373.000   8107.000   555.000   215.000   06.179   -107.242
16374.000   8258.000   516.000   124.000   06.116   -107.238
16375.000   8098.000   452.000   103.000   06.054   -107.234
16376.000   8356.000   509.000   122.000   05.991   -107.230
16377.000   8189.000   493.000   109.000   05.929   -107.226
16378.000   8200.000   465.000   119.000   05.867   -107.222
16379.000   8170.000   466.000   119.000   05.804   -107.218
16380.000   8198.000   17272.000   96.000   05.742   -107.213
16381.000   8218.000   21966.000   108.000   05.680   -107.209
16382.000   8313.000   2658.000   112.000   05.617   -107.205
16383.000   8307.000   23576.000   105.000   05.555   -107.201
16384.000   8218.000   480.000   107.000   05.492   -107.197
16385.000   8495.000   490.000   138.000   05.430   -107.193
16386.000   8457.000   458.000   116.000   05.368   -107.189
16387.000   8391.000   407.000   118.000   05.305   -107.185
16388.000   8407.000   445.000   140.000   05.243   -107.181
16389.000   8405.000   478.000   100.000   05.181   -107.177
16390.000   8526.000   423.000   104.000   05.118   -107.173
16391.000   8725.000   478.000   119.000   05.056   -107.169
16392.000   8589.000   435.000   110.000   04.993   -107.165
16393.000   8831.000   426.000   98.000   04.931   -107.160
16394.000   8995.000   449.000   106.000   04.869   -107.156
16395.000   9030.000   448.000   119.000   04.806   -107.152
16396.000   9012.000   419.000   107.000   04.744   -107.148
16397.000   9192.000   493.000   118.000   04.682   -107.144
16398.000   9078.000   445.000   113.000   04.619   -107.140
16399.000   9342.000   459.000   104.000   04.557   -107.136
16400.000   9369.000   440.000   112.000   04.494   -107.132
16401.000   9408.000   439.000   130.000   04.432   -107.128
16402.000   9174.000   446.000   107.000   04.370   -107.124
16403.000   9388.000   467.000   122.000   04.307   -107.120
16404.000   9493.000   480.000   113.000   04.245   -107.116
16405.000   9536.000   438.000   107.000   04.183   -107.112
16406.000   9467.000   410.000   141.000   04.120   -107.108
16407.000   9720.000   428.000   114.000   04.058   -107.104
16408.000   9761.000   430.000   104.000   03.995   -107.100
16409.000   9880.000   427.000   112.000   03.933   -107.096
16410.000   9823.000   454.000   98.000   03.871   -107.092
16411.000   9677.000   452.000   116.000   03.808   -107.088
16412.000   10062.000   410.000   129.000   03.746   -107.084
16413.000   10064.000   423.000   113.000   03.684   -107.080
16414.000   10179.000   427.000   127.000   03.621   -107.076
16415.000   9943.000   421.000   118.000   03.559   -107.071
16416.000   9909.000   417.000   92.000   03.496   -107.067
16417.000   10017.000   452.000   115.000   03.434   -107.063
16418.000   10041.000   407.000   119.000   03.372   -107.059
16419.000   9834.000   464.000   118.000   03.309   -107.055
16420.000   9970.000   453.000   109.000   03.247   -107.051
16421.000   9715.000   413.000   115.000   03.185   -107.047
16422.000   9675.000   446.000   110.000   03.122   -107.043
16423.000   9757.000   433.000   92.000   03.060   -107.039
16424.000   9623.000   457.000   115.000   02.998   -107.035
16425.000   9407.000   387.000   99.000   02.935   -107.031
16426.000   9198.000   386.000   115.000   02.873   -107.027
16427.000   9145.000   379.000   101.000   02.810   -107.023
16428.000   8816.000   401.000   112.000   02.748   -107.019
16429.000   8722.000   414.000   99.000   02.686   -107.015
16430.000   8561.000   408.000   103.000   02.623   -107.011
16431.000   8350.000   429.000   92.000   02.561   -107.007
16432.000   7911.000   415.000   101.000   02.499   -107.003
16433.000   7986.000   438.000   112.000   02.436   -106.999
16434.000   7396.000   434.000   119.000   02.374   -106.995
16435.000   7218.000   456.000   114.000   02.311   -106.991
16436.000   7063.000   397.000   111.000   02.249   -106.987
16437.000   6860.000   436.000   123.000   02.187   -106.983
16438.000   6790.000   430.000   580.000   02.124   -106.979
16439.000   6418.000   443.000   591.000   02.062   -106.975
16440.000   6131.000   411.000   562.000   02.000   -106.971
16441.000   5963.000   409.000   555.000   01.937   -106.967
16442.000   5418.000   371.000   500.000   01.875   -106.963
16443.000   5364.000   427.000   465.000   01.813   -106.959
16444.000   5271.000   381.000   456.000   01.750   -106.955
16445.000   4773.000   395.000   451.000   01.688   -106.951
16446.000   4700.000   423.000   453.000   01.625   -106.947
16447.000   4323.000   382.000   407.000   01.563   -106.943
16448.000   5006.000   441.000   396.000   01.501   -106.939
16449.000   3471.000   390.000   365.000   01.438   -106.935
16450.000   3029.000   442.000   386.000   01.376   -106.931
16451.000   2939.000   428.000   363.000   01.314   -106.927
16452.000   3200.000   421.000   362.000   01.251   -106.923
16453.000   2912.000   428.000   316.000   01.189   -106.919
16454.000   2877.000   394.000   321.000   01.127   -106.915
16455.000   2744.000   418.000   294.000   01.064   -106.911
16456.000   2434.000   429.000   295.000   01.002   -106.907
16457.000   1853.000   411.000   284.000   00.939   -106.903
16458.000   1660.000   430.000   259.000   00.877   -106.899
16459.000   1610.000   449.000   239.000   00.815   -106.895
16460.000   1589.000   412.000   228.000   00.752   -106.891
16461.000   1145.000   425.000   232.000   00.690   -106.887
16462.000   1030.000   423.000   216.000   00.628   -106.883
16463.000   884.000   375.000   227.000   00.565   -106.879
16464.000   845.000   404.000   229.000   00.503   -106.875
16465.000   834.000   405.000   224.000   00.441   -106.871
16466.000   749.000   414.000   200.000   00.378   -106.867
16467.000   780.000   422.000   179.000   00.316   -106.863
16468.000   740.000   375.000   202.000   00.253   -106.859
16469.000   813.000   432.000   177.000   00.191   -106.855
16470.000   816.000   408.000   164.000   00.129   -106.851
16471.000   819.000   427.000   155.000   00.066   -106.847
16472.000   822.000   391.000   179.000   00.004   -106.843
16473.000   782.000   404.000   152.000   -0.058   -106.839
16474.000   822.000   398.000   160.000   -0.121   -106.835
16475.000   822.000   450.000   146.000   -0.183   -106.831
16476.000   831.000   434.000   119.000   -0.245   -106.827
16477.000   838.000   406.000   155.000   -0.308   -106.823
16478.000   849.000   412.000   131.000   -0.370   -106.819
16479.000   830.000   433.000   128.000   -0.433   -106.815
16480.000   810.000   423.000   140.000   -0.495   -106.811
16481.000   911.000   402.000   141.000   -0.557   -106.807
16482.000   763.000   421.000   119.000   -0.620   -106.803
16483.000   840.000   409.000   104.000   -0.682   -106.799
16484.000   764.000   426.000   104.000   -0.744   -106.795
16485.000   797.000   440.000   122.000   -0.807   -106.791
16486.000   770.000   412.000   116.000   -0.869   -106.787
16487.000   851.000   394.000   129.000   -0.931   -106.783
16488.000   784.000   420.000   120.000   -0.994   -106.779
16489.000   860.000   516.000   103.000   -1.056   -106.775
16490.000   808.000   422.000   117.000   -1.118   -106.771
16491.000   718.000   384.000   109.000   -1.181   -106.767
16492.000   814.000   470.000   130.000   -1.243   -106.763
16493.000   771.000   417.000   98.000   -1.305   -106.759
16494.000   834.000   431.000   101.000   -1.368   -106.755
16495.000   799.000   406.000   109.000   -1.430   -106.751
16496.000   789.000   400.000   106.000   -1.493   -106.747
16497.000   743.000   408.000   116.000   -1.555   -106.743
16498.000   748.000   397.000   104.000   -1.617   -106.739
16499.000   815.000   398.000   102.000   -1.680   -106.735
16500.000   819.000   434.000   110.000   -1.742   -106.731
16501.000   808.000   438.000   117.000   -1.804   -106.727
16502.000   798.000   400.000   113.000   -1.867   -106.723
16503.000   808.000   426.000   108.000   -1.929   -106.719
16504.000   793.000   418.000   105.000   -1.991   -106.715
16505.000   833.000   440.000   99.000   -2.054   -106.711
16506.000   789.000   416.000   96.000   -2.116   -106.707
16507.000   761.000   395.000   99.000   -2.178   -106.703
16508.000   773.000   458.000   108.000   -2.241   -106.699
16509.000   833.000   496.000   119.000   -2.303   -106.695
16510.000   770.000   425.000   109.000   -2.365   -106.691
16511.000   747.000   370.000   101.000   -2.428   -106.687
16512.000   800.000   389.000   116.000   -2.490   -106.683
16513.000   832.000   401.000   81.000   -2.552   -106.679
16514.000   851.000   390.000   109.000   -2.615   -106.675
16515.000   819.000   383.000   107.000   -2.677   -106.671
16516.000   770.000   403.000   102.000   -2.739   -106.667
16517.000   817.000   386.000   90.000   -2.802   -106.663
16518.000   912.000   442.000   102.000   -2.864   -106.659
16519.000   803.000   405.000   110.000   -2.926   -106.655
16520.000   799.000   439.000   103.000   -2.989   -106.651
16521.000   778.000   430.000   115.000   -3.051   -106.647
16522.000   815.000   408.000   94.000   -3.114   -106.643
16523.000   837.000   401.000   108.000   -3.176   -106.639
16524.000   834.000   393.000   116.000   -3.238   -106.635
16525.000   858.000   567.000   92.000   -3.301   -106.631
16526.000   861.000   418.000   118.000   -3.363   -106.627
16527.000   810.000   435.000   99.000   -3.425   -106.623
16528.000   818.000   427.000   108.000   -3.488   -106.619
16529.000   798.000   427.000   102.000   -3.550   -106.615
16530.000   824.000   428.000   99.000   -3.612   -106.611
16531.000   777.000   427.000   99.000   -3.675   -106.606
16532.000   765.000   392.000   117.000   -3.737   -106.602
16533.000   802.000   388.000   88.000   -3.799   -106.598
16534.000   799.000   425.000   113.000   -3.862   -106.594
16535.000   740.000   403.000   103.000   -3.924   -106.590
16536.000   768.000   427.000   101.000   -3.986   -106.586
16537.000   776.000   425.000   94.000   -4.049   -106.582
16538.000   872.000   407.000   99.000   -4.111   -106.578
16539.000   800.000   411.000   104.000   -4.173   -106.574
16540.000   806.000   408.000   86.000   -4.236   -106.570
16541.000   800.000   375.000   104.000   -4.298   -106.566
16542.000   835.000   424.000   115.000   -4.360   -106.562
16543.000   809.000   406.000   91.000   -4.423   -106.558
16544.000   818.000   438.000   110.000   -4.485   -106.554
16545.000   822.000   427.000   105.000   -4.547   -106.550
16546.000   808.000   414.000   95.000   -4.610   -106.546
16547.000   778.000   422.000   102.000   -4.672   -106.542
16548.000   801.000   450.000   100.000   -4.734   -106.538
16549.000   787.000   451.000   99.000   -4.797   -106.534
16550.000   829.000   389.000   104.000   -4.859   -106.530
16551.000   790.000   409.000   116.000   -4.921   -106.526
16552.000   787.000   422.000   100.000   -4.984   -106.522
16553.000   866.000   410.000   113.000   -5.046   -106.518
16554.000   781.000   410.000   90.000   -5.108   -106.513
16555.000   826.000   442.000   101.000   -5.170   -106.509
16556.000   801.000   382.000   113.000   -5.233   -106.505
16557.000   857.000   514.000   104.000   -5.295   -106.501
16558.000   837.000   418.000   93.000   -5.357   -106.497
16559.000   857.000   397.000   71.000   -5.420   -106.493
17040.000   996.000   9663.000   87.000   -35.278   -103.892
17041.000   1001.000   9540.000   81.000   -35.339   -103.884
17042.000   953.000   9353.000   85.000   -35.401   -103.876
17043.000   989.000   9238.000   99.000   -35.463   -103.868
17044.000   1026.000   8772.000   81.000   -35.524   -103.860
17045.000   1003.000   8707.000   74.000   -35.586   -103.852
17046.000   1018.000   8386.000   80.000   -35.648   -103.844
17047.000   989.000   8405.000   77.000   -35.710   -103.836
17048.000   1048.000   8013.000   81.000   -35.771   -103.828
17049.000   1068.000   7890.000   98.000   -35.833   -103.819
17050.000   965.000   7398.000   94.000   -35.895   -103.811
17051.000   997.000   7288.000   92.000   -35.956   -103.803
17052.000   1030.000   6807.000   91.000   -36.018   -103.795
17053.000   1013.000   6611.000   88.000   -36.080   -103.787
17054.000   1003.000   6410.000   97.000   -36.141   -103.778
17055.000   1050.000   6288.000   70.000   -36.203   -103.770
17056.000   1037.000   6001.000   99.000   -36.265   -103.762
17057.000   1136.000   5533.000   77.000   -36.326   -103.753
17058.000   1009.000   5197.000   90.000   -36.388   -103.745
17059.000   923.000   4974.000   95.000   -36.450   -103.737
17060.000   924.000   4597.000   85.000   -36.511   -103.728
17061.000   1010.000   4414.000   96.000   -36.573   -103.720
17062.000   996.000   4129.000   98.000   -36.635   -103.711
17063.000   1036.000   3941.000   81.000   -36.696   -103.703
17064.000   1014.000   3670.000   83.000   -36.758   -103.694
17065.000   1037.000   3461.000   87.000   -36.820   -103.686
17066.000   1060.000   3181.000   77.000   -36.881   -103.677
17067.000   1060.000   2991.000   78.000   -36.943   -103.669
17068.000   1084.000   2782.000   65.000   -37.004   -103.660
17069.000   1012.000   2501.000   66.000   -37.066   -103.652
17070.000   1051.000   2524.000   99.000   -37.128   -103.643
17071.000   1038.000   2165.000   99.000   -37.189   -103.635
17072.000   1013.000   2177.000   87.000   -37.251   -103.626
17073.000   931.000   2022.000   111.000   -37.313   -103.617
17074.000   1026.000   1834.000   79.000   -37.374   -103.609
17075.000   1014.000   1690.000   89.000   -37.436   -103.600
17076.000   1022.000   1598.000   86.000   -37.498   -103.591
17077.000   1040.000   1560.000   88.000   -37.559   -103.582
17078.000   1026.000   1389.000   70.000   -37.621   -103.574
17079.000   1018.000   1327.000   80.000   -37.682   -103.565
17080.000   1048.000   1285.000   71.000   -37.744   -103.556
17081.000   1042.000   1285.000   90.000   -37.806   -103.547
17082.000   1013.000   1159.000   86.000   -37.867   -103.538
17083.000   993.000   1113.000   89.000   -37.929   -103.530
17084.000   980.000   1021.000   87.000   -37.990   -103.521
17085.000   1048.000   1036.000   103.000   -38.052   -103.512
17086.000   956.000   1007.000   97.000   -38.114   -103.503
17087.000   1003.000   983.000   88.000   -38.175   -103.494
17088.000   1023.000   860.000   88.000   -38.237   -103.485
17089.000   1006.000   883.000   100.000   -38.298   -103.476
17090.000   1019.000   860.000   85.000   -38.360   -103.467
17091.000   1022.000   769.000   90.000   -38.422   -103.458
17092.000   1006.000   820.000   92.000   -38.483   -103.449
17093.000   1182.000   745.000   66.000   -38.545   -103.440
17094.000   1116.000   735.000   89.000   -38.606   -103.431
17095.000   1034.000   789.000   84.000   -38.668   -103.421
17096.000   991.000   649.000   88.000   -38.729   -103.412
17097.000   1026.000   702.000   92.000   -38.791   -103.403
17098.000   1062.000   694.000   102.000   -38.853   -103.394
17099.000   1054.000   689.000   105.000   -38.914   -103.385
17100.000   1071.000   609.000   90.000   -38.976   -103.375
17101.000   1051.000   622.000   129.000   -39.037   -103.366
17102.000   1070.000   656.000   113.000   -39.099   -103.357
17103.000   1002.000   622.000   114.000   -39.160   -103.347
17104.000   1055.000   575.000   123.000   -39.222   -103.338
17105.000   1027.000   660.000   125.000   -39.284   -103.329
17106.000   959.000   597.000   101.000   -39.345   -103.319
17107.000   1003.000   615.000   122.000   -39.407   -103.310
17108.000   984.000   587.000   109.000   -39.468   -103.301
17109.000   1045.000   566.000   105.000   -39.530   -103.291
17110.000   984.000   568.000   110.000   -39.591   -103.282
17111.000   1002.000   608.000   102.000   -39.653   -103.272
17112.000   984.000   510.000   104.000   -39.714   -103.263
17113.000   1011.000   600.000   123.000   -39.776   -103.253
17114.000   1006.000   580.000   88.000   -39.837   -103.243
17115.000   984.000   535.000   125.000   -39.899   -103.234
17116.000   1030.000   561.000   112.000   -39.960   -103.224
17117.000   1111.000   568.000   109.000   -40.022   -103.215
17118.000   1009.000   562.000   107.000   -40.083   -103.205
17119.000   996.000   529.000   104.000   -40.145   -103.195
17120.000   1008.000   538.000   94.000   -40.207   -103.185
17121.000   1001.000   530.000   121.000   -40.268   -103.176
17122.000   1036.000   546.000   119.000   -40.330   -103.166
17123.000   1075.000   466.000   122.000   -40.391   -103.156
17124.000   1068.000   456.000   96.000   -40.453   -103.146
17125.000   1105.000   489.000   124.000   -40.514   -103.136
17126.000   983.000   519.000   128.000   -40.576   -103.126
17127.000   1075.000   475.000   92.000   -40.637   -103.117
17128.000   950.000   526.000   109.000   -40.699   -103.107
17129.000   1121.000   502.000   125.000   -40.760   -103.097
17130.000   994.000   477.000   116.000   -40.822   -103.087
17131.000   978.000   476.000   109.000   -40.883   -103.077
17132.000   1051.000   511.000   101.000   -40.944   -103.067
17133.000   1038.000   597.000   94.000   -41.006   -103.057
17134.000   1061.000   486.000   98.000   -41.067   -103.046
17135.000   1002.000   480.000   117.000   -41.129   -103.036
17136.000   1043.000   471.000   120.000   -41.190   -103.026
17137.000   1129.000   469.000   123.000   -41.252   -103.016
17138.000   962.000   468.000   110.000   -41.313   -103.006
17139.000   1019.000   468.000   108.000   -41.375   -102.996
17140.000   981.000   447.000   107.000   -41.436   -102.985
17141.000   933.000   444.000   106.000   -41.498   -102.975
17142.000   975.000   462.000   121.000   -41.559   -102.965
17143.000   1008.000   487.000   101.000   -41.621   -102.954
17144.000   943.000   495.000   121.000   -41.682   -102.944
17145.000   1107.000   483.000   123.000   -41.744   -102.934
17146.000   1035.000   478.000   102.000   -41.805   -102.923
17147.000   1044.000   497.000   122.000   -41.866   -102.913
17148.000   1014.000   475.000   108.000   -41.928   -102.902
17149.000   992.000   575.000   113.000   -41.989   -102.892
17150.000   974.000   474.000   103.000   -42.051   -102.881
17151.000   995.000   481.000   117.000   -42.112   -102.871
17152.000   997.000   484.000   121.000   -42.174   -102.860
17153.000   1137.000   544.000   153.000   -42.235   -102.850
17154.000   1059.000   500.000   121.000   -42.296   -102.839
17155.000   1080.000   505.000   122.000   -42.358   -102.828
17156.000   1031.000   498.000   123.000   -42.419   -102.818
17157.000   1031.000   499.000   117.000   -42.481   -102.807
17158.000   1037.000   470.000   114.000   -42.542   -102.796
17159.000   1039.000   513.000   125.000   -42.604   -102.785
17160.000   990.000   447.000   122.000   -42.665   -102.774
17161.000   989.000   472.000   147.000   -42.726   -102.764
17162.000   1025.000   466.000   128.000   -42.788   -102.753
17163.000   1089.000   476.000   110.000   -42.849   -102.742
17164.000   1050.000   469.000   121.000   -42.911   -102.731
17165.000   1009.000   486.000   104.000   -42.972   -102.720
17166.000   997.000   475.000   95.000   -43.033   -102.709
17167.000   1023.000   496.000   125.000   -43.095   -102.698
17168.000   1061.000   485.000   123.000   -43.156   -102.687
17169.000   1101.000   474.000   134.000   -43.217   -102.676
17170.000   987.000   438.000   126.000   -43.279   -102.665
17171.000   1010.000   470.000   136.000   -43.340   -102.654
17172.000   978.000   482.000   123.000   -43.402   -102.642
17173.000   1013.000   481.000   123.000   -43.463   -102.631
17174.000   1064.000   489.000   110.000   -43.524   -102.620
17175.000   1012.000   482.000   140.000   -43.586   -102.609
17176.000   1071.000   487.000   120.000   -43.647   -102.597
17177.000   980.000   561.000   114.000   -43.708   -102.586
17178.000   1396.000   477.000   106.000   -43.770   -102.575
17179.000   1343.000   457.000   126.000   -43.831   -102.563
17180.000   1408.000   470.000   106.000   -43.892   -102.552
17181.000   1315.000   462.000   122.000   -43.954   -102.540
17182.000   1431.000   496.000   116.000   -44.015   -102.529
17183.000   1452.000   486.000   140.000   -44.076   -102.517
17184.000   1422.000   485.000   113.000   -44.138   -102.506
17185.000   1429.000   537.000   113.000   -44.199   -102.494
17186.000   1446.000   462.000   117.000   -44.260   -102.483
17187.000   1432.000   490.000   123.000   -44.322   -102.471
17188.000   1506.000   473.000   116.000   -44.383   -102.459
17189.000   1518.000   477.000   98.000   -44.444   -102.447
17190.000   1550.000   478.000   120.000   -44.506   -102.436
17191.000   1544.000   487.000   131.000   -44.567   -102.424
17192.000   1478.000   496.000   129.000   -44.628   -102.412
17193.000   1485.000   456.000   109.000   -44.690   -102.400
17194.000   1493.000   513.000   125.000   -44.751   -102.388
17195.000   1456.000   447.000   144.000   -44.812   -102.376
17196.000   1486.000   499.000   109.000   -44.874   -102.365
17197.000   1569.000   477.000   112.000   -44.935   -102.353
17198.000   1468.000   480.000   129.000   -44.996   -102.340
17199.000   1466.000   469.000   116.000   -45.057   -102.328
17200.000   1557.000   494.000   130.000   -45.119   -102.316
17201.000   1590.000   453.000   131.000   -45.180   -102.304
17202.000   1469.000   456.000   156.000   -45.241   -102.292
17203.000   1509.000   430.000   154.000   -45.303   -102.280
17204.000   1578.000   510.000   145.000   -45.364   -102.268
17205.000   1639.000   468.000   123.000   -45.425   -102.255
17206.000   1581.000   492.000   127.000   -45.486   -102.243
17207.000   1645.000   489.000   127.000   -45.548   -102.231
17208.000   1590.000   453.000   141.000   -45.609   -102.218
17209.000   1697.000   492.000   122.000   -45.670   -102.206
17210.000   1633.000   453.000   138.000   -45.731   -102.193
17211.000   1655.000   476.000   132.000   -45.793   -102.181
17212.000   1657.000   456.000   118.000   -45.854   -102.168
17213.000   1661.000   507.000   114.000   -45.915   -102.156
17214.000   1745.000   467.000   126.000   -45.976   -102.143
17215.000   1749.000   476.000   129.000   -46.038   -102.131
17216.000   1713.000   483.000   123.000   -46.099   -102.118
17217.000   1654.000   524.000   144.000   -46.160   -102.105
17218.000   1685.000   483.000   70.000   -46.221   -102.093
17219.000   1695.000   465.000   56.000   -46.282   -102.080
17220.000   1616.000   477.000   51.000   -46.344   -102.067
17221.000   1716.000   486.000   68.000   -46.405   -102.054
17222.000   1667.000   482.000   59.000   -46.466   -102.041
17223.000   1667.000   517.000   69.000   -46.527   -102.028
17224.000   1669.000   511.000   61.000   -46.589   -102.015
17225.000   1752.000   594.000   61.000   -46.650   -102.002
17226.000   1772.000   508.000   55.000   -46.711   -101.989
17227.000   1711.000   481.000   60.000   -46.772   -101.976
17228.000   1716.000   477.000   75.000   -46.833   -101.963
17229.000   1727.000   468.000   59.000   -46.894   -101.950
17230.000   1695.000   493.000   61.000   -46.956   -101.937
17231.000   1812.000   455.000   79.000   -47.017   -101.923
17232.000   1796.000   492.000   68.000   -47.078   -101.910
17233.000   1743.000   488.000   70.000   -47.139   -101.897
17234.000   2113.000   459.000   61.000   -47.200   -101.883
17235.000   2108.000   440.000   65.000   -47.262   -101.870
17236.000   2192.000   464.000   73.000   -47.323   -101.857
17237.000   2167.000   485.000   79.000   -47.384   -101.843
17238.000   2221.000   464.000   61.000   -47.445   -101.830
17239.000   2131.000   492.000   67.000   -47.506   -101.816
17240.000   2212.000   485.000   63.000   -47.567   -101.802
17241.000   2256.000   448.000   62.000   -47.628   -101.789
17242.000   2226.000   490.000   62.000   -47.690   -101.775
17243.000   2103.000   452.000   58.000   -47.751   -101.761
17244.000   2055.000   442.000   62.000   -47.812   -101.748
17245.000   2138.000   499.000   74.000   -47.873   -101.734
17246.000   2172.000   502.000   71.000   -47.934   -101.720
17247.000   2152.000   437.000   54.000   -47.995   -101.706
17248.000   2109.000   503.000   80.000   -48.056   -101.692
17249.000   2135.000   505.000   59.000   -48.117   -101.678
17250.000   2145.000   462.000   90.000   -48.179   -101.664
17251.000   2160.000   399.000   54.000   -48.240   -101.650
17252.000   2060.000   481.000   58.000   -48.301   -101.636
17253.000   2167.000   479.000   74.000   -48.362   -101.622
17254.000   2110.000   465.000   68.000   -48.423   -101.607
17255.000   2078.000   452.000   47.000   -48.484   -101.593
17256.000   2059.000   479.000   64.000   -48.545   -101.579
17257.000   2068.000   500.000   67.000   -48.606   -101.565
17258.000   2020.000   488.000   73.000   -48.667   -101.550
17259.000   2071.000   452.000   69.000   -48.728   -101.536
17260.000   2036.000   485.000   77.000   -48.789   -101.521
17261.000   2084.000   475.000   69.000   -48.851   -101.507
17262.000   1950.000   421.000   71.000   -48.912   -101.492
17263.000   2021.000   461.000   77.000   -48.973   -101.478
17264.000   1938.000   447.000   76.000   -49.034   -101.463
17265.000   1957.000   472.000   64.000   -49.095   -101.448
17266.000   1912.000   467.000   80.000   -49.156   -101.433
17267.000   1925.000   464.000   65.000   -49.217   -101.419
17268.000   1881.000   484.000   56.000   -49.278   -101.404
17269.000   1902.000   462.000   73.000   -49.339   -101.389
17270.000   1929.000   452.000   78.000   -49.400   -101.374
17271.000   1868.000   443.000   62.000   -49.461   -101.359
17272.000   1924.000   458.000   71.000   -49.522   -101.344
17273.000   1938.000   477.000   72.000   -49.583   -101.329
17274.000   1878.000   491.000   59.000   -49.644   -101.314
17275.000   1847.000   437.000   69.000   -49.705   -101.299
17276.000   1827.000   514.000   69.000   -49.766   -101.283
17277.000   1856.000   466.000   58.000   -49.827   -101.268
17278.000   1775.000   446.000   70.000   -49.888   -101.253
17279.000   1798.000   455.000   64.000   -49.949   -101.237
17280.000   34340.000   17293.000   70.000   -50.010   -101.222
17281.000   43569.000   21886.000   53.000   -50.071   -101.207
17282.000   3223.000   2120.000   74.000   -50.132   -101.191
17283.000   46907.000   23579.000   64.000   -50.193   -101.175
17284.000   821.000   515.000   60.000   -50.254   -101.160
17285.000   885.000   540.000   65.000   -50.315   -101.144
17286.000   889.000   471.000   78.000   -50.376   -101.128
17287.000   819.000   491.000   68.000   -50.437   -101.113
17288.000   867.000   484.000   62.000   -50.498   -101.097
17289.000   915.000   473.000   69.000   -50.559   -101.081
17290.000   863.000   466.000   77.000   -50.620   -101.065
17291.000   825.000   513.000   54.000   -50.681   -101.049
17292.000   841.000   503.000   73.000   -50.742   -101.033
17293.000   819.000   523.000   67.000   -50.803   -101.017
17294.000   830.000   492.000   80.000   -50.863   -101.001
17295.000   803.000   504.000   78.000   -50.924   -100.985
17296.000   872.000   490.000   69.000   -50.985   -100.968
17297.000   827.000   454.000   68.000   -51.046   -100.952
17298.000   848.000   462.000   78.000   -51.107   -100.936
17299.000   833.000   459.000   85.000   -51.168   -100.919
17300.000   852.000   483.000   72.000   -51.229   -100.903
17301.000   876.000   536.000   75.000   -51.290   -100.886
17302.000   873.000   447.000   62.000   -51.351   -100.870
17303.000   890.000   500.000   60.000   -51.412   -100.853
17304.000   823.000   533.000   57.000   -51.473   -100.837
17305.000   851.000   506.000   80.000   -51.533   -100.820
17306.000   833.000   509.000   69.000   -51.594   -100.803
17307.000   823.000   495.000   71.000   -51.655   -100.786
17308.000   838.000   459.000   69.000   -51.716   -100.769
17309.000   842.000   533.000   71.000   -51.777   -100.752
17310.000   799.000   487.000   79.000   -51.838   -100.735
17311.000   837.000   497.000   71.000   -51.899   -100.718
17312.000   861.000   496.000   51.000   -51.960   -100.701
17313.000   817.000   458.000   61.000   -52.020   -100.684
17314.000   853.000   470.000   64.000   -52.081   -100.667
17315.000   863.000   480.000   75.000   -52.142   -100.649
17316.000   815.000   503.000   68.000   -52.203   -100.632
17317.000   852.000   552.000   75.000   -52.264   -100.615
17318.000   853.000   475.000   68.000   -52.325   -100.597
17319.000   864.000   494.000   63.000   -52.385   -100.580
17320.000   841.000   511.000   70.000   -52.446   -100.562
17321.000   899.000   460.000   81.000   -52.507   -100.544
17322.000   792.000   481.000   73.000   -52.568   -100.527
17323.000   817.000   494.000   63.000   -52.629   -100.509
17324.000   858.000   473.000   78.000   -52.689   -100.491
17325.000   932.000   532.000   57.000   -52.750   -100.473
17326.000   831.000   469.000   73.000   -52.811   -100.455
17327.000   771.000   510.000   71.000   -52.872   -100.437
17328.000   831.000   484.000   61.000   -52.932   -100.419
17329.000   815.000   522.000   86.000   -52.993   -100.401
17330.000   815.000   451.000   71.000   -53.054   -100.383
17331.000   839.000   487.000   65.000   -53.115   -100.365
17332.000   851.000   464.000   66.000   -53.176   -100.346
17333.000   844.000   555.000   65.000   -53.236   -100.328
17334.000   840.000   516.000   78.000   -53.297   -100.309
17335.000   870.000   452.000   56.000   -53.358   -100.291
17336.000   835.000   509.000   85.000   -53.418   -100.272
17337.000   775.000   493.000   71.000   -53.479   -100.254
17338.000   844.000   465.000   79.000   -53.540   -100.235
17339.000   854.000   466.000   80.000   -53.601   -100.216
17340.000   809.000   17272.000   87.000   -53.661   -100.197
17341.000   811.000   21966.000   63.000   -53.722   -100.178
17342.000   854.000   2658.000   81.000   -53.783   -100.159
17343.000   831.000   23576.000   93.000   -53.843   -100.140
17344.000   762.000   480.000   78.000   -53.904   -100.121
17345.000   822.000   490.000   89.000   -53.965   -100.102
17346.000   844.000   458.000   77.000   -54.026   -100.083
17347.000   830.000   407.000   87.000   -54.086   -100.063
17348.000   827.000   445.000   89.000   -54.147   -100.044
17349.000   778.000   478.000   75.000   -54.208   -100.025
17350.000   744.000   423.000   93.000   -54.268   -100.005
17351.000   903.000   478.000   84.000   -54.329   -99.985
17352.000   828.000   435.000   80.000   -54.389   -99.966
17353.000   849.000   426.000   91.000   -54.450   -99.946
17354.000   893.000   449.000   82.000   -54.511   -99.926
17355.000   869.000   448.000   87.000   -54.571   -99.906
17356.000   846.000   419.000   75.000   -54.632   -99.886
17357.000   933.000   493.000   59.000   -54.693   -99.866
17358.000   805.000   445.000   84.000   -54.753   -99.846
17359.000   860.000   459.000   75.000   -54.814   -99.826
17360.000   788.000   440.000   99.000   -54.874   -99.806
17361.000   894.000   439.000   93.000   -54.935   -99.786
17362.000   687.000   446.000   85.000   -54.996   -99.765
17363.000   700.000   467.000   81.000   -55.056   -99.745
17364.000   686.000   480.000   90.000   -55.117   -99.724
17365.000   659.000   438.000   83.000   -55.177   -99.704
17366.000   729.000   410.000   80.000   -55.238   -99.683
17367.000   669.000   428.000   86.000   -55.299   -99.662
17368.000   695.000   430.000   82.000   -55.359   -99.641
17369.000   776.000   427.000   89.000   -55.420   -99.620
17370.000   694.000   454.000   78.000   -55.480   -99.599
17371.000   666.000   452.000   87.000   -55.541   -99.578
17372.000   684.000   410.000   71.000   -55.601   -99.557
17373.000   652.000   423.000   90.000   -55.662   -99.536
17374.000   715.000   427.000   94.000   -55.722   -99.515
17375.000   669.000   421.000   93.000   -55.783   -99.493
17376.000   673.000   417.000   83.000   -55.843   -99.472
17377.000   769.000   452.000   89.000   -55.904   -99.450
17378.000   732.000   407.000   64.000   -55.964   -99.429
17379.000   649.000   464.000   85.000   -56.025   -99.407
17380.000   695.000   453.000   82.000   -56.085   -99.385
17381.000   661.000   413.000   100.000   -56.146   -99.363
17382.000   690.000   446.000   79.000   -56.206   -99.341
17383.000   669.000   433.000   76.000   -56.267   -99.319
17384.000   678.000   457.000   87.000   -56.327   -99.297
17385.000   802.000   387.000   91.000   -56.388   -99.275
17386.000   713.000   386.000   78.000   -56.448   -99.253
17387.000   686.000   379.000   80.000   -56.509   -99.231
17388.000   726.000   401.000   100.000   -56.569   -99.208
17389.000   714.000   414.000   75.000   -56.629   -99.186
17390.000   700.000   408.000   102.000   -56.690   -99.163
17391.000   696.000   429.000   88.000   -56.750   -99.140
17392.000   683.000   415.000   74.000   -56.811   -99.117
17393.000   817.000   438.000   123.000   -56.871   -99.095
17394.000   681.000   434.000   82.000   -56.931   -99.072
17395.000   655.000   456.000   84.000   -56.992   -99.049
17396.000   693.000   397.000   81.000   -57.052   -99.025
17397.000   678.000   436.000   68.000   -57.113   -99.002
17398.000   707.000   430.000   220.000   -57.173   -98.979
17399.000   707.000   443.000   197.000   -57.233   -98.956
17400.000   702.000   411.000   253.000   -57.294   -98.932
17401.000   833.000   409.000   241.000   -57.354   -98.908
17402.000   678.000   371.000   232.000   -57.414   -98.885
17403.000   670.000   427.000   219.000   -57.475   -98.861
17404.000   697.000   381.000   227.000   -57.535   -98.837
17405.000   674.000   395.000   249.000   -57.595   -98.813
17406.000   721.000   423.000   236.000   -57.656   -98.789
17407.000   623.000   382.000   231.000   -57.716   -98.765
17408.000   697.000   441.000   239.000   -57.776   -98.741
17409.000   783.000   390.000   240.000   -57.837   -98.716
17410.000   653.000   442.000   243.000   -57.897   -98.692
17411.000   673.000   428.000   224.000   -57.957   -98.668
17412.000   733.000   421.000   241.000   -58.017   -98.643
17413.000   667.000   428.000   255.000   -58.078   -98.618
17414.000   676.000   394.000   271.000   -58.138   -98.593
17415.000   728.000   418.000   206.000   -58.198   -98.568
17416.000   669.000   429.000   236.000   -58.258   -98.543
17417.000   799.000   411.000   242.000   -58.319   -98.518
17418.000   649.000   430.000   234.000   -58.379   -98.493
17419.000   636.000   449.000   208.000   -58.439   -98.468
17420.000   691.000   412.000   240.000   -58.499   -98.442
17421.000   738.000   425.000   243.000   -58.559   -98.417
17422.000   700.000   423.000   258.000   -58.620   -98.391
17423.000   684.000   375.000   235.000   -58.680   -98.366
17424.000   709.000   404.000   270.000   -58.740   -98.340
17425.000   715.000   405.000   239.000   -58.800   -98.314
17426.000   674.000   414.000   227.000   -58.860   -98.288
17427.000   685.000   422.000   258.000   -58.921   -98.262
17428.000   641.000   375.000   212.000   -58.981   -98.236
17429.000   654.000   432.000   341.000   -59.041   -98.209
17430.000   720.000   408.000   245.000   -59.101   -98.183
17431.000   696.000   427.000   224.000   -59.161   -98.156
17432.000   697.000   391.000   235.000   -59.221   -98.130
17433.000   698.000   404.000   246.000   -59.281   -98.103
17434.000   722.000   398.000   238.000   -59.341   -98.076
17435.000   697.000   450.000   271.000   -59.402   -98.049
17436.000   692.000   434.000   241.000   -59.462   -98.022
17437.000   703.000   406.000   221.000   -59.522   -97.995
17438.000   710.000   412.000   276.000   -59.582   -97.967
17439.000   684.000   433.000   256.000   -59.642   -97.940
17440.000   707.000   423.000   269.000   -59.702   -97.912
17441.000   799.000   402.000   251.000   -59.762   -97.885
17442.000   669.000   421.000   239.000   -59.822   -97.857
17443.000   702.000   409.000   247.000   -59.882   -97.829
17444.000   668.000   426.000   268.000   -59.942   -97.801
17445.000   758.000   440.000   253.000   -60.002   -97.773
17446.000   682.000   412.000   259.000   -60.062   -97.745
17447.000   696.000   394.000   225.000   -60.122   -97.716
17448.000   674.000   420.000   297.000   -60.182   -97.688
17449.000   776.000   516.000   246.000   -60.242   -97.659
17450.000   715.000   422.000   267.000   -60.302   -97.631
17451.000   667.000   384.000   279.000   -60.362   -97.602
17452.000   727.000   470.000   245.000   -60.422   -97.573
17453.000   744.000   417.000   279.000   -60.482   -97.544
17454.000   704.000   431.000   288.000   -60.542   -97.514
17455.000   716.000   406.000   261.000   -60.602   -97.485
17456.000   678.000   400.000   247.000   -60.662   -97.456
17457.000   676.000   408.000   255.000   -60.721   -97.426
17458.000   665.000   397.000   286.000   -60.781   -97.396
17459.000   722.000   398.000   294.000   -60.841   -97.367
17460.000   704.000   434.000   299.000   -60.901   -97.337
17461.000   784.000   438.000   304.000   -60.961   -97.307
17462.000   722.000   400.000   265.000   -61.021   -97.276
17463.000   731.000   426.000   292.000   -61.081   -97.246
17464.000   705.000   418.000   275.000   -61.141   -97.216
17465.000   783.000   440.000   296.000   -61.200   -97.185
17466.000   694.000   416.000   323.000   -61.260   -97.154
17467.000   694.000   395.000   298.000   -61.320   -97.123
17468.000   670.000   458.000   322.000   -61.380   -97.092
17469.000   788.000   496.000   292.000   -61.440   -97.061
17470.000   692.000   425.000   319.000   -61.499   -97.030
17471.000   665.000   370.000   300.000   -61.559   -96.999
17472.000   700.000   389.000   296.000   -61.619   -96.967
17473.000   730.000   401.000   282.000   -61.679   -96.935
17474.000   741.000   390.000   287.000   -61.738   -96.904
17475.000   742.000   383.000   321.000   -61.798   -96.872
17476.000   692.000   403.000   313.000   -61.858   -96.840
17477.000   693.000   386.000   308.000   -61.918   -96.807
17478.000   775.000   442.000   311.000   -61.977   -96.775
17479.000   719.000   405.000   310.000   -62.037   -96.742
17480.000   660.000   439.000   320.000   -62.097   -96.710
17481.000   707.000   430.000   312.000   -62.156   -96.677
17482.000   679.000   408.000   339.000   -62.216   -96.644
17483.000   757.000   401.000   329.000   -62.276   -96.611
17484.000   720.000   393.000   301.000   -62.335   -96.578
17485.000   708.000   567.000   305.000   -62.395   -96.544
17486.000   730.000   418.000   306.000   -62.454   -96.511
17487.000   709.000   435.000   318.000   -62.514   -96.477
17488.000   697.000   427.000   307.000   -62.574   -96.443
17489.000   722.000   427.000   354.000   -62.633   -96.409
17490.000   718.000   428.000   316.000   -62.693   -96.375
17491.000   686.000   427.000   332.000   -62.752   -96.341
17492.000   680.000   392.000   326.000   -62.812   -96.306
17493.000   686.000   388.000   320.000   -62.871   -96.272
17494.000   713.000   425.000   331.000   -62.931   -96.237
17495.000   656.000   403.000   321.000   -62.991   -96.202
17496.000   640.000   427.000   321.000   -63.050   -96.167
17497.000   685.000   425.000   322.000   -63.110   -96.131
17498.000   716.000   407.000   324.000   -63.169   -96.096
17499.000   718.000   411.000   343.000   -63.228   -96.060
17500.000   696.000   408.000   342.000   -63.288   -96.025
17501.000   668.000   375.000   320.000   -63.347   -95.989
17502.000   711.000   424.000   310.000   -63.407   -95.953
17503.000   681.000   406.000   319.000   -63.466   -95.916
17504.000   711.000   438.000   362.000   -63.526   -95.880
17505.000   773.000   427.000   343.000   -63.585   -95.843
17506.000   662.000   414.000   315.000   -63.644   -95.807
17507.000   711.000   422.000   344.000   -63.704   -95.770
17508.000   662.000   450.000   345.000   -63.763   -95.733
17509.000   703.000   451.000   348.000   -63.823   -95.695
17510.000   696.000   389.000   329.000   -63.882   -95.658
17511.000   690.000   409.000   333.000   -63.941   -95.620
17512.000   663.000   422.000   321.000   -64.001   -95.583
17513.000   693.000   410.000   336.000   -64.060   -95.545
17514.000   689.000   410.000   334.000   -64.119   -95.506
17515.000   711.000   442.000   380.000   -64.178   -95.468
17516.000   734.000   382.000   348.000   -64.238   -95.430
17517.000   712.000   514.000   320.000   -64.297   -95.391
17518.000   727.000   418.000   381.000   -64.356   -95.352
17519.000   764.000   397.000   470.000   -64.415   -95.313
