Time range: [ 02:34:54.000  02:28:00.000 ]
Time range duration: -7.0 min, 6.0 sec
Longitude range: [ 0.0  14565.0 ]
9294.000   6622.000   13267.000   14565.000   82.520   -166.779
9295.000   6733.000   13366.000   15017.000   82.520   -166.302
9296.000   6624.000   13678.000   15412.000   82.519   -165.826
9297.000   6756.000   14115.000   15494.000   82.518   -165.350
9298.000   6409.000   14442.000   506.000   82.516   -164.874
9299.000   6378.000   14330.000   520.000   82.514   -164.398
9300.000   6065.000   14010.000   466.000   82.511   -163.923
9301.000   5811.000   13870.000   496.000   82.508   -163.448
9302.000   5578.000   13584.000   408.000   82.504   -162.973
9303.000   5433.000   13063.000   437.000   82.499   -162.499
9304.000   5382.000   12881.000   446.000   82.494   -162.026
9305.000   5383.000   13205.000   400.000   82.489   -161.553
9306.000   5086.000   11789.000   388.000   82.483   -161.081
9307.000   5285.000   12311.000   368.000   82.477   -160.610
9308.000   5935.000   12612.000   355.000   82.470   -160.140
9309.000   4152.000   13091.000   373.000   82.462   -159.670
9310.000   3659.000   13342.000   355.000   82.454   -159.202
9311.000   3541.000   13778.000   323.000   82.446   -158.734
9312.000   3637.000   13883.000   319.000   82.437   -158.268
9313.000   3709.000   14367.000   299.000   82.427   -157.802
9314.000   3392.000   14743.000   295.000   82.417   -157.338
9315.000   3417.000   14956.000   328.000   82.407   -156.876
9316.000   3131.000   15308.000   263.000   82.396   -156.414
9317.000   2330.000   15399.000   303.000   82.384   -155.954
9318.000   2172.000   15856.000   257.000   82.372   -155.495
9319.000   2133.000   16059.000   284.000   82.360   -155.038
9320.000   2080.000   16305.000   244.000   82.347   -154.582
9321.000   1599.000   16433.000   232.000   82.333   -154.128
9322.000   607.000   16789.000   247.000   82.319   -153.676
9323.000   581.000   17232.000   257.000   82.305   -153.225
9324.000   586.000   17121.000   243.000   82.290   -152.776
9325.000   635.000   17348.000   231.000   82.275   -152.329
9326.000   619.000   17718.000   218.000   82.259   -151.883
9327.000   578.000   17843.000   223.000   82.242   -151.439
9328.000   624.000   18029.000   212.000   82.226   -150.998
9329.000   582.000   18458.000   202.000   82.208   -150.558
9330.000   588.000   18305.000   201.000   82.191   -150.120
9331.000   580.000   18364.000   214.000   82.173   -149.684
9332.000   576.000   18705.000   189.000   82.154   -149.250
9333.000   608.000   18757.000   192.000   82.135   -148.819
9334.000   576.000   18641.000   198.000   82.115   -148.389
9335.000   566.000   18996.000   209.000   82.095   -147.961
9336.000   590.000   18932.000   176.000   82.075   -147.536
9337.000   557.000   19030.000   192.000   82.054   -147.113
9338.000   614.000   19016.000   177.000   82.033   -146.692
9339.000   577.000   19091.000   172.000   82.011   -146.274
9340.000   627.000   18982.000   186.000   81.989   -145.858
9341.000   596.000   19121.000   189.000   81.967   -145.444
9342.000   591.000   19014.000   184.000   81.944   -145.032
9343.000   644.000   19214.000   169.000   81.920   -144.623
9344.000   598.000   19206.000   168.000   81.897   -144.216
9345.000   521.000   19286.000   194.000   81.872   -143.812
9346.000   663.000   19194.000   171.000   81.848   -143.410
9347.000   596.000   19528.000   161.000   81.823   -143.010
9348.000   584.000   19401.000   175.000   81.797   -142.613
9349.000   554.000   19269.000   186.000   81.771   -142.219
9350.000   573.000   19515.000   164.000   81.745   -141.827
9351.000   567.000   19253.000   167.000   81.719   -141.437
9352.000   605.000   19293.000   177.000   81.692   -141.050
9353.000   682.000   19313.000   154.000   81.664   -140.666
9354.000   585.000   19252.000   149.000   81.637   -140.284
9355.000   586.000   19284.000   160.000   81.609   -139.904
9356.000   558.000   19383.000   161.000   81.580   -139.527
9357.000   638.000   19178.000   177.000   81.551   -139.153
9358.000   570.000   19387.000   168.000   81.522   -138.781
9359.000   571.000   19034.000   135.000   81.493   -138.412
8880.000   1483.000   355.000   00.000   63.081   119.949
