Time range: [ 17:08:47.000  18:12:00.000 ]
Time range duration: 63.0 min, 13.0 sec
Longitude range: [ 71.0  145.0 ]
61727.000   1968.000   584.000   145.000   82.520   -20.643
61728.000   1950.000   618.000   146.000   82.520   -20.167
61729.000   2028.000   593.000   140.000   82.519   -19.690
61730.000   1880.000   571.000   166.000   82.518   -19.214
61731.000   1971.000   599.000   143.000   82.516   -18.738
61732.000   1931.000   610.000   155.000   82.514   -18.262
61733.000   1948.000   562.000   153.000   82.511   -17.786
61734.000   1899.000   590.000   140.000   82.508   -17.311
61735.000   1919.000   592.000   169.000   82.504   -16.836
61736.000   1858.000   591.000   145.000   82.500   -16.362
61737.000   1888.000   625.000   162.000   82.495   -15.888
61738.000   1917.000   597.000   156.000   82.490   -15.415
61739.000   1948.000   600.000   156.000   82.484   -14.943
61740.000   1891.000   604.000   169.000   82.478   -14.471
61741.000   1917.000   579.000   152.000   82.471   -14.001
61742.000   1857.000   621.000   163.000   82.463   -13.531
61743.000   1892.000   589.000   153.000   82.455   -13.062
61744.000   1819.000   617.000   133.000   82.447   -12.594
61745.000   1866.000   618.000   155.000   82.438   -12.127
61746.000   1849.000   647.000   151.000   82.429   -11.662
61747.000   1823.000   623.000   155.000   82.419   -11.197
61748.000   1908.000   628.000   150.000   82.408   -10.734
61749.000   1771.000   594.000   160.000   82.397   -10.272
61750.000   1826.000   584.000   144.000   82.386   -9.812
61751.000   1791.000   628.000   152.000   82.374   -9.353
61752.000   1862.000   603.000   149.000   82.362   -8.895
61753.000   1844.000   579.000   164.000   82.349   -8.439
61754.000   1728.000   590.000   160.000   82.335   -7.984
61755.000   1800.000   603.000   153.000   82.322   -7.531
61756.000   1761.000   580.000   145.000   82.307   -7.080
61757.000   1766.000   608.000   168.000   82.292   -6.631
61758.000   1815.000   584.000   157.000   82.277   -6.183
61759.000   1769.000   616.000   151.000   82.261   -5.737
61760.000   1714.000   630.000   156.000   82.245   -5.293
61761.000   1762.000   579.000   163.000   82.228   -4.850
61762.000   1738.000   625.000   148.000   82.211   -4.410
61763.000   1712.000   607.000   152.000   82.194   -3.972
61764.000   1751.000   575.000   158.000   82.175   -3.535
61765.000   1718.000   620.000   152.000   82.157   -3.101
61766.000   1653.000   601.000   160.000   82.138   -2.669
61767.000   1666.000   571.000   172.000   82.119   -2.239
61768.000   1730.000   596.000   151.000   82.099   -1.811
61769.000   1697.000   570.000   145.000   82.078   -1.385
61770.000   1634.000   593.000   151.000   82.058   -0.962
61771.000   1669.000   585.000   144.000   82.036   -0.540
61772.000   1688.000   550.000   170.000   82.015   -0.121
61773.000   1592.000   573.000   135.000   81.993   00.296
61774.000   1618.000   561.000   144.000   81.970   00.710
61775.000   1575.000   621.000   167.000   81.947   01.122
61776.000   1653.000   611.000   146.000   81.924   01.532
61777.000   1615.000   581.000   165.000   81.900   01.939
61778.000   1561.000   621.000   124.000   81.876   02.344
61779.000   1653.000   555.000   151.000   81.851   02.746
61780.000   1591.000   643.000   145.000   81.827   03.147
61781.000   1617.000   582.000   158.000   81.801   03.544
61782.000   1604.000   610.000   139.000   81.775   03.939
61783.000   1675.000   604.000   147.000   81.749   04.332
61784.000   1592.000   595.000   169.000   81.723   04.722
61785.000   1570.000   645.000   141.000   81.696   05.109
61786.000   1560.000   593.000   158.000   81.669   05.494
61787.000   1602.000   583.000   157.000   81.641   05.877
61788.000   1583.000   622.000   141.000   81.613   06.257
61789.000   1545.000   633.000   173.000   81.584   06.634
61790.000   1568.000   568.000   153.000   81.556   07.009
61791.000   1598.000   561.000   131.000   81.526   07.381
61792.000   1564.000   551.000   140.000   81.497   07.751
61793.000   1536.000   582.000   126.000   81.467   08.118
61794.000   1510.000   612.000   135.000   81.437   08.483
61795.000   1560.000   583.000   169.000   81.406   08.845
61796.000   1509.000   580.000   159.000   81.376   09.204
61797.000   1506.000   589.000   174.000   81.344   09.561
61798.000   1582.000   601.000   163.000   81.313   09.915
61799.000   1555.000   596.000   159.000   81.281   10.266
61800.000   1496.000   636.000   151.000   81.249   10.615
61801.000   1564.000   549.000   166.000   81.216   10.962
61802.000   1527.000   559.000   154.000   81.183   11.305
61803.000   1503.000   587.000   162.000   81.150   11.647
61804.000   1529.000   609.000   153.000   81.116   11.985
61805.000   1530.000   575.000   144.000   81.083   12.321
61806.000   1510.000   602.000   162.000   81.049   12.655
61807.000   1483.000   610.000   157.000   81.014   12.986
61808.000   1416.000   617.000   143.000   80.979   13.314
61809.000   1481.000   595.000   141.000   80.944   13.640
61810.000   1425.000   565.000   159.000   80.909   13.964
61811.000   1435.000   594.000   162.000   80.873   14.284
61812.000   1459.000   565.000   155.000   80.838   14.603
61813.000   1413.000   579.000   155.000   80.801   14.919
61814.000   1518.000   598.000   163.000   80.765   15.232
61815.000   1410.000   631.000   145.000   80.728   15.543
61816.000   1429.000   584.000   157.000   80.691   15.851
61817.000   1427.000   620.000   154.000   80.654   16.157
61818.000   1431.000   618.000   155.000   80.616   16.460
61819.000   1479.000   562.000   150.000   80.579   16.761
61820.000   1466.000   586.000   152.000   80.540   17.060
61821.000   1403.000   569.000   151.000   80.502   17.356
61822.000   1357.000   582.000   158.000   80.464   17.650
61823.000   1491.000   639.000   123.000   80.425   17.941
61824.000   1442.000   612.000   157.000   80.386   18.230
61825.000   1373.000   634.000   156.000   80.346   18.517
61826.000   1419.000   631.000   156.000   80.307   18.801
61827.000   1342.000   598.000   154.000   80.267   19.083
61828.000   1433.000   559.000   152.000   80.227   19.363
61829.000   1386.000   554.000   134.000   80.187   19.640
61830.000   1419.000   599.000   132.000   80.146   19.915
61831.000   1375.000   593.000   155.000   80.105   20.188
61832.000   1451.000   596.000   169.000   80.064   20.458
61833.000   1368.000   583.000   152.000   80.023   20.727
61834.000   1348.000   662.000   149.000   79.982   20.993
61835.000   1392.000   597.000   144.000   79.940   21.257
61836.000   1445.000   574.000   134.000   79.898   21.518
61837.000   1394.000   606.000   152.000   79.856   21.778
61838.000   1378.000   644.000   151.000   79.814   22.035
61839.000   1403.000   627.000   157.000   79.772   22.290
61840.000   1405.000   633.000   181.000   79.729   22.543
61841.000   1413.000   630.000   152.000   79.686   22.794
61842.000   1381.000   632.000   142.000   79.643   23.043
61843.000   1397.000   605.000   154.000   79.600   23.290
61844.000   1358.000   579.000   169.000   79.556   23.535
61845.000   1293.000   635.000   138.000   79.513   23.777
61846.000   1369.000   573.000   142.000   79.469   24.018
61847.000   1335.000   663.000   172.000   79.425   24.257
61848.000   1292.000   607.000   149.000   79.381   24.493
61849.000   1359.000   556.000   148.000   79.336   24.728
61850.000   1339.000   596.000   148.000   79.292   24.961
61851.000   1411.000   593.000   123.000   79.247   25.192
61852.000   1355.000   615.000   167.000   79.202   25.420
61853.000   1298.000   598.000   139.000   79.157   25.647
61854.000   1416.000   592.000   140.000   79.112   25.872
61855.000   1389.000   642.000   146.000   79.066   26.096
61856.000   1348.000   587.000   118.000   79.021   26.317
61857.000   1376.000   609.000   173.000   78.975   26.536
61858.000   1402.000   608.000   151.000   78.929   26.754
61859.000   1311.000   624.000   146.000   78.883   26.970
61860.000   1422.000   632.000   145.000   78.837   27.184
61861.000   1365.000   629.000   148.000   78.790   27.396
61862.000   1364.000   636.000   161.000   78.744   27.606
61863.000   1390.000   600.000   143.000   78.697   27.815
61864.000   1361.000   570.000   154.000   78.650   28.022
61865.000   1374.000   624.000   157.000   78.603   28.227
61866.000   1370.000   595.000   146.000   78.556   28.431
61867.000   1372.000   623.000   160.000   78.509   28.633
61868.000   1380.000   571.000   161.000   78.461   28.833
61869.000   1379.000   603.000   139.000   78.414   29.032
61870.000   1387.000   583.000   175.000   78.366   29.229
61871.000   1447.000   583.000   177.000   78.318   29.424
61872.000   1438.000   576.000   156.000   78.270   29.618
61873.000   1488.000   590.000   158.000   78.222   29.810
61874.000   1445.000   599.000   142.000   78.174   30.000
61875.000   1470.000   617.000   153.000   78.126   30.189
61876.000   1462.000   616.000   145.000   78.077   30.377
61877.000   1465.000   607.000   159.000   78.028   30.562
61878.000   1449.000   598.000   140.000   77.980   30.747
61879.000   1465.000   606.000   149.000   77.931   30.930
61880.000   1459.000   619.000   159.000   77.882   31.111
61881.000   1439.000   606.000   138.000   77.833   31.291
61882.000   1453.000   600.000   142.000   77.783   31.469
61883.000   1493.000   584.000   157.000   77.734   31.646
61884.000   1398.000   593.000   146.000   77.684   31.822
61885.000   1416.000   585.000   190.000   77.635   31.996
61886.000   1353.000   616.000   148.000   77.585   32.169
61887.000   1499.000   588.000   146.000   77.535   32.340
61888.000   1497.000   592.000   130.000   77.485   32.510
61889.000   1377.000   617.000   158.000   77.435   32.679
61890.000   1353.000   619.000   137.000   77.385   32.846
61891.000   1392.000   626.000   142.000   77.335   33.012
61892.000   1399.000   564.000   137.000   77.284   33.176
61893.000   1448.000   573.000   142.000   77.234   33.340
61894.000   1394.000   620.000   134.000   77.183   33.502
61895.000   1411.000   595.000   138.000   77.132   33.662
61896.000   1382.000   608.000   155.000   77.082   33.822
61897.000   1367.000   629.000   150.000   77.031   33.980
61898.000   1363.000   638.000   139.000   76.980   34.137
61899.000   1374.000   610.000   148.000   76.928   34.293
61900.000   1400.000   592.000   157.000   76.877   34.447
61901.000   1371.000   596.000   145.000   76.826   34.600
61902.000   1377.000   619.000   150.000   76.775   34.752
61903.000   1417.000   564.000   147.000   76.723   34.903
61904.000   1374.000   621.000   139.000   76.671   35.053
61905.000   1460.000   593.000   157.000   76.620   35.201
61906.000   1496.000   609.000   146.000   76.568   35.349
61907.000   1575.000   582.000   145.000   76.516   35.495
61908.000   1573.000   569.000   162.000   76.464   35.640
61909.000   1660.000   603.000   158.000   76.412   35.784
61910.000   1767.000   603.000   150.000   76.360   35.927
61911.000   1765.000   633.000   151.000   76.308   36.068
61912.000   1883.000   604.000   184.000   76.255   36.209
61913.000   1851.000   640.000   163.000   76.203   36.349
61914.000   1903.000   647.000   146.000   76.151   36.487
61915.000   1923.000   646.000   166.000   76.098   36.625
61916.000   1940.000   663.000   162.000   76.045   36.761
61917.000   1820.000   584.000   146.000   75.993   36.896
61918.000   1881.000   612.000   134.000   75.940   37.031
61919.000   1829.000   638.000   120.000   75.887   37.164
61920.000   1821.000   641.000   151.000   75.834   37.296
61921.000   1848.000   677.000   138.000   75.781   37.428
61922.000   1916.000   619.000   157.000   75.728   37.558
61923.000   2066.000   620.000   161.000   75.675   37.687
61924.000   2062.000   627.000   150.000   75.622   37.816
61925.000   2100.000   597.000   155.000   75.568   37.943
61926.000   2211.000   626.000   128.000   75.515   38.070
61927.000   2253.000   564.000   152.000   75.461   38.195
61928.000   2334.000   618.000   129.000   75.408   38.320
61929.000   2234.000   580.000   156.000   75.354   38.443
61930.000   2509.000   595.000   169.000   75.300   38.566
61931.000   2082.000   630.000   158.000   75.247   38.688
61932.000   2151.000   608.000   134.000   75.193   38.809
61933.000   2222.000   602.000   134.000   75.139   38.929
61934.000   2304.000   616.000   143.000   75.085   39.048
61935.000   1956.000   588.000   158.000   75.031   39.167
61936.000   2120.000   647.000   153.000   74.977   39.284
61937.000   2188.000   597.000   141.000   74.923   39.401
61938.000   2105.000   607.000   173.000   74.869   39.517
61939.000   2243.000   579.000   173.000   74.814   39.632
61940.000   2413.000   590.000   151.000   74.760   39.746
61941.000   2491.000   581.000   147.000   74.706   39.859
61942.000   2645.000   582.000   141.000   74.651   39.971
61943.000   2580.000   536.000   142.000   74.597   40.083
61944.000   2823.000   551.000   128.000   74.542   40.194
61945.000   2537.000   533.000   152.000   74.487   40.304
61946.000   2793.000   562.000   138.000   74.433   40.413
61947.000   2502.000   567.000   151.000   74.378   40.522
61948.000   2658.000   545.000   136.000   74.323   40.630
61949.000   2669.000   588.000   147.000   74.268   40.737
61950.000   2569.000   601.000   178.000   74.213   40.843
61951.000   2558.000   598.000   154.000   74.158   40.948
61952.000   2617.000   610.000   151.000   74.103   41.053
61953.000   2475.000   587.000   169.000   74.048   41.157
61954.000   2443.000   625.000   161.000   73.993   41.261
61955.000   2491.000   635.000   165.000   73.938   41.363
61956.000   2551.000   643.000   155.000   73.883   41.465
61957.000   2629.000   602.000   153.000   73.827   41.566
61958.000   2830.000   608.000   135.000   73.772   41.667
61959.000   4058.000   530.000   116.000   73.717   41.766
61960.000   4620.000   466.000   95.000   73.661   41.865
61961.000   3478.000   549.000   116.000   73.606   41.964
61962.000   2994.000   620.000   147.000   73.550   42.062
61963.000   3051.000   594.000   142.000   73.495   42.159
61964.000   2867.000   602.000   176.000   73.439   42.255
61965.000   3041.000   588.000   153.000   73.383   42.351
61966.000   3270.000   602.000   125.000   73.327   42.446
61967.000   3339.000   597.000   131.000   73.272   42.540
61968.000   3222.000   579.000   140.000   73.216   42.634
61969.000   3292.000   580.000   140.000   73.160   42.727
61970.000   3292.000   595.000   154.000   73.104   42.820
61971.000   3400.000   657.000   144.000   73.048   42.912
61972.000   3182.000   580.000   160.000   72.992   43.003
61973.000   3055.000   580.000   148.000   72.936   43.094
61974.000   2959.000   586.000   158.000   72.880   43.184
61975.000   3043.000   605.000   127.000   72.824   43.274
61976.000   2809.000   603.000   156.000   72.768   43.363
61977.000   2848.000   609.000   156.000   72.711   43.451
61978.000   2685.000   591.000   136.000   72.655   43.539
61979.000   2691.000   589.000   154.000   72.599   43.626
61980.000   2634.000   589.000   162.000   72.542   43.713
61981.000   2690.000   570.000   159.000   72.486   43.799
61982.000   2673.000   560.000   136.000   72.429   43.884
61983.000   2699.000   633.000   155.000   72.373   43.969
61984.000   2664.000   571.000   142.000   72.316   44.053
61985.000   2570.000   604.000   160.000   72.260   44.137
61986.000   2591.000   614.000   163.000   72.203   44.221
61987.000   2527.000   616.000   156.000   72.147   44.303
61988.000   2456.000   603.000   161.000   72.090   44.385
61989.000   2521.000   615.000   148.000   72.033   44.467
61990.000   2347.000   600.000   138.000   71.976   44.548
61991.000   2414.000   618.000   142.000   71.920   44.629
61992.000   2400.000   603.000   163.000   71.863   44.709
61993.000   2427.000   654.000   178.000   71.806   44.789
61994.000   2416.000   609.000   177.000   71.749   44.868
61995.000   2330.000   621.000   186.000   71.692   44.947
61996.000   2417.000   598.000   143.000   71.635   45.025
61997.000   2263.000   660.000   158.000   71.578   45.102
61998.000   2222.000   647.000   163.000   71.521   45.179
61999.000   2376.000   605.000   137.000   71.464   45.256
62000.000   2378.000   636.000   135.000   71.407   45.332
62001.000   2423.000   651.000   148.000   71.350   45.408
62002.000   2390.000   611.000   157.000   71.293   45.483
62003.000   2316.000   636.000   173.000   71.235   45.558
62004.000   2378.000   597.000   189.000   71.178   45.632
62005.000   2289.000   619.000   142.000   71.121   45.706
62006.000   2327.000   660.000   135.000   71.063   45.780
62007.000   2337.000   631.000   164.000   71.006   45.853
62008.000   2460.000   663.000   148.000   70.949   45.925
62009.000   2610.000   627.000   152.000   70.891   45.997
62010.000   2517.000   608.000   182.000   70.834   46.069
62011.000   2428.000   634.000   162.000   70.776   46.140
62012.000   2453.000   622.000   153.000   70.719   46.211
62013.000   2649.000   680.000   125.000   70.661   46.281
62014.000   2575.000   618.000   146.000   70.604   46.351
62015.000   2471.000   659.000   153.000   70.546   46.420
62016.000   2512.000   625.000   153.000   70.489   46.490
62017.000   2470.000   623.000   154.000   70.431   46.558
62018.000   2545.000   649.000   140.000   70.373   46.626
62019.000   2765.000   647.000   169.000   70.316   46.694
62020.000   2681.000   641.000   158.000   70.258   46.762
62021.000   2625.000   702.000   143.000   70.200   46.829
62022.000   2924.000   689.000   159.000   70.142   46.895
62023.000   3526.000   717.000   166.000   70.084   46.962
62024.000   3346.000   775.000   166.000   70.027   47.027
62025.000   4085.000   838.000   137.000   69.969   47.093
62026.000   5143.000   796.000   139.000   69.911   47.158
62027.000   7613.000   1139.000   140.000   69.853   47.223
62028.000   8772.000   1179.000   151.000   69.795   47.287
62029.000   8120.000   1321.000   156.000   69.737   47.351
62030.000   11692.000   1521.000   145.000   69.679   47.414
62031.000   13731.000   2532.000   162.000   69.621   47.478
62032.000   18183.000   3743.000   169.000   69.563   47.540
62033.000   21082.000   4551.000   183.000   69.505   47.603
62034.000   25987.000   6010.000   241.000   69.446   47.665
62035.000   25334.000   8087.000   297.000   69.388   47.727
62036.000   23559.000   8554.000   448.000   69.330   47.788
62037.000   14276.000   6219.000   634.000   69.272   47.849
62038.000   11975.000   5238.000   672.000   69.214   47.910
62039.000   10909.000   4730.000   637.000   69.155   47.970
62040.000   11692.000   5340.000   784.000   69.097   48.030
62041.000   10887.000   5088.000   731.000   69.039   48.090
62042.000   9828.000   3584.000   592.000   68.981   48.149
62043.000   10930.000   3632.000   464.000   68.922   48.208
62044.000   9968.000   3600.000   429.000   68.864   48.267
62045.000   10216.000   3576.000   477.000   68.806   48.325
62046.000   9036.000   2791.000   419.000   68.747   48.383
62047.000   10154.000   2652.000   401.000   68.689   48.441
62048.000   10278.000   2593.000   421.000   68.630   48.498
62049.000   9940.000   2346.000   324.000   68.572   48.555
62050.000   10277.000   2459.000   258.000   68.513   48.612
62051.000   10844.000   2573.000   294.000   68.455   48.668
62052.000   9930.000   2487.000   273.000   68.396   48.724
62053.000   9546.000   2450.000   285.000   68.338   48.780
62054.000   9346.000   2450.000   254.000   68.279   48.835
62055.000   9209.000   2336.000   268.000   68.220   48.891
62056.000   9545.000   2383.000   245.000   68.162   48.945
62057.000   10413.000   2558.000   209.000   68.103   49.000
62058.000   11206.000   2611.000   201.000   68.044   49.054
62059.000   12757.000   2800.000   218.000   67.986   49.108
62060.000   12836.000   2920.000   228.000   67.927   49.162
62061.000   13052.000   2989.000   183.000   67.868   49.215
62062.000   13664.000   2994.000   194.000   67.810   49.268
62063.000   13996.000   3053.000   154.000   67.751   49.321
62064.000   13867.000   3098.000   190.000   67.692   49.374
62065.000   13322.000   3026.000   160.000   67.633   49.426
62066.000   13653.000   2988.000   164.000   67.574   49.478
62067.000   12753.000   2894.000   187.000   67.515   49.530
62068.000   12271.000   2767.000   189.000   67.457   49.581
62069.000   13346.000   2935.000   156.000   67.398   49.632
62070.000   14169.000   3081.000   167.000   67.339   49.683
62071.000   11980.000   2793.000   162.000   67.280   49.733
62072.000   11732.000   2913.000   195.000   67.221   49.784
62073.000   13031.000   3000.000   179.000   67.162   49.834
62074.000   14327.000   3610.000   224.000   67.103   49.884
62075.000   12934.000   2913.000   171.000   67.044   49.933
62076.000   11253.000   2529.000   174.000   66.985   49.982
62077.000   11988.000   2857.000   168.000   66.926   50.031
62078.000   11481.000   2762.000   154.000   66.867   50.080
62079.000   11669.000   2702.000   151.000   66.808   50.129
62080.000   12425.000   2970.000   177.000   66.749   50.177
62081.000   11626.000   2973.000   178.000   66.689   50.225
62082.000   10707.000   2919.000   171.000   66.630   50.273
62083.000   11476.000   2911.000   189.000   66.571   50.320
62084.000   11807.000   3137.000   202.000   66.512   50.367
62085.000   12026.000   3316.000   175.000   66.453   50.414
62086.000   12200.000   3263.000   176.000   66.394   50.461
62087.000   11142.000   2924.000   158.000   66.334   50.508
62088.000   13110.000   3554.000   208.000   66.275   50.554
62089.000   13148.000   3672.000   226.000   66.216   50.600
62090.000   14526.000   4207.000   252.000   66.157   50.646
62091.000   16159.000   4668.000   220.000   66.097   50.691
62092.000   19692.000   5489.000   248.000   66.038   50.737
62093.000   18992.000   5110.000   213.000   65.979   50.782
62094.000   14001.000   3579.000   196.000   65.919   50.827
62095.000   11298.000   2897.000   195.000   65.860   50.871
62096.000   10685.000   2831.000   195.000   65.801   50.916
62097.000   12367.000   3002.000   206.000   65.741   50.960
62098.000   13261.000   3144.000   189.000   65.682   51.004
62099.000   13165.000   3248.000   227.000   65.622   51.048
62100.000   13431.000   3318.000   201.000   65.563   51.091
62101.000   16308.000   3524.000   209.000   65.504   51.135
62102.000   14540.000   3397.000   212.000   65.444   51.178
62103.000   14663.000   3428.000   188.000   65.385   51.221
62104.000   15880.000   3864.000   229.000   65.325   51.263
62105.000   17568.000   4090.000   253.000   65.266   51.306
62106.000   16064.000   3824.000   236.000   65.206   51.348
62107.000   16665.000   3610.000   241.000   65.147   51.390
62108.000   11438.000   2832.000   263.000   65.087   51.432
62109.000   8667.000   2347.000   253.000   65.028   51.474
62110.000   9123.000   2561.000   275.000   64.968   51.515
62111.000   9558.000   2654.000   273.000   64.908   51.556
62112.000   10195.000   2683.000   253.000   64.849   51.597
62113.000   10614.000   2781.000   324.000   64.789   51.638
62114.000   11042.000   2805.000   330.000   64.730   51.679
62115.000   11258.000   2827.000   331.000   64.670   51.719
62116.000   11639.000   2770.000   331.000   64.610   51.759
62117.000   11647.000   2909.000   367.000   64.551   51.800
62118.000   12214.000   2868.000   370.000   64.491   51.839
62119.000   12752.000   2928.000   362.000   64.431   51.879
62120.000   13487.000   2998.000   332.000   64.371   51.919
62121.000   15954.000   3111.000   363.000   64.312   51.958
62122.000   16038.000   2980.000   358.000   64.252   51.997
62123.000   15894.000   2911.000   367.000   64.192   52.036
62124.000   15570.000   2888.000   372.000   64.132   52.075
62125.000   16503.000   2810.000   359.000   64.073   52.113
62126.000   16717.000   2678.000   379.000   64.013   52.151
62127.000   15555.000   2589.000   363.000   63.953   52.190
62128.000   15638.000   2482.000   356.000   63.893   52.228
62129.000   15395.000   2381.000   353.000   63.833   52.265
62130.000   14241.000   2208.000   329.000   63.774   52.303
62131.000   13435.000   2112.000   306.000   63.714   52.341
62132.000   14653.000   2163.000   288.000   63.654   52.378
62133.000   13046.000   1988.000   291.000   63.594   52.415
62134.000   11463.000   1868.000   294.000   63.534   52.452
62135.000   10557.000   1834.000   314.000   63.474   52.489
62136.000   10223.000   1696.000   327.000   63.414   52.525
62137.000   9578.000   1622.000   273.000   63.354   52.562
62138.000   8919.000   1630.000   297.000   63.294   52.598
62139.000   8116.000   1485.000   281.000   63.234   52.634
62140.000   7531.000   1434.000   254.000   63.175   52.670
62141.000   7311.000   1299.000   233.000   63.115   52.706
62142.000   7110.000   1259.000   243.000   63.055   52.741
62143.000   7362.000   1276.000   250.000   62.995   52.777
62144.000   7769.000   1247.000   223.000   62.935   52.812
62145.000   6326.000   1170.000   222.000   62.875   52.847
62146.000   5923.000   1166.000   217.000   62.814   52.882
62147.000   5047.000   1005.000   194.000   62.754   52.917
62148.000   5239.000   875.000   199.000   62.694   52.952
62149.000   3828.000   773.000   182.000   62.634   52.986
62150.000   2269.000   725.000   147.000   62.574   53.020
62151.000   2355.000   726.000   174.000   62.514   53.055
62152.000   2163.000   733.000   161.000   62.454   53.089
62153.000   1962.000   658.000   179.000   62.394   53.122
62154.000   1933.000   663.000   170.000   62.334   53.156
62155.000   1845.000   661.000   175.000   62.274   53.190
62156.000   1904.000   708.000   146.000   62.214   53.223
62157.000   1772.000   661.000   174.000   62.153   53.256
62158.000   1794.000   682.000   179.000   62.093   53.289
62159.000   1871.000   697.000   156.000   62.033   53.322
65520.000   900.000   299.000   71.000   -32.575   -131.254
