Time range: [ 00:00:-0.000  00:00:28.000 ]
Time range duration: 0.0 min, 28.0 sec
Longitude range: [ 147.0  152.0 ]
-0.000   1054.000   564.000   147.000   82.308   -123.824
01.000   1006.000   579.000   143.000   82.322   -123.372
02.000   985.000   565.000   147.000   82.336   -122.919
03.000   991.000   541.000   161.000   82.350   -122.464
04.000   940.000   535.000   154.000   82.363   -122.007
05.000   976.000   555.000   154.000   82.375   -121.549
06.000   1048.000   553.000   153.000   82.387   -121.090
07.000   975.000   538.000   156.000   82.398   -120.629
08.000   974.000   578.000   151.000   82.409   -120.166
09.000   1014.000   569.000   145.000   82.420   -119.703
10.000   957.000   558.000   151.000   82.430   -119.238
11.000   961.000   568.000   171.000   82.439   -118.772
12.000   993.000   611.000   134.000   82.448   -118.305
13.000   1003.000   558.000   142.000   82.457   -117.836
14.000   968.000   574.000   157.000   82.465   -117.367
15.000   952.000   591.000   162.000   82.472   -116.897
16.000   1033.000   529.000   161.000   82.479   -116.426
17.000   969.000   560.000   146.000   82.485   -115.954
18.000   991.000   579.000   152.000   82.491   -115.481
19.000   982.000   535.000   144.000   82.497   -115.007
20.000   967.000   590.000   142.000   82.502   -114.533
21.000   966.000   564.000   154.000   82.506   -114.058
22.000   1059.000   574.000   149.000   82.510   -113.583
23.000   985.000   549.000   158.000   82.513   -113.108
24.000   973.000   564.000   125.000   82.516   -112.631
25.000   954.000   587.000   135.000   82.518   -112.155
26.000   1036.000   600.000   139.000   82.520   -111.678
27.000   1011.000   537.000   147.000   82.521   -111.202
28.000   1018.000   572.000   152.000   82.522   -110.725
