Time range: [ 16:45:39.000  19:16:00.000 ]
Time range duration: 150.0 min, 21.0 sec
Longitude range: [ 155.0  186.0 ]
60339.000   995.000   559.000   155.000   -82.522   176.957
60340.000   933.000   560.000   154.000   -82.522   177.429
60341.000   963.000   554.000   149.000   -82.521   177.900
60342.000   940.000   592.000   132.000   -82.520   178.372
60343.000   932.000   551.000   148.000   -82.518   178.843
60344.000   1011.000   560.000   137.000   -82.516   179.315
60345.000   896.000   536.000   163.000   -82.513   179.785
60346.000   978.000   531.000   142.000   -82.510   -179.744
60347.000   979.000   547.000   135.000   -82.506   -179.274
60348.000   979.000   541.000   156.000   -82.502   -178.805
60349.000   993.000   570.000   145.000   -82.497   -178.336
60350.000   957.000   542.000   151.000   -82.492   -177.867
60351.000   926.000   530.000   166.000   -82.486   -177.399
60352.000   941.000   545.000   146.000   -82.480   -176.933
60353.000   970.000   492.000   135.000   -82.473   -176.466
60354.000   974.000   609.000   158.000   -82.466   -176.001
60355.000   957.000   575.000   148.000   -82.458   -175.537
60356.000   954.000   546.000   158.000   -82.450   -175.074
60357.000   980.000   586.000   140.000   -82.441   -174.611
60358.000   924.000   553.000   145.000   -82.432   -174.150
60359.000   971.000   537.000   144.000   -82.422   -173.690
60360.000   920.000   541.000   167.000   -82.412   -173.231
60361.000   953.000   574.000   151.000   -82.401   -172.774
60362.000   977.000   533.000   144.000   -82.390   -172.318
60363.000   980.000   505.000   149.000   -82.378   -171.863
60364.000   1006.000   544.000   147.000   -82.366   -171.409
60365.000   924.000   515.000   121.000   -82.353   -170.957
60366.000   985.000   526.000   142.000   -82.340   -170.507
60367.000   967.000   546.000   137.000   -82.326   -170.058
60368.000   1021.000   587.000   156.000   -82.312   -169.611
60369.000   936.000   581.000   146.000   -82.298   -169.165
60370.000   985.000   549.000   126.000   -82.283   -168.722
60371.000   965.000   519.000   147.000   -82.267   -168.280
60372.000   986.000   550.000   173.000   -82.251   -167.839
60373.000   992.000   570.000   138.000   -82.235   -167.401
60374.000   974.000   569.000   143.000   -82.218   -166.964
60375.000   968.000   508.000   161.000   -82.201   -166.530
60376.000   976.000   568.000   135.000   -82.183   -166.097
60377.000   1011.000   531.000   138.000   -82.165   -165.666
60378.000   1026.000   538.000   135.000   -82.146   -165.238
60379.000   991.000   549.000   161.000   -82.127   -164.811
60380.000   954.000   537.000   146.000   -82.107   -164.387
60381.000   980.000   527.000   177.000   -82.087   -163.964
60382.000   939.000   504.000   154.000   -82.067   -163.544
60383.000   974.000   521.000   149.000   -82.046   -163.126
60384.000   978.000   525.000   180.000   -82.025   -162.710
60385.000   1009.000   582.000   153.000   -82.003   -162.297
60386.000   954.000   534.000   135.000   -81.981   -161.885
60387.000   1000.000   531.000   147.000   -81.959   -161.476
60388.000   995.000   586.000   142.000   -81.936   -161.070
60389.000   1002.000   581.000   136.000   -81.912   -160.665
60390.000   969.000   551.000   140.000   -81.889   -160.263
60391.000   941.000   538.000   151.000   -81.865   -159.864
60392.000   1022.000   558.000   167.000   -81.840   -159.466
60393.000   980.000   532.000   152.000   -81.815   -159.071
60394.000   947.000   602.000   134.000   -81.790   -158.679
60395.000   947.000   569.000   139.000   -81.764   -158.289
60396.000   1008.000   540.000   155.000   -81.738   -157.901
60397.000   950.000   566.000   157.000   -81.712   -157.516
60398.000   1015.000   571.000   123.000   -81.685   -157.134
60399.000   973.000   545.000   139.000   -81.658   -156.754
60400.000   1028.000   584.000   138.000   -81.630   -156.376
60401.000   1008.000   545.000   144.000   -81.602   -156.001
60402.000   1000.000   552.000   145.000   -81.574   -155.628
60403.000   967.000   516.000   146.000   -81.545   -155.258
60404.000   957.000   611.000   161.000   -81.516   -154.891
60405.000   1026.000   548.000   155.000   -81.487   -154.526
60406.000   993.000   572.000   157.000   -81.457   -154.163
60407.000   985.000   618.000   150.000   -81.427   -153.803
60408.000   995.000   592.000   168.000   -81.397   -153.446
60409.000   922.000   548.000   174.000   -81.366   -153.091
60410.000   1007.000   568.000   145.000   -81.335   -152.738
60411.000   1009.000   582.000   124.000   -81.303   -152.389
60412.000   944.000   550.000   158.000   -81.272   -152.041
60413.000   998.000   512.000   142.000   -81.240   -151.697
60414.000   1015.000   556.000   167.000   -81.207   -151.354
60415.000   913.000   515.000   164.000   -81.175   -151.015
60416.000   1084.000   627.000   150.000   -81.142   -150.678
60417.000   1047.000   571.000   191.000   -81.109   -150.343
60418.000   1027.000   595.000   158.000   -81.075   -150.011
60419.000   987.000   580.000   137.000   -81.041   -149.681
60420.000   1018.000   540.000   147.000   -81.007   -149.354
60421.000   998.000   586.000   145.000   -80.972   -149.029
60422.000   1041.000   556.000   165.000   -80.938   -148.707
60423.000   1049.000   596.000   144.000   -80.903   -148.388
60424.000   1047.000   563.000   164.000   -80.867   -148.071
60425.000   1037.000   620.000   135.000   -80.832   -147.756
60426.000   1079.000   586.000   155.000   -80.796   -147.444
60427.000   1019.000   627.000   156.000   -80.760   -147.134
60428.000   1000.000   618.000   154.000   -80.723   -146.826
60429.000   1008.000   587.000   170.000   -80.687   -146.522
60430.000   1103.000   621.000   175.000   -80.650   -146.219
60431.000   1053.000   577.000   176.000   -80.612   -145.919
60432.000   991.000   605.000   164.000   -80.575   -145.621
60433.000   1040.000   579.000   153.000   -80.537   -145.326
60434.000   1016.000   591.000   151.000   -80.499   -145.033
60435.000   970.000   563.000   146.000   -80.461   -144.742
60436.000   1069.000   586.000   154.000   -80.422   -144.454
60437.000   1040.000   558.000   182.000   -80.384   -144.168
60438.000   985.000   585.000   151.000   -80.345   -143.884
60439.000   1041.000   592.000   173.000   -80.305   -143.603
60440.000   1099.000   597.000   162.000   -80.266   -143.324
60441.000   1139.000   598.000   175.000   -80.226   -143.047
60442.000   1100.000   586.000   183.000   -80.186   -142.772
60443.000   1135.000   585.000   195.000   -80.146   -142.500
60444.000   1103.000   576.000   139.000   -80.106   -142.230
60445.000   1166.000   564.000   158.000   -80.065   -141.962
60446.000   1157.000   591.000   154.000   -80.025   -141.696
60447.000   1225.000   562.000   175.000   -79.984   -141.433
60448.000   1196.000   649.000   148.000   -79.942   -141.171
60449.000   1203.000   615.000   170.000   -79.901   -140.912
60450.000   1300.000   605.000   174.000   -79.859   -140.655
60451.000   1212.000   641.000   162.000   -79.818   -140.400
60452.000   1300.000   608.000   176.000   -79.775   -140.147
60453.000   1359.000   631.000   163.000   -79.733   -139.897
60454.000   1335.000   661.000   183.000   -79.691   -139.648
60455.000   1393.000   676.000   194.000   -79.648   -139.401
60456.000   1462.000   716.000   166.000   -79.605   -139.157
60457.000   1394.000   649.000   162.000   -79.562   -138.914
60458.000   1448.000   710.000   139.000   -79.519   -138.674
60459.000   1494.000   674.000   164.000   -79.476   -138.435
60460.000   1543.000   654.000   157.000   -79.432   -138.198
60461.000   1599.000   687.000   147.000   -79.388   -137.964
60462.000   1711.000   671.000   159.000   -79.344   -137.731
60463.000   1634.000   702.000   182.000   -79.300   -137.500
60464.000   1683.000   711.000   169.000   -79.256   -137.271
60465.000   1843.000   762.000   152.000   -79.212   -137.044
60466.000   1866.000   748.000   170.000   -79.167   -136.819
60467.000   1982.000   757.000   139.000   -79.122   -136.596
60468.000   1993.000   806.000   166.000   -79.077   -136.375
60469.000   2162.000   865.000   189.000   -79.032   -136.155
60470.000   2127.000   890.000   187.000   -78.987   -135.937
60471.000   2217.000   956.000   165.000   -78.941   -135.721
60472.000   2366.000   947.000   181.000   -78.896   -135.507
60473.000   2498.000   1036.000   239.000   -78.850   -135.295
60474.000   2600.000   1153.000   189.000   -78.804   -135.084
60475.000   2721.000   1161.000   207.000   -78.758   -134.875
60476.000   2819.000   1138.000   195.000   -78.712   -134.668
60477.000   3029.000   1352.000   223.000   -78.665   -134.463
60478.000   3044.000   1545.000   241.000   -78.619   -134.259
60479.000   3293.000   1636.000   295.000   -78.572   -134.057
60480.000   3414.000   1835.000   348.000   -78.525   -133.856
60481.000   3710.000   2042.000   376.000   -78.478   -133.657
60482.000   3954.000   2130.000   398.000   -78.431   -133.460
60483.000   3990.000   2231.000   477.000   -78.384   -133.264
60484.000   4298.000   2457.000   547.000   -78.337   -133.070
60485.000   4380.000   2814.000   621.000   -78.289   -132.878
60486.000   4616.000   3017.000   703.000   -78.242   -132.687
60487.000   4834.000   3165.000   807.000   -78.194   -132.498
60488.000   5124.000   3476.000   836.000   -78.146   -132.310
60489.000   5431.000   3560.000   953.000   -78.098   -132.124
60490.000   5495.000   3742.000   1075.000   -78.050   -131.939
60491.000   5556.000   3928.000   1135.000   -78.001   -131.756
60492.000   5913.000   4068.000   1130.000   -77.953   -131.574
60493.000   6004.000   4294.000   1150.000   -77.905   -131.394
60494.000   6197.000   4308.000   1177.000   -77.856   -131.215
60495.000   6473.000   4479.000   1188.000   -77.807   -131.038
60496.000   6687.000   4734.000   1187.000   -77.758   -130.862
60497.000   6970.000   4982.000   1211.000   -77.709   -130.687
60498.000   7109.000   5085.000   1254.000   -77.660   -130.514
60499.000   7370.000   5338.000   1312.000   -77.611   -130.342
60500.000   7696.000   5496.000   1405.000   -77.562   -130.172
60501.000   7764.000   5855.000   1457.000   -77.512   -130.003
60502.000   8104.000   5955.000   1527.000   -77.463   -129.835
60503.000   8510.000   6177.000   1508.000   -77.413   -129.669
60504.000   8820.000   6406.000   1572.000   -77.363   -129.504
60505.000   8866.000   6837.000   1706.000   -77.313   -129.340
60506.000   9223.000   6886.000   1631.000   -77.263   -129.177
60507.000   9381.000   7119.000   1780.000   -77.213   -129.016
60508.000   9817.000   7106.000   1804.000   -77.163   -128.856
60509.000   10104.000   7423.000   1817.000   -77.113   -128.698
60510.000   10261.000   7702.000   1894.000   -77.062   -128.540
60511.000   10445.000   8009.000   1907.000   -77.012   -128.384
60512.000   10670.000   8296.000   1993.000   -76.961   -128.229
60513.000   10857.000   8270.000   2039.000   -76.910   -128.075
60514.000   11377.000   8587.000   2043.000   -76.860   -127.923
60515.000   11475.000   8869.000   2045.000   -76.809   -127.772
60516.000   11735.000   8963.000   2179.000   -76.758   -127.621
60517.000   11732.000   9216.000   2144.000   -76.707   -127.472
60518.000   12019.000   9411.000   2256.000   -76.656   -127.324
60519.000   12251.000   9620.000   2333.000   -76.604   -127.178
60520.000   12641.000   9890.000   2316.000   -76.553   -127.032
60521.000   12766.000   10250.000   2458.000   -76.502   -126.888
60522.000   13090.000   10442.000   2468.000   -76.450   -126.744
60523.000   13272.000   10748.000   2582.000   -76.398   -126.602
60524.000   13556.000   11155.000   2651.000   -76.347   -126.461
60525.000   13889.000   11244.000   2661.000   -76.295   -126.321
60526.000   14133.000   11687.000   2658.000   -76.243   -126.182
60527.000   14517.000   11915.000   2865.000   -76.191   -126.044
60528.000   14711.000   12263.000   2884.000   -76.139   -125.907
60529.000   14807.000   12478.000   2935.000   -76.087   -125.771
60530.000   15137.000   12692.000   3048.000   -76.035   -125.636
60531.000   15376.000   13029.000   3049.000   -75.983   -125.502
60532.000   15450.000   13199.000   3209.000   -75.930   -125.369
60533.000   15559.000   13680.000   3146.000   -75.878   -125.237
60534.000   15862.000   13653.000   3277.000   -75.825   -125.106
60535.000   16097.000   14141.000   3366.000   -75.773   -124.977
60536.000   16229.000   14353.000   3451.000   -75.720   -124.848
60537.000   16435.000   14682.000   3506.000   -75.668   -124.720
60538.000   16521.000   15040.000   3575.000   -75.615   -124.593
60539.000   16690.000   15431.000   3542.000   -75.562   -124.467
60540.000   16811.000   15620.000   3676.000   -75.509   -124.341
60541.000   17306.000   15841.000   3873.000   -75.456   -124.217
60542.000   17198.000   16078.000   3998.000   -75.403   -124.094
60543.000   17322.000   16430.000   3992.000   -75.350   -123.971
60544.000   17590.000   16836.000   4159.000   -75.297   -123.850
60545.000   17719.000   16905.000   4283.000   -75.243   -123.729
60546.000   17858.000   17434.000   4306.000   -75.190   -123.609
60547.000   17802.000   17554.000   4528.000   -75.137   -123.490
60548.000   18128.000   17827.000   4522.000   -75.083   -123.372
60549.000   18131.000   18284.000   4780.000   -75.030   -123.255
60550.000   18186.000   18774.000   4743.000   -74.976   -123.139
60551.000   18127.000   18780.000   4973.000   -74.922   -123.023
60552.000   18333.000   19276.000   5145.000   -74.869   -122.909
60553.000   18460.000   19668.000   5180.000   -74.815   -122.795
60554.000   18611.000   19940.000   5336.000   -74.761   -122.682
60555.000   18459.000   20190.000   5406.000   -74.707   -122.570
60556.000   18687.000   20318.000   5524.000   -74.653   -122.458
60557.000   18582.000   20946.000   5705.000   -74.599   -122.347
60558.000   18630.000   21144.000   5853.000   -74.545   -122.238
60559.000   18536.000   21406.000   6016.000   -74.491   -122.128
60560.000   18743.000   21577.000   6148.000   -74.436   -122.020
60561.000   18347.000   22057.000   6365.000   -74.382   -121.913
60562.000   18536.000   22208.000   6510.000   -74.328   -121.806
60563.000   18543.000   22423.000   6437.000   -74.274   -121.700
60564.000   18370.000   22280.000   6597.000   -74.219   -121.594
60565.000   18375.000   22635.000   6717.000   -74.165   -121.490
60566.000   18292.000   22808.000   6921.000   -74.110   -121.386
60567.000   18230.000   22988.000   6823.000   -74.055   -121.283
60568.000   18023.000   22818.000   6950.000   -74.001   -121.180
60569.000   18274.000   23332.000   6977.000   -73.946   -121.079
60570.000   17849.000   23109.000   7174.000   -73.891   -120.978
60571.000   17704.000   22862.000   7241.000   -73.837   -120.877
60572.000   17618.000   23276.000   7198.000   -73.782   -120.778
60573.000   17675.000   23063.000   7295.000   -73.727   -120.679
60574.000   17542.000   23195.000   7324.000   -73.672   -120.580
60575.000   17549.000   23304.000   7437.000   -73.617   -120.483
60576.000   17160.000   23159.000   7524.000   -73.562   -120.386
60577.000   17346.000   23162.000   7449.000   -73.507   -120.289
60578.000   17075.000   23395.000   7346.000   -73.451   -120.194
60579.000   16750.000   23043.000   7473.000   -73.396   -120.099
60580.000   16569.000   22990.000   7499.000   -73.341   -120.004
60581.000   16616.000   22720.000   7452.000   -73.286   -119.911
60582.000   16400.000   22737.000   7331.000   -73.230   -119.818
60583.000   16153.000   22675.000   7427.000   -73.175   -119.725
60584.000   15834.000   22550.000   7519.000   -73.120   -119.633
60585.000   15855.000   22289.000   7402.000   -73.064   -119.542
60586.000   15870.000   22036.000   7307.000   -73.009   -119.451
60587.000   15396.000   22234.000   7355.000   -72.953   -119.361
60588.000   15379.000   21915.000   7404.000   -72.897   -119.272
60589.000   15095.000   21708.000   7186.000   -72.842   -119.183
60590.000   14953.000   21606.000   7353.000   -72.786   -119.095
60591.000   14940.000   21393.000   7143.000   -72.730   -119.007
60592.000   14563.000   21214.000   7148.000   -72.674   -118.920
60593.000   14357.000   20939.000   7229.000   -72.619   -118.833
60594.000   14313.000   20645.000   6996.000   -72.563   -118.747
60595.000   13968.000   20598.000   6916.000   -72.507   -118.662
60596.000   13480.000   20220.000   6846.000   -72.451   -118.577
60597.000   13523.000   19757.000   7044.000   -72.395   -118.492
60598.000   13647.000   19536.000   6874.000   -72.339   -118.409
60599.000   13184.000   19281.000   6686.000   -72.283   -118.325
60600.000   12936.000   18868.000   6543.000   -72.227   -118.243
60601.000   12669.000   18760.000   6512.000   -72.171   -118.160
60602.000   12491.000   18313.000   6431.000   -72.114   -118.079
60603.000   12139.000   18134.000   6448.000   -72.058   -117.997
60604.000   12084.000   17885.000   6333.000   -72.002   -117.917
60605.000   11653.000   17594.000   6274.000   -71.946   -117.837
60606.000   11515.000   17303.000   6207.000   -71.889   -117.757
60607.000   11306.000   16573.000   6108.000   -71.833   -117.678
60608.000   11163.000   16698.000   5934.000   -71.777   -117.599
60609.000   10878.000   16152.000   5910.000   -71.720   -117.521
60610.000   10736.000   15823.000   5709.000   -71.664   -117.443
60611.000   10363.000   15567.000   5634.000   -71.607   -117.366
60612.000   10036.000   15271.000   5658.000   -71.551   -117.290
60613.000   9871.000   14853.000   5594.000   -71.494   -117.213
60614.000   9814.000   14521.000   5538.000   -71.437   -117.138
60615.000   9348.000   14282.000   5413.000   -71.381   -117.062
60616.000   9280.000   13724.000   5080.000   -71.324   -116.988
60617.000   8908.000   13513.000   5119.000   -71.267   -116.913
60618.000   8525.000   13370.000   4996.000   -71.211   -116.839
60619.000   8476.000   12884.000   4914.000   -71.154   -116.766
60620.000   8200.000   12224.000   4935.000   -71.097   -116.693
60621.000   8063.000   12012.000   4710.000   -71.040   -116.620
60622.000   7658.000   11816.000   4618.000   -70.983   -116.548
60623.000   7526.000   11673.000   4560.000   -70.926   -116.477
60624.000   7474.000   11204.000   4448.000   -70.869   -116.405
60625.000   7092.000   10948.000   4299.000   -70.812   -116.335
60626.000   6977.000   10471.000   4246.000   -70.755   -116.264
60627.000   6863.000   10200.000   4193.000   -70.698   -116.194
60628.000   6588.000   10016.000   3980.000   -70.641   -116.125
60629.000   6430.000   9664.000   3972.000   -70.584   -116.056
60630.000   6118.000   9284.000   3886.000   -70.527   -115.987
60631.000   6022.000   9108.000   3828.000   -70.470   -115.919
60632.000   6028.000   8823.000   3679.000   -70.413   -115.851
60633.000   5420.000   8685.000   3609.000   -70.355   -115.783
60634.000   5363.000   8368.000   3564.000   -70.298   -115.716
60635.000   5321.000   8044.000   3435.000   -70.241   -115.649
60636.000   5117.000   7652.000   3312.000   -70.184   -115.583
60637.000   4894.000   7588.000   3294.000   -70.126   -115.517
60638.000   4894.000   7351.000   3168.000   -70.069   -115.452
60639.000   4663.000   7158.000   3090.000   -70.012   -115.386
60640.000   4534.000   6862.000   3077.000   -69.954   -115.322
60641.000   4393.000   6692.000   2908.000   -69.897   -115.257
60642.000   4359.000   6619.000   2822.000   -69.839   -115.193
60643.000   4228.000   6259.000   2735.000   -69.782   -115.130
60644.000   4017.000   6006.000   2740.000   -69.724   -115.066
60645.000   3946.000   5984.000   2613.000   -69.667   -115.003
60646.000   3917.000   5675.000   2522.000   -69.609   -114.941
60647.000   3676.000   5635.000   2552.000   -69.551   -114.879
60648.000   3570.000   5385.000   2400.000   -69.494   -114.817
60649.000   3479.000   5190.000   2310.000   -69.436   -114.755
60650.000   3377.000   5072.000   2332.000   -69.379   -114.694
60651.000   3315.000   4832.000   2174.000   -69.321   -114.634
60652.000   3153.000   4715.000   2198.000   -69.263   -114.573
60653.000   3174.000   4560.000   2027.000   -69.205   -114.513
60654.000   3134.000   4285.000   1942.000   -69.148   -114.453
60655.000   2974.000   4157.000   1876.000   -69.090   -114.394
60656.000   2888.000   3978.000   1795.000   -69.032   -114.335
60657.000   2873.000   3919.000   1719.000   -68.974   -114.276
60658.000   2798.000   3797.000   1635.000   -68.916   -114.218
60659.000   2659.000   3573.000   1619.000   -68.858   -114.160
60660.000   2524.000   3524.000   1503.000   -68.800   -114.102
60661.000   2491.000   3384.000   1492.000   -68.742   -114.044
60662.000   2418.000   3150.000   1347.000   -68.685   -113.987
60663.000   2277.000   3061.000   1363.000   -68.627   -113.930
60664.000   2324.000   2855.000   1300.000   -68.569   -113.874
60665.000   2263.000   2898.000   1215.000   -68.510   -113.818
60666.000   2140.000   2674.000   1125.000   -68.452   -113.762
60667.000   2077.000   2501.000   1108.000   -68.394   -113.706
60668.000   2063.000   2490.000   1028.000   -68.336   -113.651
60669.000   1933.000   2338.000   1005.000   -68.278   -113.596
60670.000   1870.000   2258.000   911.000   -68.220   -113.541
60671.000   1852.000   2087.000   892.000   -68.162   -113.487
60672.000   1872.000   2019.000   849.000   -68.104   -113.433
60673.000   1756.000   1941.000   769.000   -68.045   -113.379
60674.000   1676.000   1756.000   772.000   -67.987   -113.326
60675.000   1680.000   1705.000   697.000   -67.929   -113.272
60676.000   1586.000   1687.000   642.000   -67.871   -113.220
60677.000   1565.000   1539.000   635.000   -67.812   -113.167
60678.000   1491.000   1420.000   577.000   -67.754   -113.115
60679.000   1510.000   1430.000   567.000   -67.696   -113.062
60680.000   1456.000   1268.000   536.000   -67.637   -113.011
60681.000   1406.000   1255.000   501.000   -67.579   -112.959
60682.000   1371.000   1205.000   478.000   -67.521   -112.908
60683.000   1317.000   1151.000   390.000   -67.462   -112.857
60684.000   1341.000   1034.000   396.000   -67.404   -112.806
60685.000   1230.000   1020.000   356.000   -67.345   -112.756
60686.000   1262.000   936.000   375.000   -67.287   -112.706
60687.000   1271.000   902.000   340.000   -67.228   -112.656
60688.000   1229.000   867.000   317.000   -67.170   -112.606
60689.000   1220.000   847.000   294.000   -67.111   -112.557
60690.000   1223.000   804.000   244.000   -67.053   -112.508
60691.000   1227.000   758.000   254.000   -66.994   -112.459
60692.000   1226.000   742.000   219.000   -66.936   -112.410
60693.000   1214.000   692.000   232.000   -66.877   -112.362
60694.000   1166.000   625.000   209.000   -66.818   -112.314
60695.000   1080.000   629.000   189.000   -66.760   -112.266
60696.000   1088.000   659.000   208.000   -66.701   -112.218
60697.000   1094.000   588.000   161.000   -66.643   -112.171
60698.000   1174.000   616.000   189.000   -66.584   -112.124
60699.000   1104.000   633.000   174.000   -66.525   -112.077
60700.000   1061.000   560.000   161.000   -66.466   -112.030
60701.000   1064.000   531.000   173.000   -66.408   -111.984
60702.000   1098.000   518.000   147.000   -66.349   -111.938
60703.000   1022.000   519.000   164.000   -66.290   -111.892
60704.000   1074.000   551.000   146.000   -66.231   -111.846
60705.000   1074.000   539.000   175.000   -66.173   -111.801
60706.000   1043.000   510.000   154.000   -66.114   -111.755
60707.000   1077.000   522.000   165.000   -66.055   -111.710
60708.000   993.000   502.000   136.000   -65.996   -111.665
60709.000   1114.000   530.000   124.000   -65.937   -111.621
60710.000   1025.000   526.000   162.000   -65.878   -111.577
60711.000   1007.000   511.000   128.000   -65.819   -111.532
60712.000   1041.000   554.000   157.000   -65.760   -111.489
60713.000   1017.000   473.000   119.000   -65.701   -111.445
60714.000   1098.000   507.000   137.000   -65.643   -111.401
60715.000   1045.000   550.000   138.000   -65.584   -111.358
60716.000   1100.000   539.000   135.000   -65.525   -111.315
60717.000   1050.000   442.000   136.000   -65.466   -111.272
60718.000   1054.000   524.000   140.000   -65.407   -111.230
60719.000   1072.000   474.000   144.000   -65.348   -111.187
60720.000   1095.000   447.000   146.000   -65.288   -111.145
60721.000   1073.000   519.000   124.000   -65.229   -111.103
60722.000   1088.000   513.000   155.000   -65.170   -111.061
60723.000   1078.000   488.000   152.000   -65.111   -111.020
60724.000   1090.000   520.000   146.000   -65.052   -110.978
60725.000   1042.000   491.000   127.000   -64.993   -110.937
60726.000   1148.000   491.000   119.000   -64.934   -110.896
60727.000   1081.000   518.000   158.000   -64.875   -110.856
60728.000   1051.000   474.000   107.000   -64.816   -110.815
60729.000   1107.000   509.000   138.000   -64.756   -110.775
60730.000   1088.000   450.000   121.000   -64.697   -110.734
60731.000   1114.000   491.000   127.000   -64.638   -110.694
60732.000   1143.000   521.000   109.000   -64.579   -110.655
60733.000   1076.000   504.000   145.000   -64.520   -110.615
60734.000   1150.000   532.000   115.000   -64.460   -110.576
60735.000   1137.000   488.000   143.000   -64.401   -110.536
60736.000   1118.000   496.000   125.000   -64.342   -110.497
60737.000   1184.000   489.000   119.000   -64.283   -110.458
60738.000   1065.000   535.000   120.000   -64.223   -110.420
60739.000   1121.000   489.000   100.000   -64.164   -110.381
60740.000   1129.000   484.000   140.000   -64.105   -110.343
60741.000   1169.000   490.000   129.000   -64.045   -110.305
60742.000   1133.000   470.000   144.000   -63.986   -110.267
60743.000   1120.000   477.000   127.000   -63.927   -110.229
60744.000   1150.000   506.000   134.000   -63.867   -110.191
60745.000   1091.000   519.000   124.000   -63.808   -110.154
60746.000   1093.000   544.000   115.000   -63.748   -110.117
60747.000   1193.000   479.000   130.000   -63.689   -110.080
60748.000   1183.000   460.000   129.000   -63.629   -110.043
60749.000   1163.000   489.000   116.000   -63.570   -110.006
60750.000   1145.000   500.000   133.000   -63.511   -109.969
60751.000   1198.000   467.000   124.000   -63.451   -109.933
60752.000   1156.000   490.000   112.000   -63.392   -109.897
60753.000   1239.000   501.000   129.000   -63.332   -109.861
60754.000   1256.000   514.000   127.000   -63.273   -109.825
60755.000   1243.000   496.000   137.000   -63.213   -109.789
60756.000   1258.000   449.000   119.000   -63.154   -109.754
60757.000   1251.000   488.000   130.000   -63.094   -109.718
60758.000   1310.000   526.000   128.000   -63.035   -109.683
60759.000   1260.000   444.000   118.000   -62.975   -109.648
60760.000   1235.000   509.000   121.000   -62.915   -109.613
60761.000   1258.000   478.000   125.000   -62.856   -109.578
60762.000   1304.000   463.000   137.000   -62.796   -109.544
60763.000   1329.000   462.000   125.000   -62.737   -109.509
60764.000   1327.000   504.000   127.000   -62.677   -109.475
60765.000   1243.000   475.000   118.000   -62.617   -109.441
60766.000   1374.000   495.000   129.000   -62.558   -109.407
60767.000   1277.000   478.000   101.000   -62.498   -109.373
60768.000   1343.000   525.000   122.000   -62.438   -109.339
60769.000   1367.000   428.000   118.000   -62.379   -109.306
60770.000   1402.000   503.000   124.000   -62.319   -109.272
60771.000   1478.000   453.000   115.000   -62.259   -109.239
60772.000   1451.000   518.000   125.000   -62.200   -109.206
60773.000   1492.000   486.000   124.000   -62.140   -109.173
60774.000   1486.000   453.000   141.000   -62.080   -109.140
60775.000   1494.000   495.000   116.000   -62.020   -109.107
60776.000   1475.000   507.000   152.000   -61.961   -109.075
60777.000   1569.000   502.000   110.000   -61.901   -109.043
60778.000   1511.000   482.000   118.000   -61.841   -109.010
60779.000   1514.000   497.000   119.000   -61.781   -108.978
60780.000   1526.000   494.000   114.000   -61.721   -108.946
60781.000   1539.000   485.000   131.000   -61.662   -108.915
60782.000   1602.000   534.000   106.000   -61.602   -108.883
60783.000   1591.000   520.000   111.000   -61.542   -108.851
60784.000   1603.000   513.000   126.000   -61.482   -108.820
60785.000   1669.000   486.000   113.000   -61.422   -108.789
60786.000   1619.000   521.000   113.000   -61.362   -108.758
60787.000   1709.000   520.000   100.000   -61.303   -108.727
60788.000   1780.000   500.000   138.000   -61.243   -108.696
60789.000   1744.000   498.000   113.000   -61.183   -108.665
60790.000   1783.000   536.000   103.000   -61.123   -108.634
60791.000   1821.000   520.000   126.000   -61.063   -108.604
60792.000   1794.000   507.000   95.000   -61.003   -108.574
60793.000   1823.000   465.000   128.000   -60.943   -108.543
60794.000   1812.000   507.000   144.000   -60.883   -108.513
60795.000   1867.000   482.000   111.000   -60.823   -108.483
60796.000   1858.000   498.000   122.000   -60.763   -108.454
60797.000   1883.000   504.000   132.000   -60.703   -108.424
60798.000   1897.000   490.000   127.000   -60.643   -108.394
60799.000   1893.000   505.000   118.000   -60.583   -108.365
60800.000   1929.000   562.000   124.000   -60.523   -108.336
60801.000   1921.000   469.000   117.000   -60.463   -108.306
60802.000   1958.000   529.000   104.000   -60.403   -108.277
60803.000   2035.000   538.000   116.000   -60.343   -108.248
60804.000   2074.000   505.000   122.000   -60.283   -108.220
60805.000   1964.000   545.000   107.000   -60.223   -108.191
60806.000   2004.000   521.000   120.000   -60.163   -108.162
60807.000   2072.000   513.000   105.000   -60.103   -108.134
60808.000   2068.000   487.000   118.000   -60.043   -108.105
60809.000   2030.000   495.000   113.000   -59.983   -108.077
60810.000   2055.000   505.000   96.000   -59.923   -108.049
60811.000   2084.000   561.000   121.000   -59.863   -108.021
60812.000   2129.000   483.000   117.000   -59.803   -107.993
60813.000   2162.000   538.000   121.000   -59.743   -107.966
60814.000   2220.000   558.000   112.000   -59.683   -107.938
60815.000   2384.000   516.000   113.000   -59.622   -107.910
60816.000   2410.000   528.000   93.000   -59.562   -107.883
60817.000   2194.000   538.000   90.000   -59.502   -107.856
60818.000   2277.000   506.000   105.000   -59.442   -107.828
60819.000   2225.000   528.000   119.000   -59.382   -107.801
60820.000   2383.000   539.000   110.000   -59.322   -107.774
60821.000   2267.000   540.000   101.000   -59.262   -107.747
60822.000   2274.000   538.000   104.000   -59.201   -107.721
60823.000   2267.000   525.000   133.000   -59.141   -107.694
60824.000   2278.000   496.000   123.000   -59.081   -107.667
60825.000   2275.000   509.000   98.000   -59.021   -107.641
60826.000   2289.000   526.000   98.000   -58.960   -107.615
60827.000   2166.000   522.000   131.000   -58.900   -107.588
60828.000   2287.000   549.000   111.000   -58.840   -107.562
60829.000   2256.000   483.000   105.000   -58.780   -107.536
60830.000   2419.000   517.000   109.000   -58.720   -107.510
60831.000   2283.000   522.000   112.000   -58.659   -107.485
60832.000   2295.000   525.000   117.000   -58.599   -107.459
60833.000   2287.000   471.000   125.000   -58.539   -107.433
60834.000   2275.000   525.000   103.000   -58.478   -107.408
60835.000   2246.000   510.000   121.000   -58.418   -107.382
60836.000   2407.000   545.000   112.000   -58.358   -107.357
60837.000   2475.000   512.000   96.000   -58.298   -107.332
60838.000   2495.000   533.000   107.000   -58.237   -107.307
60839.000   2566.000   526.000   117.000   -58.177   -107.282
60840.000   2601.000   511.000   118.000   -58.117   -107.257
60841.000   2645.000   553.000   115.000   -58.056   -107.232
60842.000   2732.000   499.000   88.000   -57.996   -107.207
60843.000   2689.000   530.000   83.000   -57.936   -107.183
60844.000   2723.000   551.000   108.000   -57.875   -107.158
60845.000   2648.000   547.000   112.000   -57.815   -107.134
60846.000   2659.000   448.000   102.000   -57.754   -107.110
60847.000   2730.000   531.000   111.000   -57.694   -107.085
60848.000   2617.000   514.000   125.000   -57.634   -107.061
60849.000   2568.000   489.000   102.000   -57.573   -107.037
60850.000   2572.000   507.000   125.000   -57.513   -107.013
60851.000   2601.000   480.000   107.000   -57.452   -106.989
60852.000   2629.000   523.000   121.000   -57.392   -106.966
60853.000   2483.000   561.000   97.000   -57.332   -106.942
60854.000   2567.000   531.000   105.000   -57.271   -106.918
60855.000   2541.000   514.000   97.000   -57.211   -106.895
60856.000   2709.000   531.000   99.000   -57.150   -106.871
60857.000   2630.000   561.000   100.000   -57.090   -106.848
60858.000   2605.000   551.000   117.000   -57.029   -106.825
60859.000   2620.000   553.000   99.000   -56.969   -106.802
60860.000   2523.000   537.000   115.000   -56.908   -106.779
60861.000   2665.000   583.000   97.000   -56.848   -106.756
60862.000   2590.000   563.000   125.000   -56.787   -106.733
60863.000   2608.000   544.000   123.000   -56.727   -106.710
60864.000   2636.000   520.000   94.000   -56.666   -106.687
60865.000   2471.000   560.000   110.000   -56.606   -106.665
60866.000   2565.000   550.000   95.000   -56.545   -106.642
60867.000   2647.000   574.000   98.000   -56.485   -106.620
60868.000   2579.000   568.000   95.000   -56.424   -106.598
60869.000   2582.000   557.000   120.000   -56.364   -106.575
60870.000   2537.000   537.000   115.000   -56.303   -106.553
60871.000   2605.000   532.000   108.000   -56.243   -106.531
60872.000   2551.000   544.000   113.000   -56.182   -106.509
60873.000   2498.000   561.000   99.000   -56.122   -106.487
60874.000   2492.000   554.000   110.000   -56.061   -106.465
60875.000   2446.000   542.000   107.000   -56.000   -106.443
60876.000   2401.000   560.000   89.000   -55.940   -106.422
60877.000   2477.000   566.000   99.000   -55.879   -106.400
60878.000   2495.000   593.000   108.000   -55.819   -106.378
60879.000   2596.000   578.000   112.000   -55.758   -106.357
60880.000   2581.000   561.000   87.000   -55.697   -106.336
60881.000   2418.000   578.000   98.000   -55.637   -106.314
60882.000   2533.000   556.000   113.000   -55.576   -106.293
60883.000   2599.000   573.000   100.000   -55.516   -106.272
60884.000   2591.000   551.000   117.000   -55.455   -106.251
60885.000   2481.000   593.000   120.000   -55.394   -106.230
60886.000   2613.000   569.000   114.000   -55.334   -106.209
60887.000   2530.000   602.000   107.000   -55.273   -106.188
60888.000   2459.000   569.000   102.000   -55.212   -106.167
60889.000   2474.000   605.000   101.000   -55.152   -106.147
60890.000   2423.000   596.000   91.000   -55.091   -106.126
60891.000   2385.000   584.000   97.000   -55.030   -106.106
60892.000   2413.000   594.000   93.000   -54.970   -106.085
60893.000   2362.000   628.000   104.000   -54.909   -106.065
60894.000   2282.000   540.000   97.000   -54.848   -106.044
60895.000   2315.000   545.000   97.000   -54.788   -106.024
60896.000   2223.000   589.000   114.000   -54.727   -106.004
60897.000   2359.000   580.000   104.000   -54.666   -105.984
60898.000   2293.000   605.000   106.000   -54.605   -105.964
60899.000   2298.000   566.000   88.000   -54.545   -105.944
60900.000   2305.000   585.000   101.000   -54.484   -105.924
60901.000   2320.000   517.000   97.000   -54.423   -105.904
60902.000   2332.000   613.000   114.000   -54.362   -105.885
60903.000   2364.000   601.000   99.000   -54.302   -105.865
60904.000   2294.000   570.000   92.000   -54.241   -105.845
60905.000   2395.000   625.000   87.000   -54.180   -105.826
60906.000   2323.000   585.000   87.000   -54.119   -105.806
60907.000   2277.000   546.000   114.000   -54.059   -105.787
60908.000   2334.000   597.000   107.000   -53.998   -105.768
60909.000   2263.000   643.000   92.000   -53.937   -105.748
60910.000   2292.000   647.000   91.000   -53.876   -105.729
60911.000   2430.000   612.000   93.000   -53.816   -105.710
60912.000   2440.000   601.000   94.000   -53.755   -105.691
60913.000   2312.000   621.000   98.000   -53.694   -105.672
60914.000   2337.000   637.000   92.000   -53.633   -105.653
60915.000   2220.000   660.000   113.000   -53.572   -105.634
60916.000   2340.000   630.000   98.000   -53.511   -105.615
60917.000   2311.000   659.000   79.000   -53.451   -105.597
60918.000   2376.000   657.000   89.000   -53.390   -105.578
60919.000   2301.000   647.000   112.000   -53.329   -105.559
60920.000   2209.000   650.000   100.000   -53.268   -105.541
60921.000   2228.000   656.000   79.000   -53.207   -105.522
60922.000   2226.000   672.000   108.000   -53.146   -105.504
60923.000   2244.000   607.000   81.000   -53.086   -105.486
60924.000   2195.000   623.000   94.000   -53.025   -105.467
60925.000   2239.000   604.000   88.000   -52.964   -105.449
60926.000   2091.000   613.000   93.000   -52.903   -105.431
60927.000   2058.000   597.000   107.000   -52.842   -105.413
60928.000   2122.000   667.000   94.000   -52.781   -105.395
60929.000   2075.000   633.000   104.000   -52.720   -105.377
60930.000   2050.000   608.000   97.000   -52.659   -105.359
60931.000   2021.000   618.000   105.000   -52.598   -105.341
60932.000   1982.000   614.000   90.000   -52.538   -105.324
60933.000   1932.000   597.000   98.000   -52.477   -105.306
60934.000   1982.000   591.000   92.000   -52.416   -105.288
60935.000   1964.000   569.000   114.000   -52.355   -105.271
60936.000   1848.000   560.000   88.000   -52.294   -105.253
60937.000   1904.000   601.000   97.000   -52.233   -105.236
60938.000   1827.000   568.000   78.000   -52.172   -105.218
60939.000   1824.000   549.000   94.000   -52.111   -105.201
60940.000   1847.000   510.000   86.000   -52.050   -105.183
60941.000   1719.000   518.000   97.000   -51.989   -105.166
60942.000   1785.000   547.000   87.000   -51.928   -105.149
60943.000   1861.000   553.000   111.000   -51.867   -105.132
60944.000   1806.000   536.000   89.000   -51.806   -105.115
60945.000   1929.000   541.000   101.000   -51.745   -105.098
60946.000   1860.000   547.000   111.000   -51.684   -105.081
60947.000   1843.000   531.000   101.000   -51.623   -105.064
60948.000   1840.000   578.000   106.000   -51.562   -105.047
60949.000   1900.000   573.000   100.000   -51.501   -105.030
60950.000   1787.000   579.000   77.000   -51.440   -105.014
60951.000   1820.000   570.000   99.000   -51.379   -104.997
60952.000   1784.000   526.000   84.000   -51.318   -104.980
60953.000   1804.000   539.000   85.000   -51.257   -104.964
60954.000   1759.000   547.000   98.000   -51.196   -104.947
60955.000   1724.000   487.000   84.000   -51.135   -104.931
60956.000   1772.000   516.000   101.000   -51.074   -104.914
60957.000   1777.000   467.000   87.000   -51.013   -104.898
60958.000   1776.000   493.000   70.000   -50.952   -104.882
60959.000   1737.000   462.000   89.000   -50.891   -104.866
60960.000   1714.000   450.000   83.000   -50.830   -104.849
60961.000   1652.000   455.000   94.000   -50.769   -104.833
60962.000   1662.000   455.000   110.000   -50.708   -104.817
60963.000   1714.000   438.000   70.000   -50.647   -104.801
60964.000   1610.000   446.000   91.000   -50.586   -104.785
60965.000   1640.000   431.000   100.000   -50.525   -104.769
60966.000   1647.000   444.000   89.000   -50.464   -104.753
60967.000   1675.000   435.000   79.000   -50.403   -104.737
60968.000   1592.000   421.000   113.000   -50.342   -104.722
60969.000   1668.000   431.000   109.000   -50.281   -104.706
60970.000   1686.000   412.000   95.000   -50.219   -104.690
60971.000   1766.000   456.000   81.000   -50.158   -104.675
60972.000   1666.000   412.000   78.000   -50.097   -104.659
60973.000   1675.000   441.000   108.000   -50.036   -104.644
60974.000   1658.000   408.000   95.000   -49.975   -104.628
60975.000   1656.000   429.000   83.000   -49.914   -104.613
60976.000   1675.000   459.000   103.000   -49.853   -104.597
60977.000   1690.000   436.000   86.000   -49.792   -104.582
60978.000   1657.000   426.000   95.000   -49.731   -104.567
60979.000   1697.000   456.000   81.000   -49.669   -104.552
60980.000   1660.000   429.000   96.000   -49.608   -104.536
60981.000   1619.000   449.000   89.000   -49.547   -104.521
60982.000   1731.000   465.000   86.000   -49.486   -104.506
60983.000   1738.000   424.000   81.000   -49.425   -104.491
60984.000   1737.000   448.000   96.000   -49.364   -104.476
60985.000   1690.000   460.000   85.000   -49.303   -104.461
60986.000   1755.000   479.000   80.000   -49.241   -104.446
60987.000   1843.000   440.000   89.000   -49.180   -104.431
60988.000   1721.000   547.000   86.000   -49.119   -104.417
60989.000   1709.000   450.000   95.000   -49.058   -104.402
60990.000   1722.000   474.000   86.000   -48.997   -104.387
60991.000   1636.000   480.000   104.000   -48.936   -104.373
60992.000   1526.000   442.000   104.000   -48.874   -104.358
60993.000   1497.000   492.000   97.000   -48.813   -104.343
60994.000   1534.000   479.000   97.000   -48.752   -104.329
60995.000   1491.000   429.000   99.000   -48.691   -104.314
60996.000   1485.000   464.000   70.000   -48.630   -104.300
60997.000   1446.000   431.000   102.000   -48.568   -104.285
60998.000   1468.000   485.000   88.000   -48.507   -104.271
60999.000   1458.000   427.000   87.000   -48.446   -104.257
61000.000   1438.000   430.000   86.000   -48.385   -104.243
61001.000   1342.000   420.000   91.000   -48.323   -104.228
61002.000   1327.000   447.000   93.000   -48.262   -104.214
61003.000   1318.000   476.000   86.000   -48.201   -104.200
61004.000   1279.000   481.000   83.000   -48.140   -104.186
61005.000   1227.000   439.000   98.000   -48.079   -104.172
61006.000   1334.000   450.000   95.000   -48.017   -104.158
61007.000   1219.000   433.000   93.000   -47.956   -104.144
61008.000   1201.000   417.000   82.000   -47.895   -104.130
61009.000   1271.000   454.000   108.000   -47.834   -104.116
61010.000   1255.000   421.000   107.000   -47.772   -104.102
61011.000   1202.000   440.000   63.000   -47.711   -104.089
61012.000   1276.000   418.000   95.000   -47.650   -104.075
61013.000   1172.000   448.000   85.000   -47.589   -104.061
61014.000   1216.000   408.000   103.000   -47.527   -104.048
61015.000   1204.000   435.000   96.000   -47.466   -104.034
61016.000   1166.000   437.000   84.000   -47.405   -104.020
61017.000   1140.000   430.000   78.000   -47.343   -104.007
61018.000   1128.000   400.000   83.000   -47.282   -103.993
61019.000   1109.000   416.000   78.000   -47.221   -103.980
61020.000   1023.000   422.000   74.000   -47.159   -103.966
61021.000   1103.000   400.000   78.000   -47.098   -103.953
61022.000   1022.000   425.000   76.000   -47.037   -103.940
61023.000   1065.000   393.000   85.000   -46.976   -103.926
61024.000   1043.000   367.000   78.000   -46.914   -103.913
61025.000   1062.000   408.000   108.000   -46.853   -103.900
61026.000   1055.000   360.000   75.000   -46.792   -103.887
61027.000   1029.000   395.000   92.000   -46.730   -103.874
61028.000   1048.000   398.000   86.000   -46.669   -103.861
61029.000   1020.000   364.000   77.000   -46.608   -103.848
61030.000   1035.000   384.000   80.000   -46.546   -103.835
61031.000   1080.000   357.000   99.000   -46.485   -103.822
61032.000   1028.000   367.000   96.000   -46.424   -103.809
61033.000   1031.000   396.000   85.000   -46.362   -103.796
61034.000   1048.000   378.000   92.000   -46.301   -103.783
61035.000   1007.000   415.000   76.000   -46.240   -103.770
61036.000   1056.000   375.000   79.000   -46.178   -103.757
61037.000   1050.000   363.000   94.000   -46.117   -103.744
61038.000   1071.000   368.000   102.000   -46.055   -103.732
61039.000   1075.000   384.000   100.000   -45.994   -103.719
61040.000   1064.000   388.000   78.000   -45.933   -103.706
61041.000   1002.000   427.000   81.000   -45.871   -103.694
61042.000   1025.000   394.000   69.000   -45.810   -103.681
61043.000   1018.000   381.000   90.000   -45.749   -103.669
61044.000   1051.000   376.000   94.000   -45.687   -103.656
61045.000   1071.000   376.000   74.000   -45.626   -103.644
61046.000   1037.000   388.000   79.000   -45.564   -103.631
61047.000   1033.000   390.000   77.000   -45.503   -103.619
61048.000   1077.000   374.000   81.000   -45.442   -103.607
61049.000   1029.000   373.000   79.000   -45.380   -103.594
61050.000   1009.000   348.000   82.000   -45.319   -103.582
61051.000   1053.000   389.000   81.000   -45.257   -103.570
61052.000   1008.000   404.000   87.000   -45.196   -103.558
61053.000   1044.000   385.000   72.000   -45.135   -103.545
61054.000   1070.000   369.000   87.000   -45.073   -103.533
61055.000   1070.000   382.000   86.000   -45.012   -103.521
61056.000   986.000   352.000   96.000   -44.950   -103.509
61057.000   1020.000   413.000   83.000   -44.889   -103.497
61058.000   1041.000   398.000   108.000   -44.827   -103.485
61059.000   1065.000   355.000   77.000   -44.766   -103.473
61060.000   987.000   352.000   72.000   -44.705   -103.461
61061.000   1070.000   413.000   90.000   -44.643   -103.449
61062.000   1084.000   358.000   76.000   -44.582   -103.437
61063.000   1037.000   397.000   72.000   -44.520   -103.426
61064.000   1037.000   367.000   75.000   -44.459   -103.414
61065.000   1098.000   341.000   79.000   -44.397   -103.402
61066.000   1061.000   361.000   88.000   -44.336   -103.390
61067.000   1046.000   381.000   76.000   -44.274   -103.379
61068.000   977.000   372.000   76.000   -44.213   -103.367
61069.000   1058.000   354.000   75.000   -44.151   -103.355
61070.000   1114.000   377.000   71.000   -44.090   -103.344
61071.000   1058.000   387.000   87.000   -44.028   -103.332
61072.000   1006.000   370.000   75.000   -43.967   -103.321
61073.000   996.000   374.000   69.000   -43.905   -103.309
61074.000   1053.000   402.000   92.000   -43.844   -103.298
61075.000   997.000   367.000   91.000   -43.782   -103.286
61076.000   1002.000   382.000   78.000   -43.721   -103.275
61077.000   1090.000   372.000   87.000   -43.659   -103.263
61078.000   1014.000   385.000   70.000   -43.598   -103.252
61079.000   1020.000   372.000   80.000   -43.536   -103.241
61080.000   1102.000   366.000   85.000   -43.475   -103.230
61081.000   1046.000   350.000   82.000   -43.413   -103.218
61082.000   1027.000   359.000   92.000   -43.352   -103.207
61083.000   1036.000   363.000   92.000   -43.290   -103.196
61084.000   1042.000   366.000   78.000   -43.229   -103.185
61085.000   1056.000   377.000   85.000   -43.167   -103.174
61086.000   1026.000   395.000   73.000   -43.106   -103.163
61087.000   1101.000   366.000   88.000   -43.044   -103.151
61088.000   1136.000   374.000   104.000   -42.983   -103.140
61089.000   1068.000   381.000   87.000   -42.921   -103.129
61090.000   1018.000   352.000   73.000   -42.860   -103.118
61091.000   1022.000   393.000   83.000   -42.798   -103.107
61092.000   1107.000   368.000   75.000   -42.737   -103.097
61093.000   1078.000   400.000   81.000   -42.675   -103.086
61094.000   1030.000   350.000   72.000   -42.613   -103.075
61095.000   1074.000   382.000   88.000   -42.552   -103.064
61096.000   1040.000   366.000   87.000   -42.490   -103.053
61097.000   1058.000   389.000   83.000   -42.429   -103.042
61098.000   1099.000   368.000   82.000   -42.367   -103.032
61099.000   1096.000   376.000   84.000   -42.306   -103.021
61100.000   1046.000   349.000   92.000   -42.244   -103.010
61101.000   1057.000   351.000   72.000   -42.182   -103.000
61102.000   1071.000   383.000   77.000   -42.121   -102.989
61103.000   1046.000   358.000   68.000   -42.059   -102.978
61104.000   1038.000   389.000   83.000   -41.998   -102.968
61105.000   1160.000   370.000   81.000   -41.936   -102.957
61106.000   1048.000   333.000   85.000   -41.874   -102.947
61107.000   1046.000   410.000   74.000   -41.813   -102.936
61108.000   983.000   349.000   65.000   -41.751   -102.926
61109.000   1028.000   406.000   76.000   -41.690   -102.915
61110.000   1063.000   374.000   76.000   -41.628   -102.905
61111.000   1062.000   379.000   76.000   -41.566   -102.895
61112.000   1051.000   376.000   83.000   -41.505   -102.884
61113.000   1071.000   328.000   70.000   -41.443   -102.874
61114.000   1017.000   366.000   83.000   -41.382   -102.864
61115.000   1024.000   419.000   79.000   -41.320   -102.854
61116.000   1110.000   352.000   69.000   -41.258   -102.843
61117.000   1013.000   426.000   86.000   -41.197   -102.833
61118.000   1135.000   349.000   74.000   -41.135   -102.823
61119.000   1085.000   329.000   79.000   -41.074   -102.813
61120.000   1102.000   342.000   83.000   -41.012   -102.803
61121.000   987.000   388.000   84.000   -40.950   -102.793
61122.000   1045.000   357.000   79.000   -40.889   -102.782
61123.000   1072.000   345.000   66.000   -40.827   -102.772
61124.000   1066.000   401.000   74.000   -40.765   -102.762
61125.000   1017.000   358.000   90.000   -40.704   -102.752
61126.000   1008.000   359.000   84.000   -40.642   -102.742
61127.000   1079.000   387.000   61.000   -40.580   -102.732
61128.000   1080.000   352.000   83.000   -40.519   -102.723
61129.000   1074.000   337.000   82.000   -40.457   -102.713
61130.000   1011.000   358.000   72.000   -40.395   -102.703
61131.000   1030.000   386.000   84.000   -40.334   -102.693
61132.000   1083.000   384.000   97.000   -40.272   -102.683
61133.000   1044.000   347.000   86.000   -40.210   -102.673
61134.000   1041.000   370.000   71.000   -40.149   -102.664
61135.000   1046.000   339.000   76.000   -40.087   -102.654
61136.000   1029.000   368.000   72.000   -40.025   -102.644
61137.000   1095.000   359.000   69.000   -39.964   -102.634
61138.000   1093.000   369.000   72.000   -39.902   -102.625
61139.000   1122.000   354.000   65.000   -39.840   -102.615
61140.000   1070.000   340.000   85.000   -39.779   -102.605
61141.000   1035.000   372.000   71.000   -39.717   -102.596
61142.000   1006.000   346.000   69.000   -39.655   -102.586
61143.000   1103.000   366.000   78.000   -39.593   -102.577
61144.000   1081.000   356.000   74.000   -39.532   -102.567
61145.000   1020.000   341.000   80.000   -39.470   -102.558
61146.000   1057.000   338.000   79.000   -39.408   -102.548
61147.000   1091.000   375.000   73.000   -39.347   -102.539
61148.000   1136.000   391.000   81.000   -39.285   -102.529
61149.000   1080.000   365.000   78.000   -39.223   -102.520
61150.000   1053.000   354.000   66.000   -39.161   -102.511
61151.000   1126.000   358.000   60.000   -39.100   -102.501
61152.000   1056.000   354.000   85.000   -39.038   -102.492
61153.000   1075.000   345.000   76.000   -38.976   -102.483
61154.000   1079.000   352.000   76.000   -38.915   -102.473
61155.000   1128.000   344.000   71.000   -38.853   -102.464
61156.000   1077.000   325.000   57.000   -38.791   -102.455
61157.000   1051.000   373.000   83.000   -38.729   -102.446
61158.000   1022.000   366.000   70.000   -38.668   -102.436
61159.000   1125.000   321.000   90.000   -38.606   -102.427
61160.000   1098.000   337.000   85.000   -38.544   -102.418
61161.000   1068.000   366.000   76.000   -38.482   -102.409
61162.000   1083.000   367.000   73.000   -38.421   -102.400
61163.000   1068.000   349.000   85.000   -38.359   -102.391
61164.000   1073.000   354.000   59.000   -38.297   -102.382
61165.000   1064.000   342.000   75.000   -38.235   -102.373
61166.000   1077.000   356.000   84.000   -38.174   -102.364
61167.000   988.000   404.000   89.000   -38.112   -102.355
61168.000   1069.000   355.000   60.000   -38.050   -102.346
61169.000   993.000   311.000   83.000   -37.988   -102.337
61170.000   1101.000   348.000   67.000   -37.926   -102.328
61171.000   1039.000   373.000   73.000   -37.865   -102.319
61172.000   1056.000   378.000   68.000   -37.803   -102.310
61173.000   1038.000   360.000   76.000   -37.741   -102.301
61174.000   1057.000   372.000   62.000   -37.679   -102.292
61175.000   1057.000   354.000   67.000   -37.618   -102.284
61176.000   1011.000   366.000   84.000   -37.556   -102.275
61177.000   1045.000   346.000   73.000   -37.494   -102.266
61178.000   1067.000   379.000   72.000   -37.432   -102.257
61179.000   1051.000   346.000   70.000   -37.370   -102.249
61180.000   1012.000   389.000   58.000   -37.309   -102.240
61181.000   1129.000   349.000   81.000   -37.247   -102.231
61182.000   1083.000   340.000   81.000   -37.185   -102.223
61183.000   1045.000   337.000   67.000   -37.123   -102.214
61184.000   1035.000   354.000   66.000   -37.061   -102.205
61185.000   1097.000   335.000   68.000   -37.000   -102.197
61186.000   1036.000   336.000   84.000   -36.938   -102.188
61187.000   1054.000   353.000   82.000   -36.876   -102.180
61188.000   1057.000   346.000   66.000   -36.814   -102.171
61189.000   1061.000   372.000   51.000   -36.752   -102.162
61190.000   1064.000   356.000   74.000   -36.690   -102.154
61191.000   1036.000   375.000   66.000   -36.629   -102.145
61192.000   1080.000   346.000   82.000   -36.567   -102.137
61193.000   1109.000   365.000   85.000   -36.505   -102.129
61194.000   1079.000   380.000   68.000   -36.443   -102.120
61195.000   1016.000   378.000   80.000   -36.381   -102.112
61196.000   1058.000   343.000   75.000   -36.319   -102.103
61197.000   1022.000   355.000   81.000   -36.258   -102.095
61198.000   1037.000   342.000   82.000   -36.196   -102.087
61199.000   1077.000   346.000   73.000   -36.134   -102.078
61200.000   1035.000   340.000   85.000   -36.072   -102.070
61201.000   1021.000   325.000   86.000   -36.010   -102.062
61202.000   1067.000   354.000   74.000   -35.948   -102.053
61203.000   1052.000   370.000   75.000   -35.886   -102.045
61204.000   1080.000   355.000   78.000   -35.825   -102.037
61205.000   1035.000   341.000   83.000   -35.763   -102.029
61206.000   1118.000   357.000   70.000   -35.701   -102.021
61207.000   1038.000   358.000   80.000   -35.639   -102.012
61208.000   1039.000   373.000   99.000   -35.577   -102.004
61209.000   1042.000   381.000   76.000   -35.515   -101.996
61210.000   1090.000   365.000   80.000   -35.453   -101.988
61211.000   1096.000   350.000   80.000   -35.391   -101.980
61212.000   1032.000   343.000   68.000   -35.330   -101.972
61213.000   1039.000   351.000   63.000   -35.268   -101.964
61214.000   1018.000   379.000   78.000   -35.206   -101.956
61215.000   1069.000   360.000   67.000   -35.144   -101.948
61216.000   1025.000   346.000   75.000   -35.082   -101.940
61217.000   1025.000   335.000   79.000   -35.020   -101.932
61218.000   1058.000   337.000   70.000   -34.958   -101.924
61219.000   996.000   361.000   68.000   -34.896   -101.916
61220.000   1051.000   354.000   74.000   -34.834   -101.908
61221.000   1053.000   351.000   68.000   -34.773   -101.900
61222.000   1062.000   340.000   71.000   -34.711   -101.892
61223.000   996.000   361.000   88.000   -34.649   -101.884
61224.000   1111.000   350.000   70.000   -34.587   -101.876
61225.000   1004.000   349.000   98.000   -34.525   -101.869
61226.000   1041.000   371.000   64.000   -34.463   -101.861
61227.000   1001.000   363.000   86.000   -34.401   -101.853
61228.000   1045.000   363.000   78.000   -34.339   -101.845
61229.000   1002.000   354.000   76.000   -34.277   -101.837
61230.000   1056.000   319.000   78.000   -34.215   -101.830
61231.000   957.000   367.000   71.000   -34.153   -101.822
61232.000   969.000   336.000   70.000   -34.092   -101.814
61233.000   957.000   349.000   53.000   -34.030   -101.806
61234.000   991.000   338.000   62.000   -33.968   -101.799
61235.000   988.000   368.000   66.000   -33.906   -101.791
61236.000   1014.000   350.000   85.000   -33.844   -101.783
61237.000   1018.000   344.000   80.000   -33.782   -101.776
61238.000   1076.000   343.000   84.000   -33.720   -101.768
61239.000   1043.000   342.000   61.000   -33.658   -101.761
61240.000   1013.000   332.000   62.000   -33.596   -101.753
61241.000   939.000   329.000   66.000   -33.534   -101.745
61242.000   1046.000   339.000   77.000   -33.472   -101.738
61243.000   966.000   339.000   89.000   -33.410   -101.730
61244.000   978.000   341.000   72.000   -33.348   -101.723
61245.000   1061.000   334.000   84.000   -33.286   -101.715
61246.000   955.000   361.000   65.000   -33.224   -101.708
61247.000   996.000   342.000   60.000   -33.162   -101.700
61248.000   1074.000   376.000   68.000   -33.100   -101.693
61249.000   986.000   351.000   74.000   -33.038   -101.685
61250.000   1005.000   370.000   72.000   -32.976   -101.678
61251.000   1002.000   376.000   90.000   -32.914   -101.671
61252.000   1032.000   354.000   69.000   -32.852   -101.663
61253.000   1052.000   339.000   70.000   -32.790   -101.656
61254.000   1046.000   336.000   72.000   -32.729   -101.649
61255.000   993.000   326.000   84.000   -32.667   -101.641
61256.000   1010.000   342.000   71.000   -32.605   -101.634
61257.000   1036.000   355.000   87.000   -32.543   -101.627
61258.000   981.000   324.000   77.000   -32.481   -101.619
61259.000   1039.000   309.000   70.000   -32.419   -101.612
61260.000   1039.000   406.000   78.000   -32.357   -101.605
61261.000   961.000   358.000   67.000   -32.295   -101.597
61262.000   1007.000   341.000   62.000   -32.233   -101.590
61263.000   1026.000   336.000   74.000   -32.171   -101.583
61264.000   966.000   365.000   74.000   -32.109   -101.576
61265.000   995.000   313.000   77.000   -32.047   -101.569
61266.000   981.000   349.000   68.000   -31.985   -101.561
61267.000   957.000   333.000   69.000   -31.923   -101.554
61268.000   936.000   371.000   70.000   -31.861   -101.547
61269.000   1004.000   336.000   64.000   -31.799   -101.540
61270.000   930.000   364.000   80.000   -31.737   -101.533
61271.000   984.000   357.000   83.000   -31.675   -101.526
61272.000   938.000   358.000   76.000   -31.613   -101.519
61273.000   964.000   337.000   90.000   -31.551   -101.512
61274.000   1020.000   367.000   78.000   -31.489   -101.505
61275.000   1024.000   326.000   72.000   -31.426   -101.498
61276.000   1028.000   362.000   79.000   -31.364   -101.491
61277.000   983.000   322.000   83.000   -31.302   -101.484
61278.000   961.000   377.000   52.000   -31.240   -101.477
61279.000   944.000   327.000   101.000   -31.178   -101.470
61280.000   1018.000   332.000   56.000   -31.116   -101.463
61281.000   960.000   392.000   59.000   -31.054   -101.456
61282.000   990.000   358.000   69.000   -30.992   -101.449
61283.000   1014.000   327.000   80.000   -30.930   -101.442
61284.000   969.000   322.000   72.000   -30.868   -101.435
61285.000   1046.000   355.000   75.000   -30.806   -101.428
61286.000   967.000   354.000   74.000   -30.744   -101.421
61287.000   949.000   334.000   76.000   -30.682   -101.414
61288.000   1002.000   381.000   60.000   -30.620   -101.407
61289.000   966.000   392.000   60.000   -30.558   -101.401
61290.000   957.000   321.000   75.000   -30.496   -101.394
61291.000   922.000   357.000   67.000   -30.434   -101.387
61292.000   1006.000   341.000   68.000   -30.372   -101.380
61293.000   943.000   365.000   70.000   -30.310   -101.373
61294.000   922.000   322.000   64.000   -30.248   -101.367
61295.000   954.000   360.000   71.000   -30.186   -101.360
61296.000   1046.000   328.000   66.000   -30.124   -101.353
61297.000   950.000   359.000   72.000   -30.061   -101.346
61298.000   981.000   363.000   62.000   -29.999   -101.340
61299.000   986.000   320.000   66.000   -29.937   -101.333
61300.000   925.000   333.000   78.000   -29.875   -101.326
61301.000   951.000   333.000   71.000   -29.813   -101.320
61302.000   988.000   355.000   81.000   -29.751   -101.313
61303.000   973.000   345.000   75.000   -29.689   -101.306
61304.000   1003.000   329.000   60.000   -29.627   -101.300
61305.000   985.000   330.000   66.000   -29.565   -101.293
61306.000   922.000   311.000   72.000   -29.503   -101.287
61307.000   902.000   364.000   71.000   -29.441   -101.280
61308.000   942.000   352.000   70.000   -29.379   -101.273
61309.000   1015.000   368.000   65.000   -29.316   -101.267
61310.000   923.000   336.000   73.000   -29.254   -101.260
61311.000   1000.000   332.000   63.000   -29.192   -101.254
61312.000   978.000   336.000   68.000   -29.130   -101.247
61313.000   916.000   358.000   73.000   -29.068   -101.241
61314.000   953.000   381.000   76.000   -29.006   -101.234
61315.000   948.000   384.000   73.000   -28.944   -101.228
61316.000   994.000   351.000   61.000   -28.882   -101.221
61317.000   951.000   359.000   63.000   -28.820   -101.215
61318.000   906.000   342.000   68.000   -28.758   -101.208
61319.000   911.000   339.000   57.000   -28.695   -101.202
61320.000   924.000   343.000   64.000   -28.633   -101.195
61321.000   938.000   338.000   63.000   -28.571   -101.189
61322.000   921.000   364.000   60.000   -28.509   -101.183
61323.000   961.000   353.000   80.000   -28.447   -101.176
61324.000   931.000   335.000   93.000   -28.385   -101.170
61325.000   1004.000   344.000   71.000   -28.323   -101.163
61326.000   891.000   348.000   57.000   -28.261   -101.157
61327.000   926.000   354.000   73.000   -28.198   -101.151
61328.000   932.000   366.000   69.000   -28.136   -101.144
61329.000   959.000   349.000   68.000   -28.074   -101.138
61330.000   963.000   366.000   56.000   -28.012   -101.132
61331.000   988.000   365.000   77.000   -27.950   -101.125
61332.000   1028.000   354.000   83.000   -27.888   -101.119
61333.000   955.000   376.000   85.000   -27.826   -101.113
61334.000   1004.000   343.000   64.000   -27.764   -101.107
61335.000   985.000   346.000   95.000   -27.701   -101.100
61336.000   923.000   351.000   64.000   -27.639   -101.094
61337.000   947.000   371.000   60.000   -27.577   -101.088
61338.000   928.000   328.000   80.000   -27.515   -101.082
61339.000   926.000   328.000   61.000   -27.453   -101.076
61340.000   938.000   333.000   74.000   -27.391   -101.069
61341.000   916.000   350.000   70.000   -27.329   -101.063
61342.000   939.000   325.000   66.000   -27.266   -101.057
61343.000   926.000   334.000   83.000   -27.204   -101.051
61344.000   962.000   311.000   78.000   -27.142   -101.045
61345.000   898.000   334.000   75.000   -27.080   -101.039
61346.000   944.000   345.000   69.000   -27.018   -101.032
61347.000   934.000   331.000   67.000   -26.956   -101.026
61348.000   1001.000   312.000   82.000   -26.893   -101.020
61349.000   957.000   303.000   76.000   -26.831   -101.014
61350.000   954.000   328.000   73.000   -26.769   -101.008
61351.000   976.000   323.000   71.000   -26.707   -101.002
61352.000   908.000   315.000   69.000   -26.645   -100.996
61353.000   994.000   335.000   72.000   -26.583   -100.990
61354.000   959.000   334.000   80.000   -26.520   -100.984
61355.000   1025.000   362.000   83.000   -26.458   -100.978
61356.000   880.000   356.000   83.000   -26.396   -100.972
61357.000   921.000   367.000   77.000   -26.334   -100.966
61358.000   1012.000   326.000   61.000   -26.272   -100.960
61359.000   937.000   302.000   70.000   -26.209   -100.954
61360.000   985.000   346.000   79.000   -26.147   -100.948
61361.000   860.000   358.000   83.000   -26.085   -100.942
61362.000   955.000   332.000   72.000   -26.023   -100.936
61363.000   870.000   367.000   67.000   -25.961   -100.930
61364.000   920.000   385.000   73.000   -25.898   -100.924
61365.000   888.000   370.000   80.000   -25.836   -100.918
61366.000   942.000   396.000   73.000   -25.774   -100.912
61367.000   948.000   336.000   68.000   -25.712   -100.906
61368.000   908.000   353.000   89.000   -25.650   -100.901
61369.000   958.000   364.000   79.000   -25.587   -100.895
61370.000   933.000   329.000   80.000   -25.525   -100.889
61371.000   905.000   307.000   57.000   -25.463   -100.883
61372.000   914.000   333.000   63.000   -25.401   -100.877
61373.000   929.000   352.000   64.000   -25.339   -100.871
61374.000   948.000   351.000   85.000   -25.276   -100.865
61375.000   959.000   379.000   54.000   -25.214   -100.860
61376.000   932.000   359.000   62.000   -25.152   -100.854
61377.000   879.000   353.000   78.000   -25.090   -100.848
61378.000   944.000   365.000   74.000   -25.028   -100.842
61379.000   968.000   360.000   78.000   -24.965   -100.837
61380.000   977.000   301.000   62.000   -24.903   -100.831
61381.000   955.000   329.000   75.000   -24.841   -100.825
61382.000   919.000   364.000   91.000   -24.779   -100.819
61383.000   989.000   348.000   65.000   -24.716   -100.814
61384.000   950.000   353.000   66.000   -24.654   -100.808
61385.000   898.000   343.000   75.000   -24.592   -100.802
61386.000   882.000   343.000   71.000   -24.530   -100.796
61387.000   967.000   340.000   69.000   -24.468   -100.791
61388.000   950.000   324.000   66.000   -24.405   -100.785
61389.000   908.000   335.000   79.000   -24.343   -100.779
61390.000   973.000   362.000   69.000   -24.281   -100.774
61391.000   962.000   340.000   57.000   -24.219   -100.768
61392.000   926.000   311.000   67.000   -24.156   -100.762
61393.000   932.000   345.000   72.000   -24.094   -100.757
61394.000   979.000   370.000   65.000   -24.032   -100.751
61395.000   934.000   335.000   61.000   -23.970   -100.746
61396.000   906.000   331.000   87.000   -23.907   -100.740
61397.000   936.000   343.000   63.000   -23.845   -100.734
61398.000   953.000   341.000   62.000   -23.783   -100.729
61399.000   949.000   360.000   70.000   -23.721   -100.723
61400.000   964.000   367.000   55.000   -23.658   -100.718
61401.000   920.000   340.000   65.000   -23.596   -100.712
61402.000   939.000   337.000   62.000   -23.534   -100.706
61403.000   946.000   341.000   69.000   -23.472   -100.701
61404.000   956.000   338.000   76.000   -23.409   -100.695
61405.000   911.000   351.000   74.000   -23.347   -100.690
61406.000   896.000   331.000   69.000   -23.285   -100.684
61407.000   969.000   313.000   77.000   -23.222   -100.679
61408.000   920.000   336.000   70.000   -23.160   -100.673
61409.000   936.000   323.000   59.000   -23.098   -100.668
61410.000   968.000   333.000   79.000   -23.036   -100.662
61411.000   907.000   314.000   72.000   -22.973   -100.657
61412.000   990.000   369.000   75.000   -22.911   -100.651
61413.000   995.000   359.000   71.000   -22.849   -100.646
61414.000   972.000   347.000   60.000   -22.787   -100.640
61415.000   876.000   329.000   69.000   -22.724   -100.635
61416.000   972.000   376.000   72.000   -22.662   -100.630
61417.000   978.000   395.000   69.000   -22.600   -100.624
61418.000   956.000   354.000   75.000   -22.537   -100.619
61419.000   951.000   333.000   72.000   -22.475   -100.613
61420.000   941.000   315.000   72.000   -22.413   -100.608
61421.000   968.000   357.000   75.000   -22.351   -100.603
61422.000   1005.000   333.000   69.000   -22.288   -100.597
61423.000   962.000   312.000   77.000   -22.226   -100.592
61424.000   952.000   329.000   63.000   -22.164   -100.586
61425.000   909.000   317.000   67.000   -22.101   -100.581
61426.000   952.000   343.000   73.000   -22.039   -100.576
61427.000   939.000   316.000   52.000   -21.977   -100.570
61428.000   924.000   370.000   70.000   -21.915   -100.565
61429.000   961.000   348.000   61.000   -21.852   -100.560
61430.000   929.000   353.000   61.000   -21.790   -100.554
61431.000   944.000   342.000   80.000   -21.728   -100.549
61432.000   945.000   352.000   65.000   -21.665   -100.544
61433.000   932.000   340.000   67.000   -21.603   -100.539
61434.000   945.000   335.000   61.000   -21.541   -100.533
61435.000   915.000   321.000   78.000   -21.478   -100.528
61436.000   976.000   322.000   55.000   -21.416   -100.523
61437.000   964.000   322.000   72.000   -21.354   -100.518
61438.000   881.000   368.000   76.000   -21.291   -100.512
61439.000   944.000   339.000   64.000   -21.229   -100.507
61440.000   913.000   337.000   77.000   -21.167   -100.502
61441.000   966.000   329.000   68.000   -21.104   -100.497
61442.000   977.000   364.000   60.000   -21.042   -100.491
61443.000   961.000   354.000   69.000   -20.980   -100.486
61444.000   921.000   391.000   63.000   -20.918   -100.481
61445.000   912.000   342.000   93.000   -20.855   -100.476
61446.000   949.000   355.000   70.000   -20.793   -100.471
61447.000   961.000   363.000   64.000   -20.731   -100.465
61448.000   878.000   352.000   75.000   -20.668   -100.460
61449.000   937.000   329.000   68.000   -20.606   -100.455
61450.000   914.000   316.000   77.000   -20.544   -100.450
61451.000   942.000   350.000   79.000   -20.481   -100.445
61452.000   920.000   334.000   73.000   -20.419   -100.440
61453.000   966.000   348.000   74.000   -20.357   -100.434
61454.000   1000.000   329.000   82.000   -20.294   -100.429
61455.000   949.000   358.000   73.000   -20.232   -100.424
61456.000   980.000   342.000   66.000   -20.170   -100.419
61457.000   924.000   368.000   71.000   -20.107   -100.414
61458.000   908.000   356.000   74.000   -20.045   -100.409
61459.000   987.000   326.000   74.000   -19.982   -100.404
61460.000   951.000   334.000   63.000   -19.920   -100.399
61461.000   940.000   345.000   64.000   -19.858   -100.394
61462.000   915.000   324.000   59.000   -19.795   -100.389
61463.000   929.000   323.000   78.000   -19.733   -100.384
61464.000   975.000   325.000   71.000   -19.671   -100.378
61465.000   905.000   346.000   70.000   -19.608   -100.373
61466.000   918.000   355.000   50.000   -19.546   -100.368
61467.000   981.000   364.000   82.000   -19.484   -100.363
61468.000   904.000   365.000   60.000   -19.421   -100.358
61469.000   969.000   350.000   81.000   -19.359   -100.353
61470.000   954.000   366.000   65.000   -19.297   -100.348
61471.000   968.000   365.000   75.000   -19.234   -100.343
61472.000   946.000   343.000   56.000   -19.172   -100.338
61473.000   971.000   326.000   75.000   -19.109   -100.333
61474.000   945.000   365.000   66.000   -19.047   -100.328
61475.000   929.000   381.000   77.000   -18.985   -100.323
61476.000   905.000   339.000   73.000   -18.922   -100.318
61477.000   938.000   328.000   58.000   -18.860   -100.313
61478.000   950.000   351.000   82.000   -18.798   -100.308
61479.000   936.000   355.000   70.000   -18.735   -100.303
61480.000   930.000   310.000   64.000   -18.673   -100.299
61481.000   928.000   333.000   76.000   -18.611   -100.294
61482.000   963.000   344.000   64.000   -18.548   -100.289
61483.000   969.000   357.000   86.000   -18.486   -100.284
61484.000   1020.000   344.000   65.000   -18.423   -100.279
61485.000   893.000   349.000   84.000   -18.361   -100.274
61486.000   902.000   342.000   63.000   -18.299   -100.269
61487.000   908.000   365.000   69.000   -18.236   -100.264
61488.000   913.000   320.000   67.000   -18.174   -100.259
61489.000   902.000   337.000   73.000   -18.111   -100.254
61490.000   957.000   360.000   70.000   -18.049   -100.249
61491.000   952.000   347.000   71.000   -17.987   -100.245
61492.000   911.000   347.000   62.000   -17.924   -100.240
61493.000   927.000   332.000   71.000   -17.862   -100.235
61494.000   971.000   340.000   67.000   -17.799   -100.230
61495.000   975.000   304.000   68.000   -17.737   -100.225
61496.000   975.000   328.000   53.000   -17.675   -100.220
61497.000   952.000   338.000   76.000   -17.612   -100.215
61498.000   993.000   316.000   72.000   -17.550   -100.211
61499.000   971.000   331.000   76.000   -17.488   -100.206
61500.000   962.000   349.000   57.000   -17.425   -100.201
61501.000   980.000   341.000   66.000   -17.363   -100.196
61502.000   921.000   346.000   80.000   -17.300   -100.191
61503.000   910.000   348.000   76.000   -17.238   -100.187
61504.000   951.000   373.000   72.000   -17.175   -100.182
61505.000   944.000   348.000   67.000   -17.113   -100.177
61506.000   918.000   299.000   68.000   -17.051   -100.172
61507.000   879.000   352.000   76.000   -16.988   -100.167
61508.000   969.000   371.000   75.000   -16.926   -100.163
61509.000   963.000   309.000   49.000   -16.863   -100.158
61510.000   929.000   333.000   61.000   -16.801   -100.153
61511.000   923.000   328.000   80.000   -16.739   -100.148
61512.000   963.000   351.000   55.000   -16.676   -100.144
61513.000   950.000   334.000   81.000   -16.614   -100.139
61514.000   932.000   343.000   64.000   -16.551   -100.134
61515.000   990.000   348.000   63.000   -16.489   -100.129
61516.000   942.000   313.000   70.000   -16.427   -100.125
61517.000   968.000   306.000   65.000   -16.364   -100.120
61518.000   949.000   333.000   67.000   -16.302   -100.115
61519.000   931.000   329.000   70.000   -16.239   -100.111
61520.000   942.000   348.000   76.000   -16.177   -100.106
61521.000   927.000   323.000   95.000   -16.114   -100.101
61522.000   947.000   373.000   67.000   -16.052   -100.096
61523.000   956.000   344.000   86.000   -15.990   -100.092
61524.000   920.000   295.000   59.000   -15.927   -100.087
61525.000   944.000   337.000   63.000   -15.865   -100.082
61526.000   999.000   315.000   74.000   -15.802   -100.078
61527.000   941.000   327.000   69.000   -15.740   -100.073
61528.000   943.000   351.000   68.000   -15.677   -100.068
61529.000   929.000   343.000   57.000   -15.615   -100.064
61530.000   964.000   356.000   67.000   -15.552   -100.059
61531.000   984.000   357.000   57.000   -15.490   -100.054
61532.000   934.000   317.000   52.000   -15.428   -100.050
61533.000   980.000   338.000   52.000   -15.365   -100.045
61534.000   968.000   338.000   72.000   -15.303   -100.041
61535.000   953.000   345.000   69.000   -15.240   -100.036
61536.000   922.000   348.000   75.000   -15.178   -100.031
61537.000   886.000   341.000   55.000   -15.115   -100.027
61538.000   1013.000   362.000   84.000   -15.053   -100.022
61539.000   896.000   328.000   60.000   -14.990   -100.017
61540.000   945.000   377.000   57.000   -14.928   -100.013
61541.000   955.000   350.000   72.000   -14.866   -100.008
61542.000   961.000   342.000   72.000   -14.803   -100.004
61543.000   976.000   330.000   73.000   -14.741   -99.999
61544.000   940.000   343.000   70.000   -14.678   -99.995
61545.000   989.000   356.000   77.000   -14.616   -99.990
61546.000   970.000   338.000   73.000   -14.553   -99.985
61547.000   951.000   346.000   66.000   -14.491   -99.981
61548.000   960.000   338.000   68.000   -14.428   -99.976
61549.000   972.000   367.000   76.000   -14.366   -99.972
61550.000   947.000   365.000   79.000   -14.303   -99.967
61551.000   936.000   344.000   71.000   -14.241   -99.963
61552.000   938.000   326.000   72.000   -14.179   -99.958
61553.000   1017.000   321.000   67.000   -14.116   -99.954
61554.000   975.000   368.000   70.000   -14.054   -99.949
61555.000   995.000   336.000   54.000   -13.991   -99.944
61556.000   932.000   328.000   57.000   -13.929   -99.940
61557.000   933.000   339.000   55.000   -13.866   -99.935
61558.000   968.000   352.000   75.000   -13.804   -99.931
61559.000   957.000   312.000   77.000   -13.741   -99.926
61560.000   953.000   325.000   57.000   -13.679   -99.922
61561.000   880.000   363.000   74.000   -13.616   -99.917
61562.000   938.000   325.000   59.000   -13.554   -99.913
61563.000   894.000   314.000   82.000   -13.491   -99.908
61564.000   971.000   354.000   61.000   -13.429   -99.904
61565.000   941.000   340.000   77.000   -13.366   -99.899
61566.000   1001.000   365.000   68.000   -13.304   -99.895
61567.000   977.000   311.000   73.000   -13.241   -99.891
61568.000   930.000   344.000   78.000   -13.179   -99.886
61569.000   904.000   339.000   70.000   -13.116   -99.882
61570.000   920.000   337.000   77.000   -13.054   -99.877
61571.000   965.000   384.000   66.000   -12.991   -99.873
61572.000   959.000   350.000   68.000   -12.929   -99.868
61573.000   963.000   348.000   64.000   -12.867   -99.864
61574.000   941.000   344.000   55.000   -12.804   -99.859
61575.000   918.000   341.000   78.000   -12.742   -99.855
61576.000   949.000   328.000   79.000   -12.679   -99.850
61577.000   972.000   326.000   79.000   -12.617   -99.846
61578.000   953.000   355.000   72.000   -12.554   -99.842
61579.000   933.000   359.000   88.000   -12.492   -99.837
61580.000   955.000   346.000   77.000   -12.429   -99.833
61581.000   944.000   323.000   68.000   -12.367   -99.828
61582.000   967.000   348.000   65.000   -12.304   -99.824
61583.000   933.000   315.000   61.000   -12.242   -99.820
61584.000   976.000   371.000   65.000   -12.179   -99.815
61585.000   919.000   356.000   56.000   -12.117   -99.811
61586.000   900.000   346.000   70.000   -12.054   -99.806
61587.000   941.000   324.000   71.000   -11.992   -99.802
61588.000   959.000   345.000   72.000   -11.929   -99.798
61589.000   958.000   334.000   70.000   -11.867   -99.793
61590.000   950.000   352.000   71.000   -11.804   -99.789
61591.000   926.000   348.000   56.000   -11.742   -99.784
61592.000   974.000   322.000   58.000   -11.679   -99.780
61593.000   971.000   315.000   63.000   -11.617   -99.776
61594.000   1001.000   351.000   79.000   -11.554   -99.771
61595.000   977.000   354.000   74.000   -11.492   -99.767
61596.000   995.000   341.000   62.000   -11.429   -99.763
61597.000   954.000   336.000   75.000   -11.367   -99.758
61598.000   920.000   381.000   64.000   -11.304   -99.754
61599.000   994.000   348.000   54.000   -11.241   -99.750
61600.000   971.000   326.000   83.000   -11.179   -99.745
61601.000   903.000   343.000   75.000   -11.116   -99.741
61602.000   935.000   330.000   86.000   -11.054   -99.737
61603.000   1008.000   339.000   69.000   -10.991   -99.732
61604.000   957.000   358.000   74.000   -10.929   -99.728
61605.000   927.000   347.000   69.000   -10.866   -99.724
61606.000   958.000   347.000   70.000   -10.804   -99.719
61607.000   916.000   352.000   80.000   -10.741   -99.715
61608.000   914.000   318.000   76.000   -10.679   -99.711
61609.000   964.000   352.000   58.000   -10.616   -99.706
61610.000   965.000   374.000   61.000   -10.554   -99.702
61611.000   923.000   335.000   59.000   -10.491   -99.698
61612.000   947.000   347.000   74.000   -10.429   -99.693
61613.000   988.000   333.000   59.000   -10.366   -99.689
61614.000   935.000   366.000   72.000   -10.304   -99.685
61615.000   960.000   325.000   69.000   -10.241   -99.681
61616.000   969.000   343.000   65.000   -10.179   -99.676
61617.000   943.000   377.000   74.000   -10.116   -99.672
61618.000   961.000   355.000   72.000   -10.054   -99.668
61619.000   934.000   327.000   98.000   -9.991   -99.663
61620.000   1043.000   369.000   85.000   -9.928   -99.659
61621.000   933.000   338.000   66.000   -9.866   -99.655
61622.000   905.000   386.000   83.000   -9.803   -99.651
61623.000   948.000   351.000   63.000   -9.741   -99.646
61624.000   947.000   322.000   60.000   -9.678   -99.642
61625.000   937.000   381.000   70.000   -9.616   -99.638
61626.000   925.000   331.000   74.000   -9.553   -99.634
61627.000   966.000   333.000   79.000   -9.491   -99.629
61628.000   930.000   345.000   81.000   -9.428   -99.625
61629.000   907.000   366.000   58.000   -9.366   -99.621
61630.000   1027.000   354.000   57.000   -9.303   -99.617
61631.000   937.000   376.000   65.000   -9.241   -99.612
61632.000   990.000   341.000   79.000   -9.178   -99.608
61633.000   965.000   366.000   76.000   -9.115   -99.604
61634.000   944.000   324.000   75.000   -9.053   -99.600
61635.000   897.000   333.000   70.000   -8.990   -99.595
61636.000   915.000   378.000   75.000   -8.928   -99.591
61637.000   953.000   302.000   74.000   -8.865   -99.587
61638.000   926.000   357.000   78.000   -8.803   -99.583
61639.000   969.000   335.000   66.000   -8.740   -99.578
61640.000   899.000   367.000   64.000   -8.678   -99.574
61641.000   890.000   343.000   75.000   -8.615   -99.570
61642.000   943.000   343.000   70.000   -8.553   -99.566
61643.000   897.000   336.000   65.000   -8.490   -99.562
61644.000   945.000   375.000   65.000   -8.427   -99.557
61645.000   954.000   334.000   65.000   -8.365   -99.553
61646.000   939.000   349.000   73.000   -8.302   -99.549
61647.000   969.000   333.000   66.000   -8.240   -99.545
61648.000   965.000   336.000   75.000   -8.177   -99.541
61649.000   971.000   357.000   72.000   -8.115   -99.536
61650.000   941.000   377.000   75.000   -8.052   -99.532
61651.000   952.000   344.000   63.000   -7.990   -99.528
61652.000   994.000   352.000   73.000   -7.927   -99.524
61653.000   974.000   344.000   67.000   -7.864   -99.520
61654.000   946.000   340.000   73.000   -7.802   -99.516
61655.000   968.000   346.000   57.000   -7.739   -99.511
61656.000   968.000   345.000   74.000   -7.677   -99.507
61657.000   945.000   346.000   69.000   -7.614   -99.503
61658.000   947.000   336.000   71.000   -7.552   -99.499
61659.000   969.000   362.000   75.000   -7.489   -99.495
61660.000   907.000   321.000   62.000   -7.426   -99.490
61661.000   950.000   344.000   67.000   -7.364   -99.486
61662.000   940.000   307.000   71.000   -7.301   -99.482
61663.000   992.000   331.000   72.000   -7.239   -99.478
61664.000   989.000   357.000   66.000   -7.176   -99.474
61665.000   931.000   345.000   77.000   -7.114   -99.470
61666.000   913.000   308.000   64.000   -7.051   -99.466
61667.000   905.000   350.000   60.000   -6.988   -99.461
61668.000   965.000   361.000   77.000   -6.926   -99.457
61669.000   935.000   378.000   76.000   -6.863   -99.453
61670.000   905.000   337.000   69.000   -6.801   -99.449
61671.000   903.000   331.000   67.000   -6.738   -99.445
61672.000   977.000   325.000   71.000   -6.676   -99.441
61673.000   941.000   346.000   88.000   -6.613   -99.437
61674.000   966.000   361.000   71.000   -6.550   -99.432
61675.000   937.000   364.000   72.000   -6.488   -99.428
61676.000   922.000   376.000   74.000   -6.425   -99.424
61677.000   921.000   359.000   71.000   -6.363   -99.420
61678.000   943.000   350.000   85.000   -6.300   -99.416
61679.000   977.000   318.000   71.000   -6.238   -99.412
69360.000   992.000   614.000   186.000   63.425   34.019
