Time range: [ 23:33:09.000  23:55:59.000 ]
Time range duration: 22.0 min, 50.0 sec
Longitude range: [ 82.0  136.0 ]
84789.000   883.000   502.000   136.000   -82.521   85.992
84790.000   911.000   515.000   131.000   -82.522   86.464
84791.000   937.000   502.000   127.000   -82.521   86.935
84792.000   902.000   467.000   137.000   -82.520   87.407
84793.000   903.000   493.000   111.000   -82.519   87.878
84794.000   868.000   484.000   127.000   -82.517   88.349
84795.000   879.000   514.000   131.000   -82.515   88.820
84796.000   892.000   470.000   127.000   -82.512   89.291
84797.000   888.000   483.000   131.000   -82.508   89.761
84798.000   876.000   482.000   119.000   -82.504   90.231
84799.000   888.000   505.000   129.000   -82.500   90.700
84800.000   885.000   467.000   139.000   -82.495   91.169
84801.000   904.000   487.000   144.000   -82.489   91.636
84802.000   925.000   494.000   141.000   -82.483   92.104
84803.000   876.000   503.000   159.000   -82.477   92.570
84804.000   875.000   494.000   120.000   -82.470   93.036
84805.000   900.000   471.000   134.000   -82.463   93.500
84806.000   887.000   491.000   134.000   -82.455   93.964
84807.000   909.000   500.000   131.000   -82.446   94.427
84808.000   941.000   448.000   126.000   -82.437   94.889
84809.000   914.000   464.000   131.000   -82.428   95.349
84810.000   884.000   485.000   146.000   -82.418   95.809
84811.000   883.000   462.000   138.000   -82.407   96.267
84812.000   881.000   504.000   124.000   -82.396   96.724
84813.000   910.000   527.000   127.000   -82.385   97.179
84814.000   897.000   494.000   134.000   -82.373   97.633
84815.000   934.000   484.000   132.000   -82.361   98.086
84816.000   851.000   487.000   123.000   -82.348   98.537
84817.000   856.000   520.000   119.000   -82.335   98.987
84818.000   876.000   514.000   135.000   -82.321   99.435
84819.000   950.000   502.000   119.000   -82.307   99.881
84820.000   863.000   461.000   115.000   -82.292   100.326
84821.000   922.000   480.000   119.000   -82.277   100.769
84822.000   901.000   489.000   131.000   -82.261   101.210
84823.000   887.000   449.000   128.000   -82.245   101.650
84824.000   889.000   478.000   121.000   -82.228   102.087
84825.000   905.000   478.000   152.000   -82.211   102.523
84826.000   888.000   479.000   118.000   -82.194   102.957
84827.000   865.000   501.000   125.000   -82.176   103.388
84828.000   920.000   446.000   146.000   -82.158   103.818
84829.000   900.000   504.000   133.000   -82.139   104.246
84830.000   839.000   518.000   133.000   -82.119   104.671
84831.000   897.000   535.000   155.000   -82.100   105.095
84832.000   885.000   531.000   136.000   -82.080   105.516
84833.000   883.000   478.000   133.000   -82.059   105.936
84834.000   924.000   464.000   111.000   -82.038   106.353
84835.000   836.000   500.000   133.000   -82.017   106.768
84836.000   823.000   495.000   104.000   -81.995   107.180
84837.000   900.000   530.000   131.000   -81.973   107.590
84838.000   877.000   483.000   129.000   -81.950   107.998
84839.000   909.000   491.000   145.000   -81.927   108.404
84840.000   883.000   482.000   143.000   -81.903   108.807
84841.000   850.000   465.000   122.000   -81.880   109.208
84842.000   849.000   529.000   136.000   -81.855   109.607
84843.000   904.000   494.000   144.000   -81.831   110.003
84844.000   843.000   519.000   130.000   -81.806   110.397
84845.000   909.000   474.000   137.000   -81.780   110.788
84846.000   910.000   484.000   141.000   -81.754   111.177
84847.000   863.000   510.000   117.000   -81.728   111.564
84848.000   862.000   492.000   144.000   -81.702   111.948
84849.000   885.000   483.000   143.000   -81.675   112.329
84850.000   928.000   465.000   132.000   -81.647   112.709
84851.000   875.000   482.000   118.000   -81.620   113.085
84852.000   919.000   521.000   121.000   -81.592   113.459
84853.000   889.000   506.000   134.000   -81.563   113.831
84854.000   914.000   492.000   120.000   -81.534   114.200
84855.000   875.000   487.000   131.000   -81.505   114.566
84856.000   882.000   544.000   129.000   -81.476   114.930
84857.000   843.000   490.000   127.000   -81.446   115.292
84858.000   841.000   513.000   119.000   -81.416   115.651
84859.000   862.000   522.000   136.000   -81.385   116.007
84860.000   889.000   529.000   136.000   -81.354   116.361
84861.000   885.000   490.000   132.000   -81.323   116.712
84862.000   871.000   508.000   122.000   -81.292   117.061
84863.000   913.000   480.000   135.000   -81.260   117.407
84864.000   865.000   524.000   124.000   -81.228   117.751
84865.000   933.000   522.000   146.000   -81.195   118.092
84866.000   912.000   538.000   137.000   -81.163   118.430
84867.000   896.000   475.000   124.000   -81.130   118.767
84868.000   915.000   527.000   118.000   -81.096   119.100
84869.000   864.000   480.000   132.000   -81.063   119.431
84870.000   955.000   459.000   125.000   -81.029   119.760
84871.000   852.000   495.000   148.000   -80.994   120.086
84872.000   878.000   465.000   146.000   -80.960   120.409
84873.000   891.000   532.000   128.000   -80.925   120.731
84874.000   897.000   535.000   132.000   -80.890   121.049
84875.000   939.000   520.000   127.000   -80.854   121.365
84876.000   887.000   572.000   131.000   -80.819   121.679
84877.000   883.000   496.000   121.000   -80.783   121.990
84878.000   872.000   499.000   119.000   -80.747   122.299
84879.000   901.000   509.000   115.000   -80.710   122.605
84880.000   848.000   534.000   120.000   -80.673   122.909
84881.000   939.000   489.000   139.000   -80.636   123.211
84882.000   832.000   522.000   145.000   -80.599   123.510
84883.000   866.000   503.000   138.000   -80.561   123.807
84884.000   881.000   483.000   137.000   -80.524   124.101
84885.000   897.000   534.000   147.000   -80.486   124.393
84886.000   918.000   522.000   133.000   -80.447   124.683
84887.000   881.000   523.000   147.000   -80.409   124.970
84888.000   882.000   486.000   147.000   -80.370   125.255
84889.000   883.000   499.000   147.000   -80.331   125.538
84890.000   838.000   467.000   144.000   -80.292   125.819
84891.000   913.000   465.000   140.000   -80.252   126.097
84892.000   880.000   552.000   147.000   -80.212   126.373
84893.000   913.000   526.000   127.000   -80.172   126.646
84894.000   899.000   467.000   116.000   -80.132   126.918
84895.000   912.000   491.000   114.000   -80.092   127.187
84896.000   947.000   523.000   135.000   -80.051   127.454
84897.000   900.000   496.000   137.000   -80.010   127.719
84898.000   933.000   507.000   149.000   -79.969   127.982
84899.000   904.000   520.000   135.000   -79.928   128.242
84900.000   895.000   514.000   127.000   -79.886   128.500
84901.000   900.000   502.000   132.000   -79.845   128.757
84902.000   877.000   523.000   144.000   -79.803   129.011
84903.000   842.000   477.000   141.000   -79.761   129.263
84904.000   940.000   539.000   142.000   -79.719   129.513
84905.000   930.000   468.000   148.000   -79.676   129.761
84906.000   895.000   486.000   139.000   -79.633   130.006
84907.000   943.000   488.000   157.000   -79.590   130.250
84908.000   879.000   551.000   124.000   -79.547   130.492
84909.000   910.000   494.000   120.000   -79.504   130.732
84910.000   898.000   519.000   136.000   -79.461   130.970
84911.000   905.000   480.000   121.000   -79.417   131.205
84912.000   839.000   528.000   147.000   -79.373   131.439
84913.000   919.000   492.000   123.000   -79.329   131.671
84914.000   878.000   536.000   127.000   -79.285   131.901
84915.000   865.000   471.000   110.000   -79.241   132.129
84916.000   846.000   502.000   144.000   -79.196   132.356
84917.000   874.000   486.000   110.000   -79.152   132.580
84918.000   854.000   494.000   149.000   -79.107   132.802
84919.000   851.000   478.000   128.000   -79.062   133.023
84920.000   917.000   504.000   128.000   -79.017   133.242
84921.000   874.000   507.000   141.000   -78.971   133.459
84922.000   909.000   480.000   131.000   -78.926   133.674
84923.000   913.000   471.000   155.000   -78.880   133.888
84924.000   861.000   535.000   139.000   -78.834   134.099
84925.000   868.000   488.000   145.000   -78.789   134.309
84926.000   869.000   523.000   129.000   -78.742   134.518
84927.000   866.000   507.000   117.000   -78.696   134.724
84928.000   901.000   488.000   150.000   -78.650   134.929
84929.000   870.000   506.000   123.000   -78.603   135.132
84930.000   860.000   521.000   146.000   -78.557   135.334
84931.000   853.000   493.000   140.000   -78.510   135.534
84932.000   821.000   542.000   137.000   -78.463   135.732
84933.000   934.000   551.000   125.000   -78.416   135.928
84934.000   900.000   489.000   140.000   -78.368   136.123
84935.000   861.000   516.000   132.000   -78.321   136.317
84936.000   846.000   512.000   138.000   -78.273   136.509
84937.000   856.000   491.000   133.000   -78.226   136.699
84938.000   854.000   516.000   163.000   -78.178   136.887
84939.000   886.000   541.000   128.000   -78.130   137.075
84940.000   923.000   483.000   129.000   -78.082   137.260
84941.000   853.000   531.000   138.000   -78.034   137.444
84942.000   906.000   529.000   147.000   -77.986   137.627
84943.000   880.000   507.000   136.000   -77.937   137.808
84944.000   926.000   510.000   123.000   -77.889   137.988
84945.000   881.000   518.000   157.000   -77.840   138.166
84946.000   923.000   469.000   135.000   -77.791   138.343
84947.000   861.000   509.000   126.000   -77.742   138.519
84948.000   885.000   507.000   162.000   -77.693   138.693
84949.000   902.000   506.000   131.000   -77.644   138.865
84950.000   914.000   486.000   117.000   -77.595   139.037
84951.000   848.000   521.000   102.000   -77.546   139.206
84952.000   903.000   511.000   118.000   -77.496   139.375
84953.000   888.000   496.000   147.000   -77.447   139.542
84954.000   893.000   504.000   141.000   -77.397   139.708
84955.000   874.000   482.000   145.000   -77.347   139.873
84956.000   897.000   505.000   145.000   -77.297   140.036
84957.000   864.000   472.000   147.000   -77.247   140.198
84958.000   865.000   524.000   136.000   -77.197   140.358
84959.000   848.000   498.000   124.000   -77.147   140.518
84960.000   846.000   533.000   131.000   -77.097   140.676
84961.000   868.000   549.000   96.000   -77.046   140.833
84962.000   882.000   499.000   143.000   -76.996   140.989
84963.000   904.000   518.000   129.000   -76.945   141.143
84964.000   884.000   519.000   133.000   -76.894   141.296
84965.000   887.000   539.000   152.000   -76.844   141.448
84966.000   893.000   506.000   137.000   -76.793   141.599
84967.000   871.000   525.000   136.000   -76.742   141.749
84968.000   908.000   551.000   129.000   -76.691   141.898
84969.000   889.000   505.000   129.000   -76.640   142.045
84970.000   899.000   541.000   138.000   -76.588   142.191
84971.000   839.000   554.000   134.000   -76.537   142.337
84972.000   915.000   556.000   157.000   -76.486   142.481
84973.000   884.000   512.000   132.000   -76.434   142.624
84974.000   878.000   538.000   161.000   -76.382   142.765
84975.000   881.000   498.000   133.000   -76.331   142.906
84976.000   890.000   522.000   135.000   -76.279   143.046
84977.000   890.000   541.000   126.000   -76.227   143.185
84978.000   895.000   531.000   141.000   -76.175   143.322
84979.000   886.000   536.000   148.000   -76.123   143.459
84980.000   926.000   487.000   143.000   -76.071   143.594
84981.000   861.000   489.000   134.000   -76.019   143.729
84982.000   879.000   561.000   142.000   -75.967   143.862
84983.000   843.000   533.000   135.000   -75.914   143.995
84984.000   912.000   510.000   137.000   -75.862   144.126
84985.000   912.000   547.000   136.000   -75.809   144.257
84986.000   868.000   510.000   132.000   -75.757   144.386
84987.000   874.000   499.000   143.000   -75.704   144.515
84988.000   860.000   475.000   142.000   -75.652   144.643
84989.000   863.000   563.000   145.000   -75.599   144.769
84990.000   858.000   538.000   137.000   -75.546   144.895
84991.000   941.000   481.000   134.000   -75.493   145.020
84992.000   857.000   523.000   138.000   -75.440   145.144
84993.000   875.000   493.000   148.000   -75.387   145.267
84994.000   862.000   499.000   140.000   -75.334   145.389
84995.000   872.000   541.000   132.000   -75.281   145.510
84996.000   899.000   535.000   135.000   -75.227   145.630
84997.000   895.000   532.000   132.000   -75.174   145.750
84998.000   921.000   508.000   129.000   -75.121   145.868
84999.000   900.000   532.000   149.000   -75.067   145.986
85000.000   950.000   543.000   121.000   -75.014   146.103
85001.000   861.000   536.000   141.000   -74.960   146.219
85002.000   841.000   525.000   148.000   -74.906   146.334
85003.000   908.000   552.000   129.000   -74.853   146.449
85004.000   868.000   510.000   132.000   -74.799   146.562
85005.000   850.000   518.000   136.000   -74.745   146.675
85006.000   872.000   475.000   129.000   -74.691   146.787
85007.000   851.000   516.000   161.000   -74.637   146.898
85008.000   886.000   550.000   139.000   -74.583   147.008
85009.000   919.000   515.000   143.000   -74.529   147.118
85010.000   877.000   523.000   157.000   -74.475   147.227
85011.000   903.000   541.000   130.000   -74.421   147.335
85012.000   894.000   512.000   125.000   -74.367   147.442
85013.000   846.000   515.000   113.000   -74.312   147.549
85014.000   965.000   484.000   135.000   -74.258   147.654
85015.000   830.000   515.000   124.000   -74.203   147.760
85016.000   858.000   523.000   151.000   -74.149   147.864
85017.000   845.000   482.000   155.000   -74.094   147.967
85018.000   900.000   534.000   143.000   -74.040   148.070
85019.000   880.000   512.000   137.000   -73.985   148.173
85020.000   904.000   537.000   160.000   -73.931   148.274
85021.000   920.000   528.000   130.000   -73.876   148.375
85022.000   863.000   529.000   138.000   -73.821   148.475
85023.000   889.000   536.000   140.000   -73.766   148.574
85024.000   830.000   504.000   143.000   -73.711   148.673
85025.000   854.000   553.000   114.000   -73.656   148.771
85026.000   881.000   470.000   143.000   -73.601   148.868
85027.000   907.000   490.000   134.000   -73.546   148.965
85028.000   889.000   491.000   145.000   -73.491   149.061
85029.000   892.000   495.000   126.000   -73.436   149.157
85030.000   855.000   506.000   137.000   -73.381   149.251
85031.000   853.000   546.000   133.000   -73.326   149.345
85032.000   883.000   558.000   146.000   -73.270   149.439
85033.000   904.000   507.000   144.000   -73.215   149.532
85034.000   899.000   550.000   129.000   -73.160   149.624
85035.000   858.000   520.000   152.000   -73.104   149.716
85036.000   944.000   527.000   149.000   -73.049   149.807
85037.000   878.000   549.000   132.000   -72.993   149.897
85038.000   872.000   542.000   143.000   -72.938   149.987
85039.000   903.000   549.000   138.000   -72.882   150.076
85040.000   882.000   494.000   110.000   -72.827   150.165
85041.000   916.000   540.000   141.000   -72.771   150.253
85042.000   857.000   541.000   142.000   -72.715   150.341
85043.000   832.000   513.000   134.000   -72.659   150.428
85044.000   895.000   529.000   117.000   -72.604   150.514
85045.000   854.000   524.000   145.000   -72.548   150.600
85046.000   868.000   534.000   119.000   -72.492   150.685
85047.000   883.000   514.000   126.000   -72.436   150.770
85048.000   911.000   502.000   128.000   -72.380   150.854
85049.000   822.000   488.000   119.000   -72.324   150.938
85050.000   864.000   511.000   110.000   -72.268   151.021
85051.000   854.000   514.000   148.000   -72.212   151.103
85052.000   843.000   482.000   136.000   -72.156   151.185
85053.000   864.000   543.000   155.000   -72.100   151.267
85054.000   873.000   500.000   130.000   -72.043   151.348
85055.000   885.000   521.000   138.000   -71.987   151.428
85056.000   881.000   512.000   131.000   -71.931   151.508
85057.000   960.000   560.000   140.000   -71.875   151.588
85058.000   849.000   543.000   144.000   -71.818   151.667
85059.000   905.000   537.000   116.000   -71.762   151.745
85060.000   847.000   517.000   149.000   -71.705   151.823
85061.000   899.000   543.000   146.000   -71.649   151.900
85062.000   898.000   473.000   139.000   -71.592   151.977
85063.000   852.000   532.000   138.000   -71.536   152.054
85064.000   874.000   521.000   121.000   -71.479   152.130
85065.000   880.000   527.000   119.000   -71.423   152.206
85066.000   899.000   545.000   143.000   -71.366   152.281
85067.000   972.000   530.000   141.000   -71.309   152.355
85068.000   927.000   540.000   134.000   -71.253   152.430
85069.000   856.000   520.000   143.000   -71.196   152.503
85070.000   856.000   549.000   139.000   -71.139   152.577
85071.000   840.000   549.000   120.000   -71.083   152.649
85072.000   878.000   511.000   131.000   -71.026   152.722
85073.000   881.000   490.000   140.000   -70.969   152.794
85074.000   869.000   503.000   127.000   -70.912   152.865
85075.000   876.000   542.000   153.000   -70.855   152.936
85076.000   900.000   527.000   147.000   -70.798   153.007
85077.000   884.000   487.000   138.000   -70.741   153.077
85078.000   881.000   526.000   154.000   -70.684   153.147
85079.000   912.000   510.000   177.000   -70.627   153.216
85080.000   885.000   525.000   144.000   -70.570   153.285
85081.000   891.000   518.000   132.000   -70.513   153.354
85082.000   893.000   545.000   150.000   -70.456   153.422
85083.000   891.000   503.000   135.000   -70.399   153.490
85084.000   881.000   542.000   151.000   -70.341   153.557
85085.000   869.000   531.000   166.000   -70.284   153.624
85086.000   901.000   531.000   145.000   -70.227   153.691
85087.000   876.000   545.000   162.000   -70.170   153.757
85088.000   918.000   532.000   131.000   -70.112   153.823
85089.000   882.000   516.000   133.000   -70.055   153.888
85090.000   844.000   513.000   137.000   -69.998   153.953
85091.000   875.000   525.000   138.000   -69.940   154.018
85092.000   879.000   506.000   120.000   -69.883   154.082
85093.000   897.000   573.000   129.000   -69.825   154.146
85094.000   884.000   486.000   125.000   -69.768   154.209
85095.000   913.000   514.000   155.000   -69.711   154.272
85096.000   854.000   528.000   135.000   -69.653   154.335
85097.000   928.000   508.000   147.000   -69.595   154.398
85098.000   871.000   518.000   120.000   -69.538   154.460
85099.000   897.000   547.000   141.000   -69.480   154.521
85100.000   872.000   535.000   140.000   -69.423   154.583
85101.000   853.000   531.000   134.000   -69.365   154.644
85102.000   904.000   537.000   144.000   -69.307   154.704
85103.000   942.000   554.000   116.000   -69.250   154.765
85104.000   924.000   527.000   137.000   -69.192   154.825
85105.000   934.000   523.000   138.000   -69.134   154.884
85106.000   936.000   532.000   152.000   -69.076   154.944
85107.000   887.000   516.000   153.000   -69.019   155.003
85108.000   861.000   525.000   128.000   -68.961   155.061
85109.000   821.000   576.000   151.000   -68.903   155.120
85110.000   941.000   541.000   118.000   -68.845   155.177
85111.000   949.000   527.000   147.000   -68.787   155.235
85112.000   853.000   528.000   141.000   -68.729   155.292
85113.000   896.000   543.000   137.000   -68.671   155.350
85114.000   852.000   479.000   154.000   -68.613   155.406
85115.000   893.000   583.000   160.000   -68.556   155.463
85116.000   917.000   501.000   138.000   -68.498   155.519
85117.000   904.000   501.000   139.000   -68.440   155.574
85118.000   858.000   552.000   137.000   -68.381   155.630
85119.000   881.000   532.000   139.000   -68.323   155.685
85120.000   845.000   518.000   152.000   -68.265   155.740
85121.000   862.000   536.000   143.000   -68.207   155.794
85122.000   921.000   511.000   120.000   -68.149   155.849
85123.000   893.000   505.000   128.000   -68.091   155.903
85124.000   863.000   543.000   133.000   -68.033   155.956
85125.000   858.000   527.000   114.000   -67.975   156.010
85126.000   850.000   570.000   146.000   -67.916   156.063
85127.000   915.000   578.000   139.000   -67.858   156.116
85128.000   894.000   537.000   132.000   -67.800   156.168
85129.000   874.000   524.000   133.000   -67.742   156.220
85130.000   971.000   552.000   161.000   -67.683   156.272
85131.000   941.000   562.000   138.000   -67.625   156.324
85132.000   940.000   582.000   142.000   -67.567   156.376
85133.000   881.000   565.000   142.000   -67.508   156.427
85134.000   830.000   520.000   140.000   -67.450   156.478
85135.000   841.000   547.000   160.000   -67.392   156.528
85136.000   864.000   503.000   138.000   -67.333   156.579
85137.000   938.000   508.000   141.000   -67.275   156.629
85138.000   835.000   527.000   154.000   -67.216   156.678
85139.000   865.000   526.000   131.000   -67.158   156.728
85140.000   923.000   504.000   147.000   -67.099   156.777
85141.000   889.000   514.000   105.000   -67.041   156.826
85142.000   910.000   565.000   145.000   -66.982   156.875
85143.000   893.000   487.000   132.000   -66.924   156.924
85144.000   925.000   578.000   136.000   -66.865   156.972
85145.000   911.000   521.000   128.000   -66.807   157.020
85146.000   884.000   560.000   152.000   -66.748   157.068
85147.000   937.000   521.000   138.000   -66.689   157.115
85148.000   898.000   556.000   137.000   -66.631   157.162
85149.000   850.000   522.000   134.000   -66.572   157.210
85150.000   865.000   598.000   132.000   -66.513   157.256
85151.000   848.000   530.000   155.000   -66.455   157.303
85152.000   858.000   527.000   131.000   -66.396   157.349
85153.000   887.000   558.000   154.000   -66.337   157.395
85154.000   900.000   584.000   143.000   -66.279   157.441
85155.000   897.000   509.000   115.000   -66.220   157.487
85156.000   902.000   504.000   142.000   -66.161   157.532
85157.000   885.000   551.000   138.000   -66.102   157.577
85158.000   927.000   491.000   136.000   -66.044   157.622
85159.000   921.000   527.000   155.000   -65.985   157.667
85160.000   914.000   524.000   149.000   -65.926   157.711
85161.000   903.000   524.000   132.000   -65.867   157.756
85162.000   872.000   563.000   131.000   -65.808   157.800
85163.000   894.000   594.000   158.000   -65.749   157.844
85164.000   926.000   518.000   142.000   -65.690   157.887
85165.000   876.000   498.000   161.000   -65.631   157.931
85166.000   909.000   508.000   149.000   -65.573   157.974
85167.000   932.000   558.000   134.000   -65.514   158.017
85168.000   903.000   590.000   109.000   -65.455   158.059
85169.000   929.000   543.000   127.000   -65.396   158.102
85170.000   883.000   537.000   149.000   -65.337   158.144
85171.000   937.000   512.000   135.000   -65.278   158.186
85172.000   922.000   569.000   153.000   -65.219   158.228
85173.000   878.000   546.000   138.000   -65.160   158.270
85174.000   905.000   530.000   138.000   -65.101   158.312
85175.000   920.000   545.000   136.000   -65.042   158.353
85176.000   918.000   563.000   136.000   -64.982   158.394
85177.000   907.000   548.000   128.000   -64.923   158.435
85178.000   1003.000   564.000   138.000   -64.864   158.476
85179.000   865.000   558.000   143.000   -64.805   158.516
85180.000   917.000   563.000   122.000   -64.746   158.556
85181.000   917.000   536.000   154.000   -64.687   158.596
85182.000   932.000   538.000   150.000   -64.628   158.636
85183.000   965.000   546.000   123.000   -64.568   158.676
85184.000   966.000   547.000   128.000   -64.509   158.716
85185.000   901.000   510.000   157.000   -64.450   158.755
85186.000   891.000   558.000   132.000   -64.391   158.794
85187.000   974.000   560.000   123.000   -64.332   158.833
85188.000   973.000   568.000   139.000   -64.272   158.872
85189.000   958.000   541.000   132.000   -64.213   158.911
85190.000   1016.000   545.000   154.000   -64.154   158.949
85191.000   1060.000   571.000   134.000   -64.095   158.987
85192.000   1121.000   530.000   143.000   -64.035   159.025
85193.000   1156.000   535.000   130.000   -63.976   159.063
85194.000   1143.000   555.000   143.000   -63.917   159.101
85195.000   1088.000   532.000   152.000   -63.857   159.139
85196.000   1073.000   536.000   138.000   -63.798   159.176
85197.000   1033.000   515.000   152.000   -63.739   159.213
85198.000   1117.000   559.000   148.000   -63.679   159.250
85199.000   1097.000   555.000   122.000   -63.620   159.287
85200.000   1091.000   525.000   143.000   -63.560   159.324
85201.000   1208.000   520.000   154.000   -63.501   159.360
85202.000   986.000   516.000   133.000   -63.442   159.397
85203.000   946.000   571.000   133.000   -63.382   159.433
85204.000   976.000   575.000   135.000   -63.323   159.469
85205.000   967.000   549.000   131.000   -63.263   159.505
85206.000   996.000   550.000   114.000   -63.204   159.540
85207.000   946.000   550.000   157.000   -63.144   159.576
85208.000   942.000   563.000   147.000   -63.085   159.611
85209.000   977.000   552.000   148.000   -63.025   159.646
85210.000   993.000   543.000   145.000   -62.966   159.681
85211.000   1026.000   578.000   146.000   -62.906   159.716
85212.000   1024.000   567.000   150.000   -62.847   159.751
85213.000   997.000   540.000   151.000   -62.787   159.785
85214.000   1012.000   516.000   147.000   -62.728   159.820
85215.000   943.000   518.000   186.000   -62.668   159.854
85216.000   1004.000   542.000   134.000   -62.608   159.888
85217.000   895.000   541.000   142.000   -62.549   159.922
85218.000   963.000   529.000   144.000   -62.489   159.956
85219.000   986.000   574.000   152.000   -62.430   159.990
85220.000   967.000   530.000   141.000   -62.370   160.023
85221.000   1020.000   536.000   146.000   -62.310   160.056
85222.000   970.000   536.000   123.000   -62.251   160.090
85223.000   991.000   534.000   150.000   -62.191   160.123
85224.000   979.000   557.000   147.000   -62.131   160.155
85225.000   952.000   532.000   134.000   -62.072   160.188
85226.000   949.000   539.000   125.000   -62.012   160.221
85227.000   1024.000   595.000   141.000   -61.952   160.253
85228.000   1008.000   507.000   143.000   -61.893   160.286
85229.000   1047.000   565.000   147.000   -61.833   160.318
85230.000   1004.000   599.000   129.000   -61.773   160.350
85231.000   1013.000   545.000   141.000   -61.713   160.382
85232.000   980.000   582.000   138.000   -61.654   160.414
85233.000   1082.000   553.000   148.000   -61.594   160.445
85234.000   1072.000   553.000   150.000   -61.534   160.477
85235.000   1186.000   603.000   137.000   -61.474   160.508
85236.000   1147.000   539.000   150.000   -61.414   160.539
85237.000   1104.000   587.000   132.000   -61.355   160.570
85238.000   1079.000   553.000   141.000   -61.295   160.601
85239.000   1062.000   574.000   127.000   -61.235   160.632
85240.000   1105.000   508.000   147.000   -61.175   160.663
85241.000   1139.000   597.000   161.000   -61.115   160.693
85242.000   1097.000   592.000   163.000   -61.055   160.724
85243.000   1139.000   597.000   141.000   -60.996   160.754
85244.000   1172.000   603.000   146.000   -60.936   160.784
85245.000   1259.000   574.000   146.000   -60.876   160.814
85246.000   1234.000   508.000   158.000   -60.816   160.844
85247.000   1329.000   612.000   152.000   -60.756   160.874
85248.000   1460.000   590.000   165.000   -60.696   160.903
85249.000   1449.000   598.000   159.000   -60.636   160.933
85250.000   1534.000   613.000   145.000   -60.576   160.962
85251.000   1615.000   609.000   151.000   -60.516   160.992
85252.000   1853.000   640.000   148.000   -60.456   161.021
85253.000   1857.000   651.000   154.000   -60.396   161.050
85254.000   1982.000   680.000   129.000   -60.336   161.079
85255.000   2116.000   671.000   152.000   -60.276   161.107
85256.000   2107.000   750.000   140.000   -60.216   161.136
85257.000   2293.000   675.000   133.000   -60.156   161.165
85258.000   2477.000   739.000   139.000   -60.096   161.193
85259.000   2726.000   743.000   146.000   -60.036   161.221
85260.000   2870.000   867.000   116.000   -59.976   161.250
85261.000   2907.000   845.000   157.000   -59.916   161.278
85262.000   2869.000   834.000   151.000   -59.856   161.306
85263.000   3013.000   879.000   147.000   -59.796   161.333
85264.000   3200.000   924.000   149.000   -59.736   161.361
85265.000   3548.000   1068.000   142.000   -59.676   161.389
85266.000   3822.000   1042.000   165.000   -59.616   161.416
85267.000   4027.000   1080.000   169.000   -59.556   161.444
85268.000   4113.000   1108.000   191.000   -59.496   161.471
85269.000   4284.000   1232.000   170.000   -59.436   161.498
85270.000   4331.000   1202.000   177.000   -59.376   161.525
85271.000   4585.000   1288.000   158.000   -59.315   161.552
85272.000   4687.000   1428.000   184.000   -59.255   161.579
85273.000   4942.000   1503.000   169.000   -59.195   161.606
85274.000   5289.000   1608.000   177.000   -59.135   161.632
85275.000   5660.000   1656.000   223.000   -59.075   161.659
85276.000   6371.000   1894.000   197.000   -59.015   161.685
85277.000   7170.000   2069.000   190.000   -58.955   161.712
85278.000   7596.000   2199.000   199.000   -58.894   161.738
85279.000   7887.000   2351.000   203.000   -58.834   161.764
85280.000   8391.000   2443.000   210.000   -58.774   161.790
85281.000   8631.000   2606.000   222.000   -58.714   161.816
85282.000   8777.000   2673.000   258.000   -58.654   161.841
85283.000   8901.000   2776.000   223.000   -58.593   161.867
85284.000   8581.000   2900.000   210.000   -58.533   161.893
85285.000   9235.000   3023.000   236.000   -58.473   161.918
85286.000   9624.000   3073.000   224.000   -58.413   161.943
85287.000   10335.000   3205.000   266.000   -58.352   161.969
85288.000   9672.000   3061.000   253.000   -58.292   161.994
85289.000   9905.000   3257.000   256.000   -58.232   162.019
85290.000   9609.000   3235.000   262.000   -58.172   162.044
85291.000   9874.000   3270.000   250.000   -58.111   162.069
85292.000   9535.000   3282.000   280.000   -58.051   162.094
85293.000   9076.000   3180.000   219.000   -57.991   162.118
85294.000   8209.000   2980.000   245.000   -57.930   162.143
85295.000   7940.000   2898.000   256.000   -57.870   162.167
85296.000   8240.000   2894.000   261.000   -57.810   162.192
85297.000   8405.000   2959.000   259.000   -57.749   162.216
85298.000   8426.000   2875.000   238.000   -57.689   162.240
85299.000   8094.000   2940.000   270.000   -57.629   162.264
85300.000   8511.000   2956.000   254.000   -57.568   162.288
85301.000   8780.000   3140.000   248.000   -57.508   162.312
85302.000   9113.000   3235.000   276.000   -57.448   162.336
85303.000   9228.000   3294.000   284.000   -57.387   162.360
85304.000   9765.000   3333.000   259.000   -57.327   162.383
85305.000   10115.000   3495.000   257.000   -57.267   162.407
85306.000   10175.000   3593.000   306.000   -57.206   162.430
85307.000   10317.000   3615.000   268.000   -57.146   162.454
85308.000   10673.000   3671.000   268.000   -57.085   162.477
85309.000   10465.000   3761.000   279.000   -57.025   162.500
85310.000   10594.000   3959.000   309.000   -56.965   162.523
85311.000   10971.000   4025.000   286.000   -56.904   162.546
85312.000   11243.000   4095.000   309.000   -56.844   162.569
85313.000   11318.000   4176.000   303.000   -56.783   162.592
85314.000   11629.000   4325.000   323.000   -56.723   162.615
85315.000   11888.000   4321.000   346.000   -56.662   162.638
85316.000   11894.000   4460.000   294.000   -56.602   162.660
85317.000   11962.000   4519.000   359.000   -56.541   162.683
85318.000   12115.000   4559.000   338.000   -56.481   162.705
85319.000   12508.000   4521.000   321.000   -56.421   162.727
85320.000   12413.000   4711.000   288.000   -56.360   162.750
85321.000   12531.000   4574.000   314.000   -56.300   162.772
85322.000   12598.000   4699.000   297.000   -56.239   162.794
85323.000   12780.000   4818.000   298.000   -56.179   162.816
85324.000   13171.000   4960.000   327.000   -56.118   162.838
85325.000   13216.000   5053.000   333.000   -56.058   162.860
85326.000   14001.000   5225.000   329.000   -55.997   162.881
85327.000   14575.000   5323.000   367.000   -55.936   162.903
85328.000   15125.000   5416.000   334.000   -55.876   162.925
85329.000   15489.000   5710.000   368.000   -55.815   162.946
85330.000   15844.000   5717.000   342.000   -55.755   162.968
85331.000   15653.000   5730.000   362.000   -55.694   162.989
85332.000   14985.000   5555.000   323.000   -55.634   163.010
85333.000   14966.000   5661.000   379.000   -55.573   163.031
85334.000   15392.000   5605.000   351.000   -55.513   163.053
85335.000   15785.000   5836.000   393.000   -55.452   163.074
85336.000   15910.000   5864.000   382.000   -55.391   163.095
85337.000   16142.000   6059.000   348.000   -55.331   163.115
85338.000   16362.000   6036.000   382.000   -55.270   163.136
85339.000   16311.000   6217.000   406.000   -55.210   163.157
85340.000   16489.000   6283.000   423.000   -55.149   163.178
85341.000   16132.000   6209.000   442.000   -55.088   163.198
85342.000   15119.000   5922.000   430.000   -55.028   163.219
85343.000   15055.000   5921.000   443.000   -54.967   163.239
85344.000   15523.000   5999.000   460.000   -54.907   163.260
85345.000   14922.000   5811.000   447.000   -54.846   163.280
85346.000   14344.000   5827.000   480.000   -54.785   163.300
85347.000   13654.000   5622.000   463.000   -54.725   163.320
85348.000   13922.000   5660.000   469.000   -54.664   163.340
85349.000   14276.000   5815.000   507.000   -54.603   163.360
85350.000   14343.000   5946.000   473.000   -54.543   163.380
85351.000   15326.000   6165.000   529.000   -54.482   163.400
85352.000   15797.000   6265.000   547.000   -54.421   163.420
85353.000   15681.000   6260.000   543.000   -54.361   163.440
85354.000   15221.000   6232.000   596.000   -54.300   163.459
85355.000   14819.000   6045.000   635.000   -54.239   163.479
85356.000   14647.000   6037.000   665.000   -54.178   163.498
85357.000   14559.000   6083.000   636.000   -54.118   163.518
85358.000   13902.000   5811.000   623.000   -54.057   163.537
85359.000   13566.000   5892.000   663.000   -53.996   163.556
85360.000   13203.000   5925.000   684.000   -53.936   163.576
85361.000   13167.000   5679.000   719.000   -53.875   163.595
85362.000   12455.000   5725.000   732.000   -53.814   163.614
85363.000   12196.000   5499.000   768.000   -53.753   163.633
85364.000   11768.000   5519.000   729.000   -53.693   163.652
85365.000   11485.000   5353.000   811.000   -53.632   163.671
85366.000   11125.000   5134.000   828.000   -53.571   163.690
85367.000   10853.000   5216.000   836.000   -53.510   163.708
85368.000   10169.000   5032.000   861.000   -53.450   163.727
85369.000   9671.000   4991.000   846.000   -53.389   163.746
85370.000   9119.000   4857.000   889.000   -53.328   163.764
85371.000   8887.000   4809.000   927.000   -53.267   163.783
85372.000   8382.000   4668.000   934.000   -53.206   163.801
85373.000   7952.000   4634.000   928.000   -53.146   163.820
85374.000   7712.000   4413.000   941.000   -53.085   163.838
85375.000   7337.000   4333.000   917.000   -53.024   163.856
85376.000   6795.000   4214.000   976.000   -52.963   163.874
85377.000   6398.000   4219.000   1009.000   -52.902   163.892
85378.000   6165.000   4023.000   975.000   -52.842   163.910
85379.000   5883.000   4038.000   997.000   -52.781   163.928
85380.000   5861.000   4021.000   1010.000   -52.720   163.946
85381.000   5488.000   3894.000   988.000   -52.659   163.964
85382.000   5294.000   3916.000   1043.000   -52.598   163.982
85383.000   4962.000   3865.000   1115.000   -52.537   164.000
85384.000   4861.000   3703.000   1088.000   -52.476   164.018
85385.000   4605.000   3736.000   1072.000   -52.416   164.035
85386.000   4287.000   3633.000   1042.000   -52.355   164.053
85387.000   4143.000   3630.000   1093.000   -52.294   164.070
85388.000   4041.000   3487.000   1097.000   -52.233   164.088
85389.000   3947.000   3464.000   1112.000   -52.172   164.105
85390.000   3752.000   3615.000   1095.000   -52.111   164.122
85391.000   3655.000   3454.000   1094.000   -52.050   164.140
85392.000   3578.000   3450.000   1054.000   -51.989   164.157
85393.000   3589.000   3289.000   1081.000   -51.929   164.174
85394.000   3328.000   3215.000   1088.000   -51.868   164.191
85395.000   3407.000   3298.000   1140.000   -51.807   164.208
85396.000   3215.000   3171.000   1027.000   -51.746   164.225
85397.000   3052.000   3076.000   1103.000   -51.685   164.242
85398.000   3020.000   3106.000   983.000   -51.624   164.259
85399.000   2811.000   2982.000   1001.000   -51.563   164.276
85400.000   2909.000   3022.000   1012.000   -51.502   164.293
85401.000   2808.000   2864.000   1010.000   -51.441   164.309
85402.000   2681.000   2780.000   918.000   -51.380   164.326
85403.000   2639.000   2750.000   937.000   -51.319   164.343
85404.000   2547.000   2615.000   916.000   -51.258   164.359
85405.000   2529.000   2550.000   872.000   -51.197   164.376
85406.000   2344.000   2561.000   876.000   -51.136   164.392
85407.000   2306.000   2528.000   883.000   -51.075   164.409
85408.000   2215.000   2364.000   745.000   -51.014   164.425
85409.000   2159.000   2377.000   827.000   -50.954   164.441
85410.000   2167.000   2201.000   785.000   -50.893   164.457
85411.000   2180.000   2187.000   727.000   -50.832   164.474
85412.000   2009.000   2092.000   736.000   -50.771   164.490
85413.000   1956.000   2092.000   720.000   -50.710   164.506
85414.000   1876.000   1903.000   622.000   -50.649   164.522
85415.000   1881.000   1736.000   589.000   -50.588   164.538
85416.000   1806.000   1694.000   577.000   -50.527   164.554
85417.000   1713.000   1572.000   534.000   -50.466   164.570
85418.000   1593.000   1553.000   534.000   -50.405   164.585
85419.000   1586.000   1485.000   486.000   -50.343   164.601
85420.000   1514.000   1391.000   446.000   -50.282   164.617
85421.000   1513.000   1333.000   409.000   -50.221   164.632
85422.000   1454.000   1260.000   459.000   -50.160   164.648
85423.000   1421.000   1241.000   402.000   -50.099   164.664
85424.000   1362.000   1138.000   394.000   -50.038   164.679
85425.000   1331.000   1082.000   332.000   -49.977   164.695
85426.000   1277.000   1059.000   335.000   -49.916   164.710
85427.000   1240.000   1079.000   318.000   -49.855   164.725
85428.000   1244.000   954.000   283.000   -49.794   164.741
85429.000   1203.000   962.000   270.000   -49.733   164.756
85430.000   1144.000   854.000   271.000   -49.672   164.771
85431.000   1170.000   873.000   221.000   -49.611   164.786
85432.000   1105.000   793.000   254.000   -49.550   164.801
85433.000   1086.000   770.000   242.000   -49.489   164.816
85434.000   1049.000   742.000   215.000   -49.428   164.831
85435.000   1111.000   730.000   215.000   -49.367   164.846
85436.000   1038.000   721.000   217.000   -49.305   164.861
85437.000   1021.000   692.000   182.000   -49.244   164.876
85438.000   1042.000   678.000   182.000   -49.183   164.891
85439.000   1044.000   672.000   211.000   -49.122   164.906
85440.000   1000.000   669.000   166.000   -49.061   164.921
85441.000   923.000   604.000   181.000   -49.000   164.935
85442.000   994.000   536.000   171.000   -48.939   164.950
85443.000   998.000   649.000   156.000   -48.878   164.965
85444.000   956.000   617.000   145.000   -48.817   164.979
85445.000   973.000   600.000   166.000   -48.755   164.994
85446.000   949.000   568.000   157.000   -48.694   165.008
85447.000   947.000   581.000   130.000   -48.633   165.022
85448.000   976.000   558.000   139.000   -48.572   165.037
85449.000   962.000   594.000   151.000   -48.511   165.051
85450.000   975.000   558.000   159.000   -48.450   165.065
85451.000   892.000   541.000   154.000   -48.388   165.080
85452.000   939.000   588.000   155.000   -48.327   165.094
85453.000   915.000   547.000   139.000   -48.266   165.108
85454.000   932.000   538.000   128.000   -48.205   165.122
85455.000   930.000   542.000   145.000   -48.144   165.136
85456.000   912.000   577.000   143.000   -48.083   165.150
85457.000   937.000   530.000   151.000   -48.021   165.164
85458.000   923.000   549.000   164.000   -47.960   165.178
85459.000   916.000   585.000   124.000   -47.899   165.192
85460.000   948.000   586.000   145.000   -47.838   165.206
85461.000   929.000   522.000   147.000   -47.777   165.220
85462.000   928.000   534.000   141.000   -47.715   165.233
85463.000   915.000   552.000   129.000   -47.654   165.247
85464.000   853.000   574.000   144.000   -47.593   165.261
85465.000   943.000   495.000   151.000   -47.532   165.275
85466.000   913.000   550.000   140.000   -47.471   165.288
85467.000   907.000   549.000   153.000   -47.409   165.302
85468.000   924.000   516.000   127.000   -47.348   165.315
85469.000   914.000   555.000   129.000   -47.287   165.329
85470.000   927.000   528.000   144.000   -47.226   165.342
85471.000   922.000   529.000   133.000   -47.164   165.356
85472.000   895.000   544.000   149.000   -47.103   165.369
85473.000   908.000   564.000   132.000   -47.042   165.382
85474.000   917.000   501.000   135.000   -46.981   165.395
85475.000   932.000   581.000   134.000   -46.919   165.409
85476.000   867.000   566.000   135.000   -46.858   165.422
85477.000   924.000   533.000   133.000   -46.797   165.435
85478.000   896.000   491.000   148.000   -46.736   165.448
85479.000   936.000   500.000   132.000   -46.674   165.461
85480.000   862.000   554.000   143.000   -46.613   165.474
85481.000   935.000   549.000   118.000   -46.552   165.487
85482.000   922.000   520.000   130.000   -46.491   165.500
85483.000   922.000   544.000   116.000   -46.429   165.513
85484.000   882.000   573.000   126.000   -46.368   165.526
85485.000   877.000   574.000   121.000   -46.307   165.539
85486.000   911.000   518.000   128.000   -46.245   165.552
85487.000   930.000   526.000   135.000   -46.184   165.565
85488.000   953.000   495.000   131.000   -46.123   165.577
85489.000   960.000   521.000   163.000   -46.062   165.590
85490.000   878.000   551.000   127.000   -46.000   165.603
85491.000   885.000   540.000   113.000   -45.939   165.615
85492.000   886.000   536.000   141.000   -45.878   165.628
85493.000   863.000   534.000   136.000   -45.816   165.640
85494.000   860.000   544.000   132.000   -45.755   165.653
85495.000   916.000   510.000   142.000   -45.694   165.665
85496.000   889.000   534.000   130.000   -45.632   165.678
85497.000   872.000   502.000   131.000   -45.571   165.690
85498.000   887.000   512.000   143.000   -45.510   165.703
85499.000   893.000   544.000   149.000   -45.448   165.715
85500.000   856.000   534.000   140.000   -45.387   165.727
85501.000   934.000   506.000   124.000   -45.326   165.740
85502.000   890.000   563.000   130.000   -45.264   165.752
85503.000   949.000   496.000   123.000   -45.203   165.764
85504.000   949.000   512.000   117.000   -45.142   165.776
85505.000   894.000   514.000   128.000   -45.080   165.788
85506.000   904.000   524.000   120.000   -45.019   165.800
85507.000   922.000   549.000   143.000   -44.958   165.812
85508.000   852.000   544.000   114.000   -44.896   165.824
85509.000   917.000   549.000   117.000   -44.835   165.836
85510.000   857.000   511.000   116.000   -44.773   165.848
85511.000   945.000   504.000   124.000   -44.712   165.860
85512.000   846.000   505.000   138.000   -44.651   165.872
85513.000   922.000   490.000   139.000   -44.589   165.884
85514.000   917.000   498.000   137.000   -44.528   165.896
85515.000   938.000   504.000   133.000   -44.466   165.908
85516.000   859.000   515.000   139.000   -44.405   165.919
85517.000   884.000   516.000   130.000   -44.344   165.931
85518.000   941.000   483.000   134.000   -44.282   165.943
85519.000   923.000   511.000   143.000   -44.221   165.954
85520.000   886.000   502.000   127.000   -44.159   165.966
85521.000   871.000   455.000   125.000   -44.098   165.978
85522.000   928.000   517.000   126.000   -44.037   165.989
85523.000   865.000   500.000   139.000   -43.975   166.001
85524.000   896.000   469.000   137.000   -43.914   166.012
85525.000   884.000   517.000   118.000   -43.852   166.024
85526.000   886.000   491.000   126.000   -43.791   166.035
85527.000   879.000   443.000   146.000   -43.729   166.046
85528.000   875.000   518.000   147.000   -43.668   166.058
85529.000   852.000   513.000   151.000   -43.607   166.069
85530.000   950.000   505.000   122.000   -43.545   166.080
85531.000   862.000   515.000   142.000   -43.484   166.092
85532.000   897.000   488.000   137.000   -43.422   166.103
85533.000   862.000   522.000   117.000   -43.361   166.114
85534.000   859.000   527.000   126.000   -43.299   166.125
85535.000   906.000   567.000   138.000   -43.238   166.136
85536.000   858.000   516.000   138.000   -43.176   166.148
85537.000   864.000   525.000   110.000   -43.115   166.159
85538.000   820.000   529.000   111.000   -43.053   166.170
85539.000   892.000   493.000   133.000   -42.992   166.181
85540.000   885.000   490.000   136.000   -42.931   166.192
85541.000   841.000   503.000   119.000   -42.869   166.203
85542.000   882.000   518.000   135.000   -42.808   166.214
85543.000   908.000   484.000   120.000   -42.746   166.225
85544.000   859.000   512.000   124.000   -42.685   166.235
85545.000   897.000   485.000   138.000   -42.623   166.246
85546.000   858.000   491.000   136.000   -42.562   166.257
85547.000   912.000   467.000   100.000   -42.500   166.268
85548.000   879.000   486.000   115.000   -42.439   166.279
85549.000   820.000   529.000   127.000   -42.377   166.289
85550.000   798.000   512.000   130.000   -42.316   166.300
85551.000   882.000   522.000   99.000   -42.254   166.311
85552.000   860.000   487.000   138.000   -42.193   166.321
85553.000   859.000   461.000   117.000   -42.131   166.332
85554.000   895.000   488.000   135.000   -42.070   166.343
85555.000   823.000   489.000   116.000   -42.008   166.353
85556.000   833.000   476.000   116.000   -41.947   166.364
85557.000   820.000   479.000   136.000   -41.885   166.374
85558.000   825.000   491.000   132.000   -41.823   166.385
85559.000   853.000   477.000   138.000   -41.762   166.395
85560.000   837.000   491.000   140.000   -41.700   166.405
85561.000   823.000   509.000   116.000   -41.639   166.416
85562.000   794.000   492.000   153.000   -41.577   166.426
85563.000   834.000   457.000   137.000   -41.516   166.437
85564.000   742.000   477.000   119.000   -41.454   166.447
85565.000   812.000   501.000   125.000   -41.393   166.457
85566.000   778.000   455.000   125.000   -41.331   166.467
85567.000   794.000   440.000   110.000   -41.270   166.478
85568.000   864.000   459.000   146.000   -41.208   166.488
85569.000   810.000   478.000   127.000   -41.146   166.498
85570.000   822.000   472.000   130.000   -41.085   166.508
85571.000   839.000   436.000   132.000   -41.023   166.518
85572.000   857.000   468.000   119.000   -40.962   166.528
85573.000   799.000   471.000   136.000   -40.900   166.538
85574.000   821.000   474.000   123.000   -40.839   166.548
85575.000   850.000   482.000   111.000   -40.777   166.558
85576.000   785.000   484.000   120.000   -40.715   166.568
85577.000   809.000   477.000   124.000   -40.654   166.578
85578.000   865.000   479.000   128.000   -40.592   166.588
85579.000   813.000   496.000   122.000   -40.531   166.598
85580.000   869.000   473.000   125.000   -40.469   166.608
85581.000   778.000   487.000   131.000   -40.407   166.618
85582.000   831.000   459.000   116.000   -40.346   166.628
85583.000   811.000   464.000   127.000   -40.284   166.638
85584.000   786.000   439.000   122.000   -40.223   166.647
85585.000   779.000   441.000   114.000   -40.161   166.657
85586.000   798.000   473.000   104.000   -40.099   166.667
85587.000   811.000   467.000   126.000   -40.038   166.677
85588.000   773.000   431.000   118.000   -39.976   166.686
85589.000   810.000   473.000   112.000   -39.915   166.696
85590.000   760.000   483.000   112.000   -39.853   166.706
85591.000   750.000   477.000   128.000   -39.791   166.715
85592.000   762.000   493.000   123.000   -39.730   166.725
85593.000   809.000   437.000   103.000   -39.668   166.734
85594.000   795.000   453.000   110.000   -39.606   166.744
85595.000   810.000   441.000   110.000   -39.545   166.753
85596.000   744.000   462.000   127.000   -39.483   166.763
85597.000   808.000   457.000   110.000   -39.421   166.772
85598.000   823.000   461.000   143.000   -39.360   166.782
85599.000   805.000   457.000   123.000   -39.298   166.791
85600.000   768.000   481.000   103.000   -39.237   166.801
85601.000   781.000   433.000   122.000   -39.175   166.810
85602.000   779.000   458.000   124.000   -39.113   166.819
85603.000   781.000   410.000   122.000   -39.052   166.829
85604.000   780.000   426.000   112.000   -38.990   166.838
85605.000   765.000   417.000   125.000   -38.928   166.847
85606.000   754.000   438.000   110.000   -38.867   166.856
85607.000   755.000   447.000   127.000   -38.805   166.866
85608.000   818.000   473.000   109.000   -38.743   166.875
85609.000   759.000   436.000   110.000   -38.682   166.884
85610.000   806.000   443.000   116.000   -38.620   166.893
85611.000   782.000   465.000   130.000   -38.558   166.902
85612.000   769.000   475.000   111.000   -38.497   166.911
85613.000   851.000   426.000   95.000   -38.435   166.921
85614.000   820.000   476.000   110.000   -38.373   166.930
85615.000   765.000   441.000   88.000   -38.311   166.939
85616.000   826.000   450.000   112.000   -38.250   166.948
85617.000   758.000   427.000   124.000   -38.188   166.957
85618.000   761.000   434.000   109.000   -38.126   166.966
85619.000   796.000   465.000   124.000   -38.065   166.975
85620.000   779.000   440.000   105.000   -38.003   166.984
85621.000   779.000   420.000   110.000   -37.941   166.992
85622.000   765.000   460.000   94.000   -37.880   167.001
85623.000   753.000   433.000   105.000   -37.818   167.010
85624.000   794.000   408.000   103.000   -37.756   167.019
85625.000   772.000   448.000   104.000   -37.694   167.028
85626.000   762.000   424.000   117.000   -37.633   167.037
85627.000   717.000   445.000   109.000   -37.571   167.045
85628.000   760.000   438.000   106.000   -37.509   167.054
85629.000   748.000   427.000   108.000   -37.447   167.063
85630.000   780.000   400.000   109.000   -37.386   167.072
85631.000   751.000   424.000   107.000   -37.324   167.080
85632.000   711.000   397.000   105.000   -37.262   167.089
85633.000   755.000   409.000   117.000   -37.201   167.098
85634.000   723.000   414.000   105.000   -37.139   167.106
85635.000   763.000   401.000   110.000   -37.077   167.115
85636.000   784.000   423.000   89.000   -37.015   167.124
85637.000   788.000   412.000   113.000   -36.954   167.132
85638.000   746.000   456.000   97.000   -36.892   167.141
85639.000   752.000   414.000   108.000   -36.830   167.149
85640.000   805.000   451.000   113.000   -36.768   167.158
85641.000   741.000   398.000   96.000   -36.707   167.166
85642.000   754.000   413.000   106.000   -36.645   167.175
85643.000   735.000   422.000   120.000   -36.583   167.183
85644.000   734.000   437.000   101.000   -36.521   167.192
85645.000   745.000   431.000   103.000   -36.460   167.200
85646.000   769.000   414.000   112.000   -36.398   167.208
85647.000   792.000   383.000   100.000   -36.336   167.217
85648.000   749.000   418.000   89.000   -36.274   167.225
85649.000   727.000   368.000   108.000   -36.212   167.234
85650.000   771.000   409.000   110.000   -36.151   167.242
85651.000   729.000   396.000   106.000   -36.089   167.250
85652.000   761.000   361.000   110.000   -36.027   167.258
85653.000   745.000   420.000   119.000   -35.965   167.267
85654.000   740.000   442.000   105.000   -35.903   167.275
85655.000   758.000   402.000   114.000   -35.842   167.283
85656.000   739.000   387.000   109.000   -35.780   167.291
85657.000   725.000   450.000   98.000   -35.718   167.300
85658.000   757.000   436.000   106.000   -35.656   167.308
85659.000   727.000   408.000   121.000   -35.595   167.316
85660.000   753.000   381.000   115.000   -35.533   167.324
85661.000   743.000   373.000   105.000   -35.471   167.332
85662.000   680.000   441.000   93.000   -35.409   167.340
85663.000   728.000   430.000   115.000   -35.347   167.348
85664.000   735.000   380.000   115.000   -35.285   167.356
85665.000   743.000   411.000   89.000   -35.224   167.364
85666.000   792.000   402.000   98.000   -35.162   167.372
85667.000   727.000   370.000   86.000   -35.100   167.380
85668.000   790.000   369.000   99.000   -35.038   167.388
85669.000   777.000   405.000   109.000   -34.976   167.396
85670.000   719.000   385.000   95.000   -34.915   167.404
85671.000   739.000   391.000   93.000   -34.853   167.412
85672.000   745.000   363.000   108.000   -34.791   167.420
85673.000   687.000   395.000   98.000   -34.729   167.428
85674.000   722.000   386.000   120.000   -34.667   167.436
85675.000   775.000   410.000   107.000   -34.605   167.444
85676.000   704.000   402.000   107.000   -34.544   167.451
85677.000   747.000   347.000   102.000   -34.482   167.459
85678.000   762.000   412.000   88.000   -34.420   167.467
85679.000   745.000   398.000   126.000   -34.358   167.475
85680.000   688.000   431.000   95.000   -34.296   167.483
85681.000   741.000   395.000   93.000   -34.234   167.490
85682.000   735.000   405.000   106.000   -34.172   167.498
85683.000   679.000   346.000   86.000   -34.111   167.506
85684.000   703.000   426.000   104.000   -34.049   167.513
85685.000   721.000   412.000   114.000   -33.987   167.521
85686.000   769.000   389.000   107.000   -33.925   167.529
85687.000   684.000   374.000   98.000   -33.863   167.536
85688.000   763.000   413.000   96.000   -33.801   167.544
85689.000   692.000   391.000   86.000   -33.739   167.552
85690.000   719.000   380.000   102.000   -33.678   167.559
85691.000   701.000   395.000   101.000   -33.616   167.567
85692.000   702.000   399.000   85.000   -33.554   167.574
85693.000   716.000   384.000   109.000   -33.492   167.582
85694.000   740.000   392.000   105.000   -33.430   167.589
85695.000   737.000   390.000   92.000   -33.368   167.597
85696.000   678.000   381.000   104.000   -33.306   167.604
85697.000   740.000   390.000   92.000   -33.244   167.612
85698.000   697.000   417.000   84.000   -33.182   167.619
85699.000   684.000   400.000   97.000   -33.121   167.627
85700.000   750.000   348.000   107.000   -33.059   167.634
85701.000   759.000   364.000   77.000   -32.997   167.642
85702.000   720.000   390.000   92.000   -32.935   167.649
85703.000   663.000   406.000   95.000   -32.873   167.656
85704.000   687.000   381.000   104.000   -32.811   167.664
85705.000   710.000   374.000   82.000   -32.749   167.671
85706.000   686.000   367.000   99.000   -32.687   167.679
85707.000   698.000   415.000   93.000   -32.625   167.686
85708.000   689.000   386.000   83.000   -32.563   167.693
85709.000   715.000   380.000   95.000   -32.501   167.700
85710.000   707.000   369.000   104.000   -32.440   167.708
85711.000   678.000   398.000   88.000   -32.378   167.715
85712.000   708.000   359.000   92.000   -32.316   167.722
85713.000   665.000   356.000   101.000   -32.254   167.729
85714.000   732.000   346.000   110.000   -32.192   167.737
85715.000   677.000   390.000   91.000   -32.130   167.744
85716.000   711.000   355.000   79.000   -32.068   167.751
85717.000   741.000   374.000   91.000   -32.006   167.758
85718.000   740.000   362.000   93.000   -31.944   167.765
85719.000   720.000   359.000   99.000   -31.882   167.772
85720.000   750.000   360.000   92.000   -31.820   167.780
85721.000   678.000   383.000   97.000   -31.758   167.787
85722.000   731.000   378.000   109.000   -31.696   167.794
85723.000   757.000   362.000   83.000   -31.634   167.801
85724.000   642.000   343.000   88.000   -31.573   167.808
85725.000   736.000   381.000   82.000   -31.511   167.815
85726.000   731.000   402.000   78.000   -31.449   167.822
85727.000   668.000   362.000   103.000   -31.387   167.829
85728.000   669.000   385.000   82.000   -31.325   167.836
85729.000   680.000   374.000   93.000   -31.263   167.843
85730.000   687.000   361.000   87.000   -31.201   167.850
85731.000   699.000   363.000   118.000   -31.139   167.857
85732.000   692.000   369.000   79.000   -31.077   167.864
85733.000   715.000   383.000   89.000   -31.015   167.871
85734.000   668.000   350.000   96.000   -30.953   167.878
85735.000   663.000   353.000   88.000   -30.891   167.885
85736.000   636.000   361.000   104.000   -30.829   167.891
85737.000   672.000   333.000   97.000   -30.767   167.898
85738.000   688.000   349.000   83.000   -30.705   167.905
85739.000   701.000   345.000   88.000   -30.643   167.912
85740.000   745.000   359.000   83.000   -30.581   167.919
85741.000   661.000   366.000   91.000   -30.519   167.926
85742.000   712.000   360.000   85.000   -30.457   167.932
85743.000   709.000   397.000   83.000   -30.395   167.939
85744.000   675.000   377.000   89.000   -30.333   167.946
85745.000   714.000   347.000   98.000   -30.271   167.953
85746.000   676.000   349.000   84.000   -30.209   167.960
85747.000   703.000   337.000   86.000   -30.147   167.966
85748.000   671.000   384.000   92.000   -30.085   167.973
85749.000   631.000   369.000   92.000   -30.023   167.980
85750.000   700.000   319.000   87.000   -29.961   167.986
85751.000   715.000   353.000   94.000   -29.899   167.993
85752.000   672.000   352.000   92.000   -29.837   168.000
85753.000   678.000   335.000   108.000   -29.775   168.006
85754.000   703.000   385.000   71.000   -29.713   168.013
85755.000   677.000   360.000   75.000   -29.651   168.020
85756.000   676.000   366.000   81.000   -29.589   168.026
85757.000   656.000   324.000   89.000   -29.527   168.033
85758.000   666.000   345.000   81.000   -29.465   168.039
85759.000   709.000   363.000   69.000   -29.403   168.046
85760.000   661.000   332.000   69.000   -29.341   168.053
85761.000   703.000   301.000   77.000   -29.279   168.059
85762.000   685.000   348.000   85.000   -29.217   168.066
85763.000   650.000   334.000   83.000   -29.155   168.072
85764.000   654.000   321.000   99.000   -29.093   168.079
85765.000   741.000   349.000   107.000   -29.031   168.085
85766.000   685.000   329.000   92.000   -28.969   168.092
85767.000   669.000   331.000   76.000   -28.907   168.098
85768.000   683.000   344.000   92.000   -28.845   168.105
85769.000   662.000   358.000   83.000   -28.783   168.111
85770.000   640.000   334.000   81.000   -28.721   168.117
85771.000   690.000   345.000   89.000   -28.659   168.124
85772.000   665.000   327.000   82.000   -28.597   168.130
85773.000   695.000   339.000   83.000   -28.535   168.137
85774.000   650.000   349.000   85.000   -28.473   168.143
85775.000   651.000   341.000   99.000   -28.411   168.149
85776.000   680.000   324.000   89.000   -28.348   168.156
85777.000   631.000   315.000   77.000   -28.286   168.162
85778.000   657.000   348.000   104.000   -28.224   168.168
85779.000   675.000   323.000   92.000   -28.162   168.175
85780.000   667.000   343.000   87.000   -28.100   168.181
85781.000   630.000   341.000   62.000   -28.038   168.187
85782.000   606.000   343.000   85.000   -27.976   168.194
85783.000   656.000   335.000   75.000   -27.914   168.200
85784.000   642.000   322.000   85.000   -27.852   168.206
85785.000   625.000   347.000   80.000   -27.790   168.212
85786.000   702.000   336.000   87.000   -27.728   168.219
85787.000   627.000   357.000   76.000   -27.666   168.225
85788.000   671.000   309.000   86.000   -27.604   168.231
85789.000   631.000   331.000   74.000   -27.542   168.237
85790.000   638.000   374.000   76.000   -27.480   168.244
85791.000   666.000   340.000   100.000   -27.417   168.250
85792.000   672.000   333.000   89.000   -27.355   168.256
85793.000   671.000   341.000   101.000   -27.293   168.262
85794.000   704.000   345.000   77.000   -27.231   168.268
85795.000   642.000   368.000   80.000   -27.169   168.274
85796.000   714.000   330.000   77.000   -27.107   168.281
85797.000   675.000   353.000   92.000   -27.045   168.287
85798.000   653.000   319.000   88.000   -26.983   168.293
85799.000   688.000   331.000   100.000   -26.921   168.299
85800.000   647.000   321.000   78.000   -26.859   168.305
85801.000   659.000   359.000   108.000   -26.797   168.311
85802.000   654.000   332.000   77.000   -26.735   168.317
85803.000   683.000   295.000   74.000   -26.672   168.323
85804.000   621.000   314.000   94.000   -26.610   168.329
85805.000   629.000   342.000   83.000   -26.548   168.335
85806.000   700.000   328.000   96.000   -26.486   168.341
85807.000   622.000   334.000   93.000   -26.424   168.347
85808.000   604.000   321.000   83.000   -26.362   168.353
85809.000   685.000   339.000   86.000   -26.300   168.359
85810.000   667.000   314.000   81.000   -26.238   168.365
85811.000   671.000   317.000   87.000   -26.176   168.371
85812.000   654.000   324.000   71.000   -26.113   168.377
85813.000   701.000   309.000   76.000   -26.051   168.383
85814.000   666.000   327.000   83.000   -25.989   168.389
85815.000   661.000   334.000   76.000   -25.927   168.395
85816.000   689.000   342.000   71.000   -25.865   168.401
85817.000   657.000   317.000   83.000   -25.803   168.407
85818.000   670.000   339.000   87.000   -25.741   168.412
85819.000   624.000   307.000   81.000   -25.679   168.418
85820.000   645.000   328.000   77.000   -25.616   168.424
85821.000   661.000   311.000   83.000   -25.554   168.430
85822.000   672.000   349.000   83.000   -25.492   168.436
85823.000   682.000   321.000   65.000   -25.430   168.442
85824.000   629.000   317.000   88.000   -25.368   168.448
85825.000   683.000   321.000   91.000   -25.306   168.453
85826.000   697.000   326.000   91.000   -25.244   168.459
85827.000   612.000   306.000   78.000   -25.181   168.465
85828.000   661.000   325.000   75.000   -25.119   168.471
85829.000   687.000   332.000   75.000   -25.057   168.477
85830.000   652.000   367.000   69.000   -24.995   168.482
85831.000   634.000   329.000   78.000   -24.933   168.488
85832.000   603.000   300.000   90.000   -24.871   168.494
85833.000   677.000   336.000   90.000   -24.809   168.500
85834.000   646.000   308.000   83.000   -24.746   168.505
85835.000   678.000   304.000   87.000   -24.684   168.511
85836.000   630.000   323.000   79.000   -24.622   168.517
85837.000   672.000   280.000   86.000   -24.560   168.522
85838.000   607.000   323.000   86.000   -24.498   168.528
85839.000   663.000   314.000   87.000   -24.436   168.534
85840.000   677.000   322.000   79.000   -24.373   168.539
85841.000   636.000   325.000   80.000   -24.311   168.545
85842.000   666.000   311.000   63.000   -24.249   168.551
85843.000   635.000   336.000   78.000   -24.187   168.556
85844.000   669.000   298.000   83.000   -24.125   168.562
85845.000   657.000   320.000   78.000   -24.063   168.568
85846.000   653.000   323.000   84.000   -24.000   168.573
85847.000   660.000   297.000   79.000   -23.938   168.579
85848.000   646.000   308.000   87.000   -23.876   168.584
85849.000   617.000   303.000   73.000   -23.814   168.590
85850.000   634.000   294.000   70.000   -23.752   168.596
85851.000   688.000   285.000   74.000   -23.690   168.601
85852.000   656.000   297.000   65.000   -23.627   168.607
85853.000   624.000   320.000   73.000   -23.565   168.612
85854.000   602.000   321.000   80.000   -23.503   168.618
85855.000   636.000   296.000   77.000   -23.441   168.623
85856.000   661.000   290.000   66.000   -23.379   168.629
85857.000   691.000   308.000   75.000   -23.316   168.634
85858.000   628.000   303.000   84.000   -23.254   168.640
85859.000   611.000   353.000   81.000   -23.192   168.645
85860.000   614.000   292.000   75.000   -23.130   168.651
85861.000   586.000   282.000   91.000   -23.068   168.656
85862.000   632.000   322.000   69.000   -23.005   168.662
85863.000   624.000   290.000   69.000   -22.943   168.667
85864.000   645.000   341.000   75.000   -22.881   168.673
85865.000   623.000   309.000   73.000   -22.819   168.678
85866.000   577.000   291.000   66.000   -22.757   168.684
85867.000   603.000   315.000   77.000   -22.694   168.689
85868.000   618.000   282.000   68.000   -22.632   168.694
85869.000   634.000   281.000   86.000   -22.570   168.700
85870.000   595.000   294.000   75.000   -22.508   168.705
85871.000   615.000   280.000   80.000   -22.446   168.711
85872.000   617.000   294.000   79.000   -22.383   168.716
85873.000   627.000   318.000   64.000   -22.321   168.721
85874.000   634.000   270.000   67.000   -22.259   168.727
85875.000   653.000   290.000   85.000   -22.197   168.732
85876.000   629.000   307.000   69.000   -22.135   168.737
85877.000   609.000   312.000   74.000   -22.072   168.743
85878.000   648.000   303.000   70.000   -22.010   168.748
85879.000   626.000   328.000   70.000   -21.948   168.753
85880.000   627.000   292.000   75.000   -21.886   168.759
85881.000   642.000   299.000   74.000   -21.823   168.764
85882.000   615.000   277.000   79.000   -21.761   168.769
85883.000   654.000   288.000   69.000   -21.699   168.775
85884.000   624.000   282.000   77.000   -21.637   168.780
85885.000   593.000   283.000   73.000   -21.574   168.785
85886.000   600.000   283.000   72.000   -21.512   168.790
85887.000   642.000   267.000   74.000   -21.450   168.796
85888.000   632.000   284.000   71.000   -21.388   168.801
85889.000   585.000   290.000   69.000   -21.326   168.806
85890.000   624.000   281.000   75.000   -21.263   168.811
85891.000   594.000   279.000   89.000   -21.201   168.817
85892.000   638.000   290.000   64.000   -21.139   168.822
85893.000   606.000   275.000   74.000   -21.077   168.827
85894.000   646.000   279.000   88.000   -21.014   168.832
85895.000   613.000   293.000   72.000   -20.952   168.837
85896.000   622.000   289.000   72.000   -20.890   168.843
85897.000   611.000   298.000   79.000   -20.828   168.848
85898.000   609.000   294.000   71.000   -20.765   168.853
85899.000   673.000   310.000   70.000   -20.703   168.858
85900.000   590.000   310.000   94.000   -20.641   168.863
85901.000   643.000   295.000   84.000   -20.579   168.869
85902.000   625.000   284.000   80.000   -20.516   168.874
85903.000   634.000   266.000   72.000   -20.454   168.879
85904.000   623.000   286.000   60.000   -20.392   168.884
85905.000   650.000   327.000   78.000   -20.329   168.889
85906.000   608.000   279.000   74.000   -20.267   168.894
85907.000   611.000   320.000   66.000   -20.205   168.899
85908.000   620.000   293.000   78.000   -20.143   168.904
85909.000   628.000   265.000   89.000   -20.080   168.909
85910.000   608.000   288.000   64.000   -20.018   168.915
85911.000   632.000   303.000   65.000   -19.956   168.920
85912.000   613.000   287.000   90.000   -19.894   168.925
85913.000   604.000   262.000   65.000   -19.831   168.930
85914.000   613.000   313.000   72.000   -19.769   168.935
85915.000   632.000   295.000   78.000   -19.707   168.940
85916.000   619.000   270.000   67.000   -19.644   168.945
85917.000   597.000   275.000   63.000   -19.582   168.950
85918.000   622.000   281.000   87.000   -19.520   168.955
85919.000   577.000   276.000   73.000   -19.458   168.960
85920.000   550.000   305.000   68.000   -19.395   168.965
85921.000   608.000   292.000   78.000   -19.333   168.970
85922.000   608.000   299.000   74.000   -19.271   168.975
85923.000   628.000   276.000   87.000   -19.208   168.980
85924.000   604.000   310.000   73.000   -19.146   168.985
85925.000   649.000   267.000   67.000   -19.084   168.990
85926.000   644.000   284.000   65.000   -19.022   168.995
85927.000   631.000   242.000   70.000   -18.959   169.000
85928.000   629.000   286.000   62.000   -18.897   169.005
85929.000   606.000   251.000   63.000   -18.835   169.010
85930.000   582.000   286.000   73.000   -18.772   169.015
85931.000   628.000   271.000   75.000   -18.710   169.020
85932.000   625.000   263.000   70.000   -18.648   169.025
85933.000   672.000   285.000   68.000   -18.585   169.030
85934.000   601.000   264.000   78.000   -18.523   169.034
85935.000   621.000   279.000   91.000   -18.461   169.039
85936.000   624.000   291.000   58.000   -18.399   169.044
85937.000   569.000   273.000   81.000   -18.336   169.049
85938.000   650.000   289.000   84.000   -18.274   169.054
85939.000   635.000   270.000   69.000   -18.212   169.059
85940.000   586.000   313.000   60.000   -18.149   169.064
85941.000   629.000   274.000   85.000   -18.087   169.069
85942.000   598.000   273.000   74.000   -18.025   169.074
85943.000   618.000   314.000   68.000   -17.962   169.078
85944.000   600.000   310.000   82.000   -17.900   169.083
85945.000   620.000   285.000   75.000   -17.838   169.088
85946.000   588.000   264.000   69.000   -17.775   169.093
85947.000   604.000   279.000   60.000   -17.713   169.098
85948.000   606.000   281.000   70.000   -17.651   169.103
85949.000   607.000   279.000   58.000   -17.588   169.107
85950.000   610.000   282.000   63.000   -17.526   169.112
85951.000   612.000   286.000   70.000   -17.464   169.117
85952.000   615.000   279.000   61.000   -17.401   169.122
85953.000   561.000   292.000   63.000   -17.339   169.127
85954.000   629.000   283.000   66.000   -17.277   169.132
85955.000   629.000   266.000   67.000   -17.215   169.136
85956.000   630.000   290.000   91.000   -17.152   169.141
85957.000   526.000   278.000   65.000   -17.090   169.146
85958.000   627.000   295.000   67.000   -17.027   169.151
85959.000   611.000   268.000   79.000   -16.965   169.155
85960.000   578.000   318.000   76.000   -16.903   169.160
85961.000   626.000   269.000   65.000   -16.840   169.165
85962.000   625.000   287.000   65.000   -16.778   169.170
85963.000   598.000   285.000   88.000   -16.716   169.174
85964.000   604.000   272.000   73.000   -16.653   169.179
85965.000   635.000   239.000   65.000   -16.591   169.184
85966.000   590.000   302.000   72.000   -16.529   169.189
85967.000   615.000   285.000   66.000   -16.466   169.193
85968.000   608.000   281.000   79.000   -16.404   169.198
85969.000   605.000   269.000   65.000   -16.342   169.203
85970.000   631.000   268.000   95.000   -16.279   169.207
85971.000   609.000   263.000   66.000   -16.217   169.212
85972.000   634.000   275.000   58.000   -16.155   169.217
85973.000   610.000   269.000   70.000   -16.092   169.222
85974.000   636.000   260.000   60.000   -16.030   169.226
85975.000   600.000   248.000   69.000   -15.968   169.231
85976.000   595.000   272.000   74.000   -15.905   169.236
85977.000   571.000   259.000   63.000   -15.843   169.240
85978.000   630.000   249.000   67.000   -15.781   169.245
85979.000   615.000   280.000   64.000   -15.718   169.250
85980.000   601.000   270.000   78.000   -15.656   169.254
85981.000   617.000   300.000   70.000   -15.593   169.259
85982.000   655.000   274.000   68.000   -15.531   169.263
85983.000   582.000   267.000   81.000   -15.469   169.268
85984.000   591.000   264.000   70.000   -15.406   169.273
85985.000   585.000   280.000   66.000   -15.344   169.277
85986.000   633.000   280.000   63.000   -15.282   169.282
85987.000   626.000   286.000   74.000   -15.219   169.287
85988.000   627.000   286.000   64.000   -15.157   169.291
85989.000   594.000   257.000   81.000   -15.094   169.296
85990.000   574.000   256.000   76.000   -15.032   169.300
85991.000   624.000   270.000   65.000   -14.970   169.305
85992.000   614.000   271.000   78.000   -14.907   169.310
85993.000   585.000   262.000   69.000   -14.845   169.314
85994.000   559.000   265.000   58.000   -14.783   169.319
85995.000   554.000   294.000   70.000   -14.720   169.323
85996.000   628.000   299.000   65.000   -14.658   169.328
85997.000   579.000   299.000   71.000   -14.595   169.332
85998.000   582.000   245.000   72.000   -14.533   169.337
85999.000   622.000   280.000   68.000   -14.471   169.342
86000.000   645.000   287.000   78.000   -14.408   169.346
86001.000   618.000   248.000   69.000   -14.346   169.351
86002.000   629.000   283.000   61.000   -14.284   169.355
86003.000   650.000   292.000   73.000   -14.221   169.360
86004.000   603.000   267.000   68.000   -14.159   169.364
86005.000   688.000   267.000   62.000   -14.096   169.369
86006.000   637.000   256.000   66.000   -14.034   169.373
86007.000   637.000   260.000   63.000   -13.972   169.378
86008.000   602.000   268.000   70.000   -13.909   169.382
86009.000   594.000   260.000   70.000   -13.847   169.387
86010.000   607.000   277.000   52.000   -13.784   169.391
86011.000   613.000   257.000   53.000   -13.722   169.396
86012.000   572.000   269.000   66.000   -13.660   169.400
86013.000   574.000   267.000   71.000   -13.597   169.405
86014.000   620.000   264.000   73.000   -13.535   169.409
86015.000   574.000   286.000   67.000   -13.472   169.414
86016.000   623.000   262.000   62.000   -13.410   169.418
86017.000   655.000   286.000   68.000   -13.348   169.423
86018.000   605.000   254.000   80.000   -13.285   169.427
86019.000   633.000   267.000   60.000   -13.223   169.432
86020.000   580.000   269.000   66.000   -13.160   169.436
86021.000   623.000   266.000   59.000   -13.098   169.441
86022.000   620.000   275.000   72.000   -13.036   169.445
86023.000   568.000   253.000   71.000   -12.973   169.449
86024.000   602.000   247.000   63.000   -12.911   169.454
86025.000   644.000   295.000   81.000   -12.848   169.458
86026.000   609.000   260.000   71.000   -12.786   169.463
86027.000   627.000   295.000   60.000   -12.723   169.467
86028.000   605.000   284.000   63.000   -12.661   169.472
86029.000   573.000   277.000   70.000   -12.599   169.476
86030.000   627.000   274.000   79.000   -12.536   169.480
86031.000   593.000   274.000   61.000   -12.474   169.485
86032.000   604.000   253.000   73.000   -12.411   169.489
86033.000   575.000   285.000   74.000   -12.349   169.494
86034.000   594.000   299.000   72.000   -12.287   169.498
86035.000   583.000   275.000   78.000   -12.224   169.502
86036.000   611.000   246.000   61.000   -12.162   169.507
86037.000   608.000   245.000   93.000   -12.099   169.511
86038.000   638.000   243.000   66.000   -12.037   169.516
86039.000   617.000   245.000   68.000   -11.974   169.520
86040.000   580.000   278.000   62.000   -11.912   169.524
86041.000   591.000   280.000   69.000   -11.850   169.529
86042.000   580.000   261.000   58.000   -11.787   169.533
86043.000   574.000   253.000   76.000   -11.725   169.537
86044.000   628.000   266.000   60.000   -11.662   169.542
86045.000   618.000   280.000   70.000   -11.600   169.546
86046.000   562.000   278.000   73.000   -11.537   169.550
86047.000   580.000   258.000   65.000   -11.475   169.555
86048.000   616.000   270.000   66.000   -11.413   169.559
86049.000   605.000   250.000   75.000   -11.350   169.564
86050.000   601.000   282.000   74.000   -11.288   169.568
86051.000   627.000   246.000   74.000   -11.225   169.572
86052.000   638.000   282.000   67.000   -11.163   169.577
86053.000   569.000   276.000   86.000   -11.100   169.581
86054.000   612.000   265.000   88.000   -11.038   169.585
86055.000   610.000   296.000   80.000   -10.975   169.589
86056.000   646.000   282.000   81.000   -10.913   169.594
86057.000   588.000   285.000   69.000   -10.851   169.598
86058.000   606.000   236.000   58.000   -10.788   169.602
86059.000   596.000   269.000   72.000   -10.726   169.607
86060.000   612.000   249.000   65.000   -10.663   169.611
86061.000   583.000   296.000   65.000   -10.601   169.615
86062.000   585.000   248.000   63.000   -10.538   169.620
86063.000   613.000   249.000   67.000   -10.476   169.624
86064.000   638.000   270.000   74.000   -10.413   169.628
86065.000   588.000   256.000   65.000   -10.351   169.633
86066.000   631.000   296.000   64.000   -10.289   169.637
86067.000   616.000   268.000   80.000   -10.226   169.641
86068.000   631.000   273.000   82.000   -10.164   169.645
86069.000   607.000   280.000   73.000   -10.101   169.650
86070.000   627.000   278.000   68.000   -10.039   169.654
86071.000   605.000   273.000   77.000   -9.976   169.658
86072.000   653.000   269.000   64.000   -9.914   169.662
86073.000   635.000   263.000   68.000   -9.851   169.667
86074.000   651.000   288.000   72.000   -9.789   169.671
86075.000   566.000   249.000   68.000   -9.726   169.675
86076.000   619.000   278.000   65.000   -9.664   169.679
86077.000   639.000   295.000   71.000   -9.601   169.684
86078.000   611.000   261.000   66.000   -9.539   169.688
86079.000   600.000   268.000   55.000   -9.477   169.692
86080.000   588.000   274.000   64.000   -9.414   169.696
86081.000   597.000   248.000   65.000   -9.352   169.701
86082.000   613.000   264.000   71.000   -9.289   169.705
86083.000   618.000   263.000   69.000   -9.227   169.709
86084.000   583.000   265.000   73.000   -9.164   169.713
86085.000   591.000   263.000   67.000   -9.102   169.718
86086.000   643.000   264.000   61.000   -9.039   169.722
86087.000   633.000   271.000   68.000   -8.977   169.726
86088.000   582.000   255.000   58.000   -8.914   169.730
86089.000   610.000   265.000   75.000   -8.852   169.734
86090.000   576.000   289.000   68.000   -8.789   169.739
86091.000   580.000   265.000   73.000   -8.727   169.743
86092.000   596.000   300.000   77.000   -8.664   169.747
86093.000   590.000   270.000   63.000   -8.602   169.751
86094.000   567.000   246.000   74.000   -8.539   169.755
86095.000   609.000   281.000   61.000   -8.477   169.760
86096.000   603.000   264.000   65.000   -8.414   169.764
86097.000   565.000   257.000   76.000   -8.352   169.768
86098.000   553.000   282.000   68.000   -8.290   169.772
86099.000   579.000   246.000   66.000   -8.227   169.776
86100.000   590.000   223.000   72.000   -8.165   169.781
86101.000   624.000   269.000   63.000   -8.102   169.785
86102.000   581.000   294.000   78.000   -8.040   169.789
86103.000   598.000   264.000   74.000   -7.977   169.793
86104.000   617.000   249.000   59.000   -7.915   169.797
86105.000   628.000   270.000   74.000   -7.852   169.801
86106.000   608.000   273.000   63.000   -7.790   169.806
86107.000   598.000   256.000   85.000   -7.727   169.810
86108.000   568.000   237.000   54.000   -7.665   169.814
86109.000   592.000   273.000   67.000   -7.602   169.818
86110.000   589.000   269.000   73.000   -7.540   169.822
86111.000   588.000   251.000   64.000   -7.477   169.826
86112.000   583.000   264.000   75.000   -7.415   169.831
86113.000   605.000   247.000   63.000   -7.352   169.835
86114.000   566.000   261.000   54.000   -7.290   169.839
86115.000   576.000   256.000   69.000   -7.227   169.843
86116.000   627.000   261.000   61.000   -7.165   169.847
86117.000   590.000   248.000   69.000   -7.102   169.851
86118.000   602.000   270.000   67.000   -7.040   169.856
86119.000   568.000   295.000   62.000   -6.977   169.860
86120.000   583.000   276.000   67.000   -6.915   169.864
86121.000   640.000   272.000   67.000   -6.852   169.868
86122.000   632.000   227.000   57.000   -6.790   169.872
86123.000   597.000   244.000   72.000   -6.727   169.876
86124.000   604.000   255.000   69.000   -6.665   169.880
86125.000   546.000   250.000   67.000   -6.602   169.884
86126.000   600.000   237.000   71.000   -6.540   169.889
86127.000   603.000   276.000   72.000   -6.477   169.893
86128.000   632.000   262.000   57.000   -6.415   169.897
86129.000   630.000   265.000   78.000   -6.352   169.901
86130.000   563.000   275.000   60.000   -6.290   169.905
86131.000   607.000   259.000   57.000   -6.227   169.909
86132.000   566.000   290.000   47.000   -6.165   169.913
86133.000   579.000   246.000   59.000   -6.102   169.917
86134.000   646.000   239.000   67.000   -6.040   169.922
86135.000   606.000   269.000   85.000   -5.977   169.926
86136.000   566.000   247.000   57.000   -5.915   169.930
86137.000   616.000   272.000   64.000   -5.852   169.934
86138.000   587.000   270.000   52.000   -5.790   169.938
86139.000   622.000   251.000   60.000   -5.727   169.942
86140.000   566.000   272.000   70.000   -5.665   169.946
86141.000   585.000   285.000   52.000   -5.602   169.950
86142.000   577.000   248.000   64.000   -5.540   169.954
86143.000   588.000   250.000   67.000   -5.477   169.958
86144.000   598.000   255.000   74.000   -5.415   169.963
86145.000   574.000   275.000   73.000   -5.352   169.967
86146.000   593.000   263.000   56.000   -5.290   169.971
86147.000   604.000   276.000   55.000   -5.227   169.975
86148.000   598.000   271.000   64.000   -5.164   169.979
86149.000   590.000   229.000   68.000   -5.102   169.983
86150.000   561.000   277.000   67.000   -5.039   169.987
86151.000   594.000   239.000   74.000   -4.977   169.991
86152.000   622.000   279.000   67.000   -4.914   169.995
86153.000   611.000   272.000   76.000   -4.852   169.999
86154.000   591.000   263.000   64.000   -4.789   170.003
86155.000   571.000   250.000   65.000   -4.727   170.007
86156.000   634.000   264.000   71.000   -4.664   170.011
86157.000   657.000   242.000   60.000   -4.602   170.016
86158.000   608.000   273.000   81.000   -4.539   170.020
86159.000   613.000   229.000   82.000   -4.477   170.024
