Time range: [ 00:00:00.000  00:09:45.000 ]
Time range duration: 9.0 min, 45.0 sec
Longitude range: [ 155.0  155.0 ]
00.000   1001.000   538.000   155.000   52.641   128.550
01.000   949.000   587.000   144.000   52.702   128.568
02.000   1009.000   551.000   177.000   52.763   128.586
03.000   1011.000   608.000   151.000   52.825   128.604
04.000   1061.000   565.000   166.000   52.886   128.622
05.000   1066.000   546.000   142.000   52.947   128.641
06.000   960.000   486.000   146.000   53.009   128.659
07.000   1041.000   520.000   159.000   53.070   128.678
08.000   1044.000   568.000   160.000   53.131   128.696
09.000   1031.000   509.000   166.000   53.193   128.715
10.000   996.000   525.000   158.000   53.254   128.733
11.000   988.000   564.000   149.000   53.315   128.752
12.000   1102.000   552.000   173.000   53.376   128.771
13.000   1051.000   556.000   139.000   53.438   128.789
14.000   1055.000   519.000   151.000   53.499   128.808
15.000   1069.000   505.000   170.000   53.560   128.827
16.000   1035.000   530.000   177.000   53.622   128.846
17.000   1014.000   561.000   158.000   53.683   128.865
18.000   988.000   544.000   157.000   53.744   128.885
19.000   1001.000   592.000   156.000   53.805   128.904
20.000   1005.000   565.000   136.000   53.867   128.923
21.000   1080.000   547.000   161.000   53.928   128.942
22.000   1050.000   516.000   165.000   53.989   128.962
23.000   1039.000   568.000   168.000   54.050   128.981
24.000   1000.000   554.000   158.000   54.111   129.001
25.000   1076.000   554.000   157.000   54.173   129.021
26.000   1019.000   600.000   160.000   54.234   129.040
27.000   1081.000   559.000   170.000   54.295   129.060
28.000   1091.000   576.000   159.000   54.356   129.080
29.000   1084.000   600.000   155.000   54.417   129.100
30.000   1037.000   559.000   146.000   54.479   129.120
31.000   1029.000   570.000   141.000   54.540   129.140
32.000   1095.000   585.000   160.000   54.601   129.160
33.000   1056.000   581.000   174.000   54.662   129.180
34.000   1091.000   582.000   152.000   54.723   129.201
35.000   1130.000   561.000   150.000   54.784   129.221
36.000   1098.000   559.000   160.000   54.846   129.241
37.000   1068.000   574.000   163.000   54.907   129.262
38.000   1140.000   542.000   141.000   54.968   129.282
39.000   1087.000   595.000   151.000   55.029   129.303
40.000   1123.000   633.000   157.000   55.090   129.324
41.000   1109.000   574.000   167.000   55.151   129.345
42.000   1167.000   586.000   151.000   55.212   129.365
43.000   1131.000   553.000   143.000   55.273   129.386
44.000   1092.000   552.000   156.000   55.335   129.407
45.000   1061.000   579.000   153.000   55.396   129.429
46.000   1089.000   560.000   152.000   55.457   129.450
47.000   1189.000   549.000   134.000   55.518   129.471
48.000   1161.000   593.000   137.000   55.579   129.492
49.000   1208.000   570.000   188.000   55.640   129.514
50.000   1099.000   520.000   165.000   55.701   129.535
51.000   1106.000   526.000   154.000   55.762   129.557
52.000   1113.000   600.000   166.000   55.823   129.579
53.000   1179.000   596.000   181.000   55.884   129.600
54.000   1118.000   616.000   149.000   55.945   129.622
55.000   1257.000   582.000   178.000   56.006   129.644
56.000   1181.000   595.000   152.000   56.067   129.666
57.000   1166.000   559.000   174.000   56.128   129.688
58.000   1248.000   602.000   150.000   56.189   129.710
59.000   1172.000   559.000   164.000   56.250   129.733
60.000   1179.000   615.000   171.000   56.311   129.755
61.000   1235.000   595.000   173.000   56.372   129.777
62.000   1241.000   595.000   155.000   56.433   129.800
63.000   1250.000   601.000   144.000   56.494   129.822
64.000   1318.000   584.000   154.000   56.555   129.845
65.000   1217.000   614.000   159.000   56.616   129.868
66.000   1275.000   558.000   164.000   56.677   129.891
67.000   1239.000   588.000   165.000   56.738   129.914
68.000   1284.000   596.000   166.000   56.799   129.937
69.000   1293.000   595.000   198.000   56.860   129.960
70.000   1356.000   606.000   168.000   56.921   129.983
71.000   1330.000   616.000   185.000   56.982   130.006
72.000   1341.000   588.000   164.000   57.043   130.030
73.000   1431.000   587.000   176.000   57.104   130.053
74.000   1371.000   609.000   156.000   57.165   130.077
75.000   1460.000   573.000   139.000   57.226   130.100
76.000   1418.000   645.000   180.000   57.286   130.124
77.000   1432.000   592.000   166.000   57.347   130.148
78.000   1448.000   614.000   177.000   57.408   130.172
79.000   1480.000   641.000   167.000   57.469   130.196
80.000   1469.000   563.000   172.000   57.530   130.220
81.000   1452.000   605.000   152.000   57.591   130.244
82.000   1504.000   628.000   174.000   57.652   130.268
83.000   1504.000   638.000   157.000   57.713   130.293
84.000   1553.000   646.000   163.000   57.773   130.317
85.000   1511.000   615.000   156.000   57.834   130.342
86.000   1486.000   630.000   183.000   57.895   130.367
87.000   1537.000   619.000   177.000   57.956   130.391
88.000   1476.000   614.000   162.000   58.017   130.416
89.000   1565.000   626.000   178.000   58.077   130.441
90.000   1562.000   601.000   179.000   58.138   130.466
91.000   1528.000   609.000   171.000   58.199   130.491
92.000   1634.000   627.000   187.000   58.260   130.517
93.000   1581.000   622.000   166.000   58.321   130.542
94.000   1541.000   636.000   170.000   58.381   130.568
95.000   1542.000   608.000   179.000   58.442   130.593
96.000   1560.000   604.000   158.000   58.503   130.619
97.000   1560.000   591.000   173.000   58.564   130.645
98.000   1572.000   594.000   171.000   58.624   130.670
99.000   1556.000   641.000   167.000   58.685   130.696
100.000   1553.000   597.000   197.000   58.746   130.723
101.000   1600.000   604.000   142.000   58.806   130.749
102.000   1444.000   609.000   179.000   58.867   130.775
103.000   1661.000   604.000   171.000   58.928   130.801
104.000   1581.000   619.000   144.000   58.988   130.828
105.000   1520.000   599.000   150.000   59.049   130.855
106.000   1524.000   660.000   171.000   59.110   130.881
107.000   1613.000   590.000   173.000   59.170   130.908
108.000   1588.000   643.000   184.000   59.231   130.935
109.000   1576.000   593.000   187.000   59.292   130.962
110.000   1626.000   595.000   146.000   59.352   130.989
111.000   1521.000   604.000   181.000   59.413   131.017
112.000   1533.000   631.000   177.000   59.474   131.044
113.000   1552.000   618.000   156.000   59.534   131.072
114.000   1633.000   620.000   191.000   59.595   131.099
115.000   1566.000   573.000   143.000   59.655   131.127
116.000   1538.000   589.000   182.000   59.716   131.155
117.000   1560.000   587.000   204.000   59.777   131.183
118.000   1596.000   616.000   170.000   59.837   131.211
119.000   1542.000   613.000   175.000   59.898   131.239
120.000   1542.000   632.000   193.000   59.958   131.268
121.000   1575.000   640.000   186.000   60.019   131.296
122.000   1530.000   659.000   152.000   60.079   131.325
123.000   1606.000   606.000   174.000   60.140   131.353
124.000   1508.000   672.000   158.000   60.200   131.382
125.000   1569.000   709.000   181.000   60.261   131.411
126.000   1623.000   648.000   173.000   60.321   131.440
127.000   1608.000   624.000   164.000   60.382   131.469
128.000   1517.000   609.000   188.000   60.442   131.498
129.000   1575.000   646.000   190.000   60.503   131.528
130.000   1615.000   631.000   164.000   60.563   131.557
131.000   1586.000   619.000   177.000   60.624   131.587
132.000   1567.000   640.000   184.000   60.684   131.617
133.000   1519.000   627.000   151.000   60.745   131.647
134.000   1598.000   640.000   179.000   60.805   131.677
135.000   1623.000   640.000   190.000   60.865   131.707
136.000   1574.000   634.000   194.000   60.926   131.737
137.000   1551.000   661.000   164.000   60.986   131.768
138.000   1544.000   622.000   169.000   61.046   131.798
139.000   1554.000   584.000   206.000   61.107   131.829
140.000   1455.000   686.000   170.000   61.167   131.860
141.000   1488.000   588.000   170.000   61.228   131.891
142.000   1509.000   615.000   184.000   61.288   131.922
143.000   1587.000   669.000   189.000   61.348   131.953
144.000   1502.000   602.000   174.000   61.409   131.985
145.000   1536.000   630.000   183.000   61.469   132.016
146.000   1504.000   627.000   189.000   61.529   132.048
147.000   1496.000   644.000   173.000   61.589   132.080
148.000   1504.000   661.000   186.000   61.650   132.112
149.000   1497.000   652.000   167.000   61.710   132.144
150.000   1518.000   631.000   189.000   61.770   132.176
151.000   1505.000   657.000   198.000   61.831   132.208
152.000   1538.000   618.000   197.000   61.891   132.241
153.000   1492.000   629.000   185.000   61.951   132.273
154.000   1510.000   640.000   195.000   62.011   132.306
155.000   1568.000   638.000   169.000   62.071   132.339
156.000   1574.000   600.000   154.000   62.132   132.372
157.000   1544.000   650.000   181.000   62.192   132.405
158.000   1527.000   618.000   175.000   62.252   132.439
159.000   1469.000   659.000   211.000   62.312   132.472
160.000   1552.000   571.000   169.000   62.372   132.506
161.000   1552.000   678.000   206.000   62.432   132.540
162.000   1459.000   644.000   175.000   62.493   132.574
163.000   1540.000   632.000   177.000   62.553   132.608
164.000   1467.000   652.000   174.000   62.613   132.642
165.000   1578.000   682.000   181.000   62.673   132.677
166.000   1472.000   664.000   173.000   62.733   132.711
167.000   1505.000   661.000   200.000   62.793   132.746
168.000   1456.000   664.000   178.000   62.853   132.781
169.000   1489.000   719.000   195.000   62.913   132.816
170.000   1519.000   642.000   190.000   62.973   132.851
171.000   1620.000   661.000   184.000   63.033   132.887
172.000   1528.000   678.000   220.000   63.093   132.922
173.000   1537.000   676.000   219.000   63.153   132.958
174.000   1457.000   652.000   209.000   63.213   132.994
175.000   1514.000   652.000   196.000   63.273   133.030
176.000   1576.000   753.000   198.000   63.333   133.066
177.000   1614.000   724.000   240.000   63.393   133.103
178.000   1642.000   695.000   223.000   63.453   133.139
179.000   1688.000   721.000   256.000   63.513   133.176
180.000   1722.000   732.000   222.000   63.573   133.213
181.000   1702.000   803.000   252.000   63.633   133.250
182.000   1780.000   790.000   269.000   63.693   133.287
183.000   1880.000   839.000   286.000   63.752   133.325
184.000   1858.000   850.000   301.000   63.812   133.362
185.000   1898.000   880.000   341.000   63.872   133.400
186.000   1981.000   991.000   325.000   63.932   133.438
187.000   2053.000   1010.000   359.000   63.992   133.476
188.000   2206.000   998.000   405.000   64.052   133.515
189.000   2160.000   1145.000   411.000   64.111   133.553
190.000   2247.000   1131.000   430.000   64.171   133.592
191.000   2393.000   1170.000   475.000   64.231   133.631
192.000   2377.000   1221.000   544.000   64.291   133.670
193.000   2480.000   1312.000   569.000   64.351   133.709
194.000   2569.000   1422.000   608.000   64.410   133.748
195.000   2657.000   1499.000   601.000   64.470   133.788
196.000   2848.000   1657.000   679.000   64.530   133.828
197.000   2860.000   1676.000   717.000   64.589   133.868
198.000   2782.000   1892.000   728.000   64.649   133.908
199.000   2824.000   1899.000   826.000   64.709   133.949
200.000   2956.000   1952.000   922.000   64.768   133.989
201.000   3074.000   2078.000   924.000   64.828   134.030
202.000   2982.000   2222.000   970.000   64.888   134.071
203.000   2974.000   2274.000   1058.000   64.947   134.112
204.000   2984.000   2439.000   1098.000   65.007   134.154
205.000   3198.000   2590.000   1104.000   65.066   134.195
206.000   2915.000   2675.000   1202.000   65.126   134.237
207.000   3009.000   2725.000   1246.000   65.185   134.279
208.000   3047.000   2868.000   1330.000   65.245   134.321
209.000   3126.000   2926.000   1361.000   65.305   134.364
210.000   3082.000   3099.000   1410.000   65.364   134.406
211.000   3281.000   3041.000   1387.000   65.423   134.449
212.000   3311.000   3067.000   1446.000   65.483   134.492
213.000   3498.000   3145.000   1417.000   65.542   134.535
214.000   3806.000   3144.000   1437.000   65.602   134.579
215.000   4100.000   3059.000   1503.000   65.661   134.623
216.000   4206.000   3067.000   1359.000   65.721   134.667
217.000   4214.000   3027.000   1384.000   65.780   134.711
218.000   4026.000   2832.000   1336.000   65.839   134.755
219.000   3425.000   2812.000   1191.000   65.899   134.800
220.000   3416.000   2713.000   1226.000   65.958   134.845
221.000   3490.000   2801.000   1229.000   66.017   134.890
222.000   3593.000   2765.000   1159.000   66.077   134.935
223.000   3606.000   2753.000   1168.000   66.136   134.980
224.000   3519.000   2744.000   1183.000   66.195   135.026
225.000   3681.000   2797.000   1054.000   66.255   135.072
226.000   3854.000   2688.000   1082.000   66.314   135.118
227.000   3758.000   2628.000   1026.000   66.373   135.165
228.000   3667.000   2638.000   953.000   66.432   135.211
229.000   3639.000   2611.000   986.000   66.491   135.258
230.000   3522.000   2620.000   989.000   66.551   135.306
231.000   3734.000   2612.000   931.000   66.610   135.353
232.000   3788.000   2686.000   944.000   66.669   135.401
233.000   3938.000   2740.000   956.000   66.728   135.449
234.000   4156.000   2952.000   1114.000   66.787   135.497
235.000   4219.000   3256.000   1067.000   66.846   135.545
236.000   4754.000   3784.000   1362.000   66.905   135.594
237.000   4918.000   3968.000   1372.000   66.964   135.643
238.000   5345.000   4389.000   1619.000   67.023   135.692
239.000   6194.000   5072.000   1796.000   67.082   135.741
240.000   7118.000   5692.000   2118.000   67.141   135.791
241.000   7059.000   6535.000   2413.000   67.200   135.841
242.000   6992.000   7459.000   2842.000   67.259   135.891
243.000   7207.000   8049.000   2950.000   67.318   135.942
244.000   7834.000   9103.000   3232.000   67.377   135.993
245.000   8374.000   10053.000   3703.000   67.436   136.044
246.000   8809.000   10746.000   3991.000   67.495   136.095
247.000   9238.000   11273.000   4181.000   67.554   136.147
248.000   9793.000   11727.000   4261.000   67.613   136.198
249.000   10181.000   12299.000   4320.000   67.671   136.251
250.000   10644.000   12807.000   4459.000   67.730   136.303
251.000   11156.000   13225.000   4680.000   67.789   136.356
252.000   11432.000   13963.000   4907.000   67.848   136.409
253.000   11732.000   15010.000   5164.000   67.906   136.462
254.000   12283.000   15658.000   5469.000   67.965   136.516
255.000   12650.000   16651.000   5954.000   68.024   136.569
256.000   12895.000   17289.000   6180.000   68.083   136.624
257.000   13536.000   18081.000   6387.000   68.141   136.678
258.000   14085.000   18628.000   6779.000   68.200   136.733
259.000   14320.000   19190.000   6950.000   68.258   136.788
260.000   14557.000   19941.000   7036.000   68.317   136.843
261.000   14757.000   19997.000   7046.000   68.376   136.899
262.000   15198.000   20309.000   7146.000   68.434   136.955
263.000   15456.000   20535.000   7568.000   68.493   137.011
264.000   15965.000   21343.000   7482.000   68.551   137.068
265.000   16053.000   21874.000   7859.000   68.610   137.125
266.000   16256.000   22444.000   7955.000   68.668   137.182
267.000   16203.000   22639.000   8110.000   68.726   137.239
268.000   16348.000   22537.000   8188.000   68.785   137.297
269.000   16391.000   22809.000   8142.000   68.843   137.356
270.000   16354.000   22966.000   8649.000   68.902   137.414
271.000   16680.000   23636.000   8811.000   68.960   137.473
272.000   16597.000   24011.000   9130.000   69.018   137.532
273.000   16658.000   24320.000   9432.000   69.076   137.592
274.000   16773.000   24639.000   9488.000   69.135   137.652
275.000   16666.000   24673.000   9542.000   69.193   137.712
276.000   16679.000   24722.000   9557.000   69.251   137.772
277.000   17003.000   24589.000   9470.000   69.309   137.833
278.000   16805.000   24577.000   9591.000   69.368   137.895
279.000   16759.000   24647.000   9483.000   69.426   137.956
280.000   16836.000   24764.000   9533.000   69.484   138.018
281.000   16222.000   25060.000   10335.000   69.542   138.081
282.000   15679.000   25272.000   10687.000   69.600   138.143
283.000   15594.000   25384.000   10664.000   69.658   138.206
284.000   15755.000   25207.000   10676.000   69.716   138.270
285.000   16307.000   24988.000   10276.000   69.774   138.333
286.000   16801.000   24679.000   9738.000   69.832   138.398
287.000   16679.000   25231.000   10322.000   69.890   138.462
288.000   16124.000   24785.000   10262.000   69.948   138.527
289.000   16425.000   24407.000   9982.000   70.006   138.592
290.000   16602.000   24144.000   9780.000   70.063   138.658
291.000   17680.000   23929.000   9149.000   70.121   138.724
292.000   17162.000   23857.000   9674.000   70.179   138.791
293.000   16895.000   24014.000   9975.000   70.237   138.858
294.000   16803.000   23344.000   9988.000   70.294   138.925
295.000   17494.000   23412.000   9333.000   70.352   138.993
296.000   17689.000   23270.000   9529.000   70.410   139.061
297.000   17602.000   23266.000   9319.000   70.467   139.129
298.000   17790.000   23209.000   9146.000   70.525   139.198
299.000   17800.000   22590.000   8916.000   70.583   139.267
300.000   19220.000   21992.000   7893.000   70.640   139.337
301.000   19938.000   20852.000   7280.000   70.698   139.407
302.000   19805.000   20634.000   6837.000   70.755   139.478
303.000   19529.000   20158.000   7002.000   70.813   139.549
304.000   19761.000   19685.000   6698.000   70.870   139.620
305.000   19934.000   19405.000   6544.000   70.927   139.692
306.000   20276.000   19122.000   6145.000   70.985   139.764
307.000   20868.000   18826.000   5887.000   71.042   139.837
308.000   20880.000   19033.000   5904.000   71.099   139.910
309.000   21185.000   19246.000   5814.000   71.157   139.984
310.000   20752.000   19021.000   5702.000   71.214   140.058
311.000   21068.000   18204.000   5432.000   71.271   140.133
312.000   20794.000   17503.000   5157.000   71.328   140.208
313.000   20821.000   16805.000   4958.000   71.385   140.283
314.000   21254.000   16302.000   4698.000   71.443   140.359
315.000   21319.000   15229.000   4332.000   71.500   140.436
316.000   21122.000   14600.000   4014.000   71.557   140.513
317.000   22695.000   14450.000   3695.000   71.614   140.590
318.000   23075.000   14553.000   3656.000   71.671   140.668
319.000   21855.000   13508.000   3550.000   71.727   140.747
320.000   22408.000   12979.000   3366.000   71.784   140.826
321.000   22301.000   12961.000   3137.000   71.841   140.905
322.000   22067.000   12778.000   3027.000   71.898   140.985
323.000   24545.000   12001.000   2824.000   71.955   141.065
324.000   23974.000   11784.000   2702.000   72.011   141.146
325.000   28388.000   11018.000   2320.000   72.068   141.228
326.000   24722.000   11106.000   2376.000   72.125   141.310
327.000   25494.000   10192.000   2279.000   72.181   141.392
328.000   24359.000   10408.000   2179.000   72.238   141.475
329.000   26861.000   9757.000   1985.000   72.295   141.559
330.000   32207.000   9409.000   1695.000   72.351   141.643
331.000   28897.000   8916.000   1777.000   72.408   141.728
332.000   28302.000   8361.000   1549.000   72.464   141.813
333.000   26908.000   8116.000   1580.000   72.520   141.899
334.000   26021.000   7812.000   1474.000   72.577   141.985
335.000   27720.000   7039.000   1432.000   72.633   142.072
336.000   27346.000   6890.000   1224.000   72.689   142.160
337.000   29625.000   6136.000   1095.000   72.745   142.248
338.000   30655.000   5692.000   988.000   72.802   142.336
339.000   29181.000   5407.000   992.000   72.858   142.426
340.000   29202.000   5664.000   990.000   72.914   142.515
341.000   32284.000   4937.000   848.000   72.970   142.606
342.000   31788.000   4970.000   827.000   73.026   142.697
343.000   32555.000   4925.000   789.000   73.082   142.789
344.000   30858.000   4966.000   817.000   73.138   142.881
345.000   28007.000   4347.000   694.000   73.193   142.974
346.000   26925.000   3840.000   583.000   73.249   143.067
347.000   28921.000   3633.000   541.000   73.305   143.162
348.000   30017.000   3221.000   477.000   73.361   143.256
349.000   31126.000   3508.000   479.000   73.416   143.352
350.000   31831.000   3205.000   417.000   73.472   143.448
351.000   28130.000   3161.000   383.000   73.528   143.545
352.000   28011.000   2832.000   407.000   73.583   143.642
353.000   25378.000   2844.000   354.000   73.639   143.740
354.000   22898.000   2473.000   356.000   73.694   143.839
355.000   35350.000   3371.000   338.000   73.749   143.938
356.000   30329.000   2729.000   312.000   73.805   144.038
357.000   25357.000   2109.000   318.000   73.860   144.139
358.000   24415.000   2177.000   305.000   73.915   144.241
359.000   27349.000   1971.000   292.000   73.970   144.343
360.000   29561.000   1828.000   259.000   74.025   144.446
361.000   26237.000   1903.000   262.000   74.081   144.550
362.000   23431.000   1689.000   259.000   74.136   144.654
363.000   23627.000   1794.000   251.000   74.190   144.759
364.000   23478.000   1599.000   229.000   74.245   144.865
365.000   20724.000   1450.000   255.000   74.300   144.972
366.000   24001.000   1475.000   209.000   74.355   145.079
367.000   17700.000   1399.000   264.000   74.410   145.187
368.000   16211.000   1456.000   234.000   74.464   145.296
369.000   16744.000   1397.000   207.000   74.519   145.406
370.000   15131.000   1346.000   212.000   74.573   145.516
371.000   15058.000   1245.000   217.000   74.628   145.628
372.000   16597.000   1190.000   204.000   74.682   145.740
373.000   15887.000   1166.000   240.000   74.737   145.853
374.000   16456.000   1082.000   208.000   74.791   145.966
375.000   17269.000   1057.000   219.000   74.845   146.081
376.000   16404.000   1123.000   183.000   74.899   146.196
377.000   17412.000   1076.000   192.000   74.954   146.312
378.000   16014.000   1020.000   193.000   75.008   146.429
379.000   17995.000   1046.000   199.000   75.062   146.547
380.000   17257.000   1157.000   191.000   75.116   146.666
381.000   16394.000   1177.000   187.000   75.169   146.786
382.000   15154.000   1303.000   207.000   75.223   146.906
383.000   15065.000   1200.000   174.000   75.277   147.027
384.000   16006.000   1164.000   178.000   75.331   147.150
385.000   17579.000   1377.000   163.000   75.384   147.273
386.000   20755.000   1340.000   168.000   75.438   147.397
387.000   23737.000   1204.000   167.000   75.491   147.522
388.000   24570.000   1082.000   168.000   75.544   147.648
389.000   26156.000   1038.000   145.000   75.598   147.775
390.000   26509.000   1030.000   153.000   75.651   147.903
391.000   22958.000   1044.000   168.000   75.704   148.032
392.000   19049.000   1016.000   161.000   75.757   148.161
393.000   15729.000   947.000   148.000   75.810   148.292
394.000   13607.000   953.000   185.000   75.863   148.424
395.000   13448.000   928.000   154.000   75.916   148.557
396.000   18799.000   912.000   139.000   75.969   148.691
397.000   17468.000   866.000   162.000   76.021   148.825
398.000   18013.000   1001.000   157.000   76.074   148.961
399.000   19861.000   1109.000   153.000   76.126   149.098
400.000   17024.000   945.000   174.000   76.179   149.236
401.000   16966.000   976.000   165.000   76.231   149.375
402.000   15802.000   883.000   163.000   76.284   149.515
403.000   12306.000   985.000   161.000   76.336   149.656
404.000   11741.000   838.000   156.000   76.388   149.798
405.000   11552.000   809.000   176.000   76.440   149.942
406.000   10696.000   773.000   164.000   76.492   150.086
407.000   12026.000   800.000   159.000   76.544   150.231
408.000   15559.000   796.000   152.000   76.595   150.378
409.000   18788.000   811.000   164.000   76.647   150.526
410.000   19211.000   874.000   147.000   76.699   150.675
411.000   18761.000   844.000   140.000   76.750   150.825
412.000   18766.000   843.000   151.000   76.801   150.976
413.000   19178.000   842.000   120.000   76.853   151.129
414.000   14842.000   880.000   162.000   76.904   151.283
415.000   12612.000   818.000   139.000   76.955   151.438
416.000   14922.000   833.000   163.000   77.006   151.594
417.000   13856.000   845.000   165.000   77.057   151.751
418.000   11456.000   799.000   136.000   77.108   151.910
419.000   11176.000   801.000   162.000   77.158   152.070
420.000   11407.000   833.000   158.000   77.209   152.231
421.000   12139.000   822.000   174.000   77.259   152.393
422.000   12246.000   802.000   175.000   77.310   152.557
423.000   12640.000   790.000   152.000   77.360   152.722
424.000   10853.000   839.000   172.000   77.410   152.889
425.000   9643.000   793.000   157.000   77.460   153.056
426.000   10450.000   760.000   158.000   77.510   153.226
427.000   9340.000   744.000   156.000   77.560   153.396
428.000   9409.000   772.000   175.000   77.610   153.568
429.000   8625.000   731.000   162.000   77.659   153.741
430.000   7190.000   704.000   167.000   77.709   153.916
431.000   7068.000   778.000   180.000   77.758   154.092
432.000   6643.000   698.000   177.000   77.808   154.269
433.000   6098.000   751.000   183.000   77.857   154.448
434.000   5876.000   671.000   169.000   77.906   154.629
435.000   5521.000   745.000   145.000   77.955   154.811
436.000   5428.000   745.000   157.000   78.003   154.994
437.000   5898.000   721.000   189.000   78.052   155.179
438.000   6744.000   709.000   149.000   78.100   155.365
439.000   7172.000   738.000   164.000   78.149   155.553
440.000   6651.000   740.000   177.000   78.197   155.743
441.000   6304.000   737.000   171.000   78.245   155.934
442.000   6168.000   735.000   184.000   78.293   156.127
443.000   5741.000   752.000   157.000   78.341   156.321
444.000   5714.000   698.000   177.000   78.389   156.517
445.000   5625.000   716.000   182.000   78.436   156.714
446.000   5486.000   734.000   161.000   78.484   156.913
447.000   5548.000   695.000   186.000   78.531   157.114
448.000   5794.000   701.000   202.000   78.578   157.317
449.000   5932.000   704.000   170.000   78.625   157.521
450.000   6264.000   708.000   162.000   78.672   157.726
451.000   5954.000   719.000   172.000   78.719   157.934
452.000   6002.000   695.000   168.000   78.765   158.143
453.000   6270.000   701.000   171.000   78.812   158.354
454.000   6016.000   715.000   167.000   78.858   158.567
455.000   6572.000   694.000   164.000   78.904   158.782
456.000   6283.000   715.000   146.000   78.950   158.998
457.000   5638.000   755.000   164.000   78.996   159.216
458.000   5567.000   777.000   190.000   79.041   159.436
459.000   5327.000   788.000   174.000   79.087   159.658
460.000   5031.000   771.000   196.000   79.132   159.882
461.000   5030.000   700.000   185.000   79.177   160.107
462.000   4892.000   746.000   174.000   79.222   160.335
463.000   4735.000   730.000   185.000   79.267   160.564
464.000   4828.000   745.000   187.000   79.311   160.796
465.000   4770.000   700.000   169.000   79.356   161.029
466.000   4627.000   682.000   186.000   79.400   161.264
467.000   4744.000   756.000   187.000   79.444   161.501
468.000   4938.000   741.000   194.000   79.488   161.741
469.000   4797.000   702.000   168.000   79.531   161.982
470.000   4717.000   738.000   184.000   79.575   162.225
471.000   4622.000   754.000   168.000   79.618   162.470
472.000   4672.000   715.000   162.000   79.661   162.718
473.000   4642.000   740.000   182.000   79.704   162.967
474.000   4767.000   782.000   165.000   79.747   163.219
475.000   4822.000   775.000   192.000   79.789   163.472
476.000   4587.000   683.000   173.000   79.832   163.728
477.000   4723.000   719.000   184.000   79.874   163.986
478.000   4658.000   761.000   174.000   79.915   164.246
479.000   4645.000   786.000   169.000   79.957   164.508
480.000   4716.000   713.000   183.000   79.999   164.772
481.000   4928.000   760.000   160.000   80.040   165.039
482.000   4942.000   742.000   170.000   80.081   165.308
483.000   4750.000   720.000   165.000   80.122   165.579
484.000   4753.000   691.000   203.000   80.162   165.852
485.000   4893.000   708.000   155.000   80.202   166.128
486.000   4844.000   742.000   159.000   80.243   166.406
487.000   4928.000   693.000   153.000   80.282   166.686
488.000   5171.000   730.000   154.000   80.322   166.968
489.000   5078.000   735.000   177.000   80.361   167.253
490.000   5016.000   754.000   203.000   80.401   167.540
491.000   5279.000   712.000   167.000   80.439   167.830
492.000   5274.000   701.000   166.000   80.478   168.122
493.000   5113.000   717.000   156.000   80.516   168.416
494.000   5163.000   661.000   160.000   80.555   168.712
495.000   5074.000   766.000   171.000   80.592   169.011
496.000   5007.000   722.000   182.000   80.630   169.313
497.000   5146.000   740.000   176.000   80.667   169.617
498.000   5079.000   733.000   161.000   80.704   169.923
499.000   5032.000   753.000   175.000   80.741   170.232
500.000   4929.000   712.000   184.000   80.778   170.543
501.000   5173.000   736.000   193.000   80.814   170.857
502.000   5088.000   722.000   189.000   80.850   171.173
503.000   5044.000   778.000   168.000   80.886   171.492
504.000   5050.000   722.000   163.000   80.921   171.813
505.000   4975.000   733.000   163.000   80.956   172.137
506.000   4794.000   725.000   165.000   80.991   172.463
507.000   4909.000   743.000   150.000   81.026   172.792
508.000   4916.000   764.000   179.000   81.060   173.123
509.000   4761.000   729.000   175.000   81.094   173.457
510.000   4860.000   702.000   189.000   81.127   173.793
511.000   4882.000   684.000   181.000   81.161   174.132
512.000   4694.000   720.000   175.000   81.194   174.474
513.000   4702.000   702.000   171.000   81.226   174.818
514.000   4804.000   778.000   148.000   81.259   175.164
515.000   4617.000   724.000   183.000   81.291   175.514
516.000   4655.000   734.000   169.000   81.323   175.866
517.000   4682.000   763.000   205.000   81.354   176.220
518.000   4746.000   730.000   184.000   81.385   176.577
519.000   4589.000   708.000   157.000   81.416   176.936
520.000   4828.000   765.000   188.000   81.446   177.299
521.000   4722.000   729.000   163.000   81.476   177.663
522.000   4735.000   752.000   178.000   81.506   178.030
523.000   4786.000   676.000   179.000   81.535   178.400
524.000   4779.000   741.000   164.000   81.564   178.773
525.000   4820.000   738.000   163.000   81.592   179.148
526.000   4806.000   689.000   178.000   81.621   179.525
527.000   4846.000   743.000   189.000   81.648   179.905
528.000   4812.000   705.000   166.000   81.676   -179.712
529.000   4867.000   706.000   190.000   81.703   -179.327
530.000   4775.000   712.000   178.000   81.730   -178.940
531.000   4723.000   699.000   189.000   81.756   -178.550
532.000   4826.000   725.000   147.000   81.782   -178.157
533.000   4704.000   682.000   146.000   81.808   -177.762
534.000   4700.000   710.000   157.000   81.833   -177.365
535.000   4823.000   725.000   171.000   81.857   -176.965
536.000   4859.000   719.000   173.000   81.882   -176.562
537.000   4714.000   728.000   178.000   81.906   -176.157
538.000   4760.000   736.000   175.000   81.929   -175.750
539.000   4622.000   682.000   157.000   81.952   -175.341
540.000   4610.000   711.000   171.000   81.975   -174.929
541.000   4503.000   695.000   181.000   81.997   -174.515
542.000   4547.000   701.000   175.000   82.019   -174.098
543.000   4579.000   674.000   190.000   82.041   -173.679
544.000   4538.000   723.000   180.000   82.062   -173.258
545.000   4539.000   691.000   174.000   82.082   -172.835
546.000   4649.000   703.000   167.000   82.102   -172.410
547.000   4467.000   667.000   184.000   82.122   -171.982
548.000   4454.000   762.000   177.000   82.141   -171.552
549.000   4468.000   722.000   168.000   82.160   -171.120
550.000   4526.000   731.000   184.000   82.179   -170.687
551.000   4431.000   738.000   158.000   82.196   -170.251
552.000   4405.000   723.000   178.000   82.214   -169.813
553.000   4503.000   696.000   155.000   82.231   -169.373
554.000   4335.000   683.000   169.000   82.247   -168.931
555.000   4353.000   708.000   186.000   82.263   -168.488
556.000   4493.000   671.000   162.000   82.279   -168.042
557.000   4553.000   731.000   174.000   82.294   -167.595
558.000   4494.000   779.000   166.000   82.309   -167.146
559.000   4405.000   711.000   196.000   82.323   -166.696
560.000   4415.000   734.000   173.000   82.337   -166.243
561.000   4502.000   710.000   192.000   82.350   -165.790
562.000   4432.000   688.000   160.000   82.363   -165.334
563.000   4338.000   723.000   184.000   82.375   -164.877
564.000   4397.000   686.000   169.000   82.387   -164.419
565.000   4348.000   713.000   176.000   82.398   -163.959
566.000   4423.000   692.000   164.000   82.409   -163.498
567.000   4254.000   744.000   179.000   82.419   -163.036
568.000   4152.000   708.000   157.000   82.429   -162.572
569.000   4163.000   703.000   169.000   82.438   -162.108
570.000   4362.000   701.000   176.000   82.447   -161.642
571.000   4205.000   696.000   153.000   82.455   -161.175
572.000   4134.000   697.000   155.000   82.463   -160.707
573.000   4273.000   685.000   161.000   82.470   -160.238
574.000   4223.000   713.000   200.000   82.477   -159.769
575.000   4311.000   700.000   139.000   82.483   -159.298
576.000   4184.000   758.000   168.000   82.488   -158.827
577.000   4295.000   746.000   186.000   82.494   -158.355
578.000   4278.000   692.000   177.000   82.498   -157.883
579.000   4277.000   761.000   161.000   82.503   -157.410
580.000   4312.000   683.000   176.000   82.506   -156.936
581.000   4295.000   670.000   161.000   82.509   -156.462
582.000   4257.000   655.000   156.000   82.512   -155.988
583.000   4298.000   769.000   157.000   82.514   -155.513
584.000   4421.000   759.000   157.000   82.516   -155.038
585.000   4429.000   695.000   155.000   82.517   -154.563
