Time range: [ 10:52:00.000  11:18:46.000 ]
Time range duration: 26.0 min, 46.0 sec
Longitude range: [ 74.0  135.0 ]
39120.000   906.000   306.000   74.000   -11.069   -1.635
39121.000   918.000   341.000   81.000   -11.007   -1.630
39122.000   981.000   325.000   80.000   -10.944   -1.626
39123.000   903.000   345.000   68.000   -10.882   -1.622
39124.000   961.000   302.000   61.000   -10.819   -1.618
39125.000   931.000   329.000   87.000   -10.757   -1.613
39126.000   970.000   354.000   70.000   -10.694   -1.609
39127.000   961.000   323.000   76.000   -10.632   -1.605
39128.000   966.000   359.000   63.000   -10.569   -1.600
39129.000   873.000   355.000   75.000   -10.507   -1.596
39130.000   938.000   310.000   74.000   -10.444   -1.592
39131.000   949.000   319.000   83.000   -10.382   -1.587
39132.000   940.000   330.000   59.000   -10.319   -1.583
39133.000   934.000   312.000   93.000   -10.257   -1.579
39134.000   1018.000   308.000   83.000   -10.194   -1.575
39135.000   1002.000   350.000   84.000   -10.132   -1.570
39136.000   897.000   337.000   65.000   -10.069   -1.566
39137.000   959.000   356.000   63.000   -10.007   -1.562
39138.000   955.000   328.000   71.000   -9.944   -1.557
39139.000   902.000   315.000   86.000   -9.882   -1.553
39140.000   962.000   285.000   87.000   -9.819   -1.549
39141.000   963.000   336.000   56.000   -9.757   -1.545
39142.000   948.000   348.000   73.000   -9.694   -1.540
39143.000   912.000   332.000   58.000   -9.632   -1.536
39144.000   902.000   352.000   79.000   -9.569   -1.532
39145.000   998.000   320.000   70.000   -9.507   -1.528
39146.000   1010.000   290.000   80.000   -9.444   -1.523
39147.000   1001.000   335.000   76.000   -9.382   -1.519
39148.000   961.000   341.000   94.000   -9.319   -1.515
39149.000   925.000   287.000   61.000   -9.257   -1.511
39150.000   973.000   299.000   59.000   -9.194   -1.506
39151.000   970.000   362.000   66.000   -9.132   -1.502
39152.000   986.000   311.000   71.000   -9.069   -1.498
39153.000   895.000   324.000   71.000   -9.007   -1.494
39154.000   956.000   362.000   67.000   -8.944   -1.489
39155.000   951.000   322.000   73.000   -8.882   -1.485
39156.000   1013.000   342.000   80.000   -8.819   -1.481
39157.000   881.000   321.000   72.000   -8.757   -1.477
39158.000   930.000   334.000   78.000   -8.694   -1.473
39159.000   946.000   342.000   60.000   -8.632   -1.468
39160.000   976.000   321.000   69.000   -8.569   -1.464
39161.000   953.000   327.000   70.000   -8.507   -1.460
39162.000   917.000   305.000   72.000   -8.444   -1.456
39163.000   964.000   320.000   69.000   -8.382   -1.452
39164.000   965.000   330.000   72.000   -8.319   -1.447
39165.000   891.000   326.000   76.000   -8.256   -1.443
39166.000   902.000   334.000   46.000   -8.194   -1.439
39167.000   930.000   335.000   58.000   -8.131   -1.435
39168.000   912.000   305.000   72.000   -8.069   -1.431
39169.000   896.000   317.000   94.000   -8.006   -1.426
39170.000   960.000   358.000   53.000   -7.944   -1.422
39171.000   924.000   359.000   60.000   -7.881   -1.418
39172.000   877.000   304.000   71.000   -7.819   -1.414
39173.000   889.000   324.000   81.000   -7.756   -1.410
39174.000   964.000   305.000   69.000   -7.694   -1.406
39175.000   946.000   328.000   60.000   -7.631   -1.401
39176.000   890.000   312.000   71.000   -7.569   -1.397
39177.000   940.000   350.000   64.000   -7.506   -1.393
39178.000   996.000   344.000   63.000   -7.444   -1.389
39179.000   1002.000   346.000   62.000   -7.381   -1.385
39180.000   969.000   340.000   65.000   -7.318   -1.381
39181.000   927.000   269.000   85.000   -7.256   -1.376
39182.000   892.000   361.000   74.000   -7.193   -1.372
39183.000   953.000   307.000   93.000   -7.131   -1.368
39184.000   910.000   294.000   75.000   -7.068   -1.364
39185.000   974.000   318.000   73.000   -7.006   -1.360
39186.000   938.000   336.000   61.000   -6.943   -1.356
39187.000   954.000   324.000   58.000   -6.881   -1.352
39188.000   918.000   339.000   65.000   -6.818   -1.347
39189.000   924.000   312.000   75.000   -6.756   -1.343
39190.000   1001.000   325.000   65.000   -6.693   -1.339
39191.000   943.000   321.000   71.000   -6.630   -1.335
39192.000   923.000   288.000   80.000   -6.568   -1.331
39193.000   955.000   343.000   76.000   -6.505   -1.327
39194.000   892.000   322.000   65.000   -6.443   -1.323
39195.000   914.000   329.000   72.000   -6.380   -1.318
39196.000   910.000   295.000   55.000   -6.318   -1.314
39197.000   890.000   322.000   70.000   -6.255   -1.310
39198.000   913.000   321.000   71.000   -6.193   -1.306
39199.000   921.000   314.000   49.000   -6.130   -1.302
39200.000   981.000   333.000   76.000   -6.068   -1.298
39201.000   921.000   349.000   53.000   -6.005   -1.294
39202.000   936.000   323.000   57.000   -5.942   -1.290
39203.000   934.000   357.000   73.000   -5.880   -1.286
39204.000   904.000   275.000   78.000   -5.817   -1.281
39205.000   941.000   301.000   82.000   -5.755   -1.277
39206.000   953.000   310.000   66.000   -5.692   -1.273
39207.000   897.000   335.000   65.000   -5.630   -1.269
39208.000   932.000   311.000   57.000   -5.567   -1.265
39209.000   895.000   315.000   67.000   -5.505   -1.261
39210.000   952.000   305.000   72.000   -5.442   -1.257
39211.000   969.000   333.000   63.000   -5.379   -1.253
39212.000   888.000   327.000   54.000   -5.317   -1.249
39213.000   915.000   320.000   73.000   -5.254   -1.245
39214.000   972.000   315.000   80.000   -5.192   -1.240
39215.000   977.000   297.000   69.000   -5.129   -1.236
39216.000   958.000   363.000   63.000   -5.067   -1.232
39217.000   982.000   316.000   58.000   -5.004   -1.228
39218.000   857.000   352.000   74.000   -4.941   -1.224
39219.000   915.000   325.000   77.000   -4.879   -1.220
39220.000   965.000   314.000   61.000   -4.816   -1.216
39221.000   921.000   302.000   65.000   -4.754   -1.212
39222.000   930.000   328.000   67.000   -4.691   -1.208
39223.000   917.000   344.000   62.000   -4.629   -1.204
39224.000   982.000   312.000   78.000   -4.566   -1.200
39225.000   931.000   294.000   67.000   -4.503   -1.196
39226.000   857.000   330.000   65.000   -4.441   -1.191
39227.000   945.000   323.000   63.000   -4.378   -1.187
39228.000   934.000   298.000   66.000   -4.316   -1.183
39229.000   861.000   326.000   67.000   -4.253   -1.179
39230.000   936.000   308.000   55.000   -4.191   -1.175
39231.000   880.000   289.000   56.000   -4.128   -1.171
39232.000   917.000   314.000   73.000   -4.065   -1.167
39233.000   944.000   327.000   59.000   -4.003   -1.163
39234.000   891.000   311.000   66.000   -3.940   -1.159
39235.000   933.000   334.000   66.000   -3.878   -1.155
39236.000   953.000   325.000   76.000   -3.815   -1.151
39237.000   919.000   283.000   73.000   -3.753   -1.147
39238.000   957.000   336.000   78.000   -3.690   -1.143
39239.000   982.000   317.000   69.000   -3.627   -1.139
39240.000   930.000   311.000   67.000   -3.565   -1.135
39241.000   899.000   298.000   59.000   -3.502   -1.130
39242.000   927.000   286.000   61.000   -3.440   -1.126
39243.000   916.000   310.000   62.000   -3.377   -1.122
39244.000   887.000   294.000   69.000   -3.315   -1.118
39245.000   959.000   316.000   69.000   -3.252   -1.114
39246.000   962.000   316.000   61.000   -3.189   -1.110
39247.000   993.000   329.000   69.000   -3.127   -1.106
39248.000   905.000   314.000   78.000   -3.064   -1.102
39249.000   908.000   325.000   63.000   -3.002   -1.098
39250.000   929.000   309.000   68.000   -2.939   -1.094
39251.000   926.000   306.000   69.000   -2.876   -1.090
39252.000   927.000   324.000   63.000   -2.814   -1.086
39253.000   930.000   289.000   58.000   -2.751   -1.082
39254.000   942.000   300.000   72.000   -2.689   -1.078
39255.000   1000.000   299.000   61.000   -2.626   -1.074
39256.000   932.000   321.000   59.000   -2.563   -1.070
39257.000   982.000   339.000   73.000   -2.501   -1.066
39258.000   937.000   306.000   77.000   -2.438   -1.062
39259.000   961.000   299.000   64.000   -2.376   -1.058
39260.000   954.000   324.000   67.000   -2.313   -1.054
39261.000   889.000   324.000   61.000   -2.251   -1.050
39262.000   943.000   303.000   75.000   -2.188   -1.046
39263.000   916.000   310.000   56.000   -2.125   -1.041
39264.000   944.000   301.000   62.000   -2.063   -1.037
39265.000   858.000   335.000   58.000   -2.000   -1.033
39266.000   936.000   331.000   69.000   -1.938   -1.029
39267.000   929.000   308.000   62.000   -1.875   -1.025
39268.000   912.000   338.000   61.000   -1.812   -1.021
39269.000   951.000   309.000   56.000   -1.750   -1.017
39270.000   858.000   300.000   81.000   -1.687   -1.013
39271.000   915.000   308.000   69.000   -1.625   -1.009
39272.000   905.000   302.000   64.000   -1.562   -1.005
39273.000   944.000   312.000   54.000   -1.499   -1.001
39274.000   934.000   319.000   61.000   -1.437   -0.997
39275.000   877.000   313.000   69.000   -1.374   -0.993
39276.000   988.000   328.000   72.000   -1.312   -0.989
39277.000   907.000   347.000   56.000   -1.249   -0.985
39278.000   947.000   311.000   69.000   -1.186   -0.981
39279.000   942.000   344.000   76.000   -1.124   -0.977
39280.000   935.000   299.000   70.000   -1.061   -0.973
39281.000   915.000   304.000   61.000   -0.999   -0.969
39282.000   946.000   304.000   63.000   -0.936   -0.965
39283.000   944.000   348.000   61.000   -0.873   -0.961
39284.000   907.000   327.000   70.000   -0.811   -0.957
39285.000   919.000   356.000   83.000   -0.748   -0.953
39286.000   951.000   327.000   61.000   -0.686   -0.949
39287.000   955.000   307.000   72.000   -0.623   -0.945
39288.000   908.000   314.000   75.000   -0.560   -0.941
39289.000   904.000   291.000   63.000   -0.498   -0.937
39290.000   872.000   322.000   62.000   -0.435   -0.933
39291.000   897.000   326.000   67.000   -0.373   -0.929
39292.000   929.000   306.000   75.000   -0.310   -0.925
39293.000   947.000   320.000   59.000   -0.247   -0.921
39294.000   964.000   298.000   74.000   -0.185   -0.916
39295.000   923.000   327.000   56.000   -0.122   -0.912
39296.000   968.000   317.000   71.000   -0.060   -0.908
39297.000   910.000   316.000   65.000   00.003   -0.904
39298.000   922.000   344.000   62.000   00.066   -0.900
39299.000   940.000   324.000   71.000   00.128   -0.896
39300.000   950.000   330.000   74.000   00.191   -0.892
39301.000   943.000   323.000   67.000   00.253   -0.888
39302.000   997.000   333.000   71.000   00.316   -0.884
39303.000   960.000   336.000   74.000   00.379   -0.880
39304.000   968.000   301.000   57.000   00.441   -0.876
39305.000   903.000   311.000   59.000   00.504   -0.872
39306.000   932.000   327.000   65.000   00.567   -0.868
39307.000   879.000   286.000   59.000   00.629   -0.864
39308.000   989.000   318.000   70.000   00.692   -0.860
39309.000   948.000   298.000   77.000   00.754   -0.856
39310.000   969.000   275.000   80.000   00.817   -0.852
39311.000   917.000   292.000   56.000   00.880   -0.848
39312.000   886.000   323.000   71.000   00.942   -0.844
39313.000   963.000   315.000   67.000   01.005   -0.840
39314.000   965.000   303.000   58.000   01.067   -0.836
39315.000   902.000   320.000   62.000   01.130   -0.832
39316.000   959.000   329.000   86.000   01.193   -0.828
39317.000   945.000   285.000   57.000   01.255   -0.824
39318.000   959.000   323.000   60.000   01.318   -0.820
39319.000   973.000   290.000   70.000   01.380   -0.816
39320.000   920.000   298.000   74.000   01.443   -0.812
39321.000   894.000   307.000   80.000   01.506   -0.808
39322.000   966.000   337.000   61.000   01.568   -0.804
39323.000   959.000   320.000   71.000   01.631   -0.800
39324.000   881.000   297.000   74.000   01.694   -0.796
39325.000   951.000   329.000   78.000   01.756   -0.792
39326.000   892.000   296.000   62.000   01.819   -0.787
39327.000   923.000   300.000   72.000   01.881   -0.783
39328.000   928.000   313.000   87.000   01.944   -0.779
39329.000   906.000   322.000   51.000   02.007   -0.775
39330.000   910.000   289.000   66.000   02.069   -0.771
39331.000   995.000   278.000   63.000   02.132   -0.767
39332.000   919.000   303.000   49.000   02.195   -0.763
39333.000   936.000   292.000   56.000   02.257   -0.759
39334.000   939.000   330.000   67.000   02.320   -0.755
39335.000   895.000   328.000   53.000   02.382   -0.751
39336.000   904.000   318.000   60.000   02.445   -0.747
39337.000   904.000   299.000   61.000   02.508   -0.743
39338.000   931.000   316.000   56.000   02.570   -0.739
39339.000   942.000   317.000   48.000   02.633   -0.735
39340.000   964.000   316.000   78.000   02.695   -0.731
39341.000   910.000   301.000   67.000   02.758   -0.727
39342.000   914.000   326.000   48.000   02.821   -0.723
39343.000   895.000   304.000   67.000   02.883   -0.719
39344.000   925.000   293.000   66.000   02.946   -0.715
39345.000   991.000   334.000   79.000   03.009   -0.711
39346.000   965.000   290.000   70.000   03.071   -0.707
39347.000   929.000   333.000   72.000   03.134   -0.703
39348.000   1007.000   312.000   58.000   03.196   -0.698
39349.000   923.000   303.000   78.000   03.259   -0.694
39350.000   937.000   316.000   60.000   03.322   -0.690
39351.000   905.000   314.000   62.000   03.384   -0.686
39352.000   928.000   295.000   76.000   03.447   -0.682
39353.000   881.000   308.000   66.000   03.510   -0.678
39354.000   911.000   289.000   57.000   03.572   -0.674
39355.000   881.000   308.000   72.000   03.635   -0.670
39356.000   942.000   310.000   61.000   03.697   -0.666
39357.000   959.000   323.000   74.000   03.760   -0.662
39358.000   922.000   311.000   64.000   03.823   -0.658
39359.000   943.000   286.000   78.000   03.885   -0.654
39360.000   901.000   304.000   61.000   03.948   -0.650
39361.000   896.000   310.000   67.000   04.011   -0.646
39362.000   909.000   336.000   55.000   04.073   -0.642
39363.000   885.000   320.000   80.000   04.136   -0.637
39364.000   937.000   316.000   69.000   04.198   -0.633
39365.000   959.000   348.000   59.000   04.261   -0.629
39366.000   964.000   293.000   58.000   04.324   -0.625
39367.000   916.000   296.000   54.000   04.386   -0.621
39368.000   944.000   314.000   78.000   04.449   -0.617
39369.000   916.000   315.000   64.000   04.512   -0.613
39370.000   953.000   323.000   49.000   04.574   -0.609
39371.000   894.000   326.000   69.000   04.637   -0.605
39372.000   895.000   302.000   66.000   04.699   -0.601
39373.000   901.000   330.000   76.000   04.762   -0.597
39374.000   934.000   314.000   60.000   04.825   -0.593
39375.000   948.000   316.000   66.000   04.887   -0.588
39376.000   952.000   319.000   63.000   04.950   -0.584
39377.000   896.000   304.000   65.000   05.013   -0.580
39378.000   923.000   300.000   64.000   05.075   -0.576
39379.000   929.000   328.000   68.000   05.138   -0.572
39380.000   922.000   315.000   65.000   05.200   -0.568
39381.000   947.000   310.000   73.000   05.263   -0.564
39382.000   881.000   290.000   66.000   05.326   -0.560
39383.000   918.000   317.000   59.000   05.388   -0.556
39384.000   910.000   315.000   60.000   05.451   -0.552
39385.000   967.000   356.000   49.000   05.514   -0.547
39386.000   946.000   306.000   72.000   05.576   -0.543
39387.000   954.000   313.000   70.000   05.639   -0.539
39388.000   927.000   300.000   69.000   05.701   -0.535
39389.000   962.000   313.000   58.000   05.764   -0.531
39390.000   927.000   309.000   78.000   05.827   -0.527
39391.000   936.000   329.000   75.000   05.889   -0.523
39392.000   940.000   288.000   63.000   05.952   -0.519
39393.000   943.000   299.000   75.000   06.015   -0.515
39394.000   908.000   328.000   62.000   06.077   -0.510
39395.000   939.000   304.000   63.000   06.140   -0.506
39396.000   916.000   338.000   69.000   06.203   -0.502
39397.000   969.000   289.000   69.000   06.265   -0.498
39398.000   953.000   311.000   68.000   06.328   -0.494
39399.000   885.000   301.000   64.000   06.390   -0.490
39400.000   885.000   306.000   57.000   06.453   -0.486
39401.000   944.000   308.000   63.000   06.516   -0.481
39402.000   852.000   309.000   57.000   06.578   -0.477
39403.000   923.000   319.000   69.000   06.641   -0.473
39404.000   944.000   339.000   63.000   06.704   -0.469
39405.000   953.000   317.000   72.000   06.766   -0.465
39406.000   908.000   311.000   51.000   06.829   -0.461
39407.000   887.000   296.000   70.000   06.891   -0.457
39408.000   934.000   313.000   74.000   06.954   -0.452
39409.000   930.000   312.000   58.000   07.017   -0.448
39410.000   900.000   311.000   72.000   07.079   -0.444
39411.000   950.000   276.000   64.000   07.142   -0.440
39412.000   924.000   342.000   61.000   07.205   -0.436
39413.000   883.000   299.000   68.000   07.267   -0.432
39414.000   925.000   325.000   71.000   07.330   -0.427
39415.000   914.000   319.000   67.000   07.392   -0.423
39416.000   916.000   327.000   54.000   07.455   -0.419
39417.000   856.000   329.000   69.000   07.518   -0.415
39418.000   951.000   342.000   60.000   07.580   -0.411
39419.000   969.000   310.000   77.000   07.643   -0.407
39420.000   915.000   311.000   67.000   07.706   -0.402
39421.000   889.000   343.000   75.000   07.768   -0.398
39422.000   974.000   327.000   68.000   07.831   -0.394
39423.000   959.000   288.000   59.000   07.894   -0.390
39424.000   858.000   266.000   66.000   07.956   -0.386
39425.000   947.000   314.000   51.000   08.019   -0.381
39426.000   947.000   307.000   54.000   08.081   -0.377
39427.000   953.000   313.000   76.000   08.144   -0.373
39428.000   960.000   296.000   67.000   08.207   -0.369
39429.000   913.000   307.000   77.000   08.269   -0.365
39430.000   963.000   296.000   74.000   08.332   -0.360
39431.000   931.000   304.000   85.000   08.395   -0.356
39432.000   893.000   298.000   67.000   08.457   -0.352
39433.000   976.000   303.000   76.000   08.520   -0.348
39434.000   947.000   322.000   52.000   08.582   -0.344
39435.000   949.000   305.000   61.000   08.645   -0.339
39436.000   913.000   328.000   70.000   08.708   -0.335
39437.000   894.000   286.000   71.000   08.770   -0.331
39438.000   898.000   360.000   65.000   08.833   -0.327
39439.000   911.000   305.000   60.000   08.896   -0.322
39440.000   929.000   314.000   59.000   08.958   -0.318
39441.000   907.000   333.000   73.000   09.021   -0.314
39442.000   940.000   334.000   64.000   09.083   -0.310
39443.000   946.000   297.000   73.000   09.146   -0.306
39444.000   944.000   316.000   56.000   09.209   -0.301
39445.000   916.000   324.000   73.000   09.271   -0.297
39446.000   891.000   327.000   65.000   09.334   -0.293
39447.000   921.000   307.000   67.000   09.397   -0.289
39448.000   949.000   326.000   55.000   09.459   -0.284
39449.000   924.000   347.000   62.000   09.522   -0.280
39450.000   903.000   345.000   63.000   09.584   -0.276
39451.000   925.000   343.000   74.000   09.647   -0.271
39452.000   923.000   293.000   47.000   09.710   -0.267
39453.000   932.000   299.000   58.000   09.772   -0.263
39454.000   949.000   273.000   65.000   09.835   -0.259
39455.000   926.000   300.000   58.000   09.898   -0.254
39456.000   965.000   322.000   74.000   09.960   -0.250
39457.000   965.000   303.000   77.000   10.023   -0.246
39458.000   885.000   299.000   60.000   10.086   -0.241
39459.000   875.000   288.000   63.000   10.148   -0.237
39460.000   963.000   318.000   68.000   10.211   -0.233
39461.000   954.000   300.000   53.000   10.273   -0.229
39462.000   892.000   354.000   59.000   10.336   -0.224
39463.000   912.000   314.000   75.000   10.399   -0.220
39464.000   950.000   304.000   70.000   10.461   -0.216
39465.000   960.000   339.000   69.000   10.524   -0.211
39466.000   951.000   329.000   54.000   10.587   -0.207
39467.000   889.000   316.000   70.000   10.649   -0.203
39468.000   932.000   294.000   57.000   10.712   -0.198
39469.000   928.000   307.000   62.000   10.774   -0.194
39470.000   961.000   316.000   57.000   10.837   -0.190
39471.000   942.000   311.000   65.000   10.900   -0.185
39472.000   957.000   333.000   56.000   10.962   -0.181
39473.000   883.000   317.000   66.000   11.025   -0.177
39474.000   934.000   341.000   68.000   11.088   -0.172
39475.000   909.000   306.000   47.000   11.150   -0.168
39476.000   921.000   295.000   60.000   11.213   -0.164
39477.000   927.000   337.000   58.000   11.275   -0.159
39478.000   935.000   304.000   47.000   11.338   -0.155
39479.000   920.000   316.000   64.000   11.401   -0.151
39480.000   955.000   328.000   59.000   11.463   -0.146
39481.000   949.000   336.000   65.000   11.526   -0.142
39482.000   974.000   311.000   60.000   11.588   -0.137
39483.000   917.000   307.000   53.000   11.651   -0.133
39484.000   972.000   325.000   68.000   11.714   -0.129
39485.000   897.000   324.000   65.000   11.776   -0.124
39486.000   920.000   295.000   66.000   11.839   -0.120
39487.000   918.000   352.000   66.000   11.902   -0.115
39488.000   962.000   275.000   61.000   11.964   -0.111
39489.000   882.000   321.000   63.000   12.027   -0.107
39490.000   852.000   302.000   66.000   12.089   -0.102
39491.000   898.000   289.000   56.000   12.152   -0.098
39492.000   903.000   314.000   68.000   12.215   -0.093
39493.000   933.000   303.000   58.000   12.277   -0.089
39494.000   944.000   309.000   63.000   12.340   -0.085
39495.000   903.000   342.000   54.000   12.403   -0.080
39496.000   997.000   325.000   66.000   12.465   -0.076
39497.000   894.000   347.000   67.000   12.528   -0.071
39498.000   926.000   303.000   78.000   12.590   -0.067
39499.000   980.000   303.000   68.000   12.653   -0.062
39500.000   930.000   343.000   69.000   12.716   -0.058
39501.000   925.000   306.000   75.000   12.778   -0.053
39502.000   893.000   303.000   60.000   12.841   -0.049
39503.000   900.000   308.000   73.000   12.904   -0.045
39504.000   862.000   327.000   63.000   12.966   -0.040
39505.000   909.000   311.000   72.000   13.029   -0.036
39506.000   898.000   315.000   82.000   13.091   -0.031
39507.000   919.000   322.000   66.000   13.154   -0.027
39508.000   945.000   333.000   63.000   13.217   -0.022
39509.000   978.000   324.000   57.000   13.279   -0.018
39510.000   967.000   297.000   62.000   13.342   -0.013
39511.000   928.000   320.000   64.000   13.404   -0.009
39512.000   932.000   314.000   59.000   13.467   -0.004
39513.000   912.000   328.000   71.000   13.530   00.000
39514.000   951.000   289.000   62.000   13.592   00.005
39515.000   914.000   334.000   56.000   13.655   00.009
39516.000   946.000   324.000   58.000   13.717   00.014
39517.000   938.000   311.000   59.000   13.780   00.018
39518.000   1003.000   259.000   59.000   13.843   00.023
39519.000   954.000   318.000   73.000   13.905   00.027
39520.000   987.000   303.000   73.000   13.968   00.032
39521.000   930.000   319.000   62.000   14.031   00.037
39522.000   969.000   303.000   61.000   14.093   00.041
39523.000   943.000   328.000   61.000   14.156   00.046
39524.000   923.000   284.000   65.000   14.218   00.050
39525.000   890.000   299.000   60.000   14.281   00.055
39526.000   977.000   298.000   67.000   14.344   00.059
39527.000   913.000   313.000   73.000   14.406   00.064
39528.000   888.000   297.000   72.000   14.469   00.068
39529.000   917.000   291.000   58.000   14.531   00.073
39530.000   897.000   304.000   64.000   14.594   00.078
39531.000   906.000   294.000   64.000   14.657   00.082
39532.000   941.000   333.000   62.000   14.719   00.087
39533.000   884.000   327.000   55.000   14.782   00.091
39534.000   929.000   284.000   75.000   14.844   00.096
39535.000   926.000   308.000   71.000   14.907   00.101
39536.000   904.000   295.000   48.000   14.970   00.105
39537.000   927.000   314.000   69.000   15.032   00.110
39538.000   949.000   344.000   77.000   15.095   00.115
39539.000   910.000   288.000   70.000   15.157   00.119
39540.000   938.000   308.000   64.000   15.220   00.124
39541.000   950.000   302.000   56.000   15.283   00.128
39542.000   917.000   333.000   64.000   15.345   00.133
39543.000   864.000   309.000   46.000   15.408   00.138
39544.000   880.000   326.000   62.000   15.470   00.142
39545.000   898.000   312.000   60.000   15.533   00.147
39546.000   882.000   291.000   62.000   15.596   00.152
39547.000   915.000   319.000   57.000   15.658   00.156
39548.000   873.000   275.000   75.000   15.721   00.161
39549.000   902.000   323.000   61.000   15.783   00.166
39550.000   896.000   324.000   56.000   15.846   00.170
39551.000   903.000   307.000   84.000   15.909   00.175
39552.000   897.000   277.000   48.000   15.971   00.180
39553.000   944.000   280.000   71.000   16.034   00.185
39554.000   861.000   299.000   59.000   16.096   00.189
39555.000   967.000   303.000   65.000   16.159   00.194
39556.000   969.000   306.000   64.000   16.222   00.199
39557.000   864.000   327.000   42.000   16.284   00.203
39558.000   910.000   301.000   61.000   16.347   00.208
39559.000   892.000   295.000   60.000   16.409   00.213
39560.000   901.000   299.000   81.000   16.472   00.218
39561.000   904.000   317.000   66.000   16.535   00.222
39562.000   888.000   298.000   68.000   16.597   00.227
39563.000   935.000   298.000   62.000   16.660   00.232
39564.000   921.000   307.000   65.000   16.722   00.237
39565.000   904.000   304.000   63.000   16.785   00.242
39566.000   974.000   319.000   57.000   16.848   00.246
39567.000   879.000   312.000   56.000   16.910   00.251
39568.000   869.000   319.000   55.000   16.973   00.256
39569.000   921.000   293.000   66.000   17.035   00.261
39570.000   973.000   285.000   63.000   17.098   00.266
39571.000   949.000   315.000   60.000   17.161   00.270
39572.000   947.000   320.000   74.000   17.223   00.275
39573.000   906.000   323.000   61.000   17.286   00.280
39574.000   943.000   319.000   59.000   17.348   00.285
39575.000   945.000   331.000   54.000   17.411   00.290
39576.000   969.000   293.000   63.000   17.473   00.295
39577.000   844.000   294.000   59.000   17.536   00.299
39578.000   891.000   305.000   75.000   17.599   00.304
39579.000   910.000   302.000   61.000   17.661   00.309
39580.000   877.000   326.000   64.000   17.724   00.314
39581.000   914.000   325.000   61.000   17.786   00.319
39582.000   888.000   305.000   73.000   17.849   00.324
39583.000   890.000   293.000   52.000   17.912   00.329
39584.000   909.000   310.000   58.000   17.974   00.333
39585.000   875.000   291.000   67.000   18.037   00.338
39586.000   932.000   358.000   65.000   18.099   00.343
39587.000   939.000   308.000   56.000   18.162   00.348
39588.000   955.000   313.000   55.000   18.224   00.353
39589.000   887.000   320.000   49.000   18.287   00.358
39590.000   881.000   306.000   65.000   18.350   00.363
39591.000   955.000   308.000   62.000   18.412   00.368
39592.000   955.000   308.000   66.000   18.475   00.373
39593.000   939.000   315.000   57.000   18.537   00.378
39594.000   897.000   303.000   55.000   18.600   00.383
39595.000   900.000   284.000   77.000   18.662   00.388
39596.000   954.000   300.000   57.000   18.725   00.393
39597.000   933.000   341.000   70.000   18.788   00.398
39598.000   954.000   312.000   62.000   18.850   00.403
39599.000   905.000   305.000   44.000   18.913   00.408
39600.000   869.000   289.000   67.000   18.975   00.413
39601.000   871.000   323.000   56.000   19.038   00.418
39602.000   966.000   309.000   66.000   19.100   00.423
39603.000   910.000   287.000   61.000   19.163   00.428
39604.000   962.000   317.000   51.000   19.226   00.433
39605.000   969.000   314.000   68.000   19.288   00.438
39606.000   963.000   321.000   73.000   19.351   00.443
39607.000   936.000   327.000   71.000   19.413   00.448
39608.000   903.000   310.000   69.000   19.476   00.453
39609.000   887.000   307.000   67.000   19.538   00.458
39610.000   922.000   297.000   67.000   19.601   00.463
39611.000   914.000   328.000   60.000   19.664   00.468
39612.000   912.000   313.000   67.000   19.726   00.473
39613.000   928.000   299.000   75.000   19.789   00.478
39614.000   960.000   353.000   60.000   19.851   00.483
39615.000   941.000   295.000   54.000   19.914   00.489
39616.000   936.000   303.000   59.000   19.976   00.494
39617.000   914.000   312.000   56.000   20.039   00.499
39618.000   913.000   318.000   68.000   20.101   00.504
39619.000   946.000   275.000   66.000   20.164   00.509
39620.000   938.000   308.000   69.000   20.227   00.514
39621.000   899.000   274.000   60.000   20.289   00.519
39622.000   929.000   311.000   74.000   20.352   00.525
39623.000   889.000   304.000   66.000   20.414   00.530
39624.000   871.000   330.000   60.000   20.477   00.535
39625.000   891.000   301.000   72.000   20.539   00.540
39626.000   908.000   324.000   62.000   20.602   00.545
39627.000   897.000   308.000   73.000   20.664   00.550
39628.000   991.000   319.000   54.000   20.727   00.556
39629.000   895.000   274.000   55.000   20.790   00.561
39630.000   939.000   270.000   53.000   20.852   00.566
39631.000   867.000   318.000   62.000   20.915   00.571
39632.000   890.000   298.000   60.000   20.977   00.577
39633.000   916.000   309.000   66.000   21.040   00.582
39634.000   898.000   304.000   65.000   21.102   00.587
39635.000   832.000   331.000   64.000   21.165   00.592
39636.000   931.000   301.000   61.000   21.227   00.598
39637.000   890.000   319.000   63.000   21.290   00.603
39638.000   938.000   266.000   64.000   21.353   00.608
39639.000   932.000   334.000   62.000   21.415   00.613
39640.000   974.000   282.000   48.000   21.478   00.619
39641.000   906.000   293.000   69.000   21.540   00.624
39642.000   917.000   311.000   60.000   21.603   00.629
39643.000   946.000   291.000   56.000   21.665   00.635
39644.000   853.000   282.000   75.000   21.728   00.640
39645.000   937.000   324.000   68.000   21.790   00.645
39646.000   958.000   336.000   58.000   21.853   00.651
39647.000   877.000   297.000   62.000   21.915   00.656
39648.000   879.000   311.000   73.000   21.978   00.661
39649.000   909.000   280.000   51.000   22.040   00.667
39650.000   884.000   317.000   64.000   22.103   00.672
39651.000   938.000   290.000   73.000   22.166   00.678
39652.000   875.000   315.000   67.000   22.228   00.683
39653.000   853.000   298.000   70.000   22.291   00.688
39654.000   869.000   310.000   60.000   22.353   00.694
39655.000   883.000   312.000   69.000   22.416   00.699
39656.000   930.000   302.000   58.000   22.478   00.705
39657.000   934.000   325.000   63.000   22.541   00.710
39658.000   916.000   301.000   51.000   22.603   00.716
39659.000   935.000   339.000   68.000   22.666   00.721
39660.000   930.000   306.000   57.000   22.728   00.726
39661.000   934.000   329.000   75.000   22.791   00.732
39662.000   930.000   318.000   60.000   22.853   00.737
39663.000   913.000   294.000   64.000   22.916   00.743
39664.000   878.000   297.000   61.000   22.978   00.748
39665.000   943.000   309.000   73.000   23.041   00.754
39666.000   924.000   313.000   73.000   23.103   00.759
39667.000   919.000   312.000   56.000   23.166   00.765
39668.000   930.000   340.000   60.000   23.228   00.770
39669.000   872.000   327.000   71.000   23.291   00.776
39670.000   913.000   295.000   64.000   23.353   00.782
39671.000   926.000   313.000   75.000   23.416   00.787
39672.000   858.000   300.000   79.000   23.478   00.793
39673.000   937.000   326.000   70.000   23.541   00.798
39674.000   913.000   302.000   76.000   23.604   00.804
39675.000   940.000   314.000   61.000   23.666   00.810
39676.000   895.000   299.000   62.000   23.729   00.815
39677.000   915.000   344.000   55.000   23.791   00.821
39678.000   900.000   336.000   61.000   23.854   00.826
39679.000   864.000   303.000   55.000   23.916   00.832
39680.000   939.000   319.000   71.000   23.979   00.838
39681.000   872.000   302.000   54.000   24.041   00.843
39682.000   878.000   297.000   62.000   24.104   00.849
39683.000   839.000   335.000   73.000   24.166   00.855
39684.000   911.000   303.000   66.000   24.229   00.860
39685.000   901.000   316.000   57.000   24.291   00.866
39686.000   891.000   275.000   77.000   24.354   00.872
39687.000   906.000   328.000   75.000   24.416   00.878
39688.000   868.000   284.000   59.000   24.479   00.883
39689.000   872.000   297.000   79.000   24.541   00.889
39690.000   929.000   293.000   56.000   24.604   00.895
39691.000   888.000   309.000   65.000   24.666   00.900
39692.000   885.000   337.000   64.000   24.729   00.906
39693.000   904.000   305.000   65.000   24.791   00.912
39694.000   875.000   330.000   65.000   24.854   00.918
39695.000   920.000   324.000   65.000   24.916   00.924
39696.000   890.000   294.000   68.000   24.979   00.929
39697.000   914.000   326.000   55.000   25.041   00.935
39698.000   914.000   339.000   69.000   25.104   00.941
39699.000   907.000   260.000   65.000   25.166   00.947
39700.000   926.000   324.000   70.000   25.229   00.953
39701.000   942.000   301.000   74.000   25.291   00.959
39702.000   897.000   292.000   66.000   25.353   00.964
39703.000   939.000   296.000   66.000   25.416   00.970
39704.000   923.000   324.000   60.000   25.478   00.976
39705.000   1014.000   300.000   82.000   25.541   00.982
39706.000   841.000   334.000   70.000   25.603   00.988
39707.000   919.000   305.000   64.000   25.666   00.994
39708.000   895.000   308.000   74.000   25.728   01.000
39709.000   887.000   314.000   58.000   25.791   01.006
39710.000   964.000   327.000   76.000   25.853   01.012
39711.000   919.000   298.000   75.000   25.916   01.018
39712.000   935.000   275.000   61.000   25.978   01.024
39713.000   929.000   310.000   71.000   26.041   01.030
39714.000   896.000   310.000   68.000   26.103   01.036
39715.000   854.000   304.000   78.000   26.166   01.042
39716.000   886.000   269.000   63.000   26.228   01.048
39717.000   938.000   315.000   66.000   26.291   01.054
39718.000   985.000   311.000   64.000   26.353   01.060
39719.000   911.000   323.000   59.000   26.416   01.066
39720.000   901.000   297.000   80.000   26.478   01.072
39721.000   904.000   318.000   67.000   26.540   01.078
39722.000   895.000   296.000   64.000   26.603   01.084
39723.000   928.000   326.000   64.000   26.665   01.090
39724.000   931.000   328.000   75.000   26.728   01.096
39725.000   900.000   337.000   75.000   26.790   01.102
39726.000   924.000   313.000   76.000   26.853   01.109
39727.000   950.000   315.000   70.000   26.915   01.115
39728.000   901.000   326.000   60.000   26.978   01.121
39729.000   907.000   326.000   54.000   27.040   01.127
39730.000   844.000   293.000   72.000   27.103   01.133
39731.000   895.000   291.000   62.000   27.165   01.139
39732.000   916.000   289.000   64.000   27.228   01.146
39733.000   932.000   280.000   67.000   27.290   01.152
39734.000   911.000   308.000   75.000   27.352   01.158
39735.000   889.000   336.000   60.000   27.415   01.164
39736.000   892.000   327.000   70.000   27.477   01.170
39737.000   846.000   345.000   67.000   27.540   01.177
39738.000   951.000   316.000   65.000   27.602   01.183
39739.000   959.000   298.000   62.000   27.665   01.189
39740.000   989.000   329.000   61.000   27.727   01.196
39741.000   904.000   304.000   66.000   27.790   01.202
39742.000   909.000   319.000   62.000   27.852   01.208
39743.000   911.000   326.000   55.000   27.914   01.214
39744.000   948.000   326.000   71.000   27.977   01.221
39745.000   920.000   336.000   71.000   28.039   01.227
39746.000   924.000   304.000   52.000   28.102   01.233
39747.000   937.000   297.000   66.000   28.164   01.240
39748.000   914.000   305.000   56.000   28.227   01.246
39749.000   970.000   312.000   59.000   28.289   01.253
39750.000   957.000   357.000   64.000   28.351   01.259
39751.000   921.000   328.000   81.000   28.414   01.265
39752.000   907.000   344.000   67.000   28.476   01.272
39753.000   894.000   296.000   72.000   28.539   01.278
39754.000   958.000   320.000   63.000   28.601   01.285
39755.000   928.000   321.000   73.000   28.664   01.291
39756.000   934.000   305.000   56.000   28.726   01.298
39757.000   899.000   290.000   61.000   28.788   01.304
39758.000   864.000   327.000   63.000   28.851   01.311
39759.000   839.000   304.000   64.000   28.913   01.317
39760.000   953.000   337.000   61.000   28.976   01.324
39761.000   909.000   305.000   71.000   29.038   01.330
39762.000   882.000   333.000   78.000   29.101   01.337
39763.000   900.000   322.000   76.000   29.163   01.344
39764.000   951.000   301.000   73.000   29.225   01.350
39765.000   913.000   338.000   65.000   29.288   01.357
39766.000   918.000   298.000   76.000   29.350   01.363
39767.000   931.000   346.000   67.000   29.413   01.370
39768.000   972.000   310.000   69.000   29.475   01.377
39769.000   965.000   318.000   71.000   29.537   01.383
39770.000   879.000   321.000   68.000   29.600   01.390
39771.000   860.000   320.000   86.000   29.662   01.397
39772.000   895.000   303.000   63.000   29.725   01.403
39773.000   930.000   303.000   58.000   29.787   01.410
39774.000   876.000   366.000   76.000   29.849   01.417
39775.000   915.000   318.000   73.000   29.912   01.424
39776.000   880.000   331.000   69.000   29.974   01.430
39777.000   897.000   334.000   57.000   30.037   01.437
39778.000   987.000   366.000   65.000   30.099   01.444
39779.000   917.000   332.000   77.000   30.161   01.451
39780.000   917.000   304.000   59.000   30.224   01.457
39781.000   912.000   332.000   63.000   30.286   01.464
39782.000   871.000   296.000   67.000   30.349   01.471
39783.000   850.000   313.000   60.000   30.411   01.478
39784.000   929.000   315.000   63.000   30.473   01.485
39785.000   889.000   306.000   59.000   30.536   01.492
39786.000   873.000   300.000   65.000   30.598   01.499
39787.000   839.000   310.000   65.000   30.660   01.505
39788.000   847.000   320.000   74.000   30.723   01.512
39789.000   882.000   281.000   57.000   30.785   01.519
39790.000   904.000   298.000   48.000   30.848   01.526
39791.000   924.000   287.000   69.000   30.910   01.533
39792.000   876.000   302.000   81.000   30.972   01.540
39793.000   912.000   352.000   56.000   31.035   01.547
39794.000   904.000   311.000   61.000   31.097   01.554
39795.000   912.000   342.000   69.000   31.159   01.561
39796.000   914.000   304.000   71.000   31.222   01.568
39797.000   890.000   322.000   59.000   31.284   01.575
39798.000   924.000   344.000   65.000   31.347   01.582
39799.000   927.000   291.000   80.000   31.409   01.589
39800.000   1005.000   311.000   72.000   31.471   01.596
39801.000   908.000   340.000   77.000   31.534   01.604
39802.000   848.000   307.000   73.000   31.596   01.611
39803.000   863.000   312.000   68.000   31.658   01.618
39804.000   976.000   301.000   49.000   31.721   01.625
39805.000   901.000   319.000   65.000   31.783   01.632
39806.000   849.000   319.000   77.000   31.845   01.639
39807.000   925.000   308.000   63.000   31.908   01.647
39808.000   943.000   324.000   55.000   31.970   01.654
39809.000   902.000   301.000   72.000   32.032   01.661
39810.000   881.000   326.000   70.000   32.095   01.668
39811.000   908.000   302.000   63.000   32.157   01.676
39812.000   925.000   329.000   68.000   32.220   01.683
39813.000   908.000   342.000   79.000   32.282   01.690
39814.000   868.000   336.000   70.000   32.344   01.697
39815.000   933.000   331.000   58.000   32.407   01.705
39816.000   914.000   292.000   77.000   32.469   01.712
39817.000   854.000   297.000   61.000   32.531   01.719
39818.000   967.000   305.000   66.000   32.594   01.727
39819.000   903.000   352.000   70.000   32.656   01.734
39820.000   855.000   337.000   74.000   32.718   01.742
39821.000   878.000   332.000   72.000   32.781   01.749
39822.000   894.000   333.000   64.000   32.843   01.756
39823.000   922.000   315.000   94.000   32.905   01.764
39824.000   916.000   326.000   85.000   32.968   01.771
39825.000   910.000   326.000   72.000   33.030   01.779
39826.000   949.000   321.000   73.000   33.092   01.786
39827.000   907.000   292.000   61.000   33.155   01.794
39828.000   931.000   309.000   85.000   33.217   01.801
39829.000   901.000   318.000   72.000   33.279   01.809
39830.000   919.000   320.000   84.000   33.341   01.816
39831.000   910.000   307.000   64.000   33.404   01.824
39832.000   978.000   332.000   58.000   33.466   01.832
39833.000   885.000   348.000   55.000   33.528   01.839
39834.000   891.000   326.000   59.000   33.591   01.847
39835.000   883.000   332.000   67.000   33.653   01.855
39836.000   900.000   313.000   77.000   33.715   01.862
39837.000   896.000   324.000   74.000   33.778   01.870
39838.000   913.000   330.000   62.000   33.840   01.878
39839.000   880.000   354.000   61.000   33.902   01.885
39840.000   935.000   338.000   51.000   33.965   01.893
39841.000   941.000   350.000   55.000   34.027   01.901
39842.000   914.000   340.000   82.000   34.089   01.909
39843.000   864.000   330.000   76.000   34.151   01.916
39844.000   920.000   301.000   68.000   34.214   01.924
39845.000   902.000   316.000   64.000   34.276   01.932
39846.000   895.000   313.000   64.000   34.338   01.940
39847.000   956.000   316.000   75.000   34.401   01.948
39848.000   926.000   317.000   74.000   34.463   01.956
39849.000   864.000   329.000   69.000   34.525   01.963
39850.000   870.000   332.000   77.000   34.587   01.971
39851.000   860.000   328.000   92.000   34.650   01.979
39852.000   905.000   311.000   70.000   34.712   01.987
39853.000   896.000   339.000   63.000   34.774   01.995
39854.000   920.000   333.000   58.000   34.837   02.003
39855.000   872.000   356.000   83.000   34.899   02.011
39856.000   885.000   328.000   72.000   34.961   02.019
39857.000   879.000   324.000   80.000   35.023   02.027
39858.000   943.000   349.000   73.000   35.086   02.035
39859.000   928.000   337.000   88.000   35.148   02.043
39860.000   901.000   303.000   95.000   35.210   02.052
39861.000   911.000   333.000   88.000   35.272   02.060
39862.000   882.000   334.000   71.000   35.335   02.068
39863.000   915.000   337.000   82.000   35.397   02.076
39864.000   912.000   321.000   72.000   35.459   02.084
39865.000   870.000   322.000   58.000   35.521   02.092
39866.000   860.000   340.000   78.000   35.584   02.101
39867.000   921.000   312.000   66.000   35.646   02.109
39868.000   890.000   332.000   75.000   35.708   02.117
39869.000   951.000   333.000   68.000   35.770   02.125
39870.000   905.000   305.000   76.000   35.833   02.134
39871.000   922.000   335.000   80.000   35.895   02.142
39872.000   928.000   351.000   91.000   35.957   02.150
39873.000   952.000   294.000   65.000   36.019   02.159
39874.000   904.000   350.000   80.000   36.082   02.167
39875.000   934.000   352.000   78.000   36.144   02.175
39876.000   904.000   324.000   74.000   36.206   02.184
39877.000   906.000   336.000   65.000   36.268   02.192
39878.000   878.000   338.000   90.000   36.331   02.201
39879.000   900.000   353.000   54.000   36.393   02.209
39880.000   956.000   339.000   76.000   36.455   02.218
39881.000   911.000   310.000   72.000   36.517   02.226
39882.000   874.000   359.000   79.000   36.580   02.235
39883.000   887.000   353.000   75.000   36.642   02.243
39884.000   894.000   296.000   88.000   36.704   02.252
39885.000   971.000   329.000   86.000   36.766   02.260
39886.000   916.000   322.000   85.000   36.828   02.269
39887.000   842.000   374.000   70.000   36.891   02.277
39888.000   915.000   319.000   63.000   36.953   02.286
39889.000   937.000   333.000   66.000   37.015   02.295
39890.000   884.000   326.000   83.000   37.077   02.304
39891.000   903.000   347.000   72.000   37.139   02.312
39892.000   895.000   346.000   70.000   37.202   02.321
39893.000   891.000   348.000   74.000   37.264   02.330
39894.000   914.000   309.000   67.000   37.326   02.338
39895.000   895.000   320.000   77.000   37.388   02.347
39896.000   898.000   354.000   79.000   37.450   02.356
39897.000   910.000   315.000   67.000   37.513   02.365
39898.000   909.000   344.000   74.000   37.575   02.374
39899.000   882.000   346.000   71.000   37.637   02.383
39900.000   922.000   320.000   86.000   37.699   02.392
39901.000   904.000   342.000   60.000   37.761   02.401
39902.000   872.000   315.000   63.000   37.824   02.409
39903.000   887.000   334.000   70.000   37.886   02.418
39904.000   904.000   356.000   85.000   37.948   02.427
39905.000   857.000   353.000   79.000   38.010   02.436
39906.000   885.000   369.000   68.000   38.072   02.446
39907.000   913.000   367.000   79.000   38.134   02.455
39908.000   855.000   352.000   62.000   38.197   02.464
39909.000   891.000   314.000   92.000   38.259   02.473
39910.000   919.000   328.000   82.000   38.321   02.482
39911.000   916.000   268.000   87.000   38.383   02.491
39912.000   925.000   348.000   71.000   38.445   02.500
39913.000   903.000   317.000   85.000   38.507   02.509
39914.000   883.000   377.000   72.000   38.570   02.519
39915.000   903.000   320.000   80.000   38.632   02.528
39916.000   896.000   327.000   89.000   38.694   02.537
39917.000   922.000   341.000   74.000   38.756   02.546
39918.000   923.000   330.000   67.000   38.818   02.556
39919.000   897.000   311.000   75.000   38.880   02.565
39920.000   910.000   344.000   82.000   38.943   02.574
39921.000   868.000   352.000   75.000   39.005   02.584
39922.000   867.000   345.000   81.000   39.067   02.593
39923.000   969.000   340.000   76.000   39.129   02.603
39924.000   829.000   358.000   68.000   39.191   02.612
39925.000   874.000   320.000   87.000   39.253   02.622
39926.000   920.000   326.000   62.000   39.315   02.631
39927.000   943.000   356.000   79.000   39.378   02.641
39928.000   953.000   329.000   79.000   39.440   02.650
39929.000   943.000   396.000   75.000   39.502   02.660
39930.000   921.000   357.000   82.000   39.564   02.669
39931.000   929.000   326.000   76.000   39.626   02.679
39932.000   940.000   340.000   77.000   39.688   02.689
39933.000   963.000   358.000   79.000   39.750   02.698
39934.000   909.000   371.000   73.000   39.812   02.708
39935.000   877.000   351.000   93.000   39.875   02.718
39936.000   886.000   365.000   69.000   39.937   02.727
39937.000   946.000   352.000   88.000   39.999   02.737
39938.000   857.000   370.000   69.000   40.061   02.747
39939.000   868.000   366.000   69.000   40.123   02.757
39940.000   873.000   336.000   100.000   40.185   02.767
39941.000   905.000   373.000   72.000   40.247   02.777
39942.000   905.000   354.000   65.000   40.309   02.787
39943.000   925.000   342.000   84.000   40.371   02.796
39944.000   948.000   327.000   88.000   40.433   02.806
39945.000   889.000   360.000   77.000   40.496   02.816
39946.000   907.000   348.000   90.000   40.558   02.826
39947.000   933.000   356.000   87.000   40.620   02.836
39948.000   881.000   329.000   87.000   40.682   02.846
39949.000   879.000   323.000   83.000   40.744   02.857
39950.000   955.000   356.000   69.000   40.806   02.867
39951.000   870.000   333.000   82.000   40.868   02.877
39952.000   904.000   329.000   72.000   40.930   02.887
39953.000   910.000   310.000   75.000   40.992   02.897
39954.000   939.000   342.000   94.000   41.054   02.907
39955.000   943.000   367.000   86.000   41.116   02.918
39956.000   947.000   361.000   81.000   41.178   02.928
39957.000   878.000   312.000   85.000   41.240   02.938
39958.000   938.000   370.000   79.000   41.302   02.949
39959.000   883.000   352.000   91.000   41.365   02.959
39960.000   942.000   335.000   94.000   41.427   02.969
39961.000   968.000   340.000   73.000   41.489   02.980
39962.000   900.000   332.000   84.000   41.551   02.990
39963.000   900.000   354.000   97.000   41.613   03.001
39964.000   944.000   341.000   73.000   41.675   03.011
39965.000   940.000   349.000   88.000   41.737   03.022
39966.000   869.000   316.000   74.000   41.799   03.032
39967.000   907.000   368.000   71.000   41.861   03.043
39968.000   931.000   344.000   96.000   41.923   03.053
39969.000   889.000   369.000   101.000   41.985   03.064
39970.000   873.000   337.000   78.000   42.047   03.075
39971.000   900.000   366.000   99.000   42.109   03.085
39972.000   888.000   372.000   91.000   42.171   03.096
39973.000   933.000   380.000   75.000   42.233   03.107
39974.000   879.000   389.000   113.000   42.295   03.118
39975.000   867.000   367.000   84.000   42.357   03.128
39976.000   910.000   366.000   76.000   42.419   03.139
39977.000   897.000   331.000   97.000   42.481   03.150
39978.000   911.000   370.000   79.000   42.543   03.161
39979.000   915.000   362.000   90.000   42.605   03.172
39980.000   918.000   352.000   100.000   42.667   03.183
39981.000   932.000   379.000   78.000   42.729   03.194
39982.000   940.000   330.000   72.000   42.791   03.205
39983.000   923.000   376.000   80.000   42.853   03.216
39984.000   919.000   353.000   81.000   42.915   03.227
39985.000   951.000   381.000   83.000   42.977   03.238
39986.000   909.000   408.000   93.000   43.039   03.249
39987.000   922.000   364.000   76.000   43.101   03.260
39988.000   927.000   392.000   94.000   43.163   03.272
39989.000   942.000   367.000   84.000   43.225   03.283
39990.000   912.000   344.000   81.000   43.287   03.294
39991.000   952.000   363.000   88.000   43.349   03.305
39992.000   930.000   360.000   89.000   43.411   03.317
39993.000   976.000   373.000   90.000   43.473   03.328
39994.000   900.000   373.000   86.000   43.535   03.340
39995.000   912.000   377.000   99.000   43.597   03.351
39996.000   967.000   354.000   75.000   43.659   03.362
39997.000   907.000   390.000   78.000   43.721   03.374
39998.000   884.000   363.000   91.000   43.783   03.385
39999.000   915.000   378.000   83.000   43.845   03.397
40000.000   908.000   383.000   81.000   43.907   03.409
40001.000   923.000   353.000   87.000   43.969   03.420
40002.000   913.000   392.000   81.000   44.031   03.432
40003.000   924.000   370.000   59.000   44.093   03.444
40004.000   921.000   392.000   83.000   44.154   03.455
40005.000   930.000   345.000   94.000   44.216   03.467
40006.000   932.000   369.000   86.000   44.278   03.479
40007.000   906.000   390.000   83.000   44.340   03.491
40008.000   929.000   368.000   86.000   44.402   03.502
40009.000   963.000   368.000   106.000   44.464   03.514
40010.000   969.000   365.000   89.000   44.526   03.526
40011.000   895.000   346.000   85.000   44.588   03.538
40012.000   917.000   395.000   72.000   44.650   03.550
40013.000   870.000   389.000   94.000   44.712   03.562
40014.000   939.000   378.000   84.000   44.774   03.574
40015.000   930.000   388.000   105.000   44.836   03.586
40016.000   910.000   378.000   93.000   44.897   03.599
40017.000   881.000   355.000   90.000   44.959   03.611
40018.000   850.000   371.000   100.000   45.021   03.623
40019.000   871.000   401.000   98.000   45.083   03.635
40020.000   905.000   376.000   106.000   45.145   03.647
40021.000   931.000   391.000   90.000   45.207   03.660
40022.000   887.000   358.000   93.000   45.269   03.672
40023.000   968.000   421.000   103.000   45.331   03.684
40024.000   943.000   354.000   84.000   45.393   03.697
40025.000   920.000   365.000   108.000   45.454   03.709
40026.000   939.000   385.000   92.000   45.516   03.722
40027.000   933.000   394.000   104.000   45.578   03.734
40028.000   912.000   384.000   100.000   45.640   03.747
40029.000   912.000   366.000   97.000   45.702   03.759
40030.000   878.000   380.000   96.000   45.764   03.772
40031.000   980.000   356.000   99.000   45.826   03.785
40032.000   920.000   369.000   86.000   45.888   03.797
40033.000   908.000   382.000   84.000   45.949   03.810
40034.000   881.000   345.000   93.000   46.011   03.823
40035.000   894.000   382.000   110.000   46.073   03.836
40036.000   940.000   395.000   93.000   46.135   03.849
40037.000   984.000   359.000   90.000   46.197   03.861
40038.000   891.000   390.000   80.000   46.259   03.874
40039.000   890.000   411.000   96.000   46.320   03.887
40040.000   976.000   403.000   88.000   46.382   03.900
40041.000   916.000   434.000   97.000   46.444   03.913
40042.000   949.000   391.000   98.000   46.506   03.927
40043.000   896.000   373.000   87.000   46.568   03.940
40044.000   898.000   423.000   88.000   46.630   03.953
40045.000   924.000   387.000   89.000   46.691   03.966
40046.000   892.000   420.000   96.000   46.753   03.979
40047.000   940.000   394.000   91.000   46.815   03.993
40048.000   972.000   389.000   85.000   46.877   04.006
40049.000   890.000   408.000   109.000   46.939   04.019
40050.000   897.000   373.000   86.000   47.000   04.033
40051.000   943.000   363.000   87.000   47.062   04.046
40052.000   895.000   406.000   90.000   47.124   04.060
40053.000   889.000   370.000   86.000   47.186   04.073
40054.000   884.000   373.000   99.000   47.248   04.087
40055.000   970.000   411.000   97.000   47.309   04.100
40056.000   922.000   382.000   93.000   47.371   04.114
40057.000   888.000   409.000   90.000   47.433   04.128
40058.000   915.000   418.000   93.000   47.495   04.141
40059.000   898.000   396.000   104.000   47.556   04.155
40060.000   899.000   383.000   109.000   47.618   04.169
40061.000   925.000   400.000   99.000   47.680   04.183
40062.000   884.000   401.000   89.000   47.742   04.197
40063.000   922.000   398.000   103.000   47.803   04.211
40064.000   948.000   417.000   110.000   47.865   04.225
40065.000   937.000   381.000   111.000   47.927   04.239
40066.000   926.000   384.000   81.000   47.989   04.253
40067.000   880.000   401.000   110.000   48.050   04.267
40068.000   931.000   398.000   96.000   48.112   04.281
40069.000   923.000   397.000   93.000   48.174   04.295
40070.000   873.000   401.000   124.000   48.236   04.310
40071.000   958.000   392.000   112.000   48.297   04.324
40072.000   966.000   393.000   100.000   48.359   04.338
40073.000   966.000   443.000   99.000   48.421   04.353
40074.000   903.000   393.000   101.000   48.482   04.367
40075.000   914.000   419.000   109.000   48.544   04.381
40076.000   887.000   415.000   104.000   48.606   04.396
40077.000   945.000   372.000   109.000   48.668   04.411
40078.000   934.000   427.000   102.000   48.729   04.425
40079.000   915.000   389.000   101.000   48.791   04.440
40080.000   898.000   413.000   97.000   48.853   04.455
40081.000   996.000   426.000   89.000   48.914   04.469
40082.000   944.000   412.000   99.000   48.976   04.484
40083.000   900.000   446.000   98.000   49.038   04.499
40084.000   954.000   453.000   110.000   49.099   04.514
40085.000   921.000   417.000   122.000   49.161   04.529
40086.000   956.000   433.000   108.000   49.223   04.544
40087.000   910.000   453.000   115.000   49.284   04.559
40088.000   941.000   375.000   97.000   49.346   04.574
40089.000   953.000   397.000   92.000   49.408   04.589
40090.000   980.000   445.000   122.000   49.469   04.604
40091.000   931.000   413.000   95.000   49.531   04.619
40092.000   936.000   424.000   121.000   49.593   04.635
40093.000   934.000   410.000   104.000   49.654   04.650
40094.000   914.000   409.000   113.000   49.716   04.665
40095.000   871.000   413.000   92.000   49.778   04.681
40096.000   907.000   424.000   105.000   49.839   04.696
40097.000   957.000   391.000   111.000   49.901   04.712
40098.000   938.000   387.000   94.000   49.962   04.727
40099.000   920.000   417.000   100.000   50.024   04.743
40100.000   879.000   418.000   108.000   50.086   04.759
40101.000   936.000   420.000   114.000   50.147   04.774
40102.000   933.000   463.000   105.000   50.209   04.790
40103.000   917.000   416.000   123.000   50.270   04.806
40104.000   928.000   427.000   96.000   50.332   04.822
40105.000   908.000   393.000   110.000   50.394   04.838
40106.000   903.000   398.000   99.000   50.455   04.854
40107.000   919.000   381.000   115.000   50.517   04.870
40108.000   989.000   402.000   109.000   50.578   04.886
40109.000   924.000   425.000   107.000   50.640   04.902
40110.000   969.000   483.000   115.000   50.702   04.918
40111.000   976.000   436.000   111.000   50.763   04.934
40112.000   942.000   451.000   104.000   50.825   04.951
40113.000   936.000   431.000   114.000   50.886   04.967
40114.000   993.000   441.000   108.000   50.948   04.984
40115.000   926.000   414.000   109.000   51.009   05.000
40116.000   936.000   426.000   84.000   51.071   05.017
40117.000   874.000   442.000   102.000   51.132   05.033
40118.000   916.000   427.000   108.000   51.194   05.050
40119.000   903.000   434.000   107.000   51.255   05.066
40120.000   956.000   429.000   100.000   51.317   05.083
40121.000   900.000   466.000   97.000   51.379   05.100
40122.000   921.000   444.000   99.000   51.440   05.117
40123.000   900.000   416.000   90.000   51.502   05.134
40124.000   916.000   473.000   128.000   51.563   05.151
40125.000   977.000   429.000   102.000   51.625   05.168
40126.000   953.000   472.000   123.000   51.686   05.185
40127.000   957.000   435.000   125.000   51.748   05.202
40128.000   928.000   464.000   108.000   51.809   05.219
40129.000   958.000   440.000   104.000   51.871   05.236
40130.000   962.000   449.000   117.000   51.932   05.254
40131.000   978.000   457.000   112.000   51.994   05.271
40132.000   953.000   416.000   124.000   52.055   05.288
40133.000   883.000   452.000   115.000   52.116   05.306
40134.000   964.000   465.000   124.000   52.178   05.324
40135.000   1060.000   430.000   121.000   52.239   05.341
40136.000   970.000   450.000   130.000   52.301   05.359
40137.000   958.000   409.000   118.000   52.362   05.377
40138.000   982.000   432.000   114.000   52.424   05.394
40139.000   964.000   452.000   113.000   52.485   05.412
40140.000   958.000   418.000   131.000   52.547   05.430
40141.000   904.000   424.000   116.000   52.608   05.448
40142.000   941.000   488.000   117.000   52.669   05.466
40143.000   946.000   400.000   128.000   52.731   05.484
40144.000   919.000   433.000   110.000   52.792   05.502
40145.000   956.000   476.000   99.000   52.854   05.521
40146.000   994.000   430.000   133.000   52.915   05.539
40147.000   957.000   451.000   129.000   52.977   05.557
40148.000   956.000   479.000   119.000   53.038   05.576
40149.000   1033.000   483.000   132.000   53.099   05.594
40150.000   937.000   481.000   125.000   53.161   05.613
40151.000   944.000   457.000   102.000   53.222   05.631
40152.000   920.000   449.000   126.000   53.284   05.650
40153.000   974.000   437.000   127.000   53.345   05.669
40154.000   943.000   492.000   130.000   53.406   05.688
40155.000   951.000   469.000   133.000   53.468   05.706
40156.000   946.000   491.000   108.000   53.529   05.725
40157.000   960.000   480.000   127.000   53.590   05.744
40158.000   985.000   463.000   117.000   53.652   05.763
40159.000   914.000   483.000   123.000   53.713   05.783
40160.000   923.000   452.000   121.000   53.774   05.802
40161.000   964.000   486.000   126.000   53.836   05.821
40162.000   894.000   481.000   120.000   53.897   05.840
40163.000   1005.000   464.000   132.000   53.958   05.860
40164.000   984.000   448.000   143.000   54.020   05.879
40165.000   925.000   482.000   145.000   54.081   05.899
40166.000   899.000   463.000   121.000   54.142   05.918
40167.000   955.000   459.000   93.000   54.204   05.938
40168.000   921.000   438.000   117.000   54.265   05.958
40169.000   964.000   469.000   128.000   54.326   05.978
40170.000   972.000   440.000   115.000   54.387   05.998
40171.000   1002.000   472.000   131.000   54.449   06.018
40172.000   1012.000   440.000   135.000   54.510   06.038
40173.000   963.000   456.000   122.000   54.571   06.058
40174.000   921.000   451.000   135.000   54.633   06.078
40175.000   975.000   475.000   120.000   54.694   06.098
40176.000   952.000   423.000   113.000   54.755   06.119
40177.000   945.000   477.000   128.000   54.816   06.139
40178.000   966.000   497.000   148.000   54.878   06.160
40179.000   948.000   482.000   140.000   54.939   06.180
40180.000   902.000   495.000   136.000   55.000   06.201
40181.000   971.000   494.000   127.000   55.061   06.221
40182.000   928.000   450.000   126.000   55.122   06.242
40183.000   917.000   498.000   135.000   55.184   06.263
40184.000   931.000   484.000   141.000   55.245   06.284
40185.000   991.000   481.000   118.000   55.306   06.305
40186.000   894.000   476.000   147.000   55.367   06.326
40187.000   937.000   454.000   122.000   55.428   06.347
40188.000   931.000   478.000   139.000   55.490   06.369
40189.000   966.000   448.000   135.000   55.551   06.390
40190.000   919.000   461.000   133.000   55.612   06.411
40191.000   1002.000   480.000   131.000   55.673   06.433
40192.000   986.000   466.000   138.000   55.734   06.454
40193.000   1024.000   485.000   128.000   55.795   06.476
40194.000   1008.000   519.000   107.000   55.857   06.498
40195.000   974.000   486.000   133.000   55.918   06.520
40196.000   947.000   469.000   115.000   55.979   06.542
40197.000   975.000   470.000   103.000   56.040   06.564
40198.000   958.000   460.000   118.000   56.101   06.586
40199.000   956.000   473.000   120.000   56.162   06.608
40200.000   954.000   506.000   120.000   56.223   06.630
40201.000   945.000   543.000   136.000   56.284   06.652
40202.000   923.000   526.000   132.000   56.346   06.675
40203.000   969.000   508.000   112.000   56.407   06.697
40204.000   945.000   452.000   124.000   56.468   06.720
40205.000   944.000   514.000   127.000   56.529   06.742
40206.000   953.000   475.000   129.000   56.590   06.765
40207.000   992.000   450.000   132.000   56.651   06.788
40208.000   985.000   481.000   107.000   56.712   06.811
40209.000   914.000   483.000   134.000   56.773   06.834
40210.000   1000.000   512.000   144.000   56.834   06.857
40211.000   960.000   495.000   132.000   56.895   06.880
40212.000   907.000   495.000   131.000   56.956   06.904
40213.000   924.000   485.000   118.000   57.017   06.927
40214.000   929.000   495.000   141.000   57.078   06.950
40215.000   999.000   441.000   143.000   57.139   06.974
40216.000   988.000   472.000   117.000   57.200   06.998
40217.000   942.000   523.000   141.000   57.261   07.021
40218.000   947.000   460.000   132.000   57.322   07.045
40219.000   980.000   482.000   157.000   57.383   07.069
40220.000   920.000   501.000   122.000   57.444   07.093
40221.000   954.000   520.000   135.000   57.505   07.117
40222.000   929.000   469.000   126.000   57.566   07.141
40223.000   960.000   528.000   154.000   57.627   07.166
40224.000   968.000   467.000   155.000   57.688   07.190
40225.000   1005.000   516.000   127.000   57.749   07.214
40226.000   937.000   508.000   156.000   57.810   07.239
40227.000   914.000   480.000   130.000   57.871   07.264
40228.000   1015.000   543.000   116.000   57.932   07.288
40229.000   967.000   497.000   126.000   57.993   07.313
40230.000   985.000   454.000   139.000   58.054   07.338
40231.000   1033.000   486.000   132.000   58.114   07.363
40232.000   904.000   506.000   108.000   58.175   07.389
40233.000   973.000   505.000   143.000   58.236   07.414
40234.000   944.000   534.000   127.000   58.297   07.439
40235.000   981.000   550.000   168.000   58.358   07.465
40236.000   1030.000   526.000   127.000   58.419   07.490
40237.000   892.000   519.000   129.000   58.480   07.516
40238.000   1001.000   515.000   144.000   58.541   07.542
40239.000   956.000   537.000   126.000   58.601   07.568
40240.000   950.000   490.000   125.000   58.662   07.594
40241.000   952.000   543.000   148.000   58.723   07.620
40242.000   972.000   489.000   149.000   58.784   07.646
40243.000   984.000   514.000   137.000   58.845   07.672
40244.000   957.000   532.000   130.000   58.905   07.699
40245.000   1005.000   464.000   123.000   58.966   07.725
40246.000   961.000   449.000   115.000   59.027   07.752
40247.000   1024.000   530.000   132.000   59.088   07.778
40248.000   1046.000   539.000   138.000   59.149   07.805
40249.000   959.000   540.000   128.000   59.209   07.832
40250.000   968.000   519.000   133.000   59.270   07.859
40251.000   939.000   538.000   122.000   59.331   07.886
40252.000   911.000   514.000   139.000   59.392   07.914
40253.000   937.000   519.000   137.000   59.452   07.941
40254.000   954.000   519.000   143.000   59.513   07.969
40255.000   979.000   528.000   126.000   59.574   07.996
40256.000   1032.000   505.000   121.000   59.634   08.024
40257.000   953.000   541.000   159.000   59.695   08.052
40258.000   927.000   513.000   137.000   59.756   08.080
40259.000   981.000   498.000   145.000   59.816   08.108
40260.000   959.000   533.000   141.000   59.877   08.136
40261.000   952.000   550.000   123.000   59.938   08.165
40262.000   945.000   497.000   135.000   59.998   08.193
40263.000   1005.000   542.000   161.000   60.059   08.222
40264.000   982.000   503.000   146.000   60.120   08.250
40265.000   997.000   502.000   146.000   60.180   08.279
40266.000   989.000   496.000   155.000   60.241   08.308
40267.000   1039.000   486.000   141.000   60.302   08.337
40268.000   951.000   521.000   154.000   60.362   08.366
40269.000   984.000   511.000   146.000   60.423   08.396
40270.000   1000.000   543.000   142.000   60.483   08.425
40271.000   985.000   525.000   159.000   60.544   08.454
40272.000   934.000   541.000   127.000   60.604   08.484
40273.000   991.000   529.000   142.000   60.665   08.514
40274.000   965.000   497.000   133.000   60.726   08.544
40275.000   950.000   523.000   152.000   60.786   08.574
40276.000   1037.000   553.000   151.000   60.847   08.604
40277.000   960.000   533.000   132.000   60.907   08.634
40278.000   998.000   540.000   148.000   60.968   08.665
40279.000   967.000   516.000   136.000   61.028   08.695
40280.000   1007.000   544.000   149.000   61.089   08.726
40281.000   958.000   558.000   145.000   61.149   08.757
40282.000   994.000   522.000   156.000   61.210   08.788
40283.000   986.000   528.000   131.000   61.270   08.819
40284.000   986.000   494.000   162.000   61.331   08.850
40285.000   958.000   514.000   140.000   61.391   08.882
40286.000   973.000   528.000   138.000   61.451   08.913
40287.000   974.000   517.000   144.000   61.512   08.945
40288.000   968.000   589.000   143.000   61.572   08.977
40289.000   1008.000   541.000   155.000   61.633   09.009
40290.000   943.000   544.000   143.000   61.693   09.041
40291.000   985.000   558.000   159.000   61.753   09.073
40292.000   975.000   527.000   146.000   61.814   09.105
40293.000   993.000   535.000   148.000   61.874   09.138
40294.000   985.000   551.000   154.000   61.934   09.171
40295.000   977.000   542.000   133.000   61.995   09.203
40296.000   957.000   524.000   141.000   62.055   09.236
40297.000   964.000   512.000   161.000   62.115   09.269
40298.000   931.000   544.000   135.000   62.176   09.303
40299.000   984.000   603.000   158.000   62.236   09.336
40300.000   1000.000   524.000   121.000   62.296   09.370
40301.000   1047.000   549.000   160.000   62.357   09.403
40302.000   1042.000   535.000   160.000   62.417   09.437
40303.000   1015.000   569.000   162.000   62.477   09.471
40304.000   997.000   602.000   148.000   62.537   09.505
40305.000   1003.000   558.000   141.000   62.598   09.540
40306.000   1012.000   573.000   148.000   62.658   09.574
40307.000   985.000   533.000   138.000   62.718   09.609
40308.000   1008.000   559.000   162.000   62.778   09.644
40309.000   989.000   559.000   148.000   62.838   09.678
40310.000   1001.000   563.000   148.000   62.899   09.714
40311.000   987.000   545.000   185.000   62.959   09.749
40312.000   947.000   542.000   143.000   63.019   09.784
40313.000   1016.000   597.000   153.000   63.079   09.820
40314.000   981.000   549.000   165.000   63.139   09.856
40315.000   1039.000   575.000   137.000   63.199   09.892
40316.000   1000.000   564.000   133.000   63.259   09.928
40317.000   950.000   534.000   161.000   63.319   09.964
40318.000   1031.000   564.000   144.000   63.380   10.000
40319.000   983.000   548.000   175.000   63.440   10.037
40320.000   975.000   599.000   150.000   63.500   10.074
40321.000   1016.000   623.000   162.000   63.560   10.111
40322.000   1087.000   595.000   137.000   63.620   10.148
40323.000   1059.000   603.000   170.000   63.680   10.185
40324.000   1069.000   603.000   175.000   63.740   10.222
40325.000   1000.000   608.000   160.000   63.800   10.260
40326.000   1023.000   599.000   151.000   63.860   10.298
40327.000   1066.000   608.000   175.000   63.920   10.336
40328.000   1115.000   596.000   158.000   63.980   10.374
40329.000   1036.000   606.000   165.000   64.040   10.412
40330.000   1090.000   596.000   182.000   64.100   10.451
40331.000   1157.000   631.000   153.000   64.159   10.490
40332.000   1109.000   669.000   156.000   64.219   10.529
40333.000   1069.000   634.000   155.000   64.279   10.568
40334.000   1152.000   654.000   174.000   64.339   10.607
40335.000   1128.000   724.000   174.000   64.399   10.646
40336.000   1211.000   684.000   179.000   64.459   10.686
40337.000   1129.000   746.000   167.000   64.519   10.726
40338.000   1194.000   750.000   147.000   64.578   10.766
40339.000   1226.000   781.000   188.000   64.638   10.806
40340.000   1263.000   801.000   173.000   64.698   10.847
40341.000   1268.000   785.000   155.000   64.758   10.887
40342.000   1387.000   743.000   191.000   64.818   10.928
40343.000   1327.000   818.000   178.000   64.877   10.969
40344.000   1321.000   822.000   186.000   64.937   11.010
40345.000   1454.000   826.000   179.000   64.997   11.052
40346.000   1462.000   925.000   207.000   65.057   11.093
40347.000   1570.000   946.000   198.000   65.116   11.135
40348.000   1513.000   937.000   219.000   65.176   11.177
40349.000   1662.000   995.000   231.000   65.236   11.220
40350.000   1679.000   1068.000   219.000   65.295   11.262
40351.000   1755.000   1058.000   249.000   65.355   11.305
40352.000   1897.000   1121.000   232.000   65.414   11.348
40353.000   1943.000   1183.000   251.000   65.474   11.391
40354.000   2066.000   1240.000   235.000   65.534   11.434
40355.000   2157.000   1249.000   246.000   65.593   11.478
40356.000   2292.000   1303.000   239.000   65.653   11.521
40357.000   2357.000   1381.000   298.000   65.712   11.565
40358.000   2450.000   1415.000   263.000   65.772   11.609
40359.000   2512.000   1480.000   271.000   65.831   11.654
40360.000   2557.000   1541.000   289.000   65.891   11.699
40361.000   2820.000   1511.000   323.000   65.950   11.743
40362.000   2819.000   1662.000   343.000   66.010   11.789
40363.000   2986.000   1750.000   335.000   66.069   11.834
40364.000   3075.000   1821.000   350.000   66.129   11.879
40365.000   3220.000   1821.000   392.000   66.188   11.925
40366.000   3292.000   1835.000   363.000   66.247   11.971
40367.000   3365.000   1954.000   354.000   66.307   12.018
40368.000   3554.000   1995.000   368.000   66.366   12.064
40369.000   3629.000   2092.000   407.000   66.426   12.111
40370.000   3742.000   1956.000   384.000   66.485   12.158
40371.000   3865.000   2140.000   439.000   66.544   12.205
40372.000   3939.000   2247.000   439.000   66.604   12.252
40373.000   4098.000   2213.000   402.000   66.663   12.300
40374.000   4269.000   2210.000   410.000   66.722   12.348
40375.000   4248.000   2249.000   459.000   66.781   12.396
40376.000   4348.000   2362.000   445.000   66.841   12.445
40377.000   4463.000   2341.000   450.000   66.900   12.494
40378.000   4727.000   2409.000   462.000   66.959   12.543
40379.000   4621.000   2360.000   432.000   67.018   12.592
40380.000   4704.000   2426.000   433.000   67.077   12.641
40381.000   4864.000   2405.000   469.000   67.136   12.691
40382.000   4960.000   2524.000   437.000   67.195   12.741
40383.000   5076.000   2486.000   456.000   67.255   12.791
40384.000   5157.000   2577.000   483.000   67.314   12.842
40385.000   5255.000   2565.000   451.000   67.373   12.893
40386.000   5296.000   2574.000   427.000   67.432   12.944
40387.000   5382.000   2572.000   471.000   67.491   12.995
40388.000   5295.000   2553.000   415.000   67.550   13.047
40389.000   5198.000   2550.000   459.000   67.609   13.099
40390.000   5268.000   2523.000   438.000   67.668   13.151
40391.000   5450.000   2428.000   432.000   67.727   13.204
40392.000   5410.000   2509.000   452.000   67.785   13.257
40393.000   5187.000   2468.000   447.000   67.844   13.310
40394.000   5175.000   2416.000   414.000   67.903   13.363
40395.000   5662.000   2464.000   425.000   67.962   13.417
40396.000   6398.000   2693.000   439.000   68.021   13.471
40397.000   6624.000   2782.000   458.000   68.080   13.525
40398.000   6459.000   2645.000   451.000   68.139   13.579
40399.000   6169.000   2620.000   439.000   68.197   13.634
40400.000   5746.000   2535.000   431.000   68.256   13.689
40401.000   5767.000   2461.000   397.000   68.315   13.745
40402.000   5821.000   2340.000   393.000   68.373   13.801
40403.000   6418.000   2536.000   431.000   68.432   13.857
40404.000   6441.000   2537.000   384.000   68.491   13.913
40405.000   6087.000   2359.000   363.000   68.549   13.970
40406.000   5840.000   2182.000   334.000   68.608   14.027
40407.000   6046.000   2132.000   369.000   68.667   14.084
40408.000   5959.000   2114.000   316.000   68.725   14.142
40409.000   6024.000   2131.000   317.000   68.784   14.200
40410.000   6116.000   2112.000   324.000   68.842   14.258
40411.000   6351.000   2112.000   292.000   68.901   14.317
40412.000   7280.000   2133.000   287.000   68.959   14.376
40413.000   6999.000   2147.000   287.000   69.018   14.435
40414.000   6390.000   2002.000   276.000   69.076   14.495
40415.000   6293.000   1886.000   265.000   69.135   14.555
40416.000   6580.000   1878.000   309.000   69.193   14.615
40417.000   6095.000   1824.000   283.000   69.251   14.676
40418.000   6482.000   1847.000   288.000   69.310   14.737
40419.000   6518.000   1839.000   257.000   69.368   14.798
40420.000   6200.000   1791.000   218.000   69.426   14.860
40421.000   6242.000   1773.000   236.000   69.484   14.922
40422.000   6191.000   1644.000   226.000   69.543   14.984
40423.000   6206.000   1668.000   222.000   69.601   15.047
40424.000   6202.000   1582.000   253.000   69.659   15.110
40425.000   6333.000   1561.000   250.000   69.717   15.174
40426.000   5987.000   1463.000   194.000   69.775   15.238
40427.000   5839.000   1475.000   217.000   69.833   15.302
40428.000   5933.000   1417.000   217.000   69.891   15.367
40429.000   5924.000   1444.000   196.000   69.950   15.432
40430.000   5722.000   1391.000   180.000   70.008   15.497
40431.000   6102.000   1403.000   184.000   70.066   15.563
40432.000   5889.000   1359.000   188.000   70.123   15.629
40433.000   5726.000   1428.000   185.000   70.181   15.696
40434.000   5686.000   1364.000   192.000   70.239   15.763
40435.000   5442.000   1272.000   169.000   70.297   15.831
40436.000   5390.000   1228.000   210.000   70.355   15.898
40437.000   5579.000   1268.000   186.000   70.413   15.967
40438.000   5970.000   1332.000   182.000   70.471   16.035
40439.000   6065.000   1321.000   162.000   70.528   16.104
40440.000   6035.000   1352.000   178.000   70.586   16.174
40441.000   6162.000   1342.000   163.000   70.644   16.244
40442.000   6351.000   1284.000   154.000   70.701   16.314
40443.000   6783.000   1308.000   189.000   70.759   16.385
40444.000   5768.000   1276.000   162.000   70.817   16.456
40445.000   5376.000   1129.000   169.000   70.874   16.528
40446.000   5164.000   1171.000   174.000   70.932   16.600
40447.000   5033.000   1134.000   156.000   70.989   16.672
40448.000   4986.000   1080.000   176.000   71.047   16.745
40449.000   5096.000   1164.000   154.000   71.104   16.818
40450.000   4856.000   1100.000   172.000   71.162   16.892
40451.000   5275.000   1165.000   160.000   71.219   16.967
40452.000   4660.000   1050.000   163.000   71.276   17.041
40453.000   4487.000   993.000   171.000   71.334   17.117
40454.000   4641.000   938.000   148.000   71.391   17.192
40455.000   4499.000   989.000   154.000   71.448   17.269
40456.000   4184.000   944.000   156.000   71.505   17.345
40457.000   4015.000   942.000   163.000   71.563   17.422
40458.000   4182.000   911.000   154.000   71.620   17.500
40459.000   3928.000   872.000   170.000   71.677   17.578
40460.000   3822.000   873.000   147.000   71.734   17.657
40461.000   4077.000   864.000   138.000   71.791   17.736
40462.000   3944.000   867.000   147.000   71.848   17.816
40463.000   4150.000   789.000   169.000   71.905   17.896
40464.000   4167.000   791.000   162.000   71.962   17.976
40465.000   4110.000   831.000   155.000   72.019   18.058
40466.000   3946.000   802.000   165.000   72.075   18.139
40467.000   4076.000   830.000   153.000   72.132   18.222
40468.000   3732.000   798.000   177.000   72.189   18.304
40469.000   3827.000   749.000   143.000   72.246   18.388
40470.000   4003.000   830.000   151.000   72.302   18.472
40471.000   4151.000   811.000   157.000   72.359   18.556
40472.000   3908.000   761.000   143.000   72.416   18.641
40473.000   3952.000   745.000   160.000   72.472   18.726
40474.000   3958.000   754.000   151.000   72.529   18.812
40475.000   3736.000   712.000   166.000   72.585   18.899
40476.000   3738.000   780.000   156.000   72.642   18.986
40477.000   4194.000   760.000   145.000   72.698   19.074
40478.000   3955.000   777.000   162.000   72.754   19.162
40479.000   3818.000   747.000   158.000   72.811   19.251
40480.000   3790.000   725.000   131.000   72.867   19.341
40481.000   3717.000   729.000   149.000   72.923   19.431
40482.000   3530.000   687.000   134.000   72.979   19.522
40483.000   3610.000   712.000   157.000   73.036   19.613
40484.000   3240.000   713.000   144.000   73.092   19.705
40485.000   3236.000   716.000   144.000   73.148   19.798
40486.000   3226.000   668.000   156.000   73.204   19.891
40487.000   3165.000   704.000   143.000   73.260   19.985
40488.000   2928.000   700.000   161.000   73.316   20.079
40489.000   2965.000   696.000   130.000   73.371   20.174
40490.000   2916.000   690.000   125.000   73.427   20.270
40491.000   2734.000   696.000   153.000   73.483   20.367
40492.000   2658.000   648.000   149.000   73.539   20.464
40493.000   2616.000   632.000   149.000   73.594   20.561
40494.000   2582.000   668.000   154.000   73.650   20.660
40495.000   2469.000   647.000   140.000   73.706   20.759
40496.000   2552.000   656.000   158.000   73.761   20.859
40497.000   2440.000   624.000   163.000   73.817   20.959
40498.000   2426.000   570.000   167.000   73.872   21.060
40499.000   2456.000   623.000   135.000   73.927   21.162
40500.000   2324.000   590.000   139.000   73.983   21.265
40501.000   2473.000   597.000   169.000   74.038   21.368
40502.000   2510.000   573.000   154.000   74.093   21.472
40503.000   2524.000   598.000   152.000   74.148   21.577
40504.000   2374.000   598.000   153.000   74.203   21.683
40505.000   2284.000   590.000   155.000   74.258   21.789
40506.000   2242.000   585.000   146.000   74.313   21.896
40507.000   2323.000   579.000   141.000   74.368   22.004
40508.000   2282.000   610.000   139.000   74.423   22.112
40509.000   2182.000   613.000   164.000   74.478   22.222
40510.000   2283.000   610.000   151.000   74.533   22.332
40511.000   2284.000   587.000   175.000   74.587   22.443
40512.000   2434.000   658.000   150.000   74.642   22.554
40513.000   2452.000   556.000   163.000   74.697   22.667
40514.000   2448.000   594.000   151.000   74.751   22.780
40515.000   2532.000   610.000   140.000   74.805   22.894
40516.000   2472.000   574.000   140.000   74.860   23.009
40517.000   2314.000   624.000   138.000   74.914   23.125
40518.000   2157.000   656.000   147.000   74.968   23.242
40519.000   2064.000   573.000   151.000   75.023   23.359
40520.000   1952.000   563.000   160.000   75.077   23.478
40521.000   2087.000   585.000   141.000   75.131   23.597
40522.000   1951.000   579.000   136.000   75.185   23.717
40523.000   1970.000   605.000   127.000   75.239   23.838
40524.000   2027.000   579.000   153.000   75.293   23.960
40525.000   2278.000   574.000   146.000   75.346   24.083
40526.000   2176.000   527.000   146.000   75.400   24.207
40527.000   2121.000   587.000   162.000   75.454   24.331
40528.000   2048.000   596.000   162.000   75.507   24.457
40529.000   2003.000   591.000   147.000   75.561   24.584
40530.000   2009.000   591.000   132.000   75.614   24.711
40531.000   1982.000   608.000   159.000   75.668   24.839
40532.000   1831.000   594.000   142.000   75.721   24.969
40533.000   1871.000   623.000   154.000   75.774   25.099
40534.000   1925.000   569.000   145.000   75.827   25.231
40535.000   2009.000   555.000   150.000   75.880   25.363
40536.000   1884.000   552.000   127.000   75.933   25.496
40537.000   1754.000   565.000   145.000   75.986   25.631
40538.000   1675.000   613.000   144.000   76.039   25.766
40539.000   1646.000   550.000   142.000   76.092   25.903
40540.000   1582.000   538.000   134.000   76.144   26.040
40541.000   1614.000   572.000   155.000   76.197   26.179
40542.000   1539.000   568.000   146.000   76.249   26.318
40543.000   1478.000   550.000   176.000   76.302   26.459
40544.000   1535.000   633.000   152.000   76.354   26.601
40545.000   1463.000   602.000   144.000   76.406   26.744
40546.000   1506.000   590.000   153.000   76.458   26.888
40547.000   1432.000   541.000   158.000   76.510   27.033
40548.000   1415.000   555.000   151.000   76.562   27.179
40549.000   1498.000   574.000   159.000   76.614   27.327
40550.000   1428.000   553.000   152.000   76.666   27.475
40551.000   1417.000   571.000   138.000   76.718   27.625
40552.000   1407.000   584.000   147.000   76.769   27.776
40553.000   1371.000   582.000   148.000   76.821   27.928
40554.000   1291.000   573.000   134.000   76.872   28.082
40555.000   1323.000   554.000   150.000   76.924   28.236
40556.000   1361.000   528.000   176.000   76.975   28.392
40557.000   1354.000   556.000   132.000   77.026   28.549
40558.000   1370.000   621.000   153.000   77.077   28.707
40559.000   1319.000   558.000   143.000   77.128   28.867
40560.000   1295.000   578.000   148.000   77.179   29.027
40561.000   1258.000   573.000   145.000   77.229   29.189
40562.000   1314.000   550.000   144.000   77.280   29.353
40563.000   1246.000   566.000   151.000   77.331   29.518
40564.000   1284.000   551.000   139.000   77.381   29.684
40565.000   1323.000   587.000   159.000   77.431   29.851
40566.000   1219.000   580.000   169.000   77.481   30.020
40567.000   1200.000   530.000   142.000   77.531   30.190
40568.000   1249.000   580.000   134.000   77.581   30.361
40569.000   1228.000   535.000   172.000   77.631   30.534
40570.000   1256.000   542.000   193.000   77.681   30.708
40571.000   1196.000   607.000   155.000   77.731   30.884
40572.000   1214.000   579.000   140.000   77.780   31.061
40573.000   1226.000   552.000   135.000   77.829   31.240
40574.000   1256.000   610.000   133.000   77.879   31.420
40575.000   1248.000   555.000   164.000   77.928   31.601
40576.000   1266.000   568.000   160.000   77.977   31.784
40577.000   1283.000   572.000   178.000   78.026   31.969
40578.000   1232.000   552.000   155.000   78.074   32.155
40579.000   1276.000   552.000   135.000   78.123   32.342
40580.000   1193.000   566.000   139.000   78.171   32.532
40581.000   1227.000   604.000   146.000   78.220   32.722
40582.000   1308.000   579.000   148.000   78.268   32.915
40583.000   1188.000   565.000   167.000   78.316   33.108
40584.000   1186.000   587.000   173.000   78.364   33.304
40585.000   1178.000   552.000   180.000   78.412   33.501
40586.000   1186.000   520.000   152.000   78.459   33.700
40587.000   1237.000   571.000   159.000   78.507   33.900
40588.000   1172.000   573.000   143.000   78.554   34.102
40589.000   1167.000   586.000   156.000   78.602   34.306
40590.000   1182.000   603.000   147.000   78.649   34.511
40591.000   1173.000   571.000   163.000   78.696   34.719
40592.000   1158.000   611.000   165.000   78.742   34.927
40593.000   1255.000   554.000   168.000   78.789   35.138
40594.000   1231.000   586.000   171.000   78.835   35.351
40595.000   1276.000   585.000   166.000   78.882   35.565
40596.000   1094.000   602.000   162.000   78.928   35.781
40597.000   1135.000   583.000   133.000   78.974   35.999
40598.000   1220.000   617.000   150.000   79.020   36.218
40599.000   1223.000   645.000   141.000   79.065   36.440
40600.000   1214.000   608.000   145.000   79.111   36.663
40601.000   1171.000   586.000   158.000   79.156   36.889
40602.000   1160.000   603.000   157.000   79.201   37.116
40603.000   1192.000   571.000   121.000   79.246   37.345
40604.000   1249.000   567.000   152.000   79.291   37.576
40605.000   1147.000   584.000   157.000   79.336   37.809
40606.000   1136.000   556.000   153.000   79.380   38.044
40607.000   1122.000   544.000   151.000   79.425   38.281
40608.000   1192.000   586.000   146.000   79.469   38.519
40609.000   1172.000   565.000   137.000   79.513   38.760
40610.000   1121.000   618.000   139.000   79.556   39.003
40611.000   1215.000   628.000   145.000   79.600   39.248
40612.000   1128.000   545.000   145.000   79.643   39.495
40613.000   1177.000   581.000   137.000   79.686   39.745
40614.000   1186.000   601.000   150.000   79.729   39.996
40615.000   1128.000   539.000   144.000   79.772   40.249
40616.000   1144.000   570.000   151.000   79.814   40.505
40617.000   1178.000   590.000   163.000   79.857   40.762
40618.000   1100.000   592.000   151.000   79.899   41.022
40619.000   1190.000   549.000   155.000   79.941   41.284
40620.000   1076.000   618.000   151.000   79.982   41.548
40621.000   1144.000   606.000   153.000   80.024   41.815
40622.000   1159.000   560.000   160.000   80.065   42.083
40623.000   1165.000   595.000   141.000   80.106   42.354
40624.000   1182.000   592.000   157.000   80.147   42.627
40625.000   1175.000   591.000   145.000   80.187   42.903
40626.000   1144.000   583.000   141.000   80.228   43.180
40627.000   1164.000   583.000   165.000   80.268   43.460
40628.000   1166.000   571.000   134.000   80.308   43.743
40629.000   1132.000   599.000   146.000   80.347   44.027
40630.000   1175.000   610.000   150.000   80.387   44.314
40631.000   1170.000   587.000   158.000   80.426   44.604
40632.000   1177.000   634.000   136.000   80.465   44.896
40633.000   1180.000   594.000   148.000   80.503   45.190
40634.000   1111.000   590.000   161.000   80.542   45.486
40635.000   1159.000   591.000   151.000   80.580   45.785
40636.000   1204.000   587.000   149.000   80.618   46.087
40637.000   1209.000   557.000   159.000   80.655   46.390
40638.000   1105.000   568.000   172.000   80.693   46.697
40639.000   1163.000   564.000   146.000   80.730   47.006
40640.000   1121.000   576.000   148.000   80.767   47.317
40641.000   1131.000   555.000   148.000   80.803   47.630
40642.000   1111.000   563.000   138.000   80.839   47.947
40643.000   1124.000   544.000   156.000   80.875   48.265
40644.000   1158.000   587.000   177.000   80.911   48.587
40645.000   1108.000   576.000   131.000   80.946   48.911
40646.000   1166.000   614.000   182.000   80.981   49.237
40647.000   1167.000   595.000   161.000   81.016   49.566
40648.000   1162.000   579.000   137.000   81.051   49.897
40649.000   1158.000   589.000   141.000   81.085   50.231
40650.000   1118.000   570.000   149.000   81.119   50.568
40651.000   1072.000   559.000   154.000   81.152   50.907
40652.000   1176.000   587.000   160.000   81.185   51.249
40653.000   1140.000   579.000   129.000   81.218   51.593
40654.000   1118.000   625.000   145.000   81.251   51.940
40655.000   1138.000   563.000   165.000   81.283   52.289
40656.000   1184.000   565.000   155.000   81.315   52.641
40657.000   1097.000   605.000   160.000   81.347   52.996
40658.000   1141.000   592.000   146.000   81.378   53.353
40659.000   1121.000   627.000   158.000   81.409   53.713
40660.000   1163.000   538.000   158.000   81.439   54.076
40661.000   1159.000   567.000   167.000   81.470   54.441
40662.000   1166.000   588.000   158.000   81.499   54.808
40663.000   1102.000   587.000   181.000   81.529   55.179
40664.000   1142.000   613.000   155.000   81.558   55.552
40665.000   1134.000   582.000   136.000   81.587   55.927
40666.000   1093.000   588.000   152.000   81.615   56.305
40667.000   1117.000   589.000   136.000   81.643   56.685
40668.000   1165.000   559.000   149.000   81.671   57.069
40669.000   1110.000   581.000   137.000   81.698   57.454
40670.000   1057.000   596.000   141.000   81.725   57.842
40671.000   1154.000   579.000   140.000   81.752   58.233
40672.000   1187.000   562.000   145.000   81.778   58.626
40673.000   1120.000   568.000   150.000   81.804   59.022
40674.000   1084.000   553.000   154.000   81.829   59.420
40675.000   1141.000   590.000   161.000   81.854   59.821
40676.000   1159.000   594.000   160.000   81.879   60.224
40677.000   1129.000   534.000   177.000   81.903   60.629
40678.000   1123.000   627.000   149.000   81.927   61.037
40679.000   1133.000   550.000   156.000   81.950   61.448
40680.000   1071.000   612.000   168.000   81.973   61.860
40681.000   1127.000   605.000   163.000   81.995   62.276
40682.000   1154.000   552.000   141.000   82.017   62.693
40683.000   1121.000   577.000   138.000   82.039   63.113
40684.000   1115.000   570.000   134.000   82.060   63.535
40685.000   1123.000   574.000   144.000   82.081   63.959
40686.000   1122.000   587.000   162.000   82.101   64.385
40687.000   1089.000   591.000   148.000   82.121   64.814
40688.000   1103.000   593.000   145.000   82.141   65.245
40689.000   1138.000   609.000   172.000   82.160   65.678
40690.000   1132.000   601.000   141.000   82.178   66.112
40691.000   1119.000   615.000   148.000   82.196   66.549
40692.000   1166.000   620.000   145.000   82.214   66.989
40693.000   1153.000   607.000   162.000   82.231   67.429
40694.000   1134.000   560.000   166.000   82.248   67.872
40695.000   1161.000   587.000   153.000   82.264   68.317
40696.000   1119.000   615.000   159.000   82.280   68.764
40697.000   1068.000   588.000   153.000   82.295   69.212
40698.000   1089.000   579.000   161.000   82.310   69.663
40699.000   1098.000   618.000   157.000   82.324   70.115
40700.000   1117.000   587.000   131.000   82.338   70.568
40701.000   1119.000   579.000   136.000   82.351   71.023
40702.000   1072.000   523.000   154.000   82.364   71.480
40703.000   1119.000   567.000   166.000   82.377   71.938
40704.000   1115.000   563.000   161.000   82.389   72.398
40705.000   1146.000   561.000   160.000   82.400   72.859
40706.000   1146.000   611.000   154.000   82.411   73.322
40707.000   1180.000   557.000   162.000   82.421   73.786
40708.000   1125.000   565.000   158.000   82.431   74.251
40709.000   1066.000   562.000   148.000   82.441   74.717
40710.000   1050.000   656.000   139.000   82.449   75.185
40711.000   1054.000   550.000   151.000   82.458   75.653
40712.000   1128.000   593.000   167.000   82.466   76.123
40713.000   1115.000   587.000   136.000   82.473   76.593
40714.000   1135.000   576.000   155.000   82.480   77.064
40715.000   1094.000   567.000   162.000   82.486   77.536
40716.000   1179.000   571.000   144.000   82.492   78.009
40717.000   1154.000   588.000   166.000   82.497   78.483
40718.000   1124.000   587.000   150.000   82.502   78.957
40719.000   1095.000   576.000   152.000   82.506   79.432
40720.000   1163.000   585.000   135.000   82.510   79.908
40721.000   1162.000   602.000   154.000   82.513   80.383
40722.000   1081.000   598.000   141.000   82.516   80.860
40723.000   1182.000   596.000   135.000   82.518   81.336
40724.000   1088.000   616.000   185.000   82.520   81.813
40725.000   1096.000   582.000   159.000   82.521   82.290
40726.000   1137.000   607.000   135.000   82.522   82.767
