Time range: [ 00:00:-0.000  00:08:41.000 ]
Time range duration: 8.0 min, 41.0 sec
Longitude range: [ 114.0  133.0 ]
-0.000   2656.000   574.000   114.000   56.523   175.172
01.000   2582.000   543.000   133.000   56.584   175.195
02.000   2527.000   537.000   118.000   56.645   175.218
03.000   2532.000   527.000   121.000   56.706   175.241
04.000   2416.000   458.000   129.000   56.767   175.264
05.000   2381.000   565.000   145.000   56.828   175.287
06.000   2199.000   540.000   120.000   56.889   175.310
07.000   2174.000   531.000   115.000   56.950   175.333
08.000   2180.000   543.000   118.000   57.011   175.357
09.000   2059.000   505.000   124.000   57.072   175.380
10.000   1979.000   517.000   124.000   57.133   175.404
11.000   2035.000   478.000   136.000   57.194   175.427
12.000   1959.000   503.000   123.000   57.255   175.451
13.000   1837.000   542.000   122.000   57.316   175.475
14.000   1863.000   483.000   132.000   57.377   175.499
15.000   1716.000   489.000   112.000   57.438   175.523
16.000   1736.000   490.000   125.000   57.499   175.547
17.000   1679.000   504.000   131.000   57.560   175.571
18.000   1606.000   534.000   135.000   57.621   175.595
19.000   1690.000   513.000   120.000   57.682   175.620
20.000   1602.000   466.000   142.000   57.743   175.644
21.000   1611.000   548.000   123.000   57.804   175.669
22.000   1579.000   479.000   128.000   57.865   175.693
23.000   1486.000   495.000   137.000   57.926   175.718
24.000   1568.000   497.000   111.000   57.987   175.743
25.000   1472.000   514.000   112.000   58.047   175.768
26.000   1468.000   483.000   143.000   58.108   175.793
27.000   1458.000   482.000   125.000   58.169   175.818
28.000   1465.000   504.000   143.000   58.230   175.843
29.000   1412.000   479.000   128.000   58.291   175.869
30.000   1406.000   509.000   134.000   58.352   175.894
31.000   1350.000   489.000   118.000   58.413   175.920
32.000   1402.000   480.000   140.000   58.474   175.945
33.000   1371.000   471.000   127.000   58.534   175.971
34.000   1372.000   488.000   139.000   58.595   175.997
35.000   1393.000   499.000   124.000   58.656   176.023
36.000   1413.000   497.000   153.000   58.717   176.049
37.000   1377.000   527.000   134.000   58.778   176.075
38.000   1347.000   546.000   133.000   58.839   176.102
39.000   1281.000   471.000   143.000   58.899   176.128
40.000   1331.000   476.000   136.000   58.960   176.155
41.000   1335.000   475.000   141.000   59.021   176.181
42.000   1304.000   522.000   125.000   59.082   176.208
43.000   1265.000   540.000   133.000   59.142   176.235
44.000   1298.000   527.000   127.000   59.203   176.262
45.000   1241.000   492.000   142.000   59.264   176.289
46.000   1207.000   471.000   120.000   59.325   176.316
47.000   1211.000   496.000   128.000   59.385   176.343
48.000   1194.000   493.000   134.000   59.446   176.371
49.000   1182.000   489.000   134.000   59.507   176.398
50.000   1219.000   506.000   144.000   59.568   176.426
51.000   1168.000   470.000   125.000   59.628   176.453
52.000   1117.000   493.000   143.000   59.689   176.481
53.000   1157.000   536.000   163.000   59.750   176.509
54.000   1204.000   511.000   132.000   59.810   176.537
55.000   1142.000   468.000   143.000   59.871   176.565
56.000   1117.000   504.000   132.000   59.932   176.594
57.000   1079.000   492.000   135.000   59.992   176.622
58.000   1211.000   514.000   133.000   60.053   176.651
59.000   1117.000   525.000   141.000   60.114   176.679
60.000   1150.000   513.000   132.000   60.174   176.708
61.000   1184.000   522.000   118.000   60.235   176.737
62.000   1142.000   521.000   162.000   60.296   176.766
63.000   1146.000   524.000   138.000   60.356   176.795
64.000   1074.000   506.000   144.000   60.417   176.825
65.000   1184.000   508.000   135.000   60.477   176.854
66.000   1078.000   531.000   148.000   60.538   176.884
67.000   1090.000   555.000   147.000   60.598   176.913
68.000   1129.000   535.000   131.000   60.659   176.943
69.000   1144.000   521.000   151.000   60.720   176.973
70.000   1111.000   549.000   143.000   60.780   177.003
71.000   1038.000   513.000   143.000   60.841   177.033
72.000   1097.000   537.000   158.000   60.901   177.063
73.000   1115.000   553.000   161.000   60.962   177.094
74.000   1111.000   539.000   167.000   61.022   177.125
75.000   1073.000   560.000   174.000   61.083   177.155
76.000   1134.000   551.000   165.000   61.143   177.186
77.000   1062.000   571.000   154.000   61.204   177.217
78.000   1102.000   586.000   190.000   61.264   177.248
79.000   1092.000   595.000   157.000   61.324   177.279
80.000   1119.000   619.000   171.000   61.385   177.311
81.000   1190.000   620.000   184.000   61.445   177.342
82.000   1134.000   641.000   215.000   61.506   177.374
83.000   1121.000   652.000   215.000   61.566   177.406
84.000   1083.000   687.000   214.000   61.627   177.438
85.000   1213.000   698.000   204.000   61.687   177.470
86.000   1172.000   753.000   283.000   61.747   177.502
87.000   1204.000   740.000   223.000   61.808   177.534
88.000   1204.000   778.000   239.000   61.868   177.567
89.000   1171.000   808.000   299.000   61.928   177.599
90.000   1161.000   767.000   318.000   61.989   177.632
91.000   1271.000   847.000   313.000   62.049   177.665
92.000   1258.000   919.000   358.000   62.109   177.698
93.000   1301.000   1011.000   375.000   62.170   177.731
94.000   1341.000   1026.000   425.000   62.230   177.765
95.000   1336.000   1075.000   428.000   62.290   177.798
96.000   1432.000   1128.000   458.000   62.351   177.832
97.000   1420.000   1150.000   469.000   62.411   177.866
98.000   1446.000   1314.000   532.000   62.471   177.900
99.000   1413.000   1363.000   535.000   62.531   177.934
100.000   1486.000   1356.000   573.000   62.592   177.968
101.000   1490.000   1432.000   583.000   62.652   178.003
102.000   1534.000   1470.000   630.000   62.712   178.037
103.000   1557.000   1577.000   681.000   62.772   178.072
104.000   1651.000   1659.000   726.000   62.832   178.107
105.000   1715.000   1744.000   741.000   62.893   178.142
106.000   1755.000   1794.000   784.000   62.953   178.177
107.000   1835.000   1944.000   855.000   63.013   178.213
108.000   1878.000   2037.000   854.000   63.073   178.248
109.000   1905.000   2170.000   958.000   63.133   178.284
110.000   1965.000   2283.000   1010.000   63.193   178.320
111.000   1932.000   2347.000   988.000   63.253   178.356
112.000   2062.000   2347.000   1066.000   63.313   178.392
113.000   2154.000   2621.000   1136.000   63.373   178.429
114.000   2191.000   2570.000   1195.000   63.434   178.465
115.000   2311.000   2760.000   1262.000   63.494   178.502
116.000   2398.000   2938.000   1318.000   63.554   178.539
117.000   2428.000   3021.000   1376.000   63.614   178.576
118.000   2467.000   3215.000   1360.000   63.674   178.613
119.000   2493.000   3189.000   1435.000   63.734   178.651
120.000   2598.000   3422.000   1554.000   63.794   178.688
121.000   2641.000   3475.000   1611.000   63.854   178.726
122.000   2733.000   3535.000   1670.000   63.914   178.764
123.000   2879.000   3803.000   1732.000   63.974   178.802
124.000   2874.000   3879.000   1703.000   64.034   178.841
125.000   2944.000   3841.000   1761.000   64.093   178.879
126.000   3263.000   4141.000   1881.000   64.153   178.918
127.000   3195.000   4243.000   1954.000   64.213   178.957
128.000   3360.000   4380.000   1933.000   64.273   178.996
129.000   3402.000   4544.000   2075.000   64.333   179.035
130.000   3635.000   4732.000   2002.000   64.393   179.074
131.000   3668.000   4900.000   2130.000   64.453   179.114
132.000   3725.000   5016.000   2095.000   64.513   179.154
133.000   3940.000   5101.000   2180.000   64.572   179.194
134.000   4073.000   5307.000   2213.000   64.632   179.234
135.000   4071.000   5332.000   2143.000   64.692   179.275
136.000   4257.000   5463.000   2238.000   64.752   179.315
137.000   4273.000   5672.000   2284.000   64.812   179.356
138.000   4579.000   5808.000   2313.000   64.871   179.397
139.000   4759.000   6003.000   2399.000   64.931   179.438
140.000   4805.000   6292.000   2521.000   64.991   179.480
141.000   5060.000   6408.000   2591.000   65.051   179.521
142.000   5235.000   6728.000   2494.000   65.110   179.563
143.000   5509.000   6884.000   2609.000   65.170   179.605
144.000   5727.000   7128.000   2548.000   65.230   179.647
145.000   5756.000   7334.000   2616.000   65.289   179.690
146.000   6081.000   7460.000   2566.000   65.349   179.732
147.000   6179.000   7584.000   2508.000   65.408   179.775
148.000   6289.000   7636.000   2503.000   65.468   179.818
149.000   6352.000   7698.000   2431.000   65.528   179.862
150.000   6844.000   7703.000   2388.000   65.587   179.905
151.000   7127.000   7851.000   2464.000   65.647   179.949
152.000   7334.000   8105.000   2377.000   65.706   179.993
153.000   7461.000   8195.000   2336.000   65.766   -179.963
154.000   7679.000   8163.000   2392.000   65.825   -179.919
155.000   7725.000   8364.000   2277.000   65.885   -179.874
156.000   8294.000   8314.000   2311.000   65.944   -179.829
157.000   8358.000   8295.000   2231.000   66.004   -179.784
158.000   8701.000   8588.000   2143.000   66.063   -179.739
159.000   8997.000   8340.000   2042.000   66.123   -179.693
160.000   9355.000   8492.000   1998.000   66.182   -179.647
161.000   9662.000   8677.000   2082.000   66.241   -179.601
162.000   9917.000   8887.000   2082.000   66.301   -179.555
163.000   10162.000   9227.000   2044.000   66.360   -179.509
164.000   11037.000   9556.000   2117.000   66.420   -179.462
165.000   11394.000   9586.000   2071.000   66.479   -179.415
166.000   11524.000   9631.000   2109.000   66.538   -179.368
167.000   11597.000   9793.000   2206.000   66.597   -179.320
168.000   11588.000   9533.000   2209.000   66.657   -179.273
169.000   11738.000   9860.000   2254.000   66.716   -179.225
170.000   12333.000   9932.000   2294.000   66.775   -179.177
171.000   12549.000   10485.000   2487.000   66.834   -179.128
172.000   13188.000   11151.000   2590.000   66.894   -179.079
173.000   13987.000   11821.000   2668.000   66.953   -179.030
174.000   14829.000   12090.000   2637.000   67.012   -178.981
175.000   16749.000   12719.000   2722.000   67.071   -178.932
176.000   17591.000   12635.000   2716.000   67.130   -178.882
177.000   17551.000   13043.000   2775.000   67.189   -178.832
178.000   16499.000   13430.000   2817.000   67.249   -178.782
179.000   18056.000   14052.000   3082.000   67.308   -178.731
180.000   19603.000   13179.000   2771.000   67.367   -178.680
181.000   17693.000   13350.000   2865.000   67.426   -178.629
182.000   16399.000   13062.000   2807.000   67.485   -178.578
183.000   16887.000   12869.000   2749.000   67.544   -178.526
184.000   16366.000   13009.000   2885.000   67.603   -178.474
185.000   17574.000   12532.000   2815.000   67.662   -178.422
186.000   19438.000   11966.000   2508.000   67.721   -178.370
187.000   21085.000   12053.000   2407.000   67.780   -178.317
188.000   18372.000   12444.000   2570.000   67.838   -178.264
189.000   18415.000   11971.000   2490.000   67.897   -178.211
190.000   20439.000   11636.000   2164.000   67.956   -178.157
191.000   18561.000   11326.000   2119.000   68.015   -178.103
192.000   17864.000   10894.000   2042.000   68.074   -178.049
193.000   18775.000   10656.000   2015.000   68.133   -177.994
194.000   19754.000   10614.000   1818.000   68.191   -177.939
195.000   18337.000   10118.000   1798.000   68.250   -177.884
196.000   18546.000   9795.000   1818.000   68.309   -177.829
197.000   18186.000   9290.000   1729.000   68.368   -177.773
198.000   18629.000   8922.000   1532.000   68.426   -177.717
199.000   19837.000   8790.000   1523.000   68.485   -177.661
200.000   19246.000   8680.000   1443.000   68.544   -177.604
201.000   19578.000   8410.000   1455.000   68.602   -177.547
202.000   19356.000   8331.000   1445.000   68.661   -177.490
203.000   18666.000   8110.000   1368.000   68.719   -177.432
204.000   18620.000   7833.000   1243.000   68.778   -177.374
205.000   17120.000   7516.000   1159.000   68.836   -177.316
206.000   16964.000   7507.000   1172.000   68.895   -177.257
207.000   17044.000   7318.000   1147.000   68.953   -177.198
208.000   18716.000   7296.000   1046.000   69.012   -177.139
209.000   19793.000   7242.000   1055.000   69.070   -177.080
210.000   19389.000   7212.000   975.000   69.129   -177.020
211.000   19367.000   6958.000   1010.000   69.187   -176.959
212.000   19310.000   6994.000   989.000   69.245   -176.899
213.000   18840.000   6827.000   912.000   69.304   -176.838
214.000   18982.000   6502.000   899.000   69.362   -176.776
215.000   18459.000   6435.000   918.000   69.420   -176.715
216.000   17575.000   6447.000   934.000   69.479   -176.653
217.000   16743.000   6080.000   909.000   69.537   -176.590
218.000   15859.000   5927.000   914.000   69.595   -176.527
219.000   15595.000   5545.000   872.000   69.653   -176.464
220.000   15324.000   5361.000   795.000   69.711   -176.401
221.000   14754.000   5035.000   871.000   69.769   -176.337
222.000   14342.000   4781.000   743.000   69.828   -176.272
223.000   13861.000   4749.000   747.000   69.886   -176.208
224.000   13527.000   4566.000   679.000   69.944   -176.143
225.000   13797.000   4600.000   707.000   70.002   -176.077
226.000   13665.000   4466.000   597.000   70.060   -176.012
227.000   12920.000   4112.000   571.000   70.118   -175.945
228.000   13092.000   3961.000   509.000   70.176   -175.879
229.000   12822.000   3789.000   422.000   70.233   -175.812
230.000   12577.000   3498.000   392.000   70.291   -175.744
231.000   12541.000   3153.000   338.000   70.349   -175.677
232.000   12007.000   2794.000   304.000   70.407   -175.609
233.000   10670.000   2554.000   287.000   70.465   -175.540
234.000   10013.000   2387.000   272.000   70.523   -175.471
235.000   9294.000   2204.000   242.000   70.580   -175.401
236.000   9851.000   1978.000   240.000   70.638   -175.332
237.000   8842.000   1789.000   222.000   70.696   -175.261
238.000   8373.000   1714.000   214.000   70.753   -175.191
239.000   7992.000   1569.000   189.000   70.811   -175.119
240.000   7933.000   1611.000   206.000   70.868   -175.048
241.000   7957.000   1500.000   212.000   70.926   -174.976
242.000   8661.000   1456.000   198.000   70.983   -174.903
243.000   9759.000   1395.000   186.000   71.041   -174.831
244.000   10416.000   1511.000   175.000   71.098   -174.757
245.000   9889.000   1210.000   172.000   71.156   -174.683
246.000   9072.000   1182.000   180.000   71.213   -174.609
247.000   8683.000   1113.000   176.000   71.271   -174.534
248.000   7893.000   1109.000   150.000   71.328   -174.459
249.000   7149.000   967.000   164.000   71.385   -174.383
250.000   7072.000   932.000   153.000   71.442   -174.307
251.000   7052.000   872.000   157.000   71.500   -174.231
252.000   6948.000   914.000   149.000   71.557   -174.154
253.000   6671.000   819.000   148.000   71.614   -174.076
254.000   6725.000   815.000   150.000   71.671   -173.998
255.000   6266.000   775.000   149.000   71.728   -173.919
256.000   6738.000   790.000   146.000   71.785   -173.840
257.000   6434.000   783.000   146.000   71.842   -173.761
258.000   6293.000   790.000   140.000   71.899   -173.681
259.000   6951.000   792.000   144.000   71.956   -173.600
260.000   7797.000   811.000   175.000   72.013   -173.519
261.000   8129.000   811.000   144.000   72.070   -173.437
262.000   8373.000   803.000   157.000   72.126   -173.355
263.000   8209.000   757.000   138.000   72.183   -173.272
264.000   10306.000   823.000   154.000   72.240   -173.189
265.000   9906.000   830.000   144.000   72.297   -173.105
266.000   10732.000   854.000   126.000   72.353   -173.021
267.000   10405.000   829.000   118.000   72.410   -172.936
268.000   10821.000   852.000   124.000   72.467   -172.851
269.000   8416.000   779.000   157.000   72.523   -172.765
270.000   8129.000   816.000   149.000   72.580   -172.678
271.000   8515.000   721.000   150.000   72.636   -172.591
272.000   10098.000   789.000   135.000   72.692   -172.503
273.000   15063.000   873.000   131.000   72.749   -172.415
274.000   9661.000   766.000   108.000   72.805   -172.326
275.000   7309.000   742.000   168.000   72.861   -172.237
276.000   6957.000   703.000   146.000   72.918   -172.146
277.000   7676.000   737.000   125.000   72.974   -172.056
278.000   7386.000   677.000   130.000   73.030   -171.964
279.000   8767.000   752.000   122.000   73.086   -171.873
280.000   10357.000   724.000   117.000   73.142   -171.780
281.000   8100.000   716.000   125.000   73.198   -171.687
282.000   6898.000   693.000   154.000   73.254   -171.593
283.000   6167.000   747.000   139.000   73.310   -171.499
284.000   6151.000   705.000   120.000   73.366   -171.404
285.000   5396.000   647.000   139.000   73.422   -171.308
286.000   5379.000   672.000   133.000   73.477   -171.212
287.000   5382.000   626.000   133.000   73.533   -171.115
288.000   5889.000   625.000   136.000   73.589   -171.017
289.000   5602.000   649.000   143.000   73.644   -170.919
290.000   5949.000   668.000   121.000   73.700   -170.819
291.000   7832.000   621.000   107.000   73.755   -170.720
292.000   10415.000   634.000   114.000   73.811   -170.619
293.000   8677.000   660.000   121.000   73.866   -170.518
294.000   8033.000   583.000   134.000   73.922   -170.416
295.000   7880.000   612.000   122.000   73.977   -170.314
296.000   8870.000   624.000   139.000   74.032   -170.211
297.000   9051.000   636.000   114.000   74.088   -170.107
298.000   5760.000   652.000   126.000   74.143   -170.002
299.000   4588.000   629.000   128.000   74.198   -169.896
300.000   8310.000   600.000   127.000   74.253   -169.790
301.000   8264.000   561.000   132.000   74.308   -169.683
302.000   5865.000   579.000   139.000   74.363   -169.576
303.000   5185.000   616.000   130.000   74.418   -169.467
304.000   5247.000   608.000   125.000   74.472   -169.358
305.000   5549.000   600.000   128.000   74.527   -169.248
306.000   5784.000   554.000   101.000   74.582   -169.137
307.000   6061.000   533.000   126.000   74.636   -169.025
308.000   5558.000   568.000   120.000   74.691   -168.913
309.000   5929.000   571.000   141.000   74.746   -168.800
310.000   6245.000   549.000   127.000   74.800   -168.686
311.000   5872.000   555.000   114.000   74.854   -168.571
312.000   4074.000   588.000   153.000   74.909   -168.455
313.000   3834.000   599.000   128.000   74.963   -168.338
314.000   3598.000   556.000   153.000   75.017   -168.221
315.000   3607.000   587.000   162.000   75.071   -168.103
316.000   3566.000   574.000   148.000   75.125   -167.983
317.000   3661.000   586.000   142.000   75.179   -167.863
318.000   3670.000   587.000   140.000   75.233   -167.742
319.000   3582.000   588.000   143.000   75.287   -167.621
320.000   3605.000   611.000   134.000   75.341   -167.498
321.000   3350.000   628.000   146.000   75.395   -167.374
322.000   3198.000   607.000   136.000   75.448   -167.250
323.000   3879.000   584.000   121.000   75.502   -167.124
324.000   4970.000   527.000   117.000   75.555   -166.998
325.000   5358.000   522.000   141.000   75.609   -166.870
326.000   4081.000   557.000   125.000   75.662   -166.742
327.000   3052.000   577.000   141.000   75.715   -166.613
328.000   3440.000   589.000   159.000   75.769   -166.482
329.000   3530.000   638.000   136.000   75.822   -166.351
330.000   3881.000   593.000   124.000   75.875   -166.219
331.000   4423.000   621.000   127.000   75.928   -166.086
332.000   3973.000   582.000   141.000   75.981   -165.951
333.000   3751.000   559.000   139.000   76.034   -165.816
334.000   4074.000   588.000   151.000   76.086   -165.680
335.000   4094.000   553.000   142.000   76.139   -165.542
336.000   4183.000   588.000   134.000   76.192   -165.404
337.000   5982.000   548.000   162.000   76.244   -165.264
338.000   5691.000   502.000   116.000   76.296   -165.123
339.000   4860.000   548.000   127.000   76.349   -164.982
340.000   4858.000   554.000   123.000   76.401   -164.839
341.000   5906.000   559.000   132.000   76.453   -164.695
342.000   5452.000   626.000   145.000   76.505   -164.550
343.000   2940.000   629.000   150.000   76.557   -164.404
344.000   2732.000   586.000   125.000   76.609   -164.257
345.000   2747.000   606.000   144.000   76.661   -164.108
346.000   2703.000   583.000   158.000   76.713   -163.958
347.000   2641.000   587.000   170.000   76.764   -163.808
348.000   2658.000   600.000   124.000   76.816   -163.656
349.000   2781.000   610.000   123.000   76.867   -163.502
350.000   2721.000   573.000   160.000   76.919   -163.348
351.000   2792.000   563.000   144.000   76.970   -163.192
352.000   2583.000   553.000   137.000   77.021   -163.036
353.000   2659.000   628.000   161.000   77.072   -162.877
354.000   2693.000   546.000   136.000   77.123   -162.718
355.000   2870.000   615.000   136.000   77.174   -162.557
356.000   2841.000   598.000   134.000   77.224   -162.395
357.000   2803.000   596.000   125.000   77.275   -162.232
358.000   2683.000   588.000   153.000   77.325   -162.068
359.000   2593.000   603.000   129.000   77.376   -161.902
360.000   2575.000   557.000   149.000   77.426   -161.734
361.000   2610.000   582.000   132.000   77.476   -161.566
362.000   2635.000   626.000   151.000   77.526   -161.396
363.000   2590.000   572.000   159.000   77.576   -161.225
364.000   2658.000   525.000   142.000   77.626   -161.052
365.000   2659.000   643.000   161.000   77.676   -160.878
366.000   2604.000   656.000   154.000   77.726   -160.702
367.000   2698.000   627.000   119.000   77.775   -160.525
368.000   2705.000   605.000   125.000   77.824   -160.347
369.000   2846.000   571.000   148.000   77.874   -160.167
370.000   2778.000   579.000   152.000   77.923   -159.986
371.000   2877.000   596.000   143.000   77.972   -159.803
372.000   2883.000   643.000   121.000   78.021   -159.618
373.000   2823.000   600.000   155.000   78.069   -159.432
374.000   2877.000   600.000   136.000   78.118   -159.245
375.000   2678.000   692.000   135.000   78.167   -159.056
376.000   2843.000   587.000   156.000   78.215   -158.866
377.000   2709.000   656.000   154.000   78.263   -158.673
378.000   2783.000   632.000   151.000   78.311   -158.480
379.000   2711.000   611.000   134.000   78.359   -158.284
380.000   2765.000   600.000   140.000   78.407   -158.087
381.000   2906.000   631.000   151.000   78.455   -157.889
382.000   2903.000   605.000   140.000   78.502   -157.689
383.000   2829.000   628.000   125.000   78.550   -157.487
384.000   2827.000   574.000   150.000   78.597   -157.283
385.000   2920.000   609.000   139.000   78.644   -157.078
386.000   3122.000   648.000   168.000   78.691   -156.871
387.000   3137.000   599.000   136.000   78.738   -156.662
388.000   3187.000   597.000   142.000   78.784   -156.452
389.000   2988.000   574.000   140.000   78.831   -156.239
390.000   2752.000   635.000   136.000   78.877   -156.025
391.000   2707.000   605.000   143.000   78.923   -155.809
392.000   2637.000   559.000   130.000   78.969   -155.592
393.000   2619.000   605.000   131.000   79.015   -155.372
394.000   2611.000   517.000   146.000   79.061   -155.151
395.000   2688.000   576.000   140.000   79.106   -154.928
396.000   2605.000   598.000   123.000   79.152   -154.703
397.000   2598.000   582.000   181.000   79.197   -154.476
398.000   2456.000   589.000   151.000   79.242   -154.247
399.000   2484.000   577.000   128.000   79.287   -154.016
400.000   2478.000   640.000   135.000   79.331   -153.783
401.000   2485.000   559.000   162.000   79.376   -153.549
402.000   2520.000   558.000   153.000   79.420   -153.312
403.000   2508.000   551.000   152.000   79.464   -153.073
404.000   2558.000   609.000   167.000   79.508   -152.832
405.000   2399.000   559.000   153.000   79.552   -152.590
406.000   2516.000   565.000   166.000   79.595   -152.345
407.000   2512.000   580.000   144.000   79.639   -152.098
408.000   2444.000   604.000   154.000   79.682   -151.849
409.000   2439.000   544.000   147.000   79.725   -151.598
410.000   2393.000   575.000   149.000   79.768   -151.345
411.000   2472.000   592.000   139.000   79.810   -151.090
412.000   2556.000   611.000   148.000   79.853   -150.832
413.000   2442.000   572.000   155.000   79.895   -150.573
414.000   2481.000   584.000   136.000   79.937   -150.311
415.000   2360.000   538.000   122.000   79.978   -150.047
416.000   2439.000   579.000   142.000   80.020   -149.781
417.000   2429.000   584.000   151.000   80.061   -149.512
418.000   2289.000   588.000   148.000   80.102   -149.242
419.000   2382.000   596.000   139.000   80.143   -148.969
420.000   2334.000   574.000   149.000   80.184   -148.694
421.000   2382.000   566.000   132.000   80.224   -148.416
422.000   2354.000   604.000   159.000   80.264   -148.136
423.000   2386.000   583.000   147.000   80.304   -147.854
424.000   2404.000   581.000   137.000   80.344   -147.570
425.000   2405.000   571.000   148.000   80.383   -147.283
426.000   2394.000   584.000   148.000   80.422   -146.994
427.000   2398.000   580.000   135.000   80.461   -146.702
428.000   2397.000   545.000   145.000   80.500   -146.408
429.000   2335.000   584.000   140.000   80.538   -146.112
430.000   2329.000   612.000   133.000   80.576   -145.813
431.000   2361.000   569.000   153.000   80.614   -145.512
432.000   2416.000   590.000   153.000   80.652   -145.209
433.000   2326.000   613.000   123.000   80.689   -144.903
434.000   2416.000   587.000   143.000   80.726   -144.594
435.000   2266.000   590.000   173.000   80.763   -144.283
436.000   2379.000   594.000   124.000   80.800   -143.969
437.000   2305.000   580.000   112.000   80.836   -143.653
438.000   2339.000   568.000   154.000   80.872   -143.335
439.000   2289.000   598.000   141.000   80.907   -143.014
440.000   2313.000   574.000   140.000   80.943   -142.690
441.000   2352.000   602.000   155.000   80.978   -142.364
442.000   2291.000   593.000   126.000   81.013   -142.036
443.000   2326.000   593.000   125.000   81.047   -141.704
444.000   2295.000   598.000   157.000   81.081   -141.371
445.000   2338.000   627.000   145.000   81.115   -141.034
446.000   2210.000   567.000   153.000   81.149   -140.695
447.000   2298.000   565.000   141.000   81.182   -140.354
448.000   2244.000   601.000   127.000   81.215   -140.010
449.000   2264.000   500.000   141.000   81.248   -139.663
450.000   2301.000   585.000   159.000   81.280   -139.314
451.000   2340.000   571.000   143.000   81.312   -138.962
452.000   2223.000   553.000   121.000   81.344   -138.608
453.000   2221.000   615.000   137.000   81.375   -138.251
454.000   2167.000   606.000   119.000   81.406   -137.891
455.000   2229.000   583.000   158.000   81.436   -137.529
456.000   2159.000   578.000   145.000   81.467   -137.164
457.000   2167.000   561.000   150.000   81.497   -136.797
458.000   2210.000   592.000   161.000   81.526   -136.427
459.000   2208.000   559.000   141.000   81.555   -136.054
460.000   2248.000   574.000   162.000   81.584   -135.679
461.000   2209.000   553.000   157.000   81.613   -135.301
462.000   2222.000   585.000   158.000   81.641   -134.921
463.000   2180.000   538.000   138.000   81.669   -134.538
464.000   2216.000   583.000   136.000   81.696   -134.153
465.000   2155.000   602.000   144.000   81.723   -133.765
466.000   2216.000   578.000   143.000   81.749   -133.374
467.000   2168.000   572.000   135.000   81.776   -132.981
468.000   2288.000   597.000   140.000   81.802   -132.586
469.000   2145.000   550.000   131.000   81.827   -132.188
470.000   2207.000   582.000   145.000   81.852   -131.787
471.000   2235.000   589.000   152.000   81.877   -131.385
472.000   2175.000   590.000   144.000   81.901   -130.979
473.000   2176.000   572.000   159.000   81.925   -130.571
474.000   2170.000   584.000   142.000   81.948   -130.161
475.000   2147.000   569.000   138.000   81.971   -129.749
476.000   2127.000   606.000   161.000   81.993   -129.334
477.000   2162.000   606.000   143.000   82.015   -128.917
478.000   2135.000   546.000   132.000   82.037   -128.497
479.000   2139.000   607.000   117.000   82.058   -128.076
480.000   2235.000   564.000   155.000   82.079   -127.652
481.000   2153.000   578.000   159.000   82.100   -127.225
482.000   2188.000   561.000   126.000   82.120   -126.797
483.000   2173.000   562.000   153.000   82.139   -126.366
484.000   2123.000   593.000   149.000   82.158   -125.934
485.000   2161.000   582.000   123.000   82.177   -125.499
486.000   2071.000   570.000   136.000   82.195   -125.062
487.000   2078.000   553.000   142.000   82.212   -124.623
488.000   2066.000   527.000   153.000   82.230   -124.182
489.000   2082.000   574.000   148.000   82.246   -123.740
490.000   2070.000   572.000   113.000   82.263   -123.295
491.000   2046.000   589.000   138.000   82.278   -122.848
492.000   2051.000   579.000   129.000   82.294   -122.400
493.000   2044.000   546.000   121.000   82.309   -121.950
494.000   2073.000   578.000   120.000   82.323   -121.498
495.000   2055.000   584.000   140.000   82.337   -121.045
496.000   2001.000   578.000   133.000   82.350   -120.590
497.000   2006.000   623.000   152.000   82.363   -120.133
498.000   2001.000   594.000   139.000   82.376   -119.675
499.000   2035.000   608.000   119.000   82.388   -119.215
500.000   2008.000   596.000   150.000   82.399   -118.754
501.000   1977.000   549.000   130.000   82.410   -118.292
502.000   2087.000   620.000   137.000   82.420   -117.828
503.000   2093.000   554.000   153.000   82.430   -117.363
504.000   2031.000   526.000   170.000   82.440   -116.897
505.000   2039.000   552.000   160.000   82.449   -116.429
506.000   2072.000   562.000   143.000   82.457   -115.961
507.000   2039.000   583.000   130.000   82.465   -115.492
508.000   1961.000   564.000   136.000   82.473   -115.021
509.000   2005.000   598.000   172.000   82.479   -114.550
510.000   2023.000   622.000   140.000   82.486   -114.078
511.000   1986.000   556.000   150.000   82.492   -113.605
512.000   2044.000   584.000   163.000   82.497   -113.131
513.000   1996.000   576.000   151.000   82.502   -112.657
514.000   2036.000   568.000   159.000   82.506   -112.182
515.000   1985.000   604.000   144.000   82.510   -111.707
516.000   1939.000   613.000   137.000   82.513   -111.231
517.000   1936.000   589.000   166.000   82.516   -110.755
518.000   1915.000   580.000   137.000   82.518   -110.278
519.000   1996.000   581.000   147.000   82.520   -109.802
520.000   2081.000   583.000   133.000   82.521   -109.325
521.000   1937.000   576.000   133.000   82.522   -108.848
