Time range: [ 23:34:20.000  23:56:01.000 ]
Time range duration: 21.0 min, 41.0 sec
Longitude range: [ 116.0  208.0 ]
84860.000   997.000   685.000   208.000   -82.517   40.413
84861.000   967.000   663.000   185.000   -82.518   40.886
84862.000   939.000   605.000   219.000   -82.518   41.359
84863.000   939.000   643.000   225.000   -82.517   41.831
84864.000   926.000   611.000   222.000   -82.516   42.304
84865.000   963.000   600.000   224.000   -82.514   42.776
84866.000   1024.000   614.000   227.000   -82.512   43.248
84867.000   950.000   565.000   213.000   -82.509   43.720
84868.000   970.000   587.000   233.000   -82.506   44.192
84869.000   928.000   673.000   230.000   -82.502   44.663
84870.000   926.000   634.000   213.000   -82.498   45.133
84871.000   977.000   640.000   247.000   -82.493   45.603
84872.000   956.000   672.000   206.000   -82.488   46.073
84873.000   946.000   580.000   210.000   -82.482   46.541
84874.000   956.000   673.000   228.000   -82.476   47.009
84875.000   959.000   637.000   239.000   -82.469   47.476
84876.000   953.000   626.000   226.000   -82.462   47.943
84877.000   951.000   622.000   227.000   -82.454   48.408
84878.000   943.000   637.000   198.000   -82.446   48.872
84879.000   934.000   674.000   248.000   -82.437   49.335
84880.000   945.000   639.000   229.000   -82.428   49.798
84881.000   919.000   638.000   242.000   -82.418   50.259
84882.000   924.000   596.000   231.000   -82.407   50.718
84883.000   942.000   674.000   226.000   -82.397   51.177
84884.000   908.000   619.000   263.000   -82.385   51.634
84885.000   895.000   653.000   210.000   -82.374   52.090
84886.000   935.000   675.000   235.000   -82.361   52.544
84887.000   981.000   668.000   219.000   -82.349   52.997
84888.000   973.000   627.000   216.000   -82.336   53.448
84889.000   969.000   619.000   230.000   -82.322   53.898
84890.000   988.000   671.000   233.000   -82.308   54.346
84891.000   940.000   628.000   221.000   -82.293   54.793
84892.000   1004.000   610.000   202.000   -82.278   55.237
84893.000   1016.000   619.000   211.000   -82.263   55.680
84894.000   960.000   635.000   203.000   -82.247   56.121
84895.000   928.000   633.000   234.000   -82.230   56.561
84896.000   931.000   587.000   215.000   -82.213   56.998
84897.000   902.000   634.000   227.000   -82.196   57.434
84898.000   966.000   645.000   236.000   -82.178   57.867
84899.000   1029.000   625.000   237.000   -82.160   58.299
84900.000   966.000   596.000   240.000   -82.141   58.728
84901.000   991.000   667.000   208.000   -82.122   59.156
84902.000   960.000   662.000   220.000   -82.102   59.581
84903.000   914.000   652.000   224.000   -82.082   60.004
84904.000   948.000   635.000   207.000   -82.062   60.425
84905.000   911.000   678.000   218.000   -82.041   60.844
84906.000   1000.000   614.000   250.000   -82.019   61.261
84907.000   966.000   665.000   206.000   -81.998   61.675
84908.000   1023.000   606.000   214.000   -81.975   62.087
84909.000   953.000   641.000   245.000   -81.953   62.497
84910.000   988.000   634.000   224.000   -81.930   62.904
84911.000   991.000   631.000   234.000   -81.906   63.309
84912.000   941.000   655.000   210.000   -81.883   63.712
84913.000   933.000   608.000   214.000   -81.858   64.112
84914.000   994.000   628.000   239.000   -81.834   64.510
84915.000   961.000   652.000   204.000   -81.809   64.906
84916.000   938.000   661.000   224.000   -81.783   65.299
84917.000   926.000   658.000   243.000   -81.758   65.690
84918.000   956.000   627.000   229.000   -81.731   66.078
84919.000   1026.000   648.000   205.000   -81.705   66.463
84920.000   926.000   617.000   231.000   -81.678   66.847
84921.000   968.000   644.000   247.000   -81.651   67.227
84922.000   981.000   626.000   225.000   -81.623   67.606
84923.000   1029.000   662.000   213.000   -81.595   67.981
84924.000   954.000   571.000   210.000   -81.566   68.355
84925.000   1000.000   625.000   220.000   -81.538   68.725
84926.000   1001.000   627.000   222.000   -81.509   69.093
84927.000   1006.000   616.000   205.000   -81.479   69.459
84928.000   990.000   645.000   212.000   -81.449   69.822
84929.000   953.000   621.000   218.000   -81.419   70.182
84930.000   935.000   663.000   223.000   -81.389   70.540
84931.000   881.000   617.000   228.000   -81.358   70.896
84932.000   893.000   624.000   199.000   -81.327   71.249
84933.000   953.000   622.000   229.000   -81.295   71.599
84934.000   957.000   636.000   201.000   -81.263   71.947
84935.000   959.000   660.000   222.000   -81.231   72.292
84936.000   910.000   623.000   229.000   -81.199   72.635
84937.000   970.000   656.000   241.000   -81.166   72.975
84938.000   935.000   633.000   216.000   -81.133   73.312
84939.000   976.000   611.000   277.000   -81.099   73.647
84940.000   963.000   598.000   249.000   -81.066   73.980
84941.000   893.000   644.000   220.000   -81.032   74.310
84942.000   947.000   633.000   241.000   -80.997   74.637
84943.000   902.000   651.000   244.000   -80.963   74.962
84944.000   939.000   630.000   240.000   -80.928   75.285
84945.000   987.000   642.000   224.000   -80.893   75.605
84946.000   924.000   629.000   220.000   -80.857   75.922
84947.000   1015.000   614.000   231.000   -80.822   76.238
84948.000   1009.000   624.000   203.000   -80.785   76.550
84949.000   942.000   609.000   233.000   -80.749   76.860
84950.000   966.000   643.000   227.000   -80.713   77.168
84951.000   952.000   615.000   226.000   -80.676   77.473
84952.000   967.000   602.000   241.000   -80.639   77.776
84953.000   960.000   642.000   251.000   -80.601   78.076
84954.000   1000.000   660.000   213.000   -80.564   78.375
84955.000   956.000   666.000   209.000   -80.526   78.670
84956.000   957.000   650.000   257.000   -80.488   78.963
84957.000   954.000   659.000   232.000   -80.449   79.254
84958.000   954.000   643.000   213.000   -80.411   79.543
84959.000   941.000   626.000   244.000   -80.372   79.829
84960.000   947.000   624.000   218.000   -80.333   80.113
84961.000   957.000   597.000   226.000   -80.293   80.395
84962.000   1012.000   658.000   205.000   -80.254   80.674
84963.000   943.000   652.000   216.000   -80.214   80.951
84964.000   960.000   592.000   214.000   -80.174   81.226
84965.000   972.000   634.000   227.000   -80.134   81.498
84966.000   912.000   615.000   232.000   -80.093   81.769
84967.000   968.000   590.000   236.000   -80.052   82.037
84968.000   961.000   622.000   233.000   -80.011   82.303
84969.000   1030.000   631.000   223.000   -79.970   82.566
84970.000   972.000   647.000   227.000   -79.929   82.828
84971.000   979.000   595.000   227.000   -79.887   83.087
84972.000   966.000   658.000   224.000   -79.845   83.345
84973.000   1004.000   637.000   187.000   -79.803   83.600
84974.000   993.000   656.000   233.000   -79.761   83.853
84975.000   910.000   647.000   240.000   -79.719   84.104
84976.000   973.000   605.000   233.000   -79.676   84.352
84977.000   983.000   630.000   210.000   -79.633   84.599
84978.000   1055.000   650.000   213.000   -79.590   84.844
84979.000   999.000   638.000   220.000   -79.547   85.087
84980.000   1010.000   599.000   239.000   -79.504   85.327
84981.000   996.000   635.000   200.000   -79.460   85.566
84982.000   983.000   638.000   190.000   -79.417   85.803
84983.000   940.000   640.000   222.000   -79.373   86.037
84984.000   984.000   653.000   219.000   -79.329   86.270
84985.000   970.000   664.000   218.000   -79.284   86.501
84986.000   987.000   657.000   228.000   -79.240   86.730
84987.000   993.000   661.000   235.000   -79.195   86.957
84988.000   958.000   614.000   207.000   -79.150   87.182
84989.000   967.000   625.000   218.000   -79.106   87.406
84990.000   958.000   598.000   217.000   -79.060   87.627
84991.000   976.000   621.000   229.000   -79.015   87.847
84992.000   962.000   653.000   234.000   -78.970   88.065
84993.000   990.000   645.000   214.000   -78.924   88.281
84994.000   926.000   621.000   207.000   -78.878   88.495
84995.000   980.000   594.000   245.000   -78.832   88.707
84996.000   946.000   630.000   238.000   -78.786   88.918
84997.000   942.000   681.000   221.000   -78.740   89.127
84998.000   958.000   630.000   240.000   -78.694   89.334
84999.000   938.000   613.000   186.000   -78.647   89.540
85000.000   981.000   624.000   219.000   -78.600   89.744
85001.000   931.000   616.000   210.000   -78.554   89.946
85002.000   974.000   669.000   227.000   -78.507   90.146
85003.000   970.000   604.000   196.000   -78.459   90.345
85004.000   936.000   624.000   209.000   -78.412   90.542
85005.000   948.000   642.000   232.000   -78.365   90.738
85006.000   999.000   609.000   234.000   -78.317   90.932
85007.000   974.000   628.000   222.000   -78.270   91.124
85008.000   1017.000   637.000   242.000   -78.222   91.315
85009.000   964.000   602.000   231.000   -78.174   91.505
85010.000   923.000   611.000   238.000   -78.126   91.692
85011.000   929.000   649.000   226.000   -78.078   91.879
85012.000   1019.000   590.000   213.000   -78.029   92.063
85013.000   988.000   617.000   215.000   -77.981   92.247
85014.000   950.000   602.000   222.000   -77.932   92.428
85015.000   969.000   595.000   237.000   -77.884   92.609
85016.000   989.000   600.000   236.000   -77.835   92.787
85017.000   985.000   643.000   211.000   -77.786   92.965
85018.000   983.000   598.000   194.000   -77.737   93.141
85019.000   985.000   618.000   226.000   -77.688   93.315
85020.000   1037.000   627.000   220.000   -77.638   93.488
85021.000   973.000   658.000   236.000   -77.589   93.660
85022.000   954.000   641.000   194.000   -77.539   93.831
85023.000   1040.000   645.000   207.000   -77.490   94.000
85024.000   979.000   603.000   224.000   -77.440   94.167
85025.000   984.000   600.000   245.000   -77.390   94.334
85026.000   1046.000   603.000   233.000   -77.340   94.499
85027.000   990.000   658.000   207.000   -77.290   94.662
85028.000   983.000   633.000   239.000   -77.240   94.825
85029.000   1017.000   608.000   198.000   -77.190   94.986
85030.000   963.000   603.000   242.000   -77.139   95.146
85031.000   1014.000   592.000   214.000   -77.089   95.304
85032.000   952.000   656.000   220.000   -77.038   95.462
85033.000   979.000   655.000   220.000   -76.988   95.618
85034.000   1020.000   639.000   248.000   -76.937   95.773
85035.000   1014.000   617.000   187.000   -76.886   95.926
85036.000   940.000   645.000   217.000   -76.835   96.079
85037.000   989.000   662.000   227.000   -76.784   96.230
85038.000   992.000   699.000   232.000   -76.733   96.380
85039.000   993.000   630.000   205.000   -76.681   96.529
85040.000   987.000   602.000   224.000   -76.630   96.677
85041.000   1008.000   623.000   229.000   -76.579   96.824
85042.000   962.000   634.000   202.000   -76.527   96.969
85043.000   1019.000   630.000   203.000   -76.476   97.114
85044.000   968.000   649.000   221.000   -76.424   97.257
85045.000   991.000   622.000   218.000   -76.372   97.399
85046.000   1037.000   597.000   214.000   -76.320   97.541
85047.000   1041.000   633.000   211.000   -76.268   97.681
85048.000   962.000   605.000   206.000   -76.216   97.820
85049.000   981.000   634.000   220.000   -76.164   97.958
85050.000   992.000   620.000   225.000   -76.112   98.094
85051.000   1037.000   590.000   233.000   -76.060   98.230
85052.000   989.000   604.000   234.000   -76.007   98.365
85053.000   976.000   648.000   222.000   -75.955   98.499
85054.000   1020.000   561.000   230.000   -75.902   98.632
85055.000   1062.000   627.000   228.000   -75.850   98.764
85056.000   992.000   627.000   214.000   -75.797   98.894
85057.000   1036.000   610.000   227.000   -75.744   99.024
85058.000   1068.000   598.000   189.000   -75.692   99.153
85059.000   1040.000   682.000   206.000   -75.639   99.281
85060.000   1075.000   625.000   249.000   -75.586   99.408
85061.000   1067.000   641.000   232.000   -75.533   99.534
85062.000   1035.000   614.000   219.000   -75.479   99.659
85063.000   1018.000   626.000   230.000   -75.426   99.783
85064.000   1051.000   685.000   236.000   -75.373   99.907
85065.000   1042.000   650.000   204.000   -75.320   100.029
85066.000   972.000   639.000   223.000   -75.266   100.150
85067.000   1037.000   676.000   217.000   -75.213   100.271
85068.000   1021.000   693.000   221.000   -75.159   100.391
85069.000   1072.000   625.000   248.000   -75.106   100.510
85070.000   1047.000   627.000   226.000   -75.052   100.627
85071.000   1075.000   671.000   237.000   -74.998   100.745
85072.000   1002.000   656.000   205.000   -74.945   100.861
85073.000   1052.000   641.000   192.000   -74.891   100.976
85074.000   1029.000   628.000   217.000   -74.837   101.091
85075.000   1039.000   661.000   204.000   -74.783   101.205
85076.000   1033.000   641.000   223.000   -74.729   101.318
85077.000   1030.000   605.000   234.000   -74.675   101.430
85078.000   1057.000   610.000   226.000   -74.621   101.541
85079.000   1065.000   666.000   194.000   -74.566   101.652
85080.000   1003.000   658.000   216.000   -74.512   101.762
85081.000   1021.000   630.000   229.000   -74.458   101.871
85082.000   1068.000   611.000   239.000   -74.403   101.979
85083.000   1001.000   603.000   225.000   -74.349   102.086
85084.000   1034.000   636.000   243.000   -74.294   102.193
85085.000   1058.000   697.000   234.000   -74.240   102.299
85086.000   1045.000   640.000   212.000   -74.185   102.404
85087.000   1040.000   625.000   206.000   -74.131   102.509
85088.000   1124.000   625.000   207.000   -74.076   102.613
85089.000   1057.000   630.000   214.000   -74.021   102.716
85090.000   998.000   633.000   223.000   -73.966   102.818
85091.000   1101.000   616.000   206.000   -73.911   102.920
85092.000   1033.000   642.000   218.000   -73.856   103.021
85093.000   1029.000   650.000   231.000   -73.801   103.121
85094.000   1050.000   644.000   227.000   -73.746   103.220
85095.000   1022.000   656.000   230.000   -73.691   103.319
85096.000   1056.000   624.000   243.000   -73.636   103.418
85097.000   1067.000   668.000   223.000   -73.581   103.515
85098.000   1052.000   630.000   254.000   -73.526   103.612
85099.000   1068.000   626.000   216.000   -73.470   103.708
85100.000   1079.000   675.000   232.000   -73.415   103.804
85101.000   1066.000   618.000   214.000   -73.360   103.899
85102.000   1051.000   637.000   231.000   -73.304   103.993
85103.000   1042.000   585.000   201.000   -73.249   104.087
85104.000   1092.000   619.000   213.000   -73.193   104.180
85105.000   1036.000   644.000   237.000   -73.138   104.272
85106.000   1053.000   653.000   227.000   -73.082   104.364
85107.000   1014.000   603.000   213.000   -73.026   104.455
85108.000   1036.000   630.000   228.000   -72.971   104.546
85109.000   1073.000   659.000   227.000   -72.915   104.636
85110.000   1095.000   603.000   230.000   -72.859   104.725
85111.000   1076.000   645.000   212.000   -72.803   104.814
85112.000   1131.000   615.000   217.000   -72.747   104.902
85113.000   1049.000   596.000   199.000   -72.691   104.990
85114.000   1042.000   667.000   226.000   -72.635   105.077
85115.000   1008.000   634.000   223.000   -72.579   105.163
85116.000   1079.000   653.000   218.000   -72.523   105.249
85117.000   1058.000   638.000   198.000   -72.467   105.335
85118.000   1033.000   666.000   213.000   -72.411   105.419
85119.000   1102.000   616.000   217.000   -72.355   105.504
85120.000   1087.000   575.000   216.000   -72.299   105.587
85121.000   1089.000   659.000   202.000   -72.242   105.671
85122.000   1069.000   660.000   202.000   -72.186   105.753
85123.000   1040.000   643.000   214.000   -72.130   105.836
85124.000   1076.000   623.000   224.000   -72.073   105.917
85125.000   1053.000   611.000   214.000   -72.017   105.998
85126.000   1151.000   630.000   210.000   -71.961   106.079
85127.000   1063.000   668.000   227.000   -71.904   106.159
85128.000   1105.000   678.000   213.000   -71.848   106.238
85129.000   1093.000   606.000   209.000   -71.791   106.317
85130.000   1128.000   617.000   211.000   -71.734   106.396
85131.000   1125.000   620.000   201.000   -71.678   106.474
85132.000   1051.000   641.000   218.000   -71.621   106.552
85133.000   1104.000   646.000   226.000   -71.564   106.629
85134.000   1077.000   625.000   201.000   -71.508   106.705
85135.000   1052.000   639.000   229.000   -71.451   106.782
85136.000   1080.000   597.000   239.000   -71.394   106.857
85137.000   1109.000   670.000   227.000   -71.337   106.932
85138.000   1028.000   612.000   206.000   -71.280   107.007
85139.000   1107.000   638.000   207.000   -71.223   107.081
85140.000   1056.000   656.000   218.000   -71.166   107.155
85141.000   1105.000   618.000   240.000   -71.110   107.229
85142.000   1094.000   637.000   236.000   -71.053   107.302
85143.000   1040.000   630.000   225.000   -70.995   107.374
85144.000   1072.000   599.000   214.000   -70.938   107.446
85145.000   1067.000   634.000   212.000   -70.881   107.518
85146.000   1025.000   646.000   221.000   -70.824   107.589
85147.000   1039.000   617.000   207.000   -70.767   107.660
85148.000   1076.000   623.000   192.000   -70.710   107.730
85149.000   1074.000   602.000   224.000   -70.653   107.800
85150.000   1082.000   679.000   206.000   -70.595   107.869
85151.000   1115.000   635.000   228.000   -70.538   107.938
85152.000   1104.000   675.000   237.000   -70.481   108.007
85153.000   1108.000   627.000   213.000   -70.423   108.075
85154.000   1090.000   637.000   207.000   -70.366   108.143
85155.000   1057.000   650.000   227.000   -70.309   108.210
85156.000   1060.000   629.000   214.000   -70.251   108.277
85157.000   1115.000   659.000   218.000   -70.194   108.344
85158.000   1116.000   582.000   218.000   -70.136   108.410
85159.000   1089.000   635.000   236.000   -70.079   108.476
85160.000   1074.000   625.000   233.000   -70.021   108.541
85161.000   1107.000   617.000   202.000   -69.964   108.607
85162.000   1110.000   655.000   222.000   -69.906   108.671
85163.000   1055.000   604.000   210.000   -69.848   108.736
85164.000   1076.000   645.000   232.000   -69.791   108.799
85165.000   1045.000   659.000   212.000   -69.733   108.863
85166.000   1068.000   574.000   228.000   -69.675   108.926
85167.000   1086.000   592.000   194.000   -69.617   108.989
85168.000   1124.000   607.000   196.000   -69.560   109.052
85169.000   1098.000   587.000   217.000   -69.502   109.114
85170.000   1146.000   628.000   216.000   -69.444   109.175
85171.000   1100.000   627.000   205.000   -69.386   109.237
85172.000   1070.000   574.000   199.000   -69.328   109.298
85173.000   1095.000   641.000   205.000   -69.271   109.359
85174.000   1154.000   632.000   215.000   -69.213   109.419
85175.000   1141.000   666.000   231.000   -69.155   109.479
85176.000   1120.000   648.000   200.000   -69.097   109.539
85177.000   1087.000   564.000   228.000   -69.039   109.598
85178.000   1062.000   596.000   239.000   -68.981   109.657
85179.000   1148.000   616.000   213.000   -68.923   109.716
85180.000   1157.000   591.000   206.000   -68.865   109.774
85181.000   1096.000   665.000   234.000   -68.806   109.832
85182.000   1115.000   573.000   198.000   -68.748   109.890
85183.000   1140.000   592.000   206.000   -68.690   109.947
85184.000   1103.000   641.000   237.000   -68.632   110.004
85185.000   1113.000   606.000   229.000   -68.574   110.061
85186.000   1113.000   621.000   200.000   -68.516   110.117
85187.000   1060.000   605.000   207.000   -68.457   110.174
85188.000   1091.000   603.000   218.000   -68.399   110.229
85189.000   1118.000   631.000   211.000   -68.341   110.285
85190.000   1131.000   659.000   196.000   -68.283   110.340
85191.000   1058.000   607.000   226.000   -68.224   110.395
85192.000   1096.000   681.000   205.000   -68.166   110.450
85193.000   1053.000   647.000   203.000   -68.108   110.504
85194.000   1130.000   576.000   230.000   -68.049   110.558
85195.000   1078.000   636.000   183.000   -67.991   110.612
85196.000   1111.000   660.000   225.000   -67.932   110.665
85197.000   1088.000   631.000   206.000   -67.874   110.718
85198.000   1099.000   627.000   198.000   -67.816   110.771
85199.000   1091.000   577.000   244.000   -67.757   110.824
85200.000   1164.000   593.000   214.000   -67.699   110.876
85201.000   1115.000   622.000   190.000   -67.640   110.928
85202.000   1082.000   642.000   215.000   -67.582   110.980
85203.000   1046.000   622.000   216.000   -67.523   111.031
85204.000   1201.000   653.000   199.000   -67.464   111.082
85205.000   1126.000   649.000   209.000   -67.406   111.133
85206.000   1114.000   635.000   214.000   -67.347   111.184
85207.000   1159.000   637.000   231.000   -67.288   111.234
85208.000   1105.000   622.000   214.000   -67.230   111.284
85209.000   1118.000   647.000   184.000   -67.171   111.334
85210.000   1153.000   607.000   203.000   -67.112   111.384
85211.000   1153.000   637.000   188.000   -67.054   111.433
85212.000   1078.000   644.000   214.000   -66.995   111.482
85213.000   1096.000   598.000   217.000   -66.936   111.531
85214.000   1159.000   661.000   219.000   -66.877   111.579
85215.000   1243.000   645.000   232.000   -66.819   111.628
85216.000   1148.000   638.000   198.000   -66.760   111.676
85217.000   1138.000   599.000   223.000   -66.701   111.723
85218.000   1124.000   680.000   205.000   -66.642   111.771
85219.000   1113.000   607.000   217.000   -66.583   111.818
85220.000   1100.000   580.000   216.000   -66.524   111.865
85221.000   1175.000   610.000   197.000   -66.466   111.912
85222.000   1109.000   624.000   209.000   -66.407   111.959
85223.000   1110.000   633.000   209.000   -66.348   112.005
85224.000   1090.000   602.000   215.000   -66.289   112.051
85225.000   1107.000   611.000   192.000   -66.230   112.097
85226.000   1154.000   616.000   191.000   -66.171   112.143
85227.000   1141.000   609.000   215.000   -66.112   112.188
85228.000   1134.000   666.000   251.000   -66.053   112.233
85229.000   1159.000   641.000   204.000   -65.994   112.278
85230.000   1094.000   615.000   233.000   -65.935   112.323
85231.000   1135.000   660.000   213.000   -65.876   112.368
85232.000   1195.000   591.000   232.000   -65.817   112.412
85233.000   1130.000   608.000   182.000   -65.757   112.456
85234.000   1094.000   601.000   202.000   -65.698   112.500
85235.000   1076.000   650.000   194.000   -65.639   112.543
85236.000   1143.000   623.000   190.000   -65.580   112.587
85237.000   1169.000   612.000   231.000   -65.521   112.630
85238.000   1146.000   612.000   211.000   -65.462   112.673
85239.000   1177.000   661.000   207.000   -65.403   112.716
85240.000   1171.000   635.000   216.000   -65.343   112.758
85241.000   1085.000   697.000   230.000   -65.284   112.801
85242.000   1167.000   610.000   207.000   -65.225   112.843
85243.000   1101.000   584.000   217.000   -65.166   112.885
85244.000   1237.000   644.000   237.000   -65.106   112.926
85245.000   1165.000   636.000   203.000   -65.047   112.968
85246.000   1124.000   655.000   207.000   -64.988   113.009
85247.000   1114.000   625.000   190.000   -64.928   113.050
85248.000   1221.000   593.000   221.000   -64.869   113.091
85249.000   1148.000   665.000   192.000   -64.810   113.132
85250.000   1165.000   642.000   223.000   -64.750   113.173
85251.000   1151.000   608.000   214.000   -64.691   113.213
85252.000   1207.000   595.000   224.000   -64.632   113.253
85253.000   1133.000   660.000   223.000   -64.572   113.293
85254.000   1167.000   606.000   212.000   -64.513   113.333
85255.000   1155.000   613.000   201.000   -64.453   113.372
85256.000   1208.000   636.000   205.000   -64.394   113.412
85257.000   1179.000   616.000   205.000   -64.335   113.451
85258.000   1172.000   627.000   202.000   -64.275   113.490
85259.000   1163.000   640.000   228.000   -64.216   113.529
85260.000   1171.000   644.000   208.000   -64.156   113.567
85261.000   1165.000   648.000   221.000   -64.097   113.606
85262.000   1162.000   657.000   214.000   -64.037   113.644
85263.000   1209.000   608.000   201.000   -63.978   113.682
85264.000   1199.000   603.000   222.000   -63.918   113.720
85265.000   1166.000   611.000   217.000   -63.858   113.758
85266.000   1212.000   606.000   226.000   -63.799   113.795
85267.000   1135.000   691.000   219.000   -63.739   113.833
85268.000   1137.000   632.000   205.000   -63.680   113.870
85269.000   1118.000   646.000   191.000   -63.620   113.907
85270.000   1171.000   629.000   215.000   -63.560   113.944
85271.000   1272.000   622.000   196.000   -63.501   113.980
85272.000   1214.000   635.000   176.000   -63.441   114.017
85273.000   1197.000   641.000   196.000   -63.381   114.053
85274.000   1178.000   687.000   216.000   -63.322   114.089
85275.000   1226.000   603.000   196.000   -63.262   114.125
85276.000   1235.000   626.000   191.000   -63.202   114.161
85277.000   1202.000   592.000   226.000   -63.143   114.197
85278.000   1180.000   619.000   196.000   -63.083   114.232
85279.000   1292.000   629.000   220.000   -63.023   114.268
85280.000   1284.000   619.000   198.000   -62.963   114.303
85281.000   1244.000   633.000   203.000   -62.904   114.338
85282.000   1238.000   643.000   219.000   -62.844   114.373
85283.000   1271.000   608.000   221.000   -62.784   114.408
85284.000   1301.000   583.000   229.000   -62.724   114.442
85285.000   1201.000   655.000   234.000   -62.665   114.477
85286.000   1279.000   605.000   220.000   -62.605   114.511
85287.000   1272.000   679.000   206.000   -62.545   114.545
85288.000   1258.000   665.000   210.000   -62.485   114.579
85289.000   1257.000   651.000   195.000   -62.425   114.613
85290.000   1238.000   620.000   223.000   -62.365   114.646
85291.000   1220.000   626.000   214.000   -62.305   114.680
85292.000   1282.000   653.000   200.000   -62.246   114.713
85293.000   1302.000   586.000   222.000   -62.186   114.746
85294.000   1198.000   600.000   206.000   -62.126   114.779
85295.000   1242.000   604.000   202.000   -62.066   114.812
85296.000   1264.000   616.000   233.000   -62.006   114.845
85297.000   1292.000   624.000   224.000   -61.946   114.878
85298.000   1185.000   619.000   221.000   -61.886   114.910
85299.000   1270.000   598.000   201.000   -61.826   114.942
85300.000   1286.000   618.000   203.000   -61.766   114.975
85301.000   1256.000   630.000   248.000   -61.706   115.007
85302.000   1191.000   652.000   207.000   -61.646   115.039
85303.000   1209.000   599.000   198.000   -61.586   115.070
85304.000   1182.000   621.000   190.000   -61.526   115.102
85305.000   1202.000   663.000   221.000   -61.466   115.133
85306.000   1177.000   636.000   217.000   -61.406   115.165
85307.000   1235.000   597.000   203.000   -61.346   115.196
85308.000   1318.000   578.000   189.000   -61.286   115.227
85309.000   1319.000   617.000   206.000   -61.226   115.258
85310.000   1231.000   610.000   204.000   -61.166   115.289
85311.000   1204.000   607.000   196.000   -61.106   115.320
85312.000   1315.000   660.000   213.000   -61.046   115.350
85313.000   1264.000   581.000   203.000   -60.986   115.380
85314.000   1282.000   611.000   204.000   -60.925   115.411
85315.000   1247.000   615.000   212.000   -60.865   115.441
85316.000   1280.000   701.000   219.000   -60.805   115.471
85317.000   1330.000   641.000   214.000   -60.745   115.501
85318.000   1284.000   657.000   218.000   -60.685   115.531
85319.000   1344.000   618.000   188.000   -60.625   115.560
85320.000   1428.000   610.000   208.000   -60.565   115.590
85321.000   1347.000   619.000   193.000   -60.504   115.619
85322.000   1323.000   587.000   207.000   -60.444   115.648
85323.000   1376.000   629.000   213.000   -60.384   115.678
85324.000   1240.000   638.000   221.000   -60.324   115.707
85325.000   1293.000   613.000   215.000   -60.264   115.736
85326.000   1328.000   665.000   196.000   -60.203   115.764
85327.000   1364.000   608.000   191.000   -60.143   115.793
85328.000   1327.000   628.000   213.000   -60.083   115.822
85329.000   1332.000   635.000   216.000   -60.023   115.850
85330.000   1359.000   636.000   207.000   -59.962   115.878
85331.000   1458.000   623.000   212.000   -59.902   115.906
85332.000   1522.000   627.000   225.000   -59.842   115.935
85333.000   1642.000   606.000   199.000   -59.782   115.962
85334.000   1516.000   610.000   222.000   -59.721   115.990
85335.000   1754.000   640.000   216.000   -59.661   116.018
85336.000   1757.000   623.000   200.000   -59.601   116.046
85337.000   1788.000   665.000   227.000   -59.540   116.073
85338.000   1701.000   650.000   178.000   -59.480   116.101
85339.000   1834.000   647.000   194.000   -59.420   116.128
85340.000   1789.000   593.000   212.000   -59.359   116.155
85341.000   1906.000   621.000   210.000   -59.299   116.182
85342.000   1595.000   629.000   219.000   -59.239   116.209
85343.000   1581.000   607.000   193.000   -59.178   116.236
85344.000   1560.000   666.000   195.000   -59.118   116.263
85345.000   1643.000   638.000   217.000   -59.057   116.289
85346.000   1783.000   660.000   207.000   -58.997   116.316
85347.000   1836.000   620.000   186.000   -58.937   116.342
85348.000   1932.000   621.000   225.000   -58.876   116.368
85349.000   1883.000   582.000   194.000   -58.816   116.395
85350.000   1535.000   624.000   187.000   -58.755   116.421
85351.000   1561.000   662.000   208.000   -58.695   116.447
85352.000   1662.000   657.000   246.000   -58.634   116.472
85353.000   1568.000   627.000   219.000   -58.574   116.498
85354.000   1579.000   595.000   185.000   -58.513   116.524
85355.000   1935.000   651.000   193.000   -58.453   116.549
85356.000   2087.000   638.000   216.000   -58.392   116.575
85357.000   2040.000   618.000   187.000   -58.332   116.600
85358.000   2225.000   585.000   214.000   -58.272   116.626
85359.000   1981.000   602.000   200.000   -58.211   116.651
85360.000   1858.000   603.000   179.000   -58.150   116.676
85361.000   1810.000   610.000   194.000   -58.090   116.701
85362.000   2138.000   619.000   214.000   -58.029   116.726
85363.000   1895.000   645.000   194.000   -57.969   116.750
85364.000   2026.000   619.000   215.000   -57.908   116.775
85365.000   1750.000   608.000   201.000   -57.848   116.800
85366.000   1515.000   598.000   191.000   -57.787   116.824
85367.000   1607.000   641.000   213.000   -57.727   116.849
85368.000   1670.000   644.000   193.000   -57.666   116.873
85369.000   1788.000   581.000   206.000   -57.606   116.897
85370.000   1670.000   634.000   186.000   -57.545   116.921
85371.000   1750.000   628.000   216.000   -57.484   116.945
85372.000   2021.000   617.000   180.000   -57.424   116.969
85373.000   2716.000   563.000   202.000   -57.363   116.993
85374.000   2153.000   580.000   182.000   -57.303   117.017
85375.000   2041.000   603.000   194.000   -57.242   117.040
85376.000   2029.000   591.000   191.000   -57.181   117.064
85377.000   2058.000   600.000   198.000   -57.121   117.087
85378.000   2096.000   617.000   222.000   -57.060   117.111
85379.000   1898.000   644.000   210.000   -56.999   117.134
85380.000   1768.000   675.000   202.000   -56.939   117.157
85381.000   1764.000   620.000   212.000   -56.878   117.180
85382.000   1735.000   650.000   229.000   -56.817   117.203
85383.000   2179.000   605.000   212.000   -56.757   117.226
85384.000   2067.000   580.000   201.000   -56.696   117.249
85385.000   1810.000   592.000   210.000   -56.635   117.272
85386.000   1735.000   623.000   187.000   -56.575   117.294
85387.000   1644.000   692.000   197.000   -56.514   117.317
85388.000   1739.000   642.000   210.000   -56.453   117.339
85389.000   2024.000   633.000   203.000   -56.392   117.362
85390.000   1957.000   619.000   199.000   -56.332   117.384
85391.000   2043.000   634.000   209.000   -56.271   117.406
85392.000   1936.000   631.000   184.000   -56.210   117.429
85393.000   1979.000   625.000   175.000   -56.149   117.451
85394.000   1896.000   622.000   191.000   -56.089   117.473
85395.000   1763.000   659.000   189.000   -56.028   117.495
85396.000   1825.000   627.000   202.000   -55.967   117.516
85397.000   1841.000   599.000   221.000   -55.906   117.538
85398.000   1796.000   574.000   202.000   -55.846   117.560
85399.000   1772.000   636.000   197.000   -55.785   117.581
85400.000   1822.000   665.000   199.000   -55.724   117.603
85401.000   1693.000   664.000   211.000   -55.663   117.624
85402.000   2073.000   677.000   175.000   -55.602   117.646
85403.000   2089.000   707.000   193.000   -55.542   117.667
85404.000   2419.000   616.000   201.000   -55.481   117.688
85405.000   2144.000   633.000   184.000   -55.420   117.709
85406.000   2060.000   642.000   189.000   -55.359   117.730
85407.000   1906.000   628.000   202.000   -55.298   117.751
85408.000   2132.000   609.000   193.000   -55.237   117.772
85409.000   2045.000   638.000   209.000   -55.177   117.793
85410.000   1966.000   659.000   193.000   -55.116   117.814
85411.000   1937.000   685.000   204.000   -55.055   117.834
85412.000   2117.000   651.000   201.000   -54.994   117.855
85413.000   2020.000   719.000   223.000   -54.933   117.875
85414.000   1985.000   669.000   208.000   -54.872   117.896
85415.000   2124.000   613.000   208.000   -54.811   117.916
85416.000   2032.000   698.000   220.000   -54.750   117.936
85417.000   1913.000   610.000   217.000   -54.690   117.957
85418.000   2096.000   720.000   193.000   -54.629   117.977
85419.000   2126.000   675.000   178.000   -54.568   117.997
85420.000   2266.000   665.000   212.000   -54.507   118.017
85421.000   2199.000   713.000   200.000   -54.446   118.037
85422.000   2212.000   694.000   217.000   -54.385   118.057
85423.000   2336.000   730.000   228.000   -54.324   118.076
85424.000   2716.000   689.000   209.000   -54.263   118.096
85425.000   2939.000   721.000   205.000   -54.202   118.116
85426.000   3366.000   751.000   188.000   -54.141   118.135
85427.000   3478.000   774.000   196.000   -54.080   118.155
85428.000   3622.000   745.000   199.000   -54.019   118.174
85429.000   4169.000   766.000   198.000   -53.958   118.194
85430.000   4762.000   874.000   243.000   -53.897   118.213
85431.000   5148.000   915.000   213.000   -53.836   118.232
85432.000   6106.000   988.000   181.000   -53.775   118.251
85433.000   6219.000   972.000   213.000   -53.714   118.270
85434.000   5456.000   947.000   190.000   -53.653   118.289
85435.000   5898.000   987.000   220.000   -53.592   118.308
85436.000   5899.000   987.000   200.000   -53.531   118.327
85437.000   5932.000   990.000   199.000   -53.470   118.346
85438.000   5471.000   989.000   194.000   -53.409   118.365
85439.000   6195.000   1076.000   196.000   -53.348   118.384
85440.000   5504.000   1091.000   245.000   -53.287   118.402
85441.000   5853.000   1156.000   234.000   -53.226   118.421
85442.000   12398.000   1371.000   192.000   -53.165   118.439
85443.000   12410.000   1415.000   179.000   -53.104   118.458
85444.000   8517.000   1380.000   228.000   -53.043   118.476
85445.000   8020.000   1432.000   223.000   -52.982   118.494
85446.000   7911.000   1454.000   249.000   -52.921   118.513
85447.000   10079.000   1483.000   224.000   -52.860   118.531
85448.000   11622.000   1645.000   193.000   -52.799   118.549
85449.000   10382.000   1754.000   213.000   -52.738   118.567
85450.000   10460.000   1787.000   260.000   -52.677   118.585
85451.000   10601.000   1965.000   243.000   -52.616   118.603
85452.000   10322.000   1927.000   265.000   -52.555   118.621
85453.000   11313.000   2110.000   242.000   -52.493   118.639
85454.000   11674.000   2066.000   233.000   -52.432   118.656
85455.000   11626.000   2256.000   237.000   -52.371   118.674
85456.000   12504.000   2390.000   255.000   -52.310   118.692
85457.000   12686.000   2495.000   284.000   -52.249   118.709
85458.000   12208.000   2568.000   309.000   -52.188   118.727
85459.000   13204.000   2832.000   295.000   -52.127   118.744
85460.000   13733.000   3017.000   311.000   -52.066   118.762
85461.000   13837.000   3117.000   338.000   -52.004   118.779
85462.000   13884.000   3437.000   392.000   -51.943   118.796
85463.000   15146.000   3627.000   415.000   -51.882   118.813
85464.000   17948.000   3854.000   426.000   -51.821   118.831
85465.000   17803.000   4045.000   477.000   -51.760   118.848
85466.000   17336.000   4262.000   537.000   -51.699   118.865
85467.000   18787.000   4538.000   541.000   -51.638   118.882
85468.000   18103.000   4431.000   577.000   -51.576   118.899
85469.000   17284.000   4349.000   586.000   -51.515   118.916
85470.000   17998.000   4742.000   553.000   -51.454   118.932
85471.000   18485.000   4769.000   655.000   -51.393   118.949
85472.000   20348.000   5079.000   649.000   -51.332   118.966
85473.000   18512.000   5014.000   766.000   -51.270   118.982
85474.000   17297.000   5074.000   821.000   -51.209   118.999
85475.000   17886.000   5330.000   879.000   -51.148   119.016
85476.000   17870.000   5663.000   963.000   -51.087   119.032
85477.000   19161.000   6003.000   955.000   -51.026   119.049
85478.000   18830.000   6243.000   1027.000   -50.964   119.065
85479.000   18809.000   6384.000   1091.000   -50.903   119.081
85480.000   19455.000   6659.000   1129.000   -50.842   119.098
85481.000   24056.000   7555.000   1174.000   -50.781   119.114
85482.000   23357.000   7628.000   1195.000   -50.719   119.130
85483.000   26158.000   7927.000   1250.000   -50.658   119.146
85484.000   28324.000   7709.000   1159.000   -50.597   119.162
85485.000   37343.000   9561.000   1088.000   -50.536   119.178
85486.000   36148.000   9403.000   1083.000   -50.474   119.194
85487.000   27809.000   7563.000   1182.000   -50.413   119.210
85488.000   26078.000   7102.000   1245.000   -50.352   119.226
85489.000   21974.000   6685.000   1281.000   -50.291   119.242
85490.000   21563.000   6561.000   1260.000   -50.229   119.257
85491.000   20801.000   6683.000   1329.000   -50.168   119.273
85492.000   21655.000   7139.000   1374.000   -50.107   119.289
85493.000   21476.000   7392.000   1432.000   -50.045   119.304
85494.000   19769.000   7230.000   1459.000   -49.984   119.320
85495.000   21339.000   7568.000   1512.000   -49.923   119.335
85496.000   20185.000   7736.000   1650.000   -49.862   119.351
85497.000   17810.000   7100.000   1559.000   -49.800   119.366
85498.000   17794.000   6866.000   1539.000   -49.739   119.382
85499.000   17525.000   7161.000   1622.000   -49.678   119.397
85500.000   17012.000   7112.000   1700.000   -49.616   119.412
85501.000   15864.000   6639.000   1609.000   -49.555   119.427
85502.000   14638.000   6292.000   1561.000   -49.494   119.443
85503.000   14303.000   6035.000   1540.000   -49.432   119.458
85504.000   14036.000   5944.000   1506.000   -49.371   119.473
85505.000   14058.000   5799.000   1442.000   -49.310   119.488
85506.000   13299.000   5591.000   1409.000   -49.248   119.503
85507.000   13076.000   5427.000   1305.000   -49.187   119.518
85508.000   13116.000   5147.000   1279.000   -49.126   119.532
85509.000   12384.000   4901.000   1202.000   -49.064   119.547
85510.000   11766.000   4673.000   1179.000   -49.003   119.562
85511.000   11346.000   4401.000   1114.000   -48.941   119.577
85512.000   10782.000   4340.000   1084.000   -48.880   119.591
85513.000   11118.000   4275.000   1128.000   -48.819   119.606
85514.000   11597.000   3915.000   1061.000   -48.757   119.621
85515.000   11136.000   3612.000   914.000   -48.696   119.635
85516.000   10739.000   3417.000   849.000   -48.635   119.650
85517.000   10068.000   3334.000   895.000   -48.573   119.664
85518.000   9549.000   3325.000   813.000   -48.512   119.679
85519.000   8784.000   3031.000   819.000   -48.450   119.693
85520.000   8129.000   3044.000   790.000   -48.389   119.707
85521.000   7490.000   2991.000   791.000   -48.328   119.722
85522.000   7027.000   2822.000   774.000   -48.266   119.736
85523.000   6750.000   2657.000   691.000   -48.205   119.750
85524.000   6905.000   2513.000   732.000   -48.143   119.764
85525.000   7389.000   2485.000   768.000   -48.082   119.778
85526.000   6762.000   2483.000   775.000   -48.020   119.792
85527.000   5967.000   2534.000   791.000   -47.959   119.806
85528.000   5454.000   2613.000   896.000   -47.898   119.820
85529.000   5124.000   2794.000   906.000   -47.836   119.834
85530.000   4683.000   2846.000   961.000   -47.775   119.848
85531.000   4463.000   2735.000   1079.000   -47.713   119.862
85532.000   4477.000   2855.000   1105.000   -47.652   119.876
85533.000   4523.000   2936.000   1094.000   -47.590   119.890
85534.000   4543.000   3012.000   1181.000   -47.529   119.903
85535.000   4040.000   3051.000   1189.000   -47.467   119.917
85536.000   3795.000   2981.000   1231.000   -47.406   119.931
85537.000   3683.000   2947.000   1257.000   -47.344   119.944
85538.000   3956.000   3010.000   1243.000   -47.283   119.958
85539.000   4182.000   3159.000   1286.000   -47.221   119.971
85540.000   4138.000   3073.000   1248.000   -47.160   119.985
85541.000   3899.000   2934.000   1248.000   -47.098   119.998
85542.000   3713.000   2966.000   1214.000   -47.037   120.012
85543.000   3676.000   2935.000   1268.000   -46.975   120.025
85544.000   3511.000   2910.000   1239.000   -46.914   120.038
85545.000   3286.000   2920.000   1203.000   -46.852   120.052
85546.000   3448.000   2931.000   1228.000   -46.791   120.065
85547.000   3304.000   2906.000   1289.000   -46.729   120.078
85548.000   3306.000   2923.000   1268.000   -46.668   120.091
85549.000   3166.000   2722.000   1327.000   -46.606   120.104
85550.000   2852.000   2532.000   1192.000   -46.545   120.117
85551.000   2678.000   2418.000   1069.000   -46.483   120.130
85552.000   2418.000   2051.000   910.000   -46.422   120.143
85553.000   2258.000   1901.000   812.000   -46.360   120.156
85554.000   2219.000   1857.000   782.000   -46.299   120.169
85555.000   2049.000   1759.000   709.000   -46.237   120.182
85556.000   1935.000   1644.000   684.000   -46.176   120.195
85557.000   1875.000   1536.000   665.000   -46.114   120.208
85558.000   1801.000   1439.000   616.000   -46.053   120.221
85559.000   1786.000   1330.000   559.000   -45.991   120.233
85560.000   1694.000   1292.000   538.000   -45.929   120.246
85561.000   1713.000   1292.000   519.000   -45.868   120.259
85562.000   1637.000   1163.000   501.000   -45.806   120.271
85563.000   1603.000   1133.000   440.000   -45.745   120.284
85564.000   1529.000   1039.000   466.000   -45.683   120.296
85565.000   1472.000   941.000   409.000   -45.622   120.309
85566.000   1474.000   901.000   387.000   -45.560   120.321
85567.000   1375.000   891.000   334.000   -45.498   120.334
85568.000   1381.000   838.000   328.000   -45.437   120.346
85569.000   1325.000   777.000   294.000   -45.375   120.359
85570.000   1371.000   752.000   298.000   -45.314   120.371
85571.000   1248.000   743.000   237.000   -45.252   120.383
85572.000   1249.000   740.000   261.000   -45.190   120.396
85573.000   1316.000   707.000   264.000   -45.129   120.408
85574.000   1166.000   667.000   259.000   -45.067   120.420
85575.000   1248.000   682.000   268.000   -45.006   120.432
85576.000   1235.000   689.000   231.000   -44.944   120.444
85577.000   1190.000   640.000   225.000   -44.882   120.456
85578.000   1234.000   653.000   243.000   -44.821   120.468
85579.000   1169.000   637.000   216.000   -44.759   120.480
85580.000   1172.000   653.000   231.000   -44.697   120.492
85581.000   1180.000   662.000   219.000   -44.636   120.504
85582.000   1191.000   598.000   208.000   -44.574   120.516
85583.000   1168.000   632.000   213.000   -44.513   120.528
85584.000   1142.000   589.000   214.000   -44.451   120.540
85585.000   1135.000   665.000   214.000   -44.389   120.552
85586.000   1211.000   619.000   219.000   -44.328   120.564
85587.000   1154.000   636.000   215.000   -44.266   120.575
85588.000   1123.000   621.000   211.000   -44.204   120.587
85589.000   1158.000   639.000   206.000   -44.143   120.599
85590.000   1140.000   626.000   227.000   -44.081   120.610
85591.000   1172.000   627.000   190.000   -44.019   120.622
85592.000   1175.000   602.000   236.000   -43.958   120.634
85593.000   1145.000   624.000   230.000   -43.896   120.645
85594.000   1133.000   638.000   202.000   -43.834   120.657
85595.000   1205.000   601.000   218.000   -43.773   120.668
85596.000   1154.000   634.000   195.000   -43.711   120.680
85597.000   1159.000   587.000   198.000   -43.649   120.691
85598.000   1135.000   640.000   194.000   -43.588   120.702
85599.000   1124.000   615.000   217.000   -43.526   120.714
85600.000   1107.000   609.000   215.000   -43.464   120.725
85601.000   1139.000   627.000   217.000   -43.402   120.736
85602.000   1123.000   589.000   227.000   -43.341   120.748
85603.000   1115.000   577.000   211.000   -43.279   120.759
85604.000   1106.000   596.000   182.000   -43.217   120.770
85605.000   1130.000   583.000   190.000   -43.156   120.781
85606.000   1134.000   639.000   183.000   -43.094   120.792
85607.000   1195.000   643.000   208.000   -43.032   120.804
85608.000   1116.000   602.000   185.000   -42.970   120.815
85609.000   1104.000   602.000   192.000   -42.909   120.826
85610.000   1106.000   633.000   181.000   -42.847   120.837
85611.000   1140.000   589.000   201.000   -42.785   120.848
85612.000   1138.000   607.000   218.000   -42.724   120.859
85613.000   1080.000   576.000   225.000   -42.662   120.870
85614.000   1090.000   622.000   197.000   -42.600   120.881
85615.000   1149.000   631.000   195.000   -42.538   120.891
85616.000   1093.000   633.000   214.000   -42.477   120.902
85617.000   1143.000   640.000   203.000   -42.415   120.913
85618.000   1141.000   604.000   222.000   -42.353   120.924
85619.000   1136.000   546.000   210.000   -42.291   120.935
85620.000   1137.000   581.000   199.000   -42.230   120.945
85621.000   1148.000   621.000   193.000   -42.168   120.956
85622.000   1144.000   606.000   196.000   -42.106   120.967
85623.000   1124.000   575.000   200.000   -42.044   120.977
85624.000   1138.000   536.000   227.000   -41.982   120.988
85625.000   1184.000   604.000   204.000   -41.921   120.999
85626.000   1166.000   599.000   204.000   -41.859   121.009
85627.000   1164.000   619.000   198.000   -41.797   121.020
85628.000   1187.000   574.000   205.000   -41.735   121.030
85629.000   1124.000   578.000   191.000   -41.674   121.041
85630.000   1136.000   598.000   195.000   -41.612   121.051
85631.000   1242.000   617.000   189.000   -41.550   121.061
85632.000   1151.000   565.000   204.000   -41.488   121.072
85633.000   1159.000   612.000   226.000   -41.426   121.082
85634.000   1113.000   622.000   203.000   -41.365   121.092
85635.000   1131.000   601.000   199.000   -41.303   121.103
85636.000   1173.000   614.000   216.000   -41.241   121.113
85637.000   1134.000   549.000   217.000   -41.179   121.123
85638.000   1225.000   563.000   188.000   -41.117   121.134
85639.000   1193.000   573.000   200.000   -41.055   121.144
85640.000   1110.000   560.000   230.000   -40.994   121.154
85641.000   1224.000   571.000   218.000   -40.932   121.164
85642.000   1189.000   579.000   171.000   -40.870   121.174
85643.000   1239.000   596.000   201.000   -40.808   121.184
85644.000   1132.000   568.000   206.000   -40.746   121.194
85645.000   1144.000   570.000   183.000   -40.685   121.204
85646.000   1179.000   636.000   193.000   -40.623   121.214
85647.000   1133.000   614.000   204.000   -40.561   121.224
85648.000   1170.000   557.000   213.000   -40.499   121.234
85649.000   1201.000   628.000   207.000   -40.437   121.244
85650.000   1206.000   571.000   185.000   -40.375   121.254
85651.000   1175.000   609.000   178.000   -40.313   121.264
85652.000   1215.000   598.000   207.000   -40.252   121.274
85653.000   1222.000   576.000   199.000   -40.190   121.284
85654.000   1182.000   535.000   188.000   -40.128   121.294
85655.000   1218.000   604.000   200.000   -40.066   121.303
85656.000   1144.000   605.000   203.000   -40.004   121.313
85657.000   1266.000   581.000   169.000   -39.942   121.323
85658.000   1265.000   562.000   200.000   -39.880   121.333
85659.000   1204.000   573.000   192.000   -39.819   121.342
85660.000   1172.000   588.000   186.000   -39.757   121.352
85661.000   1242.000   557.000   175.000   -39.695   121.362
85662.000   1244.000   553.000   204.000   -39.633   121.371
85663.000   1309.000   599.000   173.000   -39.571   121.381
85664.000   1216.000   596.000   202.000   -39.509   121.390
85665.000   1252.000   570.000   193.000   -39.447   121.400
85666.000   1213.000   600.000   196.000   -39.385   121.409
85667.000   1191.000   533.000   207.000   -39.323   121.419
85668.000   1177.000   590.000   190.000   -39.262   121.428
85669.000   1191.000   631.000   192.000   -39.200   121.438
85670.000   1166.000   614.000   182.000   -39.138   121.447
85671.000   1154.000   569.000   192.000   -39.076   121.456
85672.000   1105.000   548.000   179.000   -39.014   121.466
85673.000   1133.000   570.000   202.000   -38.952   121.475
85674.000   1145.000   541.000   198.000   -38.890   121.485
85675.000   1150.000   522.000   187.000   -38.828   121.494
85676.000   1226.000   554.000   191.000   -38.766   121.503
85677.000   1152.000   599.000   175.000   -38.704   121.512
85678.000   1140.000   582.000   220.000   -38.642   121.522
85679.000   1090.000   586.000   175.000   -38.580   121.531
85680.000   1083.000   543.000   178.000   -38.518   121.540
85681.000   1067.000   569.000   194.000   -38.457   121.549
85682.000   1130.000   553.000   202.000   -38.395   121.558
85683.000   1035.000   544.000   179.000   -38.333   121.567
85684.000   1060.000   593.000   186.000   -38.271   121.576
85685.000   1046.000   541.000   195.000   -38.209   121.586
85686.000   1049.000   561.000   203.000   -38.147   121.595
85687.000   1102.000   583.000   187.000   -38.085   121.604
85688.000   1095.000   531.000   197.000   -38.023   121.613
85689.000   1109.000   515.000   173.000   -37.961   121.622
85690.000   1011.000   578.000   180.000   -37.899   121.631
85691.000   1061.000   600.000   203.000   -37.837   121.639
85692.000   1072.000   543.000   190.000   -37.775   121.648
85693.000   1066.000   582.000   201.000   -37.713   121.657
85694.000   1020.000   504.000   156.000   -37.651   121.666
85695.000   1025.000   528.000   183.000   -37.589   121.675
85696.000   996.000   545.000   192.000   -37.527   121.684
85697.000   914.000   577.000   195.000   -37.465   121.693
85698.000   979.000   563.000   188.000   -37.403   121.701
85699.000   937.000   565.000   178.000   -37.341   121.710
85700.000   995.000   578.000   175.000   -37.279   121.719
85701.000   989.000   571.000   196.000   -37.217   121.728
85702.000   1019.000   548.000   191.000   -37.155   121.736
85703.000   993.000   543.000   180.000   -37.093   121.745
85704.000   1014.000   511.000   193.000   -37.031   121.754
85705.000   918.000   569.000   189.000   -36.969   121.762
85706.000   1032.000   556.000   156.000   -36.907   121.771
85707.000   921.000   483.000   180.000   -36.845   121.780
85708.000   937.000   557.000   190.000   -36.783   121.788
85709.000   974.000   592.000   180.000   -36.721   121.797
85710.000   940.000   545.000   195.000   -36.659   121.805
85711.000   930.000   513.000   167.000   -36.597   121.814
85712.000   932.000   560.000   163.000   -36.535   121.822
85713.000   994.000   579.000   202.000   -36.473   121.831
85714.000   1016.000   545.000   182.000   -36.411   121.839
85715.000   911.000   537.000   204.000   -36.349   121.848
85716.000   955.000   512.000   194.000   -36.287   121.856
85717.000   993.000   497.000   193.000   -36.225   121.864
85718.000   930.000   512.000   187.000   -36.163   121.873
85719.000   1016.000   541.000   194.000   -36.101   121.881
85720.000   997.000   578.000   215.000   -36.039   121.890
85721.000   982.000   576.000   161.000   -35.977   121.898
85722.000   936.000   542.000   198.000   -35.915   121.906
85723.000   966.000   550.000   190.000   -35.853   121.914
85724.000   931.000   504.000   191.000   -35.791   121.923
85725.000   983.000   504.000   191.000   -35.729   121.931
85726.000   946.000   544.000   171.000   -35.667   121.939
85727.000   961.000   545.000   171.000   -35.605   121.947
85728.000   964.000   514.000   191.000   -35.543   121.956
85729.000   988.000   553.000   179.000   -35.481   121.964
85730.000   969.000   532.000   165.000   -35.419   121.972
85731.000   981.000   537.000   176.000   -35.357   121.980
85732.000   976.000   517.000   171.000   -35.295   121.988
85733.000   984.000   530.000   180.000   -35.232   121.996
85734.000   973.000   508.000   155.000   -35.170   122.004
85735.000   998.000   569.000   171.000   -35.108   122.012
85736.000   986.000   526.000   177.000   -35.046   122.020
85737.000   941.000   492.000   173.000   -34.984   122.028
85738.000   966.000   535.000   171.000   -34.922   122.036
85739.000   937.000   499.000   188.000   -34.860   122.044
85740.000   970.000   534.000   169.000   -34.798   122.052
85741.000   939.000   535.000   169.000   -34.736   122.060
85742.000   914.000   498.000   174.000   -34.674   122.068
85743.000   991.000   525.000   167.000   -34.612   122.076
85744.000   986.000   529.000   188.000   -34.550   122.084
85745.000   923.000   502.000   188.000   -34.488   122.092
85746.000   959.000   536.000   171.000   -34.425   122.100
85747.000   967.000   534.000   170.000   -34.363   122.108
85748.000   965.000   544.000   171.000   -34.301   122.115
85749.000   1030.000   496.000   166.000   -34.239   122.123
85750.000   977.000   520.000   170.000   -34.177   122.131
85751.000   888.000   543.000   173.000   -34.115   122.139
85752.000   965.000   543.000   160.000   -34.053   122.146
85753.000   965.000   547.000   172.000   -33.991   122.154
85754.000   923.000   495.000   176.000   -33.929   122.162
85755.000   906.000   512.000   183.000   -33.866   122.170
85756.000   982.000   568.000   187.000   -33.804   122.177
85757.000   917.000   510.000   165.000   -33.742   122.185
85758.000   965.000   493.000   164.000   -33.680   122.193
85759.000   952.000   507.000   157.000   -33.618   122.200
85760.000   940.000   543.000   181.000   -33.556   122.208
85761.000   982.000   487.000   192.000   -33.494   122.215
85762.000   950.000   515.000   165.000   -33.432   122.223
85763.000   926.000   458.000   176.000   -33.369   122.231
85764.000   924.000   492.000   155.000   -33.307   122.238
85765.000   1005.000   534.000   153.000   -33.245   122.246
85766.000   956.000   509.000   176.000   -33.183   122.253
85767.000   995.000   522.000   160.000   -33.121   122.261
85768.000   942.000   508.000   167.000   -33.059   122.268
85769.000   919.000   532.000   159.000   -32.997   122.276
85770.000   910.000   524.000   167.000   -32.934   122.283
85771.000   927.000   504.000   170.000   -32.872   122.290
85772.000   902.000   503.000   175.000   -32.810   122.298
85773.000   902.000   446.000   174.000   -32.748   122.305
85774.000   985.000   525.000   168.000   -32.686   122.313
85775.000   889.000   503.000   152.000   -32.624   122.320
85776.000   943.000   493.000   183.000   -32.562   122.327
85777.000   916.000   483.000   183.000   -32.499   122.335
85778.000   902.000   451.000   158.000   -32.437   122.342
85779.000   896.000   552.000   169.000   -32.375   122.349
85780.000   923.000   512.000   178.000   -32.313   122.357
85781.000   885.000   508.000   168.000   -32.251   122.364
85782.000   981.000   475.000   160.000   -32.189   122.371
85783.000   856.000   499.000   186.000   -32.126   122.378
85784.000   971.000   488.000   165.000   -32.064   122.386
85785.000   972.000   488.000   161.000   -32.002   122.393
85786.000   933.000   482.000   170.000   -31.940   122.400
85787.000   974.000   527.000   173.000   -31.878   122.407
85788.000   890.000   491.000   184.000   -31.815   122.414
85789.000   957.000   451.000   164.000   -31.753   122.422
85790.000   924.000   491.000   187.000   -31.691   122.429
85791.000   983.000   473.000   171.000   -31.629   122.436
85792.000   872.000   453.000   166.000   -31.567   122.443
85793.000   996.000   525.000   161.000   -31.505   122.450
85794.000   972.000   492.000   160.000   -31.442   122.457
85795.000   910.000   518.000   161.000   -31.380   122.464
85796.000   947.000   500.000   166.000   -31.318   122.471
85797.000   958.000   521.000   148.000   -31.256   122.478
85798.000   930.000   495.000   177.000   -31.194   122.485
85799.000   921.000   456.000   178.000   -31.131   122.492
85800.000   905.000   508.000   163.000   -31.069   122.499
85801.000   900.000   493.000   149.000   -31.007   122.506
85802.000   938.000   497.000   152.000   -30.945   122.513
85803.000   907.000   495.000   167.000   -30.882   122.520
85804.000   960.000   491.000   151.000   -30.820   122.527
85805.000   893.000   462.000   160.000   -30.758   122.534
85806.000   940.000   505.000   145.000   -30.696   122.541
85807.000   951.000   468.000   147.000   -30.634   122.548
85808.000   910.000   451.000   170.000   -30.571   122.555
85809.000   849.000   442.000   185.000   -30.509   122.562
85810.000   948.000   507.000   171.000   -30.447   122.568
85811.000   900.000   476.000   162.000   -30.385   122.575
85812.000   888.000   516.000   165.000   -30.322   122.582
85813.000   886.000   461.000   176.000   -30.260   122.589
85814.000   935.000   462.000   183.000   -30.198   122.596
85815.000   944.000   464.000   148.000   -30.136   122.602
85816.000   941.000   454.000   167.000   -30.073   122.609
85817.000   933.000   496.000   157.000   -30.011   122.616
85818.000   896.000   460.000   152.000   -29.949   122.623
85819.000   915.000   488.000   152.000   -29.887   122.629
85820.000   921.000   449.000   168.000   -29.825   122.636
85821.000   873.000   485.000   169.000   -29.762   122.643
85822.000   894.000   462.000   164.000   -29.700   122.649
85823.000   918.000   462.000   161.000   -29.638   122.656
85824.000   924.000   464.000   175.000   -29.575   122.663
85825.000   904.000   468.000   164.000   -29.513   122.669
85826.000   888.000   442.000   170.000   -29.451   122.676
85827.000   915.000   445.000   132.000   -29.389   122.683
85828.000   897.000   461.000   152.000   -29.326   122.689
85829.000   871.000   502.000   152.000   -29.264   122.696
85830.000   972.000   464.000   160.000   -29.202   122.702
85831.000   917.000   491.000   159.000   -29.140   122.709
85832.000   952.000   468.000   171.000   -29.077   122.716
85833.000   905.000   473.000   123.000   -29.015   122.722
85834.000   918.000   499.000   156.000   -28.953   122.729
85835.000   884.000   460.000   159.000   -28.891   122.735
85836.000   914.000   487.000   162.000   -28.828   122.742
85837.000   956.000   487.000   159.000   -28.766   122.748
85838.000   933.000   483.000   148.000   -28.704   122.755
85839.000   994.000   452.000   142.000   -28.641   122.761
85840.000   921.000   451.000   149.000   -28.579   122.768
85841.000   879.000   477.000   138.000   -28.517   122.774
85842.000   848.000   470.000   143.000   -28.455   122.780
85843.000   885.000   466.000   143.000   -28.392   122.787
85844.000   915.000   478.000   155.000   -28.330   122.793
85845.000   860.000   481.000   158.000   -28.268   122.800
85846.000   885.000   488.000   152.000   -28.205   122.806
85847.000   929.000   476.000   132.000   -28.143   122.812
85848.000   936.000   464.000   124.000   -28.081   122.819
85849.000   935.000   466.000   146.000   -28.018   122.825
85850.000   885.000   471.000   134.000   -27.956   122.831
85851.000   986.000   473.000   181.000   -27.894   122.838
85852.000   969.000   472.000   141.000   -27.832   122.844
85853.000   902.000   517.000   155.000   -27.769   122.850
85854.000   867.000   470.000   160.000   -27.707   122.857
85855.000   864.000   463.000   142.000   -27.645   122.863
85856.000   915.000   476.000   121.000   -27.582   122.869
85857.000   866.000   484.000   160.000   -27.520   122.875
85858.000   822.000   453.000   154.000   -27.458   122.882
85859.000   899.000   482.000   164.000   -27.395   122.888
85860.000   948.000   441.000   154.000   -27.333   122.894
85861.000   894.000   424.000   155.000   -27.271   122.900
85862.000   922.000   448.000   146.000   -27.208   122.906
85863.000   876.000   454.000   136.000   -27.146   122.913
85864.000   919.000   452.000   145.000   -27.084   122.919
85865.000   884.000   472.000   171.000   -27.021   122.925
85866.000   913.000   486.000   153.000   -26.959   122.931
85867.000   899.000   443.000   159.000   -26.897   122.937
85868.000   911.000   495.000   147.000   -26.834   122.943
85869.000   942.000   457.000   143.000   -26.772   122.949
85870.000   834.000   455.000   150.000   -26.710   122.956
85871.000   864.000   450.000   134.000   -26.647   122.962
85872.000   841.000   466.000   136.000   -26.585   122.968
85873.000   916.000   466.000   149.000   -26.523   122.974
85874.000   895.000   442.000   144.000   -26.460   122.980
85875.000   929.000   445.000   144.000   -26.398   122.986
85876.000   869.000   438.000   151.000   -26.336   122.992
85877.000   877.000   471.000   147.000   -26.273   122.998
85878.000   844.000   435.000   156.000   -26.211   123.004
85879.000   932.000   432.000   153.000   -26.149   123.010
85880.000   864.000   437.000   158.000   -26.086   123.016
85881.000   918.000   481.000   144.000   -26.024   123.022
85882.000   850.000   447.000   160.000   -25.962   123.028
85883.000   912.000   480.000   148.000   -25.899   123.034
85884.000   952.000   462.000   138.000   -25.837   123.040
85885.000   943.000   421.000   137.000   -25.774   123.046
85886.000   924.000   450.000   151.000   -25.712   123.052
85887.000   896.000   440.000   139.000   -25.650   123.058
85888.000   924.000   441.000   137.000   -25.587   123.063
85889.000   872.000   433.000   152.000   -25.525   123.069
85890.000   826.000   460.000   138.000   -25.463   123.075
85891.000   855.000   465.000   150.000   -25.400   123.081
85892.000   874.000   437.000   163.000   -25.338   123.087
85893.000   918.000   462.000   145.000   -25.275   123.093
85894.000   874.000   483.000   145.000   -25.213   123.099
85895.000   891.000   435.000   146.000   -25.151   123.105
85896.000   868.000   449.000   152.000   -25.088   123.110
85897.000   868.000   424.000   150.000   -25.026   123.116
85898.000   874.000   450.000   146.000   -24.964   123.122
85899.000   856.000   394.000   162.000   -24.901   123.128
85900.000   927.000   427.000   142.000   -24.839   123.134
85901.000   874.000   435.000   150.000   -24.776   123.139
85902.000   910.000   461.000   142.000   -24.714   123.145
85903.000   876.000   430.000   152.000   -24.652   123.151
85904.000   919.000   463.000   145.000   -24.589   123.157
85905.000   929.000   402.000   147.000   -24.527   123.162
85906.000   934.000   432.000   134.000   -24.464   123.168
85907.000   886.000   469.000   130.000   -24.402   123.174
85908.000   889.000   422.000   134.000   -24.340   123.179
85909.000   881.000   421.000   123.000   -24.277   123.185
85910.000   902.000   433.000   141.000   -24.215   123.191
85911.000   906.000   477.000   124.000   -24.152   123.197
85912.000   913.000   462.000   137.000   -24.090   123.202
85913.000   916.000   426.000   132.000   -24.028   123.208
85914.000   888.000   428.000   145.000   -23.965   123.213
85915.000   853.000   418.000   159.000   -23.903   123.219
85916.000   848.000   438.000   142.000   -23.840   123.225
85917.000   849.000   432.000   133.000   -23.778   123.230
85918.000   849.000   410.000   148.000   -23.715   123.236
85919.000   879.000   420.000   137.000   -23.653   123.242
85920.000   816.000   403.000   140.000   -23.591   123.247
85921.000   888.000   445.000   131.000   -23.528   123.253
85922.000   882.000   409.000   145.000   -23.466   123.258
85923.000   809.000   431.000   154.000   -23.403   123.264
85924.000   815.000   422.000   133.000   -23.341   123.269
85925.000   827.000   447.000   131.000   -23.279   123.275
85926.000   904.000   437.000   149.000   -23.216   123.281
85927.000   903.000   449.000   149.000   -23.154   123.286
85928.000   887.000   433.000   155.000   -23.091   123.292
85929.000   891.000   420.000   125.000   -23.029   123.297
85930.000   890.000   451.000   124.000   -22.966   123.303
85931.000   850.000   431.000   138.000   -22.904   123.308
85932.000   842.000   406.000   133.000   -22.841   123.314
85933.000   831.000   423.000   136.000   -22.779   123.319
85934.000   860.000   437.000   155.000   -22.717   123.325
85935.000   885.000   433.000   149.000   -22.654   123.330
85936.000   835.000   397.000   135.000   -22.592   123.335
85937.000   842.000   473.000   126.000   -22.529   123.341
85938.000   873.000   378.000   154.000   -22.467   123.346
85939.000   880.000   448.000   125.000   -22.404   123.352
85940.000   903.000   425.000   114.000   -22.342   123.357
85941.000   808.000   408.000   120.000   -22.279   123.363
85942.000   847.000   455.000   122.000   -22.217   123.368
85943.000   871.000   425.000   134.000   -22.155   123.373
85944.000   908.000   442.000   157.000   -22.092   123.379
85945.000   862.000   395.000   147.000   -22.030   123.384
85946.000   896.000   444.000   145.000   -21.967   123.389
85947.000   929.000   440.000   135.000   -21.905   123.395
85948.000   891.000   457.000   128.000   -21.842   123.400
85949.000   915.000   392.000   127.000   -21.780   123.406
85950.000   808.000   389.000   149.000   -21.717   123.411
85951.000   865.000   414.000   125.000   -21.655   123.416
85952.000   898.000   413.000   128.000   -21.592   123.421
85953.000   888.000   427.000   147.000   -21.530   123.427
85954.000   877.000   401.000   156.000   -21.467   123.432
85955.000   846.000   419.000   120.000   -21.405   123.437
85956.000   892.000   426.000   150.000   -21.343   123.443
85957.000   870.000   422.000   123.000   -21.280   123.448
85958.000   862.000   397.000   146.000   -21.218   123.453
85959.000   867.000   400.000   129.000   -21.155   123.458
85960.000   828.000   425.000   144.000   -21.093   123.464
85961.000   877.000   430.000   143.000   -21.030   123.469
85962.000   848.000   434.000   130.000   -20.968   123.474
85963.000   881.000   422.000   126.000   -20.905   123.479
85964.000   859.000   413.000   136.000   -20.843   123.485
85965.000   899.000   424.000   162.000   -20.780   123.490
85966.000   857.000   439.000   145.000   -20.718   123.495
85967.000   842.000   410.000   127.000   -20.655   123.500
85968.000   894.000   415.000   138.000   -20.593   123.505
85969.000   896.000   401.000   151.000   -20.530   123.511
85970.000   864.000   387.000   132.000   -20.468   123.516
85971.000   827.000   400.000   149.000   -20.405   123.521
85972.000   873.000   422.000   120.000   -20.343   123.526
85973.000   865.000   395.000   125.000   -20.280   123.531
85974.000   872.000   430.000   105.000   -20.218   123.536
85975.000   841.000   402.000   119.000   -20.155   123.542
85976.000   862.000   416.000   145.000   -20.093   123.547
85977.000   865.000   390.000   138.000   -20.030   123.552
85978.000   845.000   463.000   145.000   -19.968   123.557
85979.000   928.000   429.000   148.000   -19.905   123.562
85980.000   893.000   438.000   143.000   -19.843   123.567
85981.000   891.000   422.000   111.000   -19.780   123.572
85982.000   821.000   414.000   147.000   -19.718   123.577
85983.000   849.000   421.000   133.000   -19.655   123.582
85984.000   922.000   433.000   127.000   -19.593   123.588
85985.000   848.000   384.000   115.000   -19.530   123.593
85986.000   857.000   450.000   132.000   -19.468   123.598
85987.000   856.000   401.000   123.000   -19.405   123.603
85988.000   842.000   424.000   136.000   -19.343   123.608
85989.000   795.000   444.000   125.000   -19.280   123.613
85990.000   823.000   400.000   136.000   -19.218   123.618
85991.000   866.000   430.000   136.000   -19.155   123.623
85992.000   866.000   392.000   134.000   -19.093   123.628
85993.000   858.000   430.000   140.000   -19.030   123.633
85994.000   848.000   412.000   150.000   -18.968   123.638
85995.000   871.000   374.000   139.000   -18.905   123.643
85996.000   857.000   413.000   128.000   -18.843   123.648
85997.000   861.000   373.000   137.000   -18.780   123.653
85998.000   808.000   392.000   142.000   -18.717   123.658
85999.000   873.000   434.000   145.000   -18.655   123.663
86000.000   941.000   413.000   131.000   -18.592   123.668
86001.000   850.000   423.000   136.000   -18.530   123.673
86002.000   875.000   440.000   138.000   -18.467   123.678
86003.000   889.000   399.000   127.000   -18.405   123.683
86004.000   810.000   415.000   143.000   -18.342   123.688
86005.000   949.000   447.000   146.000   -18.280   123.693
86006.000   844.000   461.000   132.000   -18.217   123.697
86007.000   857.000   425.000   109.000   -18.155   123.702
86008.000   879.000   379.000   115.000   -18.092   123.707
86009.000   879.000   361.000   126.000   -18.030   123.712
86010.000   865.000   403.000   126.000   -17.967   123.717
86011.000   841.000   402.000   129.000   -17.905   123.722
86012.000   866.000   392.000   128.000   -17.842   123.727
86013.000   892.000   403.000   126.000   -17.779   123.732
86014.000   855.000   425.000   130.000   -17.717   123.737
86015.000   852.000   391.000   110.000   -17.654   123.741
86016.000   867.000   423.000   110.000   -17.592   123.746
86017.000   848.000   392.000   141.000   -17.529   123.751
86018.000   883.000   393.000   139.000   -17.467   123.756
86019.000   854.000   403.000   118.000   -17.404   123.761
86020.000   881.000   382.000   129.000   -17.342   123.766
86021.000   886.000   378.000   134.000   -17.279   123.771
86022.000   836.000   409.000   110.000   -17.216   123.775
86023.000   855.000   386.000   126.000   -17.154   123.780
86024.000   807.000   417.000   137.000   -17.091   123.785
86025.000   856.000   402.000   136.000   -17.029   123.790
86026.000   870.000   430.000   140.000   -16.966   123.795
86027.000   827.000   430.000   139.000   -16.904   123.799
86028.000   887.000   405.000   124.000   -16.841   123.804
86029.000   866.000   418.000   125.000   -16.779   123.809
86030.000   901.000   394.000   128.000   -16.716   123.814
86031.000   800.000   386.000   125.000   -16.653   123.819
86032.000   813.000   348.000   137.000   -16.591   123.823
86033.000   836.000   411.000   146.000   -16.528   123.828
86034.000   854.000   398.000   132.000   -16.466   123.833
86035.000   854.000   394.000   136.000   -16.403   123.838
86036.000   826.000   419.000   133.000   -16.341   123.842
86037.000   860.000   429.000   129.000   -16.278   123.847
86038.000   862.000   416.000   105.000   -16.215   123.852
86039.000   867.000   410.000   117.000   -16.153   123.857
86040.000   903.000   392.000   116.000   -16.090   123.861
86041.000   865.000   414.000   114.000   -16.028   123.866
86042.000   924.000   408.000   120.000   -15.965   123.871
86043.000   889.000   359.000   128.000   -15.903   123.875
86044.000   839.000   380.000   133.000   -15.840   123.880
86045.000   851.000   370.000   128.000   -15.777   123.885
86046.000   885.000   393.000   114.000   -15.715   123.889
86047.000   858.000   407.000   136.000   -15.652   123.894
86048.000   858.000   360.000   128.000   -15.590   123.899
86049.000   873.000   415.000   130.000   -15.527   123.904
86050.000   847.000   405.000   124.000   -15.464   123.908
86051.000   852.000   416.000   121.000   -15.402   123.913
86052.000   927.000   386.000   121.000   -15.339   123.917
86053.000   798.000   394.000   140.000   -15.277   123.922
86054.000   788.000   380.000   113.000   -15.214   123.927
86055.000   867.000   365.000   123.000   -15.151   123.931
86056.000   832.000   421.000   135.000   -15.089   123.936
86057.000   849.000   401.000   114.000   -15.026   123.941
86058.000   898.000   420.000   130.000   -14.964   123.945
86059.000   856.000   395.000   119.000   -14.901   123.950
86060.000   846.000   428.000   105.000   -14.838   123.955
86061.000   844.000   426.000   137.000   -14.776   123.959
86062.000   894.000   365.000   123.000   -14.713   123.964
86063.000   843.000   370.000   134.000   -14.651   123.968
86064.000   820.000   426.000   135.000   -14.588   123.973
86065.000   842.000   355.000   131.000   -14.525   123.978
86066.000   836.000   371.000   119.000   -14.463   123.982
86067.000   916.000   387.000   136.000   -14.400   123.987
86068.000   843.000   420.000   140.000   -14.338   123.991
86069.000   834.000   375.000   132.000   -14.275   123.996
86070.000   841.000   408.000   151.000   -14.212   124.000
86071.000   829.000   418.000   125.000   -14.150   124.005
86072.000   899.000   404.000   134.000   -14.087   124.010
86073.000   811.000   432.000   132.000   -14.025   124.014
86074.000   798.000   439.000   118.000   -13.962   124.019
86075.000   836.000   380.000   129.000   -13.899   124.023
86076.000   862.000   374.000   132.000   -13.837   124.028
86077.000   855.000   373.000   130.000   -13.774   124.032
86078.000   863.000   409.000   124.000   -13.712   124.037
86079.000   837.000   378.000   125.000   -13.649   124.041
86080.000   867.000   364.000   134.000   -13.586   124.046
86081.000   864.000   375.000   123.000   -13.524   124.050
86082.000   890.000   410.000   118.000   -13.461   124.055
86083.000   863.000   411.000   114.000   -13.398   124.059
86084.000   857.000   400.000   126.000   -13.336   124.064
86085.000   854.000   387.000   121.000   -13.273   124.068
86086.000   859.000   427.000   113.000   -13.211   124.073
86087.000   846.000   397.000   125.000   -13.148   124.077
86088.000   854.000   363.000   132.000   -13.085   124.082
86089.000   873.000   378.000   115.000   -13.023   124.086
86090.000   848.000   381.000   150.000   -12.960   124.091
86091.000   838.000   369.000   117.000   -12.897   124.095
86092.000   856.000   338.000   122.000   -12.835   124.100
86093.000   869.000   394.000   134.000   -12.772   124.104
86094.000   834.000   340.000   130.000   -12.710   124.109
86095.000   820.000   371.000   115.000   -12.647   124.113
86096.000   811.000   370.000   124.000   -12.584   124.118
86097.000   875.000   433.000   120.000   -12.522   124.122
86098.000   863.000   388.000   120.000   -12.459   124.127
86099.000   852.000   408.000   141.000   -12.396   124.131
86100.000   883.000   407.000   139.000   -12.334   124.135
86101.000   835.000   402.000   108.000   -12.271   124.140
86102.000   813.000   372.000   134.000   -12.209   124.144
86103.000   888.000   337.000   115.000   -12.146   124.149
86104.000   869.000   395.000   127.000   -12.083   124.153
86105.000   891.000   359.000   108.000   -12.021   124.158
86106.000   858.000   357.000   133.000   -11.958   124.162
86107.000   843.000   373.000   116.000   -11.895   124.166
86108.000   816.000   348.000   114.000   -11.833   124.171
86109.000   872.000   356.000   126.000   -11.770   124.175
86110.000   830.000   388.000   152.000   -11.707   124.180
86111.000   844.000   388.000   104.000   -11.645   124.184
86112.000   867.000   382.000   140.000   -11.582   124.188
86113.000   838.000   409.000   122.000   -11.519   124.193
86114.000   822.000   432.000   136.000   -11.457   124.197
86115.000   853.000   394.000   120.000   -11.394   124.201
86116.000   877.000   337.000   126.000   -11.332   124.206
86117.000   889.000   380.000   120.000   -11.269   124.210
86118.000   909.000   359.000   146.000   -11.206   124.215
86119.000   863.000   383.000   112.000   -11.144   124.219
86120.000   857.000   398.000   130.000   -11.081   124.223
86121.000   844.000   397.000   130.000   -11.018   124.228
86122.000   784.000   377.000   127.000   -10.956   124.232
86123.000   870.000   382.000   104.000   -10.893   124.236
86124.000   852.000   404.000   124.000   -10.830   124.241
86125.000   817.000   400.000   98.000   -10.768   124.245
86126.000   855.000   375.000   112.000   -10.705   124.249
86127.000   866.000   402.000   121.000   -10.642   124.254
86128.000   843.000   391.000   117.000   -10.580   124.258
86129.000   858.000   369.000   127.000   -10.517   124.262
86130.000   847.000   379.000   124.000   -10.454   124.267
86131.000   857.000   379.000   123.000   -10.392   124.271
86132.000   766.000   395.000   117.000   -10.329   124.275
86133.000   830.000   377.000   105.000   -10.266   124.280
86134.000   847.000   397.000   130.000   -10.204   124.284
86135.000   820.000   412.000   124.000   -10.141   124.288
86136.000   830.000   377.000   128.000   -10.078   124.293
86137.000   838.000   368.000   113.000   -10.016   124.297
86138.000   880.000   402.000   115.000   -9.953   124.301
86139.000   845.000   372.000   116.000   -9.890   124.305
86140.000   800.000   403.000   120.000   -9.828   124.310
86141.000   839.000   386.000   128.000   -9.765   124.314
86142.000   832.000   373.000   118.000   -9.702   124.318
86143.000   861.000   359.000   122.000   -9.640   124.323
86144.000   908.000   376.000   117.000   -9.577   124.327
86145.000   839.000   365.000   145.000   -9.514   124.331
86146.000   876.000   352.000   133.000   -9.452   124.335
86147.000   821.000   386.000   140.000   -9.389   124.340
86148.000   848.000   363.000   109.000   -9.326   124.344
86149.000   857.000   380.000   115.000   -9.264   124.348
86150.000   785.000   390.000   116.000   -9.201   124.353
86151.000   852.000   373.000   106.000   -9.138   124.357
86152.000   800.000   371.000   112.000   -9.076   124.361
86153.000   839.000   359.000   101.000   -9.013   124.365
86154.000   817.000   412.000   118.000   -8.950   124.370
86155.000   853.000   372.000   113.000   -8.888   124.374
86156.000   850.000   395.000   130.000   -8.825   124.378
86157.000   867.000   379.000   135.000   -8.762   124.382
86158.000   846.000   404.000   117.000   -8.700   124.387
86159.000   836.000   353.000   124.000   -8.637   124.391
86160.000   848.000   386.000   112.000   -8.574   124.395
86161.000   840.000   385.000   116.000   -8.512   124.399
