Time range: [ 00:00:00.000  00:26:13.000 ]
Time range duration: 26.0 min, 13.0 sec
Longitude range: [ 112.0  189.0 ]
00.000   865.000   397.000   112.000   -9.015   125.291
01.000   871.000   396.000   120.000   -8.952   125.295
02.000   862.000   373.000   112.000   -8.889   125.299
03.000   869.000   366.000   110.000   -8.827   125.303
04.000   882.000   391.000   109.000   -8.764   125.307
05.000   808.000   386.000   116.000   -8.701   125.312
06.000   855.000   397.000   120.000   -8.639   125.316
07.000   900.000   365.000   119.000   -8.576   125.320
08.000   857.000   369.000   117.000   -8.513   125.324
09.000   821.000   377.000   118.000   -8.451   125.329
10.000   855.000   359.000   140.000   -8.388   125.333
11.000   837.000   387.000   125.000   -8.325   125.337
12.000   853.000   372.000   155.000   -8.263   125.341
13.000   857.000   363.000   119.000   -8.200   125.346
14.000   849.000   387.000   115.000   -8.137   125.350
15.000   875.000   401.000   105.000   -8.075   125.354
16.000   845.000   384.000   127.000   -8.012   125.358
17.000   873.000   365.000   112.000   -7.949   125.362
18.000   812.000   412.000   97.000   -7.887   125.367
19.000   797.000   343.000   143.000   -7.824   125.371
20.000   822.000   383.000   120.000   -7.761   125.375
21.000   834.000   349.000   126.000   -7.698   125.379
22.000   901.000   365.000   120.000   -7.636   125.383
23.000   872.000   405.000   100.000   -7.573   125.388
24.000   845.000   396.000   109.000   -7.510   125.392
25.000   868.000   391.000   130.000   -7.448   125.396
26.000   881.000   345.000   111.000   -7.385   125.400
27.000   853.000   347.000   119.000   -7.322   125.404
28.000   828.000   352.000   117.000   -7.260   125.408
29.000   848.000   391.000   127.000   -7.197   125.413
30.000   801.000   396.000   107.000   -7.134   125.417
31.000   795.000   373.000   121.000   -7.072   125.421
32.000   826.000   404.000   116.000   -7.009   125.425
33.000   845.000   358.000   118.000   -6.946   125.429
34.000   837.000   403.000   110.000   -6.883   125.434
35.000   860.000   329.000   107.000   -6.821   125.438
36.000   879.000   355.000   109.000   -6.758   125.442
37.000   827.000   366.000   113.000   -6.695   125.446
38.000   840.000   367.000   121.000   -6.633   125.450
39.000   847.000   366.000   94.000   -6.570   125.454
40.000   828.000   402.000   127.000   -6.507   125.458
41.000   907.000   349.000   122.000   -6.445   125.463
42.000   814.000   366.000   116.000   -6.382   125.467
43.000   853.000   396.000   113.000   -6.319   125.471
44.000   824.000   362.000   114.000   -6.256   125.475
45.000   828.000   379.000   129.000   -6.194   125.479
46.000   866.000   376.000   120.000   -6.131   125.483
47.000   854.000   379.000   125.000   -6.068   125.487
48.000   868.000   358.000   108.000   -6.006   125.492
49.000   816.000   369.000   115.000   -5.943   125.496
50.000   888.000   390.000   119.000   -5.880   125.500
51.000   833.000   346.000   135.000   -5.818   125.504
52.000   854.000   336.000   120.000   -5.755   125.508
53.000   837.000   372.000   120.000   -5.692   125.512
54.000   873.000   355.000   122.000   -5.629   125.516
55.000   824.000   371.000   112.000   -5.567   125.521
56.000   848.000   378.000   109.000   -5.504   125.525
57.000   849.000   386.000   110.000   -5.441   125.529
58.000   862.000   437.000   125.000   -5.379   125.533
59.000   819.000   342.000   106.000   -5.316   125.537
60.000   839.000   345.000   101.000   -5.253   125.541
61.000   894.000   375.000   108.000   -5.190   125.545
62.000   847.000   426.000   127.000   -5.128   125.549
63.000   861.000   343.000   100.000   -5.065   125.554
64.000   859.000   353.000   118.000   -5.002   125.558
65.000   823.000   395.000   122.000   -4.940   125.562
66.000   880.000   366.000   122.000   -4.877   125.566
67.000   890.000   387.000   127.000   -4.814   125.570
68.000   923.000   388.000   135.000   -4.751   125.574
69.000   832.000   403.000   124.000   -4.689   125.578
70.000   840.000   381.000   108.000   -4.626   125.582
71.000   861.000   358.000   131.000   -4.563   125.586
72.000   836.000   349.000   104.000   -4.501   125.590
73.000   882.000   395.000   105.000   -4.438   125.595
74.000   813.000   370.000   123.000   -4.375   125.599
75.000   824.000   402.000   108.000   -4.312   125.603
76.000   837.000   346.000   124.000   -4.250   125.607
77.000   833.000   367.000   144.000   -4.187   125.611
78.000   795.000   367.000   116.000   -4.124   125.615
79.000   812.000   375.000   111.000   -4.062   125.619
80.000   863.000   392.000   106.000   -3.999   125.623
81.000   891.000   389.000   120.000   -3.936   125.627
82.000   842.000   377.000   110.000   -3.873   125.631
83.000   863.000   378.000   118.000   -3.811   125.635
84.000   827.000   380.000   111.000   -3.748   125.640
85.000   844.000   372.000   115.000   -3.685   125.644
86.000   817.000   370.000   111.000   -3.622   125.648
87.000   836.000   390.000   107.000   -3.560   125.652
88.000   903.000   408.000   105.000   -3.497   125.656
89.000   863.000   382.000   122.000   -3.434   125.660
90.000   847.000   376.000   125.000   -3.372   125.664
91.000   869.000   376.000   103.000   -3.309   125.668
92.000   859.000   394.000   116.000   -3.246   125.672
93.000   885.000   359.000   103.000   -3.183   125.676
94.000   916.000   383.000   104.000   -3.121   125.680
95.000   910.000   371.000   130.000   -3.058   125.684
96.000   842.000   377.000   106.000   -2.995   125.688
97.000   804.000   370.000   116.000   -2.932   125.693
98.000   843.000   394.000   104.000   -2.870   125.697
99.000   840.000   394.000   116.000   -2.807   125.701
100.000   861.000   362.000   112.000   -2.744   125.705
101.000   814.000   386.000   106.000   -2.682   125.709
102.000   900.000   343.000   115.000   -2.619   125.713
103.000   828.000   370.000   113.000   -2.556   125.717
104.000   831.000   358.000   107.000   -2.493   125.721
105.000   817.000   378.000   136.000   -2.431   125.725
106.000   882.000   385.000   107.000   -2.368   125.729
107.000   882.000   367.000   104.000   -2.305   125.733
108.000   797.000   378.000   100.000   -2.242   125.737
109.000   861.000   385.000   125.000   -2.180   125.741
110.000   878.000   366.000   103.000   -2.117   125.745
111.000   844.000   378.000   103.000   -2.054   125.749
112.000   856.000   408.000   113.000   -1.991   125.754
113.000   863.000   348.000   117.000   -1.929   125.758
114.000   840.000   388.000   106.000   -1.866   125.762
115.000   817.000   346.000   109.000   -1.803   125.766
116.000   825.000   390.000   126.000   -1.741   125.770
117.000   835.000   393.000   110.000   -1.678   125.774
118.000   823.000   375.000   110.000   -1.615   125.778
119.000   821.000   351.000   111.000   -1.552   125.782
120.000   816.000   357.000   117.000   -1.490   125.786
121.000   898.000   379.000   121.000   -1.427   125.790
122.000   853.000   381.000   114.000   -1.364   125.794
123.000   848.000   401.000   112.000   -1.301   125.798
124.000   837.000   347.000   129.000   -1.239   125.802
125.000   810.000   371.000   116.000   -1.176   125.806
126.000   846.000   348.000   91.000   -1.113   125.810
127.000   875.000   371.000   102.000   -1.050   125.814
128.000   910.000   386.000   119.000   -0.988   125.818
129.000   855.000   340.000   126.000   -0.925   125.822
130.000   842.000   344.000   117.000   -0.862   125.827
131.000   893.000   343.000   107.000   -0.800   125.831
132.000   884.000   392.000   110.000   -0.737   125.835
133.000   897.000   350.000   114.000   -0.674   125.839
134.000   893.000   401.000   131.000   -0.611   125.843
135.000   845.000   363.000   123.000   -0.549   125.847
136.000   853.000   318.000   103.000   -0.486   125.851
137.000   842.000   345.000   121.000   -0.423   125.855
138.000   890.000   330.000   117.000   -0.360   125.859
139.000   880.000   332.000   108.000   -0.298   125.863
140.000   834.000   330.000   112.000   -0.235   125.867
141.000   875.000   347.000   91.000   -0.172   125.871
142.000   883.000   363.000   119.000   -0.109   125.875
143.000   852.000   376.000   111.000   -0.047   125.879
144.000   907.000   373.000   134.000   00.016   125.883
145.000   866.000   369.000   111.000   00.079   125.887
146.000   832.000   336.000   112.000   00.142   125.891
147.000   842.000   359.000   128.000   00.204   125.895
148.000   879.000   384.000   128.000   00.267   125.899
149.000   878.000   352.000   118.000   00.330   125.903
150.000   822.000   356.000   130.000   00.393   125.908
151.000   795.000   393.000   115.000   00.455   125.912
152.000   838.000   362.000   93.000   00.518   125.916
153.000   890.000   348.000   132.000   00.581   125.920
154.000   870.000   377.000   130.000   00.644   125.924
155.000   864.000   390.000   126.000   00.706   125.928
156.000   859.000   359.000   101.000   00.769   125.932
157.000   828.000   397.000   115.000   00.832   125.936
158.000   879.000   374.000   103.000   00.895   125.940
159.000   830.000   374.000   102.000   00.957   125.944
160.000   783.000   354.000   125.000   01.020   125.948
161.000   822.000   405.000   118.000   01.083   125.952
162.000   900.000   374.000   116.000   01.146   125.956
163.000   864.000   349.000   114.000   01.208   125.960
164.000   880.000   406.000   113.000   01.271   125.964
165.000   861.000   356.000   117.000   01.334   125.968
166.000   841.000   370.000   127.000   01.396   125.972
167.000   888.000   380.000   109.000   01.459   125.976
168.000   848.000   408.000   117.000   01.522   125.980
169.000   812.000   385.000   134.000   01.585   125.985
170.000   850.000   338.000   122.000   01.647   125.989
171.000   824.000   362.000   105.000   01.710   125.993
172.000   813.000   346.000   112.000   01.773   125.997
173.000   815.000   338.000   101.000   01.836   126.001
174.000   900.000   355.000   109.000   01.898   126.005
175.000   849.000   377.000   103.000   01.961   126.009
176.000   891.000   351.000   114.000   02.024   126.013
177.000   862.000   381.000   140.000   02.087   126.017
178.000   848.000   371.000   135.000   02.149   126.021
179.000   876.000   352.000   112.000   02.212   126.025
180.000   891.000   358.000   121.000   02.275   126.029
181.000   838.000   390.000   120.000   02.338   126.033
182.000   902.000   370.000   103.000   02.400   126.037
183.000   841.000   360.000   133.000   02.463   126.041
184.000   814.000   358.000   124.000   02.526   126.045
185.000   849.000   354.000   115.000   02.589   126.050
186.000   855.000   375.000   109.000   02.651   126.054
187.000   865.000   364.000   95.000   02.714   126.058
188.000   815.000   358.000   130.000   02.777   126.062
189.000   855.000   384.000   119.000   02.840   126.066
190.000   824.000   359.000   123.000   02.902   126.070
191.000   859.000   366.000   116.000   02.965   126.074
192.000   832.000   375.000   128.000   03.028   126.078
193.000   880.000   352.000   126.000   03.091   126.082
194.000   875.000   393.000   110.000   03.153   126.086
195.000   834.000   354.000   101.000   03.216   126.090
196.000   883.000   337.000   98.000   03.279   126.094
197.000   886.000   359.000   112.000   03.342   126.098
198.000   880.000   349.000   116.000   03.404   126.103
199.000   894.000   391.000   112.000   03.467   126.107
200.000   890.000   343.000   122.000   03.530   126.111
201.000   879.000   343.000   117.000   03.593   126.115
202.000   843.000   349.000   97.000   03.655   126.119
203.000   843.000   388.000   110.000   03.718   126.123
204.000   859.000   369.000   105.000   03.781   126.127
205.000   858.000   370.000   100.000   03.844   126.131
206.000   902.000   340.000   116.000   03.906   126.135
207.000   846.000   351.000   130.000   03.969   126.139
208.000   820.000   368.000   143.000   04.032   126.143
209.000   809.000   377.000   125.000   04.095   126.147
210.000   861.000   351.000   111.000   04.157   126.152
211.000   835.000   367.000   138.000   04.220   126.156
212.000   863.000   361.000   95.000   04.283   126.160
213.000   796.000   361.000   111.000   04.346   126.164
214.000   885.000   371.000   119.000   04.408   126.168
215.000   865.000   368.000   111.000   04.471   126.172
216.000   875.000   379.000   109.000   04.534   126.176
217.000   866.000   348.000   111.000   04.597   126.180
218.000   855.000   318.000   119.000   04.659   126.184
219.000   866.000   395.000   114.000   04.722   126.188
220.000   835.000   407.000   102.000   04.785   126.193
221.000   900.000   368.000   93.000   04.848   126.197
222.000   811.000   324.000   123.000   04.910   126.201
223.000   879.000   387.000   111.000   04.973   126.205
224.000   864.000   367.000   123.000   05.036   126.209
225.000   859.000   349.000   106.000   05.099   126.213
226.000   867.000   332.000   102.000   05.161   126.217
227.000   807.000   341.000   98.000   05.224   126.221
228.000   931.000   316.000   114.000   05.287   126.226
229.000   787.000   372.000   104.000   05.350   126.230
230.000   835.000   347.000   107.000   05.412   126.234
231.000   915.000   363.000   102.000   05.475   126.238
232.000   808.000   324.000   121.000   05.538   126.242
233.000   814.000   394.000   103.000   05.601   126.246
234.000   840.000   356.000   130.000   05.663   126.250
235.000   807.000   382.000   126.000   05.726   126.254
236.000   865.000   370.000   112.000   05.789   126.259
237.000   837.000   350.000   109.000   05.852   126.263
238.000   861.000   365.000   102.000   05.914   126.267
239.000   869.000   379.000   103.000   05.977   126.271
240.000   833.000   363.000   102.000   06.040   126.275
241.000   843.000   371.000   112.000   06.103   126.279
242.000   894.000   353.000   89.000   06.165   126.283
243.000   835.000   351.000   113.000   06.228   126.288
244.000   864.000   367.000   119.000   06.291   126.292
245.000   840.000   354.000   115.000   06.354   126.296
246.000   863.000   377.000   88.000   06.416   126.300
247.000   859.000   367.000   123.000   06.479   126.304
248.000   821.000   332.000   121.000   06.542   126.308
249.000   872.000   342.000   116.000   06.605   126.312
250.000   860.000   354.000   111.000   06.667   126.317
251.000   860.000   353.000   126.000   06.730   126.321
252.000   848.000   372.000   110.000   06.793   126.325
253.000   833.000   327.000   106.000   06.856   126.329
254.000   870.000   377.000   102.000   06.918   126.333
255.000   805.000   384.000   120.000   06.981   126.337
256.000   864.000   347.000   116.000   07.044   126.342
257.000   842.000   396.000   105.000   07.106   126.346
258.000   852.000   372.000   119.000   07.169   126.350
259.000   856.000   356.000   123.000   07.232   126.354
260.000   922.000   360.000   123.000   07.295   126.358
261.000   896.000   352.000   114.000   07.357   126.363
262.000   880.000   369.000   103.000   07.420   126.367
263.000   847.000   331.000   97.000   07.483   126.371
264.000   854.000   368.000   117.000   07.546   126.375
265.000   887.000   344.000   116.000   07.608   126.379
266.000   810.000   330.000   104.000   07.671   126.384
267.000   849.000   353.000   111.000   07.734   126.388
268.000   809.000   345.000   100.000   07.797   126.392
269.000   842.000   325.000   109.000   07.859   126.396
270.000   856.000   367.000   98.000   07.922   126.400
271.000   830.000   342.000   112.000   07.985   126.405
272.000   839.000   377.000   122.000   08.048   126.409
273.000   879.000   374.000   107.000   08.110   126.413
274.000   872.000   373.000   105.000   08.173   126.417
275.000   820.000   377.000   98.000   08.236   126.421
276.000   811.000   367.000   102.000   08.299   126.426
277.000   840.000   378.000   105.000   08.361   126.430
278.000   860.000   354.000   111.000   08.424   126.434
279.000   892.000   355.000   115.000   08.487   126.438
280.000   830.000   364.000   120.000   08.550   126.443
281.000   811.000   348.000   121.000   08.612   126.447
282.000   855.000   415.000   138.000   08.675   126.451
283.000   869.000   355.000   114.000   08.738   126.455
284.000   823.000   374.000   96.000   08.800   126.460
285.000   848.000   330.000   119.000   08.863   126.464
286.000   912.000   344.000   110.000   08.926   126.468
287.000   871.000   354.000   98.000   08.989   126.472
288.000   819.000   354.000   125.000   09.051   126.477
289.000   865.000   340.000   121.000   09.114   126.481
290.000   839.000   354.000   109.000   09.177   126.485
291.000   846.000   356.000   110.000   09.240   126.489
292.000   899.000   317.000   126.000   09.302   126.494
293.000   807.000   389.000   127.000   09.365   126.498
294.000   822.000   346.000   108.000   09.428   126.502
295.000   875.000   371.000   118.000   09.491   126.507
296.000   837.000   364.000   132.000   09.553   126.511
297.000   813.000   334.000   136.000   09.616   126.515
298.000   848.000   383.000   115.000   09.679   126.519
299.000   846.000   357.000   108.000   09.741   126.524
300.000   880.000   335.000   100.000   09.804   126.528
301.000   825.000   366.000   124.000   09.867   126.532
302.000   791.000   347.000   112.000   09.930   126.537
303.000   821.000   339.000   89.000   09.992   126.541
304.000   816.000   339.000   98.000   10.055   126.545
305.000   857.000   358.000   96.000   10.118   126.550
306.000   846.000   400.000   104.000   10.181   126.554
307.000   871.000   324.000   110.000   10.243   126.558
308.000   869.000   392.000   123.000   10.306   126.562
309.000   819.000   376.000   110.000   10.369   126.567
310.000   834.000   379.000   117.000   10.432   126.571
311.000   871.000   356.000   99.000   10.494   126.575
312.000   855.000   381.000   103.000   10.557   126.580
313.000   876.000   372.000   118.000   10.620   126.584
314.000   844.000   360.000   104.000   10.682   126.588
315.000   838.000   326.000   94.000   10.745   126.593
316.000   848.000   342.000   117.000   10.808   126.597
317.000   844.000   395.000   114.000   10.871   126.602
318.000   830.000   361.000   103.000   10.933   126.606
319.000   867.000   358.000   96.000   10.996   126.610
320.000   851.000   348.000   117.000   11.059   126.615
321.000   837.000   359.000   100.000   11.122   126.619
322.000   863.000   388.000   112.000   11.184   126.623
323.000   828.000   371.000   108.000   11.247   126.628
324.000   854.000   327.000   125.000   11.310   126.632
325.000   831.000   368.000   119.000   11.372   126.636
326.000   811.000   383.000   91.000   11.435   126.641
327.000   801.000   369.000   114.000   11.498   126.645
328.000   874.000   346.000   101.000   11.561   126.650
329.000   846.000   361.000   99.000   11.623   126.654
330.000   852.000   345.000   103.000   11.686   126.658
331.000   836.000   320.000   109.000   11.749   126.663
332.000   826.000   378.000   108.000   11.811   126.667
333.000   857.000   348.000   106.000   11.874   126.672
334.000   828.000   372.000   108.000   11.937   126.676
335.000   832.000   373.000   117.000   12.000   126.680
336.000   852.000   356.000   124.000   12.062   126.685
337.000   826.000   413.000   104.000   12.125   126.689
338.000   884.000   369.000   134.000   12.188   126.694
339.000   919.000   351.000   119.000   12.250   126.698
340.000   847.000   326.000   109.000   12.313   126.703
341.000   856.000   360.000   116.000   12.376   126.707
342.000   843.000   330.000   112.000   12.439   126.712
343.000   837.000   390.000   110.000   12.501   126.716
344.000   910.000   324.000   116.000   12.564   126.720
345.000   831.000   352.000   130.000   12.627   126.725
346.000   832.000   345.000   119.000   12.689   126.729
347.000   856.000   353.000   114.000   12.752   126.734
348.000   936.000   358.000   119.000   12.815   126.738
349.000   896.000   373.000   111.000   12.878   126.743
350.000   835.000   405.000   88.000   12.940   126.747
351.000   838.000   365.000   129.000   13.003   126.752
352.000   791.000   380.000   113.000   13.066   126.756
353.000   856.000   382.000   93.000   13.128   126.761
354.000   858.000   360.000   105.000   13.191   126.765
355.000   868.000   323.000   108.000   13.254   126.770
356.000   847.000   352.000   119.000   13.317   126.774
357.000   807.000   390.000   99.000   13.379   126.779
358.000   794.000   333.000   138.000   13.442   126.783
359.000   835.000   372.000   105.000   13.505   126.788
360.000   843.000   356.000   118.000   13.567   126.792
361.000   869.000   369.000   93.000   13.630   126.797
362.000   828.000   387.000   105.000   13.693   126.801
363.000   839.000   331.000   127.000   13.756   126.806
364.000   885.000   365.000   120.000   13.818   126.811
365.000   827.000   344.000   114.000   13.881   126.815
366.000   836.000   371.000   134.000   13.944   126.820
367.000   872.000   382.000   111.000   14.006   126.824
368.000   846.000   365.000   113.000   14.069   126.829
369.000   818.000   380.000   124.000   14.132   126.833
370.000   809.000   350.000   107.000   14.194   126.838
371.000   835.000   334.000   89.000   14.257   126.842
372.000   833.000   369.000   125.000   14.320   126.847
373.000   833.000   369.000   112.000   14.383   126.852
374.000   823.000   380.000   95.000   14.445   126.856
375.000   868.000   375.000   107.000   14.508   126.861
376.000   846.000   360.000   90.000   14.571   126.865
377.000   850.000   358.000   119.000   14.633   126.870
378.000   847.000   359.000   113.000   14.696   126.875
379.000   831.000   368.000   108.000   14.759   126.879
380.000   845.000   368.000   108.000   14.821   126.884
381.000   862.000   402.000   128.000   14.884   126.889
382.000   880.000   370.000   104.000   14.947   126.893
383.000   839.000   390.000   110.000   15.010   126.898
384.000   839.000   349.000   116.000   15.072   126.902
385.000   875.000   336.000   117.000   15.135   126.907
386.000   789.000   336.000   107.000   15.198   126.912
387.000   814.000   365.000   106.000   15.260   126.916
388.000   860.000   347.000   99.000   15.323   126.921
389.000   815.000   356.000   111.000   15.386   126.926
390.000   798.000   376.000   118.000   15.448   126.930
391.000   789.000   331.000   90.000   15.511   126.935
392.000   854.000   359.000   103.000   15.574   126.940
393.000   841.000   348.000   101.000   15.636   126.944
394.000   875.000   356.000   112.000   15.699   126.949
395.000   865.000   362.000   97.000   15.762   126.954
396.000   849.000   375.000   120.000   15.824   126.959
397.000   876.000   341.000   116.000   15.887   126.963
398.000   896.000   349.000   128.000   15.950   126.968
399.000   840.000   366.000   127.000   16.012   126.973
400.000   797.000   359.000   85.000   16.075   126.977
401.000   824.000   389.000   92.000   16.138   126.982
402.000   777.000   329.000   106.000   16.201   126.987
403.000   887.000   365.000   95.000   16.263   126.992
404.000   830.000   361.000   100.000   16.326   126.996
405.000   805.000   353.000   116.000   16.389   127.001
406.000   869.000   342.000   96.000   16.451   127.006
407.000   828.000   356.000   117.000   16.514   127.011
408.000   832.000   330.000   126.000   16.577   127.016
409.000   853.000   374.000   120.000   16.639   127.020
410.000   881.000   371.000   106.000   16.702   127.025
411.000   842.000   375.000   115.000   16.765   127.030
412.000   835.000   370.000   121.000   16.827   127.035
413.000   821.000   327.000   90.000   16.890   127.039
414.000   832.000   324.000   99.000   16.953   127.044
415.000   836.000   376.000   108.000   17.015   127.049
416.000   922.000   346.000   117.000   17.078   127.054
417.000   901.000   360.000   117.000   17.141   127.059
418.000   879.000   364.000   107.000   17.203   127.064
419.000   837.000   363.000   94.000   17.266   127.068
420.000   877.000   347.000   112.000   17.329   127.073
421.000   823.000   325.000   98.000   17.391   127.078
422.000   832.000   340.000   113.000   17.454   127.083
423.000   818.000   352.000   133.000   17.517   127.088
424.000   860.000   322.000   120.000   17.579   127.093
425.000   871.000   343.000   127.000   17.642   127.098
426.000   811.000   355.000   106.000   17.705   127.102
427.000   797.000   353.000   115.000   17.767   127.107
428.000   835.000   323.000   107.000   17.830   127.112
429.000   847.000   340.000   93.000   17.893   127.117
430.000   783.000   339.000   108.000   17.955   127.122
431.000   855.000   372.000   120.000   18.018   127.127
432.000   823.000   373.000   109.000   18.081   127.132
433.000   855.000   333.000   120.000   18.143   127.137
434.000   780.000   346.000   115.000   18.206   127.142
435.000   834.000   394.000   108.000   18.269   127.147
436.000   866.000   333.000   106.000   18.331   127.152
437.000   814.000   350.000   103.000   18.394   127.157
438.000   857.000   386.000   116.000   18.457   127.162
439.000   842.000   357.000   119.000   18.519   127.167
440.000   842.000   327.000   114.000   18.582   127.172
441.000   892.000   343.000   116.000   18.644   127.177
442.000   852.000   371.000   92.000   18.707   127.181
443.000   862.000   383.000   111.000   18.770   127.186
444.000   855.000   372.000   115.000   18.832   127.191
445.000   838.000   379.000   100.000   18.895   127.196
446.000   793.000   395.000   109.000   18.958   127.202
447.000   849.000   353.000   102.000   19.020   127.207
448.000   824.000   318.000   128.000   19.083   127.212
449.000   860.000   383.000   112.000   19.146   127.217
450.000   826.000   355.000   115.000   19.208   127.222
451.000   776.000   363.000   91.000   19.271   127.227
452.000   811.000   368.000   115.000   19.334   127.232
453.000   824.000   350.000   109.000   19.396   127.237
454.000   893.000   351.000   98.000   19.459   127.242
455.000   836.000   361.000   123.000   19.521   127.247
456.000   833.000   347.000   113.000   19.584   127.252
457.000   867.000   367.000   109.000   19.647   127.257
458.000   834.000   351.000   117.000   19.709   127.262
459.000   852.000   355.000   99.000   19.772   127.267
460.000   846.000   354.000   108.000   19.835   127.272
461.000   781.000   361.000   113.000   19.897   127.278
462.000   801.000   396.000   112.000   19.960   127.283
463.000   837.000   358.000   106.000   20.023   127.288
464.000   876.000   326.000   109.000   20.085   127.293
465.000   844.000   342.000   109.000   20.148   127.298
466.000   853.000   370.000   106.000   20.210   127.303
467.000   864.000   344.000   114.000   20.273   127.308
468.000   846.000   350.000   105.000   20.336   127.314
469.000   870.000   349.000   109.000   20.398   127.319
470.000   783.000   329.000   93.000   20.461   127.324
471.000   845.000   350.000   101.000   20.524   127.329
472.000   895.000   363.000   116.000   20.586   127.334
473.000   814.000   317.000   115.000   20.649   127.340
474.000   872.000   367.000   109.000   20.711   127.345
475.000   856.000   373.000   117.000   20.774   127.350
476.000   861.000   342.000   101.000   20.837   127.355
477.000   848.000   364.000   110.000   20.899   127.361
478.000   836.000   368.000   89.000   20.962   127.366
479.000   859.000   348.000   101.000   21.024   127.371
480.000   885.000   329.000   95.000   21.087   127.376
481.000   833.000   354.000   115.000   21.150   127.382
482.000   800.000   395.000   100.000   21.212   127.387
483.000   826.000   375.000   126.000   21.275   127.392
484.000   893.000   325.000   120.000   21.338   127.397
485.000   785.000   365.000   134.000   21.400   127.403
486.000   803.000   365.000   108.000   21.463   127.408
487.000   842.000   343.000   108.000   21.525   127.413
488.000   820.000   376.000   114.000   21.588   127.419
489.000   871.000   339.000   117.000   21.651   127.424
490.000   848.000   357.000   121.000   21.713   127.429
491.000   790.000   356.000   109.000   21.776   127.435
492.000   817.000   366.000   112.000   21.838   127.440
493.000   811.000   367.000   89.000   21.901   127.445
494.000   789.000   384.000   96.000   21.964   127.451
495.000   861.000   355.000   120.000   22.026   127.456
496.000   847.000   372.000   110.000   22.089   127.462
497.000   819.000   343.000   109.000   22.151   127.467
498.000   852.000   356.000   125.000   22.214   127.472
499.000   854.000   366.000   109.000   22.277   127.478
500.000   824.000   354.000   105.000   22.339   127.483
501.000   805.000   371.000   99.000   22.402   127.489
502.000   798.000   367.000   111.000   22.464   127.494
503.000   797.000   351.000   105.000   22.527   127.500
504.000   821.000   364.000   107.000   22.589   127.505
505.000   866.000   356.000   117.000   22.652   127.511
506.000   815.000   358.000   98.000   22.715   127.516
507.000   831.000   312.000   110.000   22.777   127.522
508.000   854.000   361.000   103.000   22.840   127.527
509.000   862.000   341.000   108.000   22.902   127.533
510.000   817.000   350.000   116.000   22.965   127.538
511.000   827.000   350.000   104.000   23.028   127.544
512.000   797.000   323.000   99.000   23.090   127.549
513.000   836.000   329.000   98.000   23.153   127.555
514.000   826.000   363.000   91.000   23.215   127.560
515.000   845.000   379.000   117.000   23.278   127.566
516.000   787.000   352.000   109.000   23.340   127.571
517.000   832.000   357.000   114.000   23.403   127.577
518.000   831.000   355.000   111.000   23.466   127.582
519.000   841.000   370.000   108.000   23.528   127.588
520.000   835.000   339.000   115.000   23.591   127.594
521.000   851.000   370.000   97.000   23.653   127.599
522.000   886.000   362.000   107.000   23.716   127.605
523.000   818.000   368.000   104.000   23.778   127.611
524.000   810.000   354.000   116.000   23.841   127.616
525.000   812.000   352.000   117.000   23.904   127.622
526.000   851.000   363.000   116.000   23.966   127.628
527.000   861.000   351.000   119.000   24.029   127.633
528.000   826.000   332.000   100.000   24.091   127.639
529.000   868.000   351.000   101.000   24.154   127.645
530.000   821.000   339.000   107.000   24.216   127.650
531.000   861.000   379.000   103.000   24.279   127.656
532.000   861.000   364.000   130.000   24.342   127.662
533.000   812.000   342.000   114.000   24.404   127.667
534.000   832.000   370.000   120.000   24.467   127.673
535.000   820.000   362.000   115.000   24.529   127.679
536.000   871.000   340.000   100.000   24.592   127.685
537.000   870.000   365.000   107.000   24.654   127.690
538.000   846.000   358.000   91.000   24.717   127.696
539.000   813.000   349.000   114.000   24.779   127.702
540.000   823.000   380.000   103.000   24.842   127.708
541.000   837.000   394.000   88.000   24.904   127.714
542.000   825.000   359.000   111.000   24.967   127.719
543.000   874.000   358.000   110.000   25.030   127.725
544.000   831.000   366.000   111.000   25.092   127.731
545.000   814.000   352.000   110.000   25.155   127.737
546.000   835.000   324.000   93.000   25.217   127.743
547.000   808.000   367.000   117.000   25.280   127.749
548.000   847.000   380.000   111.000   25.342   127.755
549.000   821.000   364.000   104.000   25.405   127.760
550.000   820.000   372.000   102.000   25.467   127.766
551.000   817.000   371.000   91.000   25.530   127.772
552.000   811.000   404.000   104.000   25.592   127.778
553.000   837.000   387.000   112.000   25.655   127.784
554.000   800.000   368.000   119.000   25.717   127.790
555.000   855.000   354.000   97.000   25.780   127.796
556.000   790.000   364.000   118.000   25.842   127.802
557.000   816.000   332.000   105.000   25.905   127.808
558.000   844.000   364.000   109.000   25.968   127.814
559.000   842.000   356.000   99.000   26.030   127.820
560.000   853.000   356.000   100.000   26.093   127.826
561.000   845.000   334.000   99.000   26.155   127.832
562.000   863.000   374.000   116.000   26.218   127.838
563.000   841.000   385.000   112.000   26.280   127.844
564.000   854.000   388.000   104.000   26.343   127.850
565.000   809.000   342.000   104.000   26.405   127.856
566.000   837.000   386.000   113.000   26.468   127.862
567.000   838.000   410.000   116.000   26.530   127.868
568.000   857.000   364.000   105.000   26.593   127.874
569.000   821.000   346.000   80.000   26.655   127.880
570.000   860.000   396.000   135.000   26.718   127.887
571.000   857.000   338.000   115.000   26.780   127.893
572.000   813.000   349.000   100.000   26.843   127.899
573.000   789.000   349.000   120.000   26.905   127.905
574.000   855.000   376.000   108.000   26.968   127.911
575.000   817.000   369.000   110.000   27.030   127.917
576.000   835.000   372.000   109.000   27.093   127.924
577.000   835.000   348.000   104.000   27.155   127.930
578.000   843.000   346.000   102.000   27.218   127.936
579.000   856.000   346.000   92.000   27.280   127.942
580.000   909.000   372.000   106.000   27.343   127.948
581.000   823.000   347.000   106.000   27.405   127.955
582.000   875.000   358.000   114.000   27.468   127.961
583.000   843.000   352.000   119.000   27.530   127.967
584.000   901.000   368.000   85.000   27.593   127.973
585.000   816.000   370.000   128.000   27.655   127.980
586.000   811.000   402.000   112.000   27.718   127.986
587.000   882.000   353.000   115.000   27.780   127.992
588.000   853.000   366.000   102.000   27.843   127.999
589.000   847.000   356.000   89.000   27.905   128.005
590.000   803.000   362.000   113.000   27.968   128.011
591.000   845.000   341.000   101.000   28.030   128.018
592.000   840.000   390.000   133.000   28.093   128.024
593.000   852.000   374.000   124.000   28.155   128.030
594.000   807.000   348.000   121.000   28.217   128.037
595.000   881.000   385.000   111.000   28.280   128.043
596.000   875.000   373.000   121.000   28.342   128.050
597.000   851.000   344.000   99.000   28.405   128.056
598.000   839.000   371.000   114.000   28.467   128.063
599.000   851.000   366.000   115.000   28.530   128.069
600.000   854.000   380.000   111.000   28.592   128.076
601.000   883.000   369.000   111.000   28.655   128.082
602.000   871.000   365.000   97.000   28.717   128.088
603.000   845.000   362.000   111.000   28.780   128.095
604.000   833.000   352.000   108.000   28.842   128.102
605.000   841.000   361.000   113.000   28.905   128.108
606.000   857.000   354.000   112.000   28.967   128.115
607.000   842.000   355.000   113.000   29.030   128.121
608.000   860.000   381.000   98.000   29.092   128.128
609.000   826.000   362.000   108.000   29.154   128.134
610.000   837.000   371.000   91.000   29.217   128.141
611.000   864.000   344.000   112.000   29.279   128.148
612.000   839.000   369.000   104.000   29.342   128.154
613.000   840.000   371.000   108.000   29.404   128.161
614.000   881.000   393.000   109.000   29.467   128.167
615.000   845.000   359.000   127.000   29.529   128.174
616.000   894.000   401.000   110.000   29.592   128.181
617.000   913.000   366.000   115.000   29.654   128.188
618.000   877.000   399.000   104.000   29.716   128.194
619.000   831.000   396.000   118.000   29.779   128.201
620.000   832.000   332.000   117.000   29.841   128.208
621.000   826.000   370.000   104.000   29.904   128.214
622.000   869.000   345.000   107.000   29.966   128.221
623.000   808.000   374.000   105.000   30.029   128.228
624.000   874.000   393.000   110.000   30.091   128.235
625.000   912.000   378.000   109.000   30.153   128.242
626.000   871.000   341.000   111.000   30.216   128.248
627.000   815.000   357.000   117.000   30.278   128.255
628.000   869.000   375.000   127.000   30.341   128.262
629.000   896.000   404.000   111.000   30.403   128.269
630.000   809.000   398.000   137.000   30.466   128.276
631.000   830.000   399.000   109.000   30.528   128.283
632.000   825.000   371.000   107.000   30.590   128.290
633.000   813.000   371.000   96.000   30.653   128.296
634.000   877.000   378.000   104.000   30.715   128.303
635.000   833.000   349.000   117.000   30.778   128.310
636.000   854.000   378.000   101.000   30.840   128.317
637.000   833.000   382.000   111.000   30.902   128.324
638.000   841.000   366.000   119.000   30.965   128.331
639.000   860.000   376.000   111.000   31.027   128.338
640.000   801.000   388.000   95.000   31.090   128.345
641.000   891.000   371.000   105.000   31.152   128.352
642.000   861.000   378.000   102.000   31.214   128.359
643.000   878.000   411.000   94.000   31.277   128.366
644.000   865.000   358.000   94.000   31.339   128.373
645.000   853.000   365.000   95.000   31.402   128.381
646.000   840.000   416.000   148.000   31.464   128.388
647.000   867.000   355.000   119.000   31.526   128.395
648.000   901.000   396.000   123.000   31.589   128.402
649.000   865.000   387.000   120.000   31.651   128.409
650.000   818.000   349.000   102.000   31.714   128.416
651.000   856.000   371.000   138.000   31.776   128.423
652.000   836.000   372.000   122.000   31.838   128.431
653.000   872.000   381.000   102.000   31.901   128.438
654.000   860.000   412.000   112.000   31.963   128.445
655.000   873.000   383.000   112.000   32.025   128.452
656.000   897.000   408.000   121.000   32.088   128.459
657.000   815.000   358.000   121.000   32.150   128.467
658.000   804.000   400.000   123.000   32.213   128.474
659.000   817.000   341.000   138.000   32.275   128.481
660.000   805.000   364.000   104.000   32.337   128.489
661.000   850.000   333.000   97.000   32.400   128.496
662.000   823.000   361.000   118.000   32.462   128.503
663.000   837.000   377.000   103.000   32.524   128.511
664.000   903.000   400.000   107.000   32.587   128.518
665.000   861.000   385.000   127.000   32.649   128.525
666.000   830.000   383.000   106.000   32.711   128.533
667.000   852.000   410.000   130.000   32.774   128.540
668.000   902.000   359.000   137.000   32.836   128.548
669.000   839.000   380.000   97.000   32.899   128.555
670.000   862.000   395.000   110.000   32.961   128.563
671.000   834.000   348.000   103.000   33.023   128.570
672.000   760.000   346.000   101.000   33.086   128.578
673.000   878.000   373.000   103.000   33.148   128.585
674.000   842.000   360.000   123.000   33.210   128.593
675.000   842.000   338.000   108.000   33.273   128.600
676.000   800.000   364.000   129.000   33.335   128.608
677.000   837.000   362.000   112.000   33.397   128.615
678.000   873.000   333.000   124.000   33.460   128.623
679.000   942.000   367.000   109.000   33.522   128.631
680.000   829.000   412.000   105.000   33.584   128.638
681.000   840.000   420.000   104.000   33.647   128.646
682.000   816.000   355.000   119.000   33.709   128.654
683.000   866.000   377.000   132.000   33.771   128.661
684.000   894.000   342.000   109.000   33.834   128.669
685.000   861.000   396.000   113.000   33.896   128.677
686.000   856.000   398.000   114.000   33.958   128.685
687.000   878.000   358.000   99.000   34.021   128.692
688.000   877.000   392.000   120.000   34.083   128.700
689.000   909.000   379.000   103.000   34.145   128.708
690.000   849.000   362.000   106.000   34.207   128.716
691.000   878.000   385.000   115.000   34.270   128.724
692.000   868.000   343.000   98.000   34.332   128.731
693.000   839.000   399.000   122.000   34.394   128.739
694.000   900.000   360.000   112.000   34.457   128.747
695.000   839.000   370.000   124.000   34.519   128.755
696.000   850.000   358.000   94.000   34.581   128.763
697.000   870.000   370.000   112.000   34.644   128.771
698.000   854.000   384.000   130.000   34.706   128.779
699.000   826.000   366.000   118.000   34.768   128.787
700.000   897.000   367.000   101.000   34.831   128.795
701.000   885.000   436.000   111.000   34.893   128.803
702.000   923.000   346.000   99.000   34.955   128.811
703.000   827.000   401.000   106.000   35.017   128.819
704.000   895.000   385.000   117.000   35.080   128.827
705.000   858.000   364.000   121.000   35.142   128.835
706.000   898.000   359.000   97.000   35.204   128.843
707.000   838.000   383.000   113.000   35.266   128.851
708.000   864.000   383.000   125.000   35.329   128.859
709.000   879.000   428.000   117.000   35.391   128.868
710.000   909.000   355.000   111.000   35.453   128.876
711.000   857.000   374.000   109.000   35.516   128.884
712.000   829.000   367.000   107.000   35.578   128.892
713.000   826.000   405.000   108.000   35.640   128.900
714.000   814.000   381.000   104.000   35.702   128.909
715.000   841.000   370.000   116.000   35.765   128.917
716.000   844.000   366.000   119.000   35.827   128.925
717.000   811.000   375.000   96.000   35.889   128.934
718.000   880.000   364.000   107.000   35.951   128.942
719.000   878.000   364.000   104.000   36.014   128.950
720.000   849.000   354.000   106.000   36.076   128.959
721.000   877.000   400.000   128.000   36.138   128.967
722.000   862.000   375.000   113.000   36.200   128.975
723.000   795.000   380.000   128.000   36.263   128.984
724.000   897.000   376.000   96.000   36.325   128.992
725.000   866.000   388.000   102.000   36.387   129.001
726.000   854.000   414.000   130.000   36.449   129.009
727.000   903.000   363.000   107.000   36.512   129.018
728.000   825.000   379.000   99.000   36.574   129.026
729.000   842.000   379.000   128.000   36.636   129.035
730.000   835.000   389.000   149.000   36.698   129.043
731.000   912.000   361.000   97.000   36.761   129.052
732.000   836.000   405.000   114.000   36.823   129.061
733.000   854.000   380.000   128.000   36.885   129.069
734.000   832.000   374.000   120.000   36.947   129.078
735.000   908.000   390.000   98.000   37.009   129.087
736.000   865.000   395.000   121.000   37.072   129.095
737.000   894.000   376.000   106.000   37.134   129.104
738.000   805.000   377.000   130.000   37.196   129.113
739.000   837.000   385.000   107.000   37.258   129.122
740.000   876.000   403.000   106.000   37.321   129.130
741.000   864.000   391.000   107.000   37.383   129.139
742.000   887.000   389.000   124.000   37.445   129.148
743.000   870.000   353.000   129.000   37.507   129.157
744.000   879.000   398.000   136.000   37.569   129.166
745.000   870.000   402.000   115.000   37.632   129.175
746.000   853.000   375.000   139.000   37.694   129.184
747.000   893.000   390.000   121.000   37.756   129.192
748.000   884.000   396.000   112.000   37.818   129.201
749.000   868.000   397.000   117.000   37.880   129.210
750.000   894.000   391.000   130.000   37.942   129.219
751.000   872.000   389.000   112.000   38.005   129.228
752.000   836.000   384.000   113.000   38.067   129.237
753.000   845.000   386.000   106.000   38.129   129.247
754.000   874.000   435.000   115.000   38.191   129.256
755.000   880.000   383.000   125.000   38.253   129.265
756.000   854.000   420.000   102.000   38.316   129.274
757.000   877.000   378.000   115.000   38.378   129.283
758.000   851.000   389.000   115.000   38.440   129.292
759.000   845.000   395.000   102.000   38.502   129.301
760.000   846.000   422.000   120.000   38.564   129.311
761.000   808.000   402.000   112.000   38.626   129.320
762.000   881.000   400.000   125.000   38.689   129.329
763.000   848.000   437.000   116.000   38.751   129.338
764.000   834.000   404.000   113.000   38.813   129.348
765.000   877.000   391.000   106.000   38.875   129.357
766.000   851.000   402.000   102.000   38.937   129.366
767.000   864.000   372.000   133.000   38.999   129.376
768.000   847.000   359.000   118.000   39.061   129.385
769.000   855.000   415.000   104.000   39.124   129.395
770.000   898.000   396.000   111.000   39.186   129.404
771.000   878.000   407.000   101.000   39.248   129.414
772.000   875.000   371.000   117.000   39.310   129.423
773.000   862.000   380.000   95.000   39.372   129.433
774.000   853.000   404.000   113.000   39.434   129.442
775.000   856.000   395.000   138.000   39.496   129.452
776.000   824.000   437.000   121.000   39.558   129.461
777.000   883.000   433.000   115.000   39.621   129.471
778.000   850.000   368.000   111.000   39.683   129.481
779.000   915.000   421.000   131.000   39.745   129.490
780.000   928.000   402.000   125.000   39.807   129.500
781.000   873.000   375.000   109.000   39.869   129.510
782.000   879.000   396.000   115.000   39.931   129.520
783.000   931.000   420.000   112.000   39.993   129.529
784.000   864.000   392.000   126.000   40.055   129.539
785.000   896.000   382.000   103.000   40.117   129.549
786.000   899.000   437.000   108.000   40.180   129.559
787.000   888.000   401.000   122.000   40.242   129.569
788.000   788.000   418.000   129.000   40.304   129.579
789.000   884.000   405.000   113.000   40.366   129.589
790.000   932.000   398.000   105.000   40.428   129.599
791.000   799.000   411.000   138.000   40.490   129.609
792.000   842.000   381.000   133.000   40.552   129.619
793.000   887.000   415.000   96.000   40.614   129.629
794.000   866.000   419.000   93.000   40.676   129.639
795.000   904.000   416.000   118.000   40.738   129.649
796.000   859.000   438.000   131.000   40.800   129.659
797.000   899.000   409.000   108.000   40.862   129.669
798.000   906.000   399.000   111.000   40.925   129.679
799.000   816.000   363.000   113.000   40.987   129.689
800.000   898.000   407.000   133.000   41.049   129.700
801.000   874.000   345.000   125.000   41.111   129.710
802.000   844.000   432.000   104.000   41.173   129.720
803.000   887.000   420.000   119.000   41.235   129.730
804.000   906.000   461.000   112.000   41.297   129.741
805.000   930.000   434.000   109.000   41.359   129.751
806.000   864.000   420.000   120.000   41.421   129.761
807.000   822.000   383.000   121.000   41.483   129.772
808.000   840.000   357.000   123.000   41.545   129.782
809.000   880.000   424.000   141.000   41.607   129.793
810.000   822.000   418.000   111.000   41.669   129.803
811.000   840.000   408.000   145.000   41.731   129.814
812.000   934.000   408.000   141.000   41.793   129.824
813.000   954.000   379.000   120.000   41.855   129.835
814.000   877.000   384.000   118.000   41.917   129.846
815.000   858.000   427.000   145.000   41.979   129.856
816.000   878.000   367.000   121.000   42.041   129.867
817.000   889.000   426.000   120.000   42.103   129.878
818.000   880.000   454.000   129.000   42.165   129.888
819.000   832.000   402.000   132.000   42.227   129.899
820.000   879.000   427.000   120.000   42.289   129.910
821.000   898.000   416.000   110.000   42.351   129.921
822.000   869.000   399.000   132.000   42.413   129.931
823.000   872.000   437.000   139.000   42.475   129.942
824.000   960.000   436.000   141.000   42.537   129.953
825.000   871.000   419.000   120.000   42.599   129.964
826.000   848.000   395.000   109.000   42.661   129.975
827.000   870.000   373.000   126.000   42.723   129.986
828.000   897.000   385.000   123.000   42.785   129.997
829.000   908.000   403.000   126.000   42.847   130.008
830.000   915.000   392.000   130.000   42.909   130.019
831.000   868.000   451.000   125.000   42.971   130.030
832.000   857.000   406.000   126.000   43.033   130.042
833.000   913.000   428.000   129.000   43.095   130.053
834.000   873.000   396.000   135.000   43.157   130.064
835.000   893.000   431.000   114.000   43.219   130.075
836.000   856.000   438.000   118.000   43.281   130.086
837.000   961.000   436.000   132.000   43.343   130.098
838.000   837.000   417.000   127.000   43.405   130.109
839.000   905.000   398.000   148.000   43.467   130.120
840.000   868.000   429.000   110.000   43.529   130.132
841.000   886.000   408.000   109.000   43.591   130.143
842.000   857.000   428.000   130.000   43.653   130.155
843.000   913.000   405.000   109.000   43.715   130.166
844.000   858.000   408.000   111.000   43.777   130.178
845.000   845.000   436.000   139.000   43.839   130.189
846.000   903.000   435.000   145.000   43.901   130.201
847.000   901.000   407.000   140.000   43.963   130.212
848.000   888.000   437.000   123.000   44.024   130.224
849.000   882.000   447.000   124.000   44.086   130.236
850.000   867.000   402.000   125.000   44.148   130.248
851.000   921.000   404.000   110.000   44.210   130.259
852.000   851.000   393.000   127.000   44.272   130.271
853.000   875.000   434.000   147.000   44.334   130.283
854.000   892.000   435.000   117.000   44.396   130.295
855.000   859.000   414.000   132.000   44.458   130.307
856.000   870.000   438.000   115.000   44.520   130.319
857.000   941.000   417.000   137.000   44.582   130.331
858.000   901.000   419.000   120.000   44.644   130.343
859.000   843.000   434.000   109.000   44.705   130.355
860.000   952.000   452.000   135.000   44.767   130.367
861.000   829.000   437.000   133.000   44.829   130.379
862.000   881.000   444.000   120.000   44.891   130.391
863.000   979.000   415.000   114.000   44.953   130.403
864.000   923.000   408.000   125.000   45.015   130.415
865.000   828.000   416.000   126.000   45.077   130.427
866.000   920.000   417.000   143.000   45.139   130.440
867.000   865.000   464.000   119.000   45.200   130.452
868.000   877.000   457.000   136.000   45.262   130.464
869.000   852.000   429.000   104.000   45.324   130.477
870.000   831.000   421.000   130.000   45.386   130.489
871.000   922.000   454.000   128.000   45.448   130.502
872.000   905.000   415.000   129.000   45.510   130.514
873.000   926.000   395.000   133.000   45.572   130.527
874.000   902.000   429.000   120.000   45.633   130.539
875.000   867.000   415.000   156.000   45.695   130.552
876.000   872.000   440.000   148.000   45.757   130.564
877.000   884.000   433.000   121.000   45.819   130.577
878.000   902.000   466.000   124.000   45.881   130.590
879.000   902.000   402.000   134.000   45.943   130.602
880.000   918.000   439.000   123.000   46.004   130.615
881.000   871.000   444.000   113.000   46.066   130.628
882.000   871.000   445.000   114.000   46.128   130.641
883.000   949.000   431.000   119.000   46.190   130.654
884.000   911.000   436.000   117.000   46.252   130.667
885.000   891.000   436.000   125.000   46.314   130.680
886.000   893.000   413.000   127.000   46.375   130.693
887.000   905.000   440.000   120.000   46.437   130.706
888.000   903.000   489.000   124.000   46.499   130.719
889.000   899.000   459.000   133.000   46.561   130.732
890.000   894.000   407.000   109.000   46.622   130.745
891.000   899.000   434.000   128.000   46.684   130.758
892.000   910.000   420.000   144.000   46.746   130.772
893.000   921.000   488.000   128.000   46.808   130.785
894.000   881.000   470.000   144.000   46.870   130.798
895.000   892.000   422.000   107.000   46.931   130.811
896.000   911.000   445.000   122.000   46.993   130.825
897.000   898.000   464.000   139.000   47.055   130.838
898.000   903.000   455.000   133.000   47.117   130.852
899.000   869.000   415.000   124.000   47.178   130.865
900.000   893.000   426.000   140.000   47.240   130.879
901.000   917.000   499.000   130.000   47.302   130.892
902.000   891.000   421.000   133.000   47.364   130.906
903.000   905.000   438.000   150.000   47.425   130.920
904.000   918.000   425.000   135.000   47.487   130.934
905.000   907.000   462.000   124.000   47.549   130.947
906.000   859.000   446.000   162.000   47.611   130.961
907.000   869.000   497.000   136.000   47.672   130.975
908.000   911.000   509.000   137.000   47.734   130.989
909.000   938.000   429.000   107.000   47.796   131.003
910.000   938.000   397.000   144.000   47.858   131.017
911.000   897.000   408.000   130.000   47.919   131.031
912.000   900.000   440.000   130.000   47.981   131.045
913.000   922.000   447.000   123.000   48.043   131.059
914.000   881.000   482.000   122.000   48.104   131.073
915.000   876.000   433.000   153.000   48.166   131.087
916.000   901.000   437.000   136.000   48.228   131.102
917.000   877.000   414.000   143.000   48.289   131.116
918.000   898.000   431.000   130.000   48.351   131.130
919.000   957.000   448.000   149.000   48.413   131.145
920.000   914.000   444.000   124.000   48.474   131.159
921.000   890.000   449.000   154.000   48.536   131.174
922.000   902.000   424.000   137.000   48.598   131.188
923.000   927.000   451.000   155.000   48.659   131.203
924.000   960.000   482.000   130.000   48.721   131.217
925.000   936.000   454.000   129.000   48.783   131.232
926.000   911.000   446.000   119.000   48.844   131.247
927.000   854.000   443.000   145.000   48.906   131.261
928.000   900.000   490.000   151.000   48.968   131.276
929.000   934.000   432.000   121.000   49.029   131.291
930.000   905.000   488.000   122.000   49.091   131.306
931.000   880.000   435.000   126.000   49.153   131.321
932.000   900.000   470.000   136.000   49.214   131.336
933.000   921.000   499.000   151.000   49.276   131.351
934.000   917.000   473.000   134.000   49.338   131.366
935.000   930.000   471.000   159.000   49.399   131.381
936.000   849.000   456.000   122.000   49.461   131.396
937.000   916.000   458.000   132.000   49.522   131.411
938.000   888.000   472.000   153.000   49.584   131.427
939.000   973.000   465.000   152.000   49.646   131.442
940.000   896.000   462.000   122.000   49.707   131.457
941.000   944.000   450.000   129.000   49.769   131.473
942.000   936.000   504.000   145.000   49.830   131.488
943.000   875.000   482.000   128.000   49.892   131.504
944.000   892.000   471.000   145.000   49.954   131.519
945.000   949.000   410.000   154.000   50.015   131.535
946.000   939.000   447.000   118.000   50.077   131.551
947.000   883.000   450.000   113.000   50.138   131.566
948.000   910.000   478.000   148.000   50.200   131.582
949.000   929.000   443.000   137.000   50.261   131.598
950.000   885.000   451.000   156.000   50.323   131.614
951.000   938.000   493.000   171.000   50.385   131.630
952.000   896.000   454.000   150.000   50.446   131.646
953.000   960.000   412.000   163.000   50.508   131.662
954.000   933.000   474.000   146.000   50.569   131.678
955.000   946.000   444.000   139.000   50.631   131.694
956.000   961.000   488.000   154.000   50.692   131.710
957.000   927.000   419.000   150.000   50.754   131.726
958.000   939.000   471.000   162.000   50.815   131.743
959.000   963.000   456.000   159.000   50.877   131.759
960.000   911.000   440.000   154.000   50.938   131.775
961.000   994.000   479.000   164.000   51.000   131.792
962.000   940.000   447.000   136.000   51.061   131.808
963.000   959.000   484.000   136.000   51.123   131.825
964.000   976.000   429.000   133.000   51.184   131.841
965.000   975.000   466.000   143.000   51.246   131.858
966.000   932.000   454.000   148.000   51.307   131.875
967.000   972.000   474.000   150.000   51.369   131.892
968.000   921.000   494.000   134.000   51.430   131.908
969.000   955.000   490.000   147.000   51.492   131.925
970.000   1002.000   453.000   138.000   51.553   131.942
971.000   938.000   481.000   149.000   51.615   131.959
972.000   866.000   494.000   155.000   51.676   131.976
973.000   936.000   462.000   146.000   51.738   131.993
974.000   932.000   488.000   159.000   51.799   132.011
975.000   1004.000   451.000   137.000   51.860   132.028
976.000   945.000   483.000   134.000   51.922   132.045
977.000   968.000   499.000   133.000   51.983   132.063
978.000   914.000   436.000   160.000   52.045   132.080
979.000   966.000   484.000   135.000   52.106   132.097
980.000   923.000   484.000   162.000   52.168   132.115
981.000   915.000   496.000   129.000   52.229   132.133
982.000   966.000   478.000   168.000   52.290   132.150
983.000   934.000   508.000   155.000   52.352   132.168
984.000   971.000   484.000   135.000   52.413   132.186
985.000   925.000   492.000   141.000   52.475   132.204
986.000   921.000   511.000   159.000   52.536   132.221
987.000   973.000   489.000   155.000   52.597   132.239
988.000   964.000   513.000   153.000   52.659   132.257
989.000   899.000   516.000   145.000   52.720   132.276
990.000   1029.000   508.000   141.000   52.781   132.294
991.000   1044.000   511.000   162.000   52.843   132.312
992.000   985.000   477.000   137.000   52.904   132.330
993.000   971.000   483.000   147.000   52.966   132.348
994.000   986.000   485.000   153.000   53.027   132.367
995.000   974.000   505.000   146.000   53.088   132.385
996.000   992.000   514.000   138.000   53.150   132.404
997.000   921.000   526.000   136.000   53.211   132.422
998.000   970.000   510.000   138.000   53.272   132.441
999.000   960.000   466.000   161.000   53.334   132.460
1000.000   948.000   460.000   149.000   53.395   132.479
1001.000   932.000   512.000   151.000   53.456   132.497
1002.000   917.000   453.000   136.000   53.518   132.516
1003.000   971.000   517.000   138.000   53.579   132.535
1004.000   1022.000   492.000   141.000   53.640   132.554
1005.000   1019.000   520.000   141.000   53.701   132.574
1006.000   1051.000   517.000   133.000   53.763   132.593
1007.000   1044.000   484.000   170.000   53.824   132.612
1008.000   1002.000   504.000   148.000   53.885   132.631
1009.000   1009.000   460.000   156.000   53.947   132.651
1010.000   980.000   485.000   174.000   54.008   132.670
1011.000   998.000   465.000   161.000   54.069   132.690
1012.000   963.000   481.000   158.000   54.130   132.709
1013.000   1020.000   496.000   149.000   54.192   132.729
1014.000   973.000   496.000   144.000   54.253   132.749
1015.000   1004.000   504.000   160.000   54.314   132.769
1016.000   1025.000   537.000   171.000   54.375   132.788
1017.000   997.000   498.000   142.000   54.436   132.808
1018.000   986.000   538.000   154.000   54.498   132.828
1019.000   969.000   514.000   161.000   54.559   132.849
1020.000   1041.000   466.000   146.000   54.620   132.869
1021.000   957.000   499.000   136.000   54.681   132.889
1022.000   949.000   547.000   164.000   54.742   132.909
1023.000   992.000   528.000   157.000   54.804   132.930
1024.000   1040.000   508.000   157.000   54.865   132.950
1025.000   987.000   557.000   148.000   54.926   132.971
1026.000   960.000   498.000   160.000   54.987   132.991
1027.000   1036.000   502.000   173.000   55.048   133.012
1028.000   1026.000   530.000   168.000   55.110   133.033
1029.000   1038.000   499.000   146.000   55.171   133.054
1030.000   1033.000   529.000   161.000   55.232   133.074
1031.000   990.000   529.000   139.000   55.293   133.095
1032.000   1022.000   518.000   137.000   55.354   133.117
1033.000   1077.000   554.000   139.000   55.415   133.138
1034.000   1060.000   483.000   149.000   55.476   133.159
1035.000   1093.000   504.000   144.000   55.537   133.180
1036.000   1007.000   479.000   148.000   55.599   133.202
1037.000   1044.000   547.000   183.000   55.660   133.223
1038.000   1022.000   532.000   151.000   55.721   133.245
1039.000   1039.000   508.000   172.000   55.782   133.266
1040.000   997.000   499.000   124.000   55.843   133.288
1041.000   1010.000   480.000   137.000   55.904   133.310
1042.000   1031.000   522.000   152.000   55.965   133.332
1043.000   955.000   534.000   150.000   56.026   133.354
1044.000   1037.000   532.000   168.000   56.087   133.376
1045.000   1063.000   520.000   178.000   56.148   133.398
1046.000   1014.000   483.000   139.000   56.209   133.420
1047.000   1031.000   530.000   174.000   56.270   133.442
1048.000   1037.000   537.000   163.000   56.331   133.465
1049.000   1041.000   564.000   150.000   56.392   133.487
1050.000   1053.000   516.000   157.000   56.454   133.510
1051.000   1056.000   544.000   157.000   56.515   133.532
1052.000   1031.000   562.000   156.000   56.576   133.555
1053.000   1039.000   574.000   153.000   56.637   133.578
1054.000   1005.000   515.000   170.000   56.698   133.601
1055.000   1133.000   525.000   146.000   56.759   133.624
1056.000   1129.000   519.000   144.000   56.820   133.647
1057.000   1053.000   542.000   165.000   56.880   133.670
1058.000   1082.000   541.000   167.000   56.941   133.693
1059.000   1065.000   519.000   168.000   57.002   133.716
1060.000   1019.000   528.000   157.000   57.063   133.740
1061.000   990.000   488.000   164.000   57.124   133.763
1062.000   1009.000   519.000   150.000   57.185   133.787
1063.000   996.000   553.000   177.000   57.246   133.811
1064.000   1013.000   533.000   183.000   57.307   133.834
1065.000   1035.000   564.000   145.000   57.368   133.858
1066.000   1023.000   544.000   171.000   57.429   133.882
1067.000   1034.000   564.000   138.000   57.490   133.906
1068.000   1026.000   542.000   164.000   57.551   133.930
1069.000   1053.000   529.000   156.000   57.612   133.955
1070.000   1089.000   549.000   180.000   57.673   133.979
1071.000   1081.000   536.000   171.000   57.733   134.003
1072.000   1052.000   537.000   170.000   57.794   134.028
1073.000   1087.000   538.000   158.000   57.855   134.053
1074.000   1022.000   544.000   165.000   57.916   134.077
1075.000   1062.000   537.000   177.000   57.977   134.102
1076.000   1073.000   515.000   160.000   58.038   134.127
1077.000   1019.000   505.000   162.000   58.099   134.152
1078.000   1055.000   558.000   152.000   58.159   134.177
1079.000   982.000   579.000   162.000   58.220   134.203
1080.000   1040.000   516.000   184.000   58.281   134.228
1081.000   1100.000   503.000   167.000   58.342   134.253
1082.000   1064.000   518.000   187.000   58.403   134.279
1083.000   1007.000   512.000   150.000   58.463   134.304
1084.000   1060.000   538.000   177.000   58.524   134.330
1085.000   1005.000   556.000   154.000   58.585   134.356
1086.000   1030.000   538.000   170.000   58.646   134.382
1087.000   1087.000   550.000   164.000   58.706   134.408
1088.000   1087.000   560.000   168.000   58.767   134.434
1089.000   1079.000   544.000   205.000   58.828   134.460
1090.000   1119.000   561.000   151.000   58.889   134.487
1091.000   1060.000   521.000   157.000   58.949   134.513
1092.000   1080.000   512.000   181.000   59.010   134.540
1093.000   1113.000   546.000   149.000   59.071   134.566
1094.000   1077.000   572.000   164.000   59.131   134.593
1095.000   1048.000   581.000   170.000   59.192   134.620
1096.000   1087.000   523.000   166.000   59.253   134.647
1097.000   1091.000   502.000   164.000   59.314   134.674
1098.000   1064.000   558.000   180.000   59.374   134.702
1099.000   1083.000   539.000   177.000   59.435   134.729
1100.000   1104.000   518.000   171.000   59.496   134.756
1101.000   1112.000   544.000   182.000   59.556   134.784
1102.000   1078.000   552.000   182.000   59.617   134.812
1103.000   1047.000   578.000   160.000   59.677   134.839
1104.000   1111.000   542.000   138.000   59.738   134.867
1105.000   1071.000   521.000   159.000   59.799   134.895
1106.000   1030.000   573.000   152.000   59.859   134.924
1107.000   1071.000   556.000   184.000   59.920   134.952
1108.000   1085.000   562.000   175.000   59.980   134.980
1109.000   1106.000   601.000   164.000   60.041   135.009
1110.000   1090.000   584.000   174.000   60.102   135.037
1111.000   1104.000   579.000   185.000   60.162   135.066
1112.000   1098.000   549.000   163.000   60.223   135.095
1113.000   1130.000   596.000   162.000   60.283   135.124
1114.000   1067.000   562.000   172.000   60.344   135.153
1115.000   1080.000   560.000   171.000   60.404   135.182
1116.000   1101.000   589.000   183.000   60.465   135.212
1117.000   1139.000   583.000   164.000   60.525   135.241
1118.000   1086.000   554.000   178.000   60.586   135.271
1119.000   1114.000   561.000   187.000   60.646   135.301
1120.000   1110.000   600.000   164.000   60.707   135.330
1121.000   1131.000   606.000   195.000   60.767   135.360
1122.000   1127.000   557.000   186.000   60.828   135.391
1123.000   1059.000   574.000   187.000   60.888   135.421
1124.000   1112.000   540.000   185.000   60.948   135.451
1125.000   1081.000   537.000   163.000   61.009   135.482
1126.000   1091.000   572.000   171.000   61.069   135.512
1127.000   1110.000   586.000   170.000   61.130   135.543
1128.000   1125.000   566.000   165.000   61.190   135.574
1129.000   1138.000   515.000   160.000   61.250   135.605
1130.000   1128.000   626.000   160.000   61.311   135.636
1131.000   1123.000   568.000   171.000   61.371   135.668
1132.000   1077.000   567.000   172.000   61.432   135.699
1133.000   1135.000   586.000   190.000   61.492   135.731
1134.000   1075.000   586.000   196.000   61.552   135.762
1135.000   1128.000   600.000   153.000   61.613   135.794
1136.000   1074.000   576.000   176.000   61.673   135.826
1137.000   1069.000   561.000   183.000   61.733   135.858
1138.000   1138.000   521.000   141.000   61.793   135.891
1139.000   1071.000   558.000   164.000   61.854   135.923
1140.000   1050.000   583.000   186.000   61.914   135.956
1141.000   1055.000   543.000   181.000   61.974   135.988
1142.000   1069.000   552.000   166.000   62.035   136.021
1143.000   1052.000   588.000   162.000   62.095   136.054
1144.000   1074.000   547.000   161.000   62.155   136.087
1145.000   1069.000   607.000   182.000   62.215   136.121
1146.000   1039.000   573.000   161.000   62.275   136.154
1147.000   1074.000   572.000   178.000   62.336   136.188
1148.000   1030.000   574.000   193.000   62.396   136.222
1149.000   1130.000   537.000   180.000   62.456   136.256
1150.000   1078.000   597.000   158.000   62.516   136.290
1151.000   1055.000   582.000   160.000   62.576   136.324
1152.000   1056.000   586.000   190.000   62.636   136.358
1153.000   992.000   587.000   187.000   62.697   136.393
1154.000   1046.000   568.000   181.000   62.757   136.427
1155.000   1034.000   545.000   186.000   62.817   136.462
1156.000   1055.000   572.000   172.000   62.877   136.497
1157.000   1032.000   569.000   167.000   62.937   136.532
1158.000   1053.000   621.000   192.000   62.997   136.568
1159.000   1051.000   594.000   183.000   63.057   136.603
1160.000   1034.000   564.000   164.000   63.117   136.639
1161.000   1035.000   547.000   187.000   63.177   136.675
1162.000   1056.000   570.000   166.000   63.237   136.711
1163.000   975.000   622.000   194.000   63.297   136.747
1164.000   1062.000   576.000   192.000   63.357   136.783
1165.000   1049.000   636.000   176.000   63.417   136.820
1166.000   1077.000   561.000   149.000   63.477   136.856
1167.000   1079.000   536.000   187.000   63.537   136.893
1168.000   1017.000   590.000   204.000   63.597   136.930
1169.000   1054.000   579.000   194.000   63.657   136.967
1170.000   999.000   594.000   189.000   63.717   137.005
1171.000   1019.000   594.000   180.000   63.777   137.042
1172.000   1032.000   592.000   195.000   63.837   137.080
1173.000   1038.000   566.000   175.000   63.897   137.118
1174.000   1037.000   574.000   188.000   63.956   137.156
1175.000   1022.000   569.000   168.000   64.016   137.194
1176.000   1034.000   608.000   184.000   64.076   137.233
1177.000   1052.000   564.000   173.000   64.136   137.271
1178.000   1005.000   606.000   182.000   64.196   137.310
1179.000   1036.000   599.000   193.000   64.256   137.349
1180.000   998.000   585.000   169.000   64.315   137.388
1181.000   1026.000   591.000   177.000   64.375   137.427
1182.000   991.000   544.000   195.000   64.435   137.467
1183.000   1002.000   597.000   170.000   64.495   137.507
1184.000   1003.000   632.000   198.000   64.554   137.547
1185.000   986.000   548.000   160.000   64.614   137.587
1186.000   1059.000   593.000   187.000   64.674   137.627
1187.000   1090.000   583.000   167.000   64.734   137.668
1188.000   1008.000   605.000   176.000   64.793   137.708
1189.000   991.000   571.000   172.000   64.853   137.749
1190.000   1022.000   633.000   180.000   64.913   137.790
1191.000   1058.000   700.000   196.000   64.972   137.832
1192.000   1040.000   657.000   201.000   65.032   137.873
1193.000   1035.000   647.000   204.000   65.091   137.915
1194.000   1019.000   639.000   186.000   65.151   137.957
1195.000   1109.000   662.000   169.000   65.211   137.999
1196.000   1073.000   683.000   217.000   65.270   138.041
1197.000   1068.000   673.000   199.000   65.330   138.084
1198.000   1109.000   651.000   199.000   65.389   138.127
1199.000   1066.000   733.000   221.000   65.449   138.170
1200.000   1107.000   762.000   229.000   65.508   138.213
1201.000   1121.000   739.000   224.000   65.568   138.256
1202.000   1122.000   786.000   210.000   65.627   138.300
1203.000   1135.000   795.000   228.000   65.687   138.344
1204.000   1273.000   837.000   233.000   65.746   138.388
1205.000   1242.000   832.000   254.000   65.806   138.432
1206.000   1290.000   857.000   282.000   65.865   138.476
1207.000   1312.000   855.000   237.000   65.924   138.521
1208.000   1305.000   966.000   276.000   65.984   138.566
1209.000   1374.000   1066.000   315.000   66.043   138.611
1210.000   1422.000   1132.000   305.000   66.102   138.657
1211.000   1559.000   1161.000   290.000   66.162   138.702
1212.000   1657.000   1264.000   319.000   66.221   138.748
1213.000   1632.000   1290.000   303.000   66.280   138.794
1214.000   1712.000   1336.000   347.000   66.340   138.841
1215.000   1793.000   1440.000   341.000   66.399   138.887
1216.000   1897.000   1420.000   365.000   66.458   138.934
1217.000   1889.000   1565.000   380.000   66.517   138.981
1218.000   1953.000   1538.000   405.000   66.577   139.028
1219.000   2150.000   1733.000   415.000   66.636   139.076
1220.000   2273.000   1810.000   427.000   66.695   139.124
1221.000   2366.000   1941.000   456.000   66.754   139.172
1222.000   2376.000   1899.000   457.000   66.813   139.220
1223.000   2526.000   2060.000   477.000   66.872   139.269
1224.000   2675.000   2041.000   461.000   66.931   139.318
1225.000   2723.000   2095.000   476.000   66.990   139.367
1226.000   3095.000   2202.000   505.000   67.050   139.416
1227.000   3103.000   2326.000   557.000   67.109   139.466
1228.000   3191.000   2338.000   547.000   67.168   139.515
1229.000   3365.000   2398.000   505.000   67.227   139.566
1230.000   3638.000   2436.000   577.000   67.286   139.616
1231.000   3757.000   2550.000   531.000   67.345   139.667
1232.000   3929.000   2713.000   570.000   67.403   139.717
1233.000   4152.000   2761.000   543.000   67.462   139.769
1234.000   4349.000   2998.000   579.000   67.521   139.820
1235.000   4744.000   3037.000   644.000   67.580   139.872
1236.000   4885.000   3215.000   581.000   67.639   139.924
1237.000   5273.000   3282.000   604.000   67.698   139.976
1238.000   5512.000   3479.000   651.000   67.757   140.029
1239.000   5968.000   3668.000   656.000   67.816   140.082
1240.000   6106.000   3712.000   609.000   67.874   140.135
1241.000   6439.000   3829.000   650.000   67.933   140.188
1242.000   6755.000   4073.000   705.000   67.992   140.242
1243.000   7329.000   4124.000   687.000   68.051   140.296
1244.000   7403.000   4173.000   712.000   68.109   140.350
1245.000   7694.000   4442.000   687.000   68.168   140.405
1246.000   8112.000   4373.000   700.000   68.227   140.460
1247.000   8344.000   4502.000   708.000   68.285   140.515
1248.000   8544.000   4595.000   663.000   68.344   140.571
1249.000   8787.000   4661.000   700.000   68.402   140.627
1250.000   9195.000   4769.000   667.000   68.461   140.683
1251.000   9480.000   4904.000   649.000   68.520   140.739
1252.000   9662.000   4980.000   679.000   68.578   140.796
1253.000   9901.000   5149.000   650.000   68.637   140.853
1254.000   10290.000   5123.000   635.000   68.695   140.911
1255.000   10537.000   5068.000   650.000   68.753   140.968
1256.000   10856.000   5114.000   622.000   68.812   141.026
1257.000   11036.000   5151.000   572.000   68.870   141.085
1258.000   11153.000   5061.000   565.000   68.929   141.143
1259.000   11250.000   5233.000   559.000   68.987   141.203
1260.000   11714.000   5273.000   525.000   69.045   141.262
1261.000   11821.000   5337.000   548.000   69.104   141.322
1262.000   11867.000   5372.000   602.000   69.162   141.382
1263.000   12347.000   5439.000   530.000   69.220   141.442
1264.000   12599.000   5507.000   557.000   69.279   141.503
1265.000   12797.000   5427.000   483.000   69.337   141.564
1266.000   12809.000   5522.000   503.000   69.395   141.626
1267.000   13375.000   5610.000   534.000   69.453   141.687
1268.000   13351.000   5644.000   545.000   69.511   141.750
1269.000   13509.000   5583.000   523.000   69.569   141.812
1270.000   13660.000   5798.000   493.000   69.627   141.875
1271.000   13750.000   5696.000   498.000   69.685   141.938
1272.000   13897.000   5791.000   528.000   69.743   142.002
1273.000   14108.000   6027.000   528.000   69.801   142.066
1274.000   14399.000   6107.000   500.000   69.859   142.130
1275.000   14638.000   6018.000   521.000   69.917   142.195
1276.000   14774.000   5948.000   508.000   69.975   142.260
1277.000   14637.000   6048.000   548.000   70.033   142.326
1278.000   15034.000   6062.000   466.000   70.091   142.392
1279.000   15085.000   6108.000   538.000   70.149   142.458
1280.000   14890.000   6123.000   570.000   70.207   142.525
1281.000   14498.000   6163.000   495.000   70.265   142.592
1282.000   14887.000   6172.000   557.000   70.322   142.659
1283.000   14837.000   6129.000   587.000   70.380   142.727
1284.000   14552.000   6035.000   569.000   70.438   142.796
1285.000   14531.000   5942.000   601.000   70.495   142.864
1286.000   14445.000   6022.000   567.000   70.553   142.933
1287.000   14306.000   5811.000   608.000   70.611   143.003
1288.000   14327.000   5705.000   500.000   70.668   143.073
1289.000   14020.000   5672.000   485.000   70.726   143.143
1290.000   13942.000   5638.000   474.000   70.783   143.214
1291.000   13899.000   5422.000   469.000   70.841   143.285
1292.000   13776.000   5444.000   425.000   70.898   143.357
1293.000   13616.000   5324.000   425.000   70.956   143.429
1294.000   13615.000   5203.000   433.000   71.013   143.502
1295.000   13696.000   5217.000   445.000   71.070   143.575
1296.000   13258.000   5050.000   436.000   71.128   143.648
1297.000   13293.000   5147.000   400.000   71.185   143.722
1298.000   13144.000   5092.000   409.000   71.242   143.797
1299.000   12949.000   4859.000   421.000   71.299   143.872
1300.000   12632.000   4760.000   385.000   71.357   143.947
1301.000   12716.000   4773.000   426.000   71.414   144.023
1302.000   12460.000   4694.000   397.000   71.471   144.099
1303.000   12311.000   4621.000   388.000   71.528   144.176
1304.000   12364.000   4568.000   365.000   71.585   144.253
1305.000   12225.000   4470.000   371.000   71.642   144.331
1306.000   11915.000   4305.000   364.000   71.699   144.409
1307.000   11810.000   4215.000   344.000   71.756   144.488
1308.000   11630.000   4183.000   353.000   71.813   144.567
1309.000   11637.000   4127.000   331.000   71.870   144.647
1310.000   11745.000   3953.000   336.000   71.926   144.727
1311.000   11652.000   3809.000   298.000   71.983   144.808
1312.000   11403.000   3831.000   296.000   72.040   144.889
1313.000   11354.000   3737.000   315.000   72.097   144.971
1314.000   10896.000   3665.000   316.000   72.153   145.053
1315.000   10807.000   3647.000   290.000   72.210   145.136
1316.000   10441.000   3570.000   257.000   72.267   145.219
1317.000   10222.000   3456.000   254.000   72.323   145.303
1318.000   10185.000   3479.000   292.000   72.380   145.388
1319.000   9878.000   3476.000   281.000   72.436   145.473
1320.000   9863.000   3306.000   284.000   72.493   145.558
1321.000   9640.000   3317.000   293.000   72.549   145.644
1322.000   9466.000   3144.000   251.000   72.605   145.731
1323.000   9284.000   3111.000   293.000   72.662   145.818
1324.000   8970.000   2994.000   251.000   72.718   145.906
1325.000   8726.000   2956.000   284.000   72.774   145.995
1326.000   8578.000   2861.000   264.000   72.830   146.084
1327.000   8280.000   2673.000   254.000   72.886   146.173
1328.000   8291.000   2735.000   275.000   72.943   146.264
1329.000   7906.000   2673.000   250.000   72.999   146.354
1330.000   8096.000   2538.000   227.000   73.055   146.446
1331.000   7877.000   2446.000   230.000   73.111   146.538
1332.000   7853.000   2411.000   221.000   73.167   146.630
1333.000   7830.000   2403.000   223.000   73.222   146.724
1334.000   7843.000   2446.000   224.000   73.278   146.818
1335.000   7696.000   2485.000   199.000   73.334   146.912
1336.000   7544.000   2482.000   224.000   73.390   147.007
1337.000   7576.000   2351.000   250.000   73.445   147.103
1338.000   7395.000   2435.000   244.000   73.501   147.200
1339.000   7256.000   2380.000   275.000   73.557   147.297
1340.000   7237.000   2466.000   246.000   73.612   147.395
1341.000   7245.000   2396.000   271.000   73.668   147.493
1342.000   7295.000   2392.000   269.000   73.723   147.592
1343.000   7230.000   2263.000   268.000   73.778   147.692
1344.000   6919.000   2269.000   270.000   73.834   147.793
1345.000   6839.000   2337.000   241.000   73.889   147.894
1346.000   6713.000   2243.000   260.000   73.944   147.996
1347.000   6652.000   2189.000   231.000   73.999   148.099
1348.000   6342.000   2142.000   238.000   74.055   148.202
1349.000   6059.000   2097.000   240.000   74.110   148.306
1350.000   6011.000   1931.000   235.000   74.165   148.411
1351.000   5712.000   1789.000   256.000   74.220   148.517
1352.000   5562.000   1791.000   222.000   74.275   148.623
1353.000   5435.000   1651.000   235.000   74.329   148.730
1354.000   5249.000   1604.000   214.000   74.384   148.838
1355.000   5174.000   1575.000   208.000   74.439   148.947
1356.000   5135.000   1440.000   224.000   74.494   149.056
1357.000   4882.000   1393.000   179.000   74.548   149.166
1358.000   4824.000   1353.000   198.000   74.603   149.277
1359.000   4501.000   1363.000   201.000   74.657   149.389
1360.000   4354.000   1229.000   173.000   74.712   149.502
1361.000   4139.000   1148.000   199.000   74.766   149.615
1362.000   4128.000   1097.000   218.000   74.820   149.729
1363.000   3836.000   1096.000   187.000   74.875   149.844
1364.000   3661.000   1075.000   198.000   74.929   149.960
1365.000   3678.000   1002.000   197.000   74.983   150.077
1366.000   3505.000   941.000   185.000   75.037   150.194
1367.000   3402.000   902.000   196.000   75.091   150.313
1368.000   3355.000   864.000   185.000   75.145   150.432
1369.000   3112.000   912.000   200.000   75.199   150.552
1370.000   2961.000   902.000   182.000   75.252   150.673
1371.000   2838.000   771.000   196.000   75.306   150.795
1372.000   2723.000   770.000   180.000   75.360   150.918
1373.000   2602.000   824.000   186.000   75.413   151.042
1374.000   2484.000   740.000   190.000   75.467   151.167
1375.000   2376.000   756.000   186.000   75.520   151.292
1376.000   2357.000   747.000   172.000   75.574   151.419
1377.000   2313.000   696.000   183.000   75.627   151.546
1378.000   2135.000   712.000   157.000   75.680   151.675
1379.000   2159.000   721.000   172.000   75.733   151.804
1380.000   2051.000   690.000   169.000   75.786   151.935
1381.000   1976.000   657.000   183.000   75.839   152.066
1382.000   2044.000   689.000   182.000   75.892   152.198
1383.000   1969.000   698.000   173.000   75.945   152.332
1384.000   1849.000   682.000   177.000   75.998   152.466
1385.000   1799.000   631.000   201.000   76.051   152.602
1386.000   1797.000   651.000   202.000   76.103   152.738
1387.000   1782.000   654.000   188.000   76.156   152.876
1388.000   1652.000   610.000   161.000   76.208   153.014
1389.000   1628.000   648.000   201.000   76.260   153.154
1390.000   1607.000   636.000   171.000   76.313   153.295
1391.000   1537.000   655.000   169.000   76.365   153.436
1392.000   1483.000   643.000   181.000   76.417   153.579
1393.000   1533.000   665.000   162.000   76.469   153.723
1394.000   1443.000   610.000   172.000   76.521   153.868
1395.000   1425.000   606.000   175.000   76.573   154.015
1396.000   1442.000   655.000   170.000   76.624   154.162
1397.000   1324.000   668.000   168.000   76.676   154.311
1398.000   1366.000   644.000   209.000   76.728   154.460
1399.000   1315.000   621.000   173.000   76.779   154.611
1400.000   1277.000   623.000   215.000   76.831   154.763
1401.000   1324.000   585.000   184.000   76.882   154.917
1402.000   1249.000   618.000   179.000   76.933   155.071
1403.000   1330.000   620.000   186.000   76.984   155.227
1404.000   1329.000   606.000   178.000   77.035   155.384
1405.000   1258.000   668.000   165.000   77.086   155.542
1406.000   1269.000   629.000   178.000   77.137   155.702
1407.000   1193.000   638.000   197.000   77.187   155.862
1408.000   1200.000   627.000   195.000   77.238   156.024
1409.000   1203.000   565.000   191.000   77.288   156.188
1410.000   1195.000   620.000   184.000   77.339   156.352
1411.000   1171.000   615.000   168.000   77.389   156.518
1412.000   1213.000   607.000   202.000   77.439   156.686
1413.000   1344.000   605.000   181.000   77.489   156.854
1414.000   1449.000   610.000   182.000   77.539   157.024
1415.000   1338.000   630.000   191.000   77.589   157.196
1416.000   1283.000   622.000   175.000   77.639   157.368
1417.000   1147.000   601.000   181.000   77.688   157.543
1418.000   1141.000   636.000   171.000   77.738   157.718
1419.000   1102.000   632.000   205.000   77.787   157.895
1420.000   1148.000   618.000   194.000   77.836   158.074
1421.000   1095.000   630.000   194.000   77.885   158.254
1422.000   1118.000   638.000   180.000   77.934   158.435
1423.000   1106.000   633.000   182.000   77.983   158.618
1424.000   1173.000   617.000   178.000   78.032   158.802
1425.000   1112.000   611.000   180.000   78.080   158.988
1426.000   1118.000   551.000   184.000   78.129   159.176
1427.000   1087.000   642.000   161.000   78.177   159.365
1428.000   1066.000   609.000   181.000   78.225   159.555
1429.000   1071.000   616.000   174.000   78.273   159.747
1430.000   1192.000   589.000   157.000   78.321   159.941
1431.000   1127.000   645.000   180.000   78.369   160.136
1432.000   1157.000   648.000   174.000   78.417   160.333
1433.000   1084.000   616.000   166.000   78.464   160.532
1434.000   1125.000   628.000   183.000   78.512   160.732
1435.000   1095.000   630.000   180.000   78.559   160.934
1436.000   1066.000   603.000   180.000   78.606   161.138
1437.000   1158.000   596.000   185.000   78.653   161.343
1438.000   1161.000   577.000   178.000   78.700   161.550
1439.000   1101.000   558.000   185.000   78.747   161.759
1440.000   1135.000   616.000   155.000   78.793   161.969
1441.000   1118.000   619.000   158.000   78.839   162.181
1442.000   1094.000   603.000   195.000   78.886   162.395
1443.000   1107.000   630.000   177.000   78.932   162.611
1444.000   1086.000   626.000   174.000   78.977   162.829
1445.000   1059.000   618.000   165.000   79.023   163.048
1446.000   1033.000   638.000   190.000   79.069   163.269
1447.000   1124.000   607.000   189.000   79.114   163.492
1448.000   1114.000   615.000   188.000   79.159   163.717
1449.000   1112.000   666.000   181.000   79.204   163.944
1450.000   1101.000   587.000   151.000   79.249   164.173
1451.000   1098.000   616.000   164.000   79.294   164.404
1452.000   1100.000   601.000   195.000   79.338   164.636
1453.000   1103.000   629.000   185.000   79.383   164.871
1454.000   1075.000   623.000   176.000   79.427   165.108
1455.000   1103.000   624.000   167.000   79.471   165.346
1456.000   1121.000   633.000   191.000   79.514   165.587
1457.000   1096.000   633.000   197.000   79.558   165.829
1458.000   1041.000   616.000   181.000   79.601   166.074
1459.000   1072.000   588.000   187.000   79.645   166.321
1460.000   1127.000   583.000   170.000   79.688   166.569
1461.000   1142.000   582.000   167.000   79.730   166.820
1462.000   1037.000   603.000   187.000   79.773   167.073
1463.000   1060.000   611.000   165.000   79.815   167.328
1464.000   1134.000   591.000   192.000   79.858   167.586
1465.000   1076.000   595.000   165.000   79.900   167.845
1466.000   1099.000   611.000   156.000   79.941   168.107
1467.000   1090.000   632.000   172.000   79.983   168.370
1468.000   1102.000   560.000   193.000   80.024   168.636
1469.000   1090.000   610.000   179.000   80.065   168.904
1470.000   1004.000   609.000   197.000   80.106   169.175
1471.000   1024.000   637.000   172.000   80.147   169.447
1472.000   1061.000   622.000   169.000   80.187   169.722
1473.000   1130.000   585.000   167.000   80.228   169.999
1474.000   1087.000   645.000   170.000   80.267   170.279
1475.000   1114.000   592.000   164.000   80.307   170.561
1476.000   1094.000   635.000   200.000   80.347   170.845
1477.000   1114.000   638.000   164.000   80.386   171.131
1478.000   1078.000   594.000   196.000   80.425   171.420
1479.000   1118.000   568.000   166.000   80.464   171.711
1480.000   1030.000   640.000   190.000   80.502   172.005
1481.000   1059.000   600.000   193.000   80.541   172.301
1482.000   1072.000   616.000   184.000   80.579   172.599
1483.000   1136.000   590.000   176.000   80.616   172.900
1484.000   1123.000   601.000   187.000   80.654   173.203
1485.000   1064.000   586.000   159.000   80.691   173.509
1486.000   1096.000   562.000   202.000   80.728   173.817
1487.000   1134.000   591.000   158.000   80.765   174.127
1488.000   1075.000   610.000   181.000   80.801   174.440
1489.000   1064.000   581.000   154.000   80.837   174.756
1490.000   1068.000   564.000   172.000   80.873   175.074
1491.000   1123.000   593.000   179.000   80.909   175.394
1492.000   1035.000   624.000   175.000   80.944   175.717
1493.000   1097.000   612.000   178.000   80.979   176.043
1494.000   1074.000   594.000   162.000   81.013   176.371
1495.000   1102.000   617.000   179.000   81.048   176.701
1496.000   1136.000   580.000   156.000   81.082   177.035
1497.000   1104.000   559.000   171.000   81.116   177.370
1498.000   1088.000   637.000   183.000   81.149   177.709
1499.000   1144.000   639.000   197.000   81.182   178.049
1500.000   1112.000   616.000   182.000   81.215   178.393
1501.000   1086.000   628.000   165.000   81.248   178.739
1502.000   1061.000   654.000   163.000   81.280   179.087
1503.000   1060.000   638.000   201.000   81.312   179.439
1504.000   1084.000   645.000   156.000   81.343   179.792
1505.000   1097.000   600.000   173.000   81.374   -179.851
1506.000   1054.000   606.000   163.000   81.405   -179.493
1507.000   1110.000   592.000   158.000   81.436   -179.131
1508.000   1104.000   599.000   185.000   81.466   -178.767
1509.000   1157.000   610.000   185.000   81.496   -178.400
1510.000   1095.000   586.000   164.000   81.525   -178.031
1511.000   1061.000   591.000   166.000   81.554   -177.660
1512.000   1094.000   600.000   177.000   81.583   -177.285
1513.000   1083.000   609.000   166.000   81.611   -176.908
1514.000   1105.000   590.000   183.000   81.639   -176.529
1515.000   1104.000   565.000   170.000   81.667   -176.147
1516.000   1074.000   558.000   199.000   81.694   -175.763
1517.000   1154.000   601.000   182.000   81.721   -175.376
1518.000   1096.000   609.000   169.000   81.747   -174.986
1519.000   1010.000   615.000   180.000   81.774   -174.594
1520.000   1092.000   629.000   186.000   81.799   -174.200
1521.000   1122.000   597.000   178.000   81.825   -173.803
1522.000   1123.000   607.000   159.000   81.849   -173.403
1523.000   1071.000   634.000   179.000   81.874   -173.001
1524.000   1112.000   616.000   176.000   81.898   -172.597
1525.000   1023.000   689.000   172.000   81.922   -172.190
1526.000   1090.000   584.000   172.000   81.945   -171.781
1527.000   1088.000   607.000   170.000   81.968   -171.370
1528.000   1048.000   597.000   193.000   81.990   -170.956
1529.000   1154.000   613.000   166.000   82.012   -170.540
1530.000   1099.000   607.000   157.000   82.034   -170.122
1531.000   1115.000   657.000   146.000   82.055   -169.701
1532.000   1097.000   635.000   160.000   82.076   -169.278
1533.000   1083.000   620.000   177.000   82.096   -168.853
1534.000   1134.000   585.000   197.000   82.116   -168.426
1535.000   1108.000   613.000   206.000   82.136   -167.997
1536.000   1092.000   606.000   163.000   82.154   -167.565
1537.000   1037.000   619.000   161.000   82.173   -167.132
1538.000   1079.000   595.000   174.000   82.191   -166.696
1539.000   1089.000   635.000   165.000   82.209   -166.259
1540.000   1070.000   606.000   182.000   82.226   -165.819
1541.000   1061.000   586.000   153.000   82.243   -165.378
1542.000   1073.000   566.000   180.000   82.259   -164.935
1543.000   1050.000   588.000   178.000   82.275   -164.489
1544.000   1060.000   575.000   157.000   82.290   -164.042
1545.000   1124.000   617.000   176.000   82.305   -163.594
1546.000   1147.000   598.000   190.000   82.319   -163.143
1547.000   1113.000   628.000   160.000   82.333   -162.691
1548.000   1120.000   613.000   174.000   82.346   -162.238
1549.000   1035.000   636.000   162.000   82.359   -161.782
1550.000   1017.000   592.000   186.000   82.371   -161.326
1551.000   1116.000   618.000   168.000   82.383   -160.867
1552.000   1078.000   623.000   155.000   82.395   -160.408
1553.000   1024.000   572.000   163.000   82.406   -159.947
1554.000   1091.000   595.000   167.000   82.416   -159.485
1555.000   1099.000   582.000   195.000   82.426   -159.021
1556.000   1007.000   619.000   180.000   82.436   -158.556
1557.000   1096.000   580.000   165.000   82.444   -158.090
1558.000   1068.000   616.000   194.000   82.453   -157.624
1559.000   1034.000   599.000   171.000   82.461   -157.156
1560.000   1060.000   580.000   201.000   82.468   -156.687
1561.000   1039.000   601.000   176.000   82.475   -156.217
1562.000   1101.000   664.000   188.000   82.481   -155.746
1563.000   1104.000   602.000   195.000   82.487   -155.275
1564.000   1081.000   593.000   167.000   82.493   -154.803
1565.000   1083.000   590.000   171.000   82.498   -154.330
1566.000   1103.000   608.000   162.000   82.502   -153.857
1567.000   1002.000   574.000   173.000   82.506   -153.383
1568.000   1042.000   610.000   159.000   82.509   -152.909
1569.000   1004.000   599.000   177.000   82.512   -152.434
1570.000   997.000   631.000   161.000   82.514   -151.959
1571.000   1108.000   629.000   163.000   82.516   -151.484
1572.000   1069.000   627.000   180.000   82.517   -151.009
1573.000   1080.000   617.000   189.000   82.518   -150.533
