Time range: [ 00:00:-0.000  00:23:44.000 ]
Time range duration: 23.0 min, 44.0 sec
Longitude range: [ 134.0  180.0 ]
-0.000   754.000   445.000   134.000   -1.115   -31.809
01.000   723.000   434.000   138.000   -1.178   -31.805
02.000   820.000   472.000   159.000   -1.240   -31.801
03.000   761.000   499.000   167.000   -1.302   -31.797
04.000   740.000   460.000   139.000   -1.365   -31.793
05.000   765.000   464.000   129.000   -1.427   -31.789
06.000   787.000   470.000   152.000   -1.490   -31.785
07.000   772.000   458.000   150.000   -1.552   -31.781
08.000   775.000   460.000   161.000   -1.614   -31.777
09.000   740.000   507.000   145.000   -1.677   -31.773
10.000   787.000   518.000   139.000   -1.739   -31.769
11.000   771.000   468.000   187.000   -1.801   -31.765
12.000   802.000   486.000   161.000   -1.864   -31.761
13.000   753.000   474.000   171.000   -1.926   -31.757
14.000   822.000   458.000   150.000   -1.989   -31.753
15.000   838.000   517.000   157.000   -2.051   -31.749
16.000   811.000   474.000   153.000   -2.113   -31.745
17.000   802.000   509.000   159.000   -2.176   -31.741
18.000   788.000   505.000   156.000   -2.238   -31.737
19.000   808.000   543.000   166.000   -2.300   -31.733
20.000   832.000   523.000   172.000   -2.363   -31.729
21.000   889.000   607.000   164.000   -2.425   -31.725
22.000   799.000   615.000   149.000   -2.487   -31.721
23.000   844.000   530.000   163.000   -2.550   -31.717
24.000   821.000   568.000   175.000   -2.612   -31.713
25.000   906.000   594.000   159.000   -2.675   -31.709
26.000   836.000   569.000   178.000   -2.737   -31.705
27.000   894.000   623.000   185.000   -2.799   -31.701
28.000   876.000   630.000   140.000   -2.862   -31.696
29.000   881.000   587.000   179.000   -2.924   -31.692
30.000   942.000   658.000   172.000   -2.986   -31.688
31.000   975.000   649.000   163.000   -3.049   -31.684
32.000   935.000   648.000   173.000   -3.111   -31.680
33.000   956.000   693.000   201.000   -3.174   -31.676
34.000   929.000   707.000   209.000   -3.236   -31.672
35.000   962.000   698.000   184.000   -3.298   -31.668
36.000   960.000   668.000   176.000   -3.361   -31.664
37.000   982.000   678.000   210.000   -3.423   -31.660
38.000   1004.000   726.000   218.000   -3.485   -31.656
39.000   1034.000   745.000   218.000   -3.548   -31.652
40.000   1010.000   734.000   180.000   -3.610   -31.648
41.000   1028.000   702.000   215.000   -3.672   -31.644
42.000   1078.000   784.000   220.000   -3.735   -31.640
43.000   1072.000   787.000   207.000   -3.797   -31.636
44.000   1156.000   743.000   215.000   -3.859   -31.632
45.000   1062.000   777.000   206.000   -3.922   -31.628
46.000   1082.000   793.000   208.000   -3.984   -31.624
47.000   1125.000   834.000   246.000   -4.047   -31.620
48.000   1142.000   840.000   194.000   -4.109   -31.616
49.000   1124.000   857.000   228.000   -4.171   -31.612
50.000   1202.000   910.000   260.000   -4.234   -31.608
51.000   1148.000   858.000   236.000   -4.296   -31.604
52.000   1156.000   903.000   248.000   -4.358   -31.600
53.000   1189.000   925.000   237.000   -4.421   -31.596
54.000   1307.000   900.000   276.000   -4.483   -31.592
55.000   1168.000   951.000   276.000   -4.545   -31.588
56.000   1289.000   894.000   247.000   -4.608   -31.584
57.000   1268.000   964.000   273.000   -4.670   -31.580
58.000   1281.000   971.000   279.000   -4.732   -31.575
59.000   1295.000   1007.000   255.000   -4.795   -31.571
60.000   1229.000   972.000   251.000   -4.857   -31.567
61.000   1359.000   1020.000   258.000   -4.919   -31.563
62.000   1367.000   1055.000   257.000   -4.982   -31.559
63.000   1383.000   1095.000   284.000   -5.044   -31.555
64.000   1432.000   1116.000   280.000   -5.107   -31.551
65.000   1386.000   1105.000   281.000   -5.169   -31.547
66.000   1432.000   1150.000   296.000   -5.231   -31.543
67.000   1474.000   1122.000   295.000   -5.294   -31.539
68.000   1541.000   1151.000   317.000   -5.356   -31.535
69.000   1552.000   1165.000   304.000   -5.418   -31.531
70.000   1586.000   1192.000   293.000   -5.481   -31.527
71.000   1630.000   1211.000   285.000   -5.543   -31.523
72.000   1613.000   1254.000   323.000   -5.605   -31.519
73.000   1647.000   1217.000   341.000   -5.668   -31.514
74.000   1661.000   1307.000   320.000   -5.730   -31.510
75.000   1660.000   1245.000   346.000   -5.792   -31.506
76.000   1675.000   1360.000   344.000   -5.855   -31.502
77.000   1687.000   1348.000   373.000   -5.917   -31.498
78.000   1726.000   1418.000   371.000   -5.979   -31.494
79.000   1869.000   1331.000   385.000   -6.042   -31.490
80.000   1857.000   1442.000   378.000   -6.104   -31.486
81.000   1924.000   1411.000   373.000   -6.166   -31.482
82.000   1785.000   1420.000   417.000   -6.229   -31.478
83.000   2079.000   1513.000   420.000   -6.291   -31.474
84.000   2069.000   1466.000   424.000   -6.353   -31.470
85.000   2077.000   1511.000   411.000   -6.416   -31.465
86.000   2004.000   1508.000   422.000   -6.478   -31.461
87.000   2045.000   1482.000   450.000   -6.540   -31.457
88.000   2131.000   1560.000   437.000   -6.603   -31.453
89.000   2097.000   1604.000   507.000   -6.665   -31.449
90.000   2196.000   1561.000   526.000   -6.727   -31.445
91.000   2121.000   1536.000   489.000   -6.790   -31.441
92.000   2200.000   1635.000   546.000   -6.852   -31.437
93.000   2267.000   1649.000   559.000   -6.914   -31.433
94.000   2263.000   1591.000   582.000   -6.977   -31.428
95.000   2393.000   1619.000   620.000   -7.039   -31.424
96.000   2331.000   1605.000   654.000   -7.101   -31.420
97.000   2461.000   1684.000   651.000   -7.164   -31.416
98.000   2507.000   1720.000   666.000   -7.226   -31.412
99.000   2461.000   1599.000   630.000   -7.288   -31.408
100.000   2607.000   1660.000   696.000   -7.351   -31.404
101.000   2545.000   1690.000   757.000   -7.413   -31.400
102.000   2625.000   1687.000   795.000   -7.475   -31.395
103.000   2678.000   1718.000   798.000   -7.538   -31.391
104.000   2729.000   1624.000   835.000   -7.600   -31.387
105.000   2751.000   1677.000   856.000   -7.662   -31.383
106.000   2831.000   1622.000   910.000   -7.725   -31.379
107.000   2897.000   1573.000   993.000   -7.787   -31.375
108.000   2935.000   1707.000   1047.000   -7.849   -31.371
109.000   2922.000   1699.000   1112.000   -7.911   -31.366
110.000   2933.000   1640.000   1135.000   -7.974   -31.362
111.000   3043.000   1571.000   1226.000   -8.036   -31.358
112.000   3171.000   1595.000   1220.000   -8.098   -31.354
113.000   3213.000   1604.000   1307.000   -8.161   -31.350
114.000   3161.000   1584.000   1400.000   -8.223   -31.346
115.000   3345.000   1501.000   1567.000   -8.285   -31.341
116.000   3218.000   1576.000   1476.000   -8.348   -31.337
117.000   3403.000   1492.000   1566.000   -8.410   -31.333
118.000   3323.000   1550.000   1705.000   -8.472   -31.329
119.000   3595.000   1489.000   1733.000   -8.535   -31.325
120.000   3451.000   1543.000   1833.000   -8.597   -31.321
121.000   3529.000   1519.000   1926.000   -8.659   -31.316
122.000   3752.000   1432.000   1908.000   -8.722   -31.312
123.000   3676.000   1434.000   2073.000   -8.784   -31.308
124.000   3741.000   1393.000   2193.000   -8.846   -31.304
125.000   3707.000   1416.000   2110.000   -8.908   -31.300
126.000   3674.000   1421.000   2450.000   -8.971   -31.295
127.000   3878.000   1392.000   2497.000   -9.033   -31.291
128.000   3913.000   1480.000   2442.000   -9.095   -31.287
129.000   3944.000   1417.000   2622.000   -9.158   -31.283
130.000   4016.000   1385.000   2714.000   -9.220   -31.279
131.000   3827.000   1382.000   2935.000   -9.282   -31.274
132.000   4110.000   1469.000   2806.000   -9.345   -31.270
133.000   4088.000   1428.000   3193.000   -9.407   -31.266
134.000   4127.000   1449.000   3214.000   -9.469   -31.262
135.000   4212.000   1417.000   3265.000   -9.532   -31.258
136.000   4204.000   1494.000   3331.000   -9.594   -31.253
137.000   4344.000   1513.000   3434.000   -9.656   -31.249
138.000   4210.000   1408.000   3640.000   -9.718   -31.245
139.000   4193.000   1568.000   3646.000   -9.781   -31.241
140.000   4368.000   1519.000   3688.000   -9.843   -31.236
141.000   4463.000   1653.000   3771.000   -9.905   -31.232
142.000   4288.000   1639.000   3874.000   -9.968   -31.228
143.000   4438.000   1681.000   4154.000   -10.030   -31.224
144.000   4511.000   1669.000   4246.000   -10.092   -31.219
145.000   4542.000   1837.000   4159.000   -10.154   -31.215
146.000   4488.000   1824.000   4268.000   -10.217   -31.211
147.000   4755.000   1896.000   4385.000   -10.279   -31.207
148.000   4625.000   1958.000   4511.000   -10.341   -31.202
149.000   4588.000   2063.000   4536.000   -10.404   -31.198
150.000   4686.000   2178.000   4629.000   -10.466   -31.194
151.000   4704.000   2241.000   4862.000   -10.528   -31.190
152.000   4712.000   2395.000   4863.000   -10.590   -31.185
153.000   4665.000   2352.000   5124.000   -10.653   -31.181
154.000   4857.000   2455.000   5093.000   -10.715   -31.177
155.000   4754.000   2573.000   5092.000   -10.777   -31.173
156.000   4849.000   2703.000   5206.000   -10.840   -31.168
157.000   4859.000   2818.000   5250.000   -10.902   -31.164
158.000   4846.000   2869.000   5505.000   -10.964   -31.160
159.000   4905.000   2935.000   5364.000   -11.026   -31.155
160.000   4929.000   3014.000   5583.000   -11.089   -31.151
161.000   4925.000   3202.000   5672.000   -11.151   -31.147
162.000   4955.000   3282.000   5769.000   -11.213   -31.142
163.000   4966.000   3321.000   5919.000   -11.276   -31.138
164.000   4946.000   3596.000   5951.000   -11.338   -31.134
165.000   4973.000   3743.000   5955.000   -11.400   -31.129
166.000   4876.000   3908.000   6188.000   -11.462   -31.125
167.000   4977.000   4285.000   6343.000   -11.525   -31.121
168.000   4979.000   4645.000   6097.000   -11.587   -31.116
169.000   5055.000   5125.000   5975.000   -11.649   -31.112
170.000   4939.000   5521.000   5798.000   -11.711   -31.108
171.000   5110.000   6804.000   5036.000   -11.774   -31.103
172.000   4970.000   7097.000   5008.000   -11.836   -31.099
173.000   5073.000   7551.000   4914.000   -11.898   -31.095
174.000   5082.000   7922.000   5132.000   -11.961   -31.090
175.000   5028.000   7945.000   5528.000   -12.023   -31.086
176.000   4997.000   8284.000   5829.000   -12.085   -31.082
177.000   4886.000   8552.000   6252.000   -12.147   -31.077
178.000   5028.000   8740.000   7066.000   -12.210   -31.073
179.000   4848.000   8895.000   7316.000   -12.272   -31.069
180.000   4880.000   8956.000   7946.000   -12.334   -31.064
181.000   5104.000   9083.000   8822.000   -12.396   -31.060
182.000   4857.000   9244.000   9807.000   -12.459   -31.055
183.000   4984.000   9628.000   10870.000   -12.521   -31.051
184.000   4977.000   9796.000   11794.000   -12.583   -31.047
185.000   4820.000   9936.000   12666.000   -12.645   -31.042
186.000   4860.000   10458.000   13955.000   -12.708   -31.038
187.000   4710.000   10511.000   14454.000   -12.770   -31.033
188.000   4865.000   10939.000   15270.000   -12.832   -31.029
189.000   4661.000   11345.000   15967.000   -12.894   -31.025
190.000   4745.000   11431.000   16783.000   -12.957   -31.020
191.000   4772.000   11699.000   17391.000   -13.019   -31.016
192.000   4820.000   12100.000   19007.000   -13.081   -31.011
193.000   4560.000   12588.000   20042.000   -13.143   -31.007
194.000   4841.000   12873.000   20607.000   -13.206   -31.003
195.000   4675.000   13220.000   20729.000   -13.268   -30.998
196.000   4736.000   13805.000   20590.000   -13.330   -30.994
197.000   4770.000   14337.000   20047.000   -13.392   -30.989
198.000   4738.000   15097.000   19275.000   -13.455   -30.985
199.000   4537.000   16407.000   18355.000   -13.517   -30.980
200.000   4518.000   17223.000   17163.000   -13.579   -30.976
201.000   4566.000   18435.000   15986.000   -13.641   -30.971
202.000   4586.000   19004.000   15490.000   -13.704   -30.967
203.000   4513.000   20597.000   13614.000   -13.766   -30.962
204.000   4616.000   21431.000   12931.000   -13.828   -30.958
205.000   4471.000   22674.000   11548.000   -13.890   -30.953
206.000   4571.000   24992.000   9139.000   -13.953   -30.949
207.000   4707.000   25605.000   8101.000   -14.015   -30.944
208.000   4633.000   26307.000   7257.000   -14.077   -30.940
209.000   4653.000   27312.000   6211.000   -14.139   -30.935
210.000   4710.000   27910.000   5317.000   -14.201   -30.931
211.000   4839.000   29085.000   3903.000   -14.264   -30.926
212.000   5136.000   30305.000   2038.000   -14.326   -30.922
213.000   5382.000   31256.000   464.000   -14.388   -30.917
214.000   5494.000   31202.000   328.000   -14.450   -30.913
215.000   6126.000   30455.000   15.000   -14.513   -30.908
216.000   6284.000   29694.000   06.000   -14.575   -30.904
217.000   6968.000   28751.000   00.000   -14.637   -30.899
218.000   7255.000   28001.000   00.000   -14.699   -30.895
219.000   8096.000   26541.000   00.000   -14.762   -30.890
220.000   8193.000   26367.000   00.000   -14.824   -30.886
221.000   9325.000   24146.000   00.000   -14.886   -30.881
222.000   10112.000   23111.000   00.000   -14.948   -30.876
223.000   12418.000   19576.000   00.000   -15.010   -30.872
224.000   14185.000   17140.000   00.000   -15.073   -30.867
225.000   16147.000   13635.000   00.000   -15.135   -30.863
226.000   16747.000   11598.000   00.000   -15.197   -30.858
227.000   17651.000   9725.000   00.000   -15.259   -30.854
228.000   17547.000   8486.000   00.000   -15.321   -30.849
229.000   16402.000   6722.000   00.000   -15.384   -30.844
230.000   15617.000   5722.000   00.000   -15.446   -30.840
231.000   14287.000   4400.000   00.000   -15.508   -30.835
232.000   12840.000   1856.000   00.000   -15.570   -30.831
233.000   10301.000   364.000   00.000   -15.633   -30.826
234.000   9433.000   364.000   00.000   -15.695   -30.821
235.000   7851.000   46.000   00.000   -15.757   -30.817
236.000   4657.000   02.000   00.000   -15.819   -30.812
237.000   2389.000   01.000   00.000   -15.881   -30.807
238.000   1658.000   00.000   00.000   -15.944   -30.803
239.000   183.000   00.000   00.000   -16.006   -30.798
240.000   48.000   00.000   00.000   -16.068   -30.793
241.000   02.000   00.000   00.000   -16.130   -30.789
242.000   01.000   00.000   00.000   -16.192   -30.784
243.000   00.000   00.000   00.000   -16.255   -30.779
244.000   00.000   00.000   00.000   -16.317   -30.775
245.000   00.000   00.000   00.000   -16.379   -30.770
246.000   00.000   00.000   00.000   -16.441   -30.765
247.000   00.000   00.000   00.000   -16.503   -30.761
248.000   00.000   00.000   00.000   -16.566   -30.756
249.000   00.000   00.000   00.000   -16.628   -30.751
250.000   00.000   00.000   00.000   -16.690   -30.747
251.000   00.000   00.000   00.000   -16.752   -30.742
252.000   00.000   00.000   00.000   -16.814   -30.737
253.000   00.000   00.000   00.000   -16.876   -30.732
254.000   00.000   00.000   00.000   -16.939   -30.728
255.000   00.000   00.000   00.000   -17.001   -30.723
256.000   00.000   00.000   00.000   -17.063   -30.718
257.000   00.000   00.000   00.000   -17.125   -30.713
258.000   00.000   00.000   00.000   -17.187   -30.709
259.000   00.000   00.000   00.000   -17.250   -30.704
260.000   00.000   00.000   00.000   -17.312   -30.699
261.000   00.000   00.000   00.000   -17.374   -30.694
262.000   00.000   00.000   00.000   -17.436   -30.690
263.000   00.000   00.000   00.000   -17.498   -30.685
264.000   00.000   00.000   00.000   -17.560   -30.680
265.000   00.000   00.000   00.000   -17.623   -30.675
266.000   00.000   00.000   00.000   -17.685   -30.670
267.000   00.000   00.000   00.000   -17.747   -30.666
268.000   00.000   00.000   00.000   -17.809   -30.661
269.000   00.000   00.000   00.000   -17.871   -30.656
270.000   00.000   00.000   00.000   -17.933   -30.651
271.000   00.000   00.000   00.000   -17.996   -30.646
272.000   00.000   00.000   00.000   -18.058   -30.641
273.000   00.000   00.000   00.000   -18.120   -30.637
274.000   00.000   00.000   00.000   -18.182   -30.632
275.000   00.000   00.000   00.000   -18.244   -30.627
276.000   00.000   00.000   00.000   -18.306   -30.622
277.000   00.000   00.000   00.000   -18.369   -30.617
278.000   00.000   00.000   00.000   -18.431   -30.612
279.000   00.000   00.000   00.000   -18.493   -30.607
280.000   00.000   00.000   00.000   -18.555   -30.602
281.000   00.000   00.000   00.000   -18.617   -30.597
282.000   00.000   00.000   00.000   -18.679   -30.593
283.000   00.000   00.000   00.000   -18.741   -30.588
284.000   00.000   00.000   00.000   -18.804   -30.583
285.000   00.000   00.000   00.000   -18.866   -30.578
286.000   00.000   00.000   00.000   -18.928   -30.573
287.000   00.000   00.000   00.000   -18.990   -30.568
288.000   00.000   00.000   00.000   -19.052   -30.563
289.000   00.000   00.000   00.000   -19.114   -30.558
290.000   00.000   00.000   00.000   -19.177   -30.553
291.000   00.000   00.000   00.000   -19.239   -30.548
292.000   00.000   00.000   00.000   -19.301   -30.543
293.000   00.000   00.000   00.000   -19.363   -30.538
294.000   00.000   00.000   00.000   -19.425   -30.533
295.000   00.000   00.000   00.000   -19.487   -30.528
296.000   00.000   00.000   00.000   -19.549   -30.523
297.000   00.000   00.000   00.000   -19.611   -30.518
298.000   00.000   00.000   00.000   -19.674   -30.513
299.000   00.000   00.000   00.000   -19.736   -30.508
300.000   00.000   00.000   00.000   -19.798   -30.503
301.000   00.000   00.000   00.000   -19.860   -30.498
302.000   00.000   00.000   00.000   -19.922   -30.493
303.000   00.000   00.000   00.000   -19.984   -30.488
304.000   00.000   00.000   00.000   -20.046   -30.483
305.000   00.000   00.000   00.000   -20.108   -30.478
306.000   00.000   00.000   00.000   -20.171   -30.473
307.000   00.000   00.000   00.000   -20.233   -30.468
308.000   00.000   00.000   00.000   -20.295   -30.463
309.000   00.000   00.000   00.000   -20.357   -30.457
310.000   00.000   00.000   00.000   -20.419   -30.452
311.000   00.000   00.000   00.000   -20.481   -30.447
312.000   00.000   00.000   00.000   -20.543   -30.442
313.000   00.000   00.000   00.000   -20.605   -30.437
314.000   00.000   00.000   00.000   -20.668   -30.432
315.000   00.000   00.000   00.000   -20.730   -30.427
316.000   00.000   00.000   00.000   -20.792   -30.422
317.000   00.000   00.000   00.000   -20.854   -30.416
318.000   00.000   00.000   00.000   -20.916   -30.411
319.000   00.000   00.000   00.000   -20.978   -30.406
320.000   00.000   00.000   00.000   -21.040   -30.401
321.000   00.000   00.000   00.000   -21.102   -30.396
322.000   00.000   00.000   00.000   -21.164   -30.391
323.000   00.000   00.000   00.000   -21.226   -30.385
324.000   00.000   00.000   00.000   -21.289   -30.380
325.000   00.000   00.000   00.000   -21.351   -30.375
326.000   00.000   00.000   00.000   -21.413   -30.370
327.000   00.000   00.000   00.000   -21.475   -30.364
328.000   00.000   00.000   00.000   -21.537   -30.359
329.000   00.000   00.000   00.000   -21.599   -30.354
330.000   00.000   00.000   00.000   -21.661   -30.349
331.000   00.000   00.000   00.000   -21.723   -30.343
332.000   00.000   00.000   00.000   -21.785   -30.338
333.000   00.000   00.000   00.000   -21.847   -30.333
334.000   00.000   00.000   00.000   -21.909   -30.328
335.000   00.000   00.000   00.000   -21.972   -30.322
336.000   00.000   00.000   00.000   -22.034   -30.317
337.000   00.000   00.000   00.000   -22.096   -30.312
338.000   00.000   00.000   00.000   -22.158   -30.306
339.000   00.000   00.000   00.000   -22.220   -30.301
340.000   00.000   00.000   00.000   -22.282   -30.296
341.000   00.000   00.000   00.000   -22.344   -30.290
342.000   00.000   00.000   00.000   -22.406   -30.285
343.000   00.000   00.000   00.000   -22.468   -30.280
344.000   00.000   00.000   00.000   -22.530   -30.274
345.000   00.000   00.000   00.000   -22.592   -30.269
346.000   00.000   00.000   00.000   -22.654   -30.263
347.000   00.000   00.000   00.000   -22.716   -30.258
348.000   00.000   00.000   00.000   -22.779   -30.253
349.000   00.000   00.000   00.000   -22.841   -30.247
350.000   00.000   00.000   00.000   -22.903   -30.242
351.000   00.000   00.000   00.000   -22.965   -30.236
352.000   00.000   00.000   00.000   -23.027   -30.231
353.000   00.000   00.000   00.000   -23.089   -30.225
354.000   00.000   00.000   00.000   -23.151   -30.220
355.000   00.000   00.000   00.000   -23.213   -30.215
356.000   00.000   00.000   00.000   -23.275   -30.209
357.000   00.000   00.000   00.000   -23.337   -30.204
358.000   00.000   00.000   00.000   -23.399   -30.198
359.000   00.000   00.000   00.000   -23.461   -30.193
360.000   00.000   00.000   00.000   -23.523   -30.187
361.000   00.000   00.000   00.000   -23.585   -30.182
362.000   00.000   00.000   00.000   -23.647   -30.176
363.000   00.000   00.000   00.000   -23.709   -30.170
364.000   00.000   00.000   00.000   -23.771   -30.165
365.000   00.000   00.000   00.000   -23.833   -30.159
366.000   00.000   00.000   00.000   -23.895   -30.154
367.000   00.000   00.000   00.000   -23.957   -30.148
368.000   00.000   00.000   00.000   -24.020   -30.143
369.000   00.000   00.000   00.000   -24.082   -30.137
370.000   00.000   00.000   00.000   -24.144   -30.131
371.000   00.000   00.000   00.000   -24.206   -30.126
372.000   00.000   00.000   00.000   -24.268   -30.120
373.000   00.000   00.000   00.000   -24.330   -30.115
374.000   00.000   00.000   00.000   -24.392   -30.109
375.000   00.000   00.000   00.000   -24.454   -30.103
376.000   00.000   00.000   00.000   -24.516   -30.098
377.000   00.000   00.000   00.000   -24.578   -30.092
378.000   00.000   00.000   00.000   -24.640   -30.086
379.000   00.000   00.000   00.000   -24.702   -30.081
380.000   00.000   00.000   00.000   -24.764   -30.075
381.000   00.000   00.000   00.000   -24.826   -30.069
382.000   00.000   00.000   00.000   -24.888   -30.063
383.000   00.000   00.000   00.000   -24.950   -30.058
384.000   00.000   00.000   00.000   -25.012   -30.052
385.000   00.000   00.000   00.000   -25.074   -30.046
386.000   00.000   00.000   00.000   -25.136   -30.040
387.000   00.000   00.000   00.000   -25.198   -30.035
388.000   00.000   00.000   00.000   -25.260   -30.029
389.000   00.000   00.000   00.000   -25.322   -30.023
390.000   00.000   00.000   00.000   -25.384   -30.017
391.000   00.000   00.000   00.000   -25.446   -30.012
392.000   00.000   00.000   00.000   -25.508   -30.006
393.000   00.000   00.000   00.000   -25.570   -30.000
394.000   00.000   00.000   00.000   -25.632   -29.994
395.000   00.000   00.000   00.000   -25.694   -29.988
396.000   00.000   00.000   00.000   -25.756   -29.982
397.000   00.000   00.000   00.000   -25.818   -29.976
398.000   00.000   00.000   00.000   -25.880   -29.971
399.000   00.000   00.000   00.000   -25.942   -29.965
400.000   00.000   00.000   00.000   -26.004   -29.959
401.000   00.000   00.000   00.000   -26.066   -29.953
402.000   00.000   00.000   00.000   -26.128   -29.947
403.000   00.000   00.000   00.000   -26.190   -29.941
404.000   00.000   00.000   00.000   -26.252   -29.935
405.000   00.000   00.000   00.000   -26.314   -29.929
406.000   00.000   00.000   00.000   -26.376   -29.923
407.000   00.000   00.000   00.000   -26.438   -29.917
408.000   00.000   00.000   00.000   -26.500   -29.911
409.000   00.000   00.000   00.000   -26.562   -29.905
410.000   00.000   00.000   00.000   -26.624   -29.899
411.000   00.000   00.000   00.000   -26.686   -29.893
412.000   00.000   00.000   00.000   -26.748   -29.887
413.000   00.000   00.000   00.000   -26.810   -29.881
414.000   00.000   00.000   00.000   -26.871   -29.875
415.000   00.000   00.000   00.000   -26.933   -29.869
416.000   00.000   00.000   00.000   -26.995   -29.863
417.000   00.000   00.000   00.000   -27.057   -29.857
418.000   00.000   00.000   00.000   -27.119   -29.851
419.000   00.000   00.000   00.000   -27.181   -29.845
420.000   00.000   00.000   00.000   -27.243   -29.839
421.000   00.000   00.000   00.000   -27.305   -29.832
422.000   00.000   00.000   00.000   -27.367   -29.826
423.000   00.000   00.000   00.000   -27.429   -29.820
424.000   00.000   00.000   00.000   -27.491   -29.814
425.000   00.000   00.000   00.000   -27.553   -29.808
426.000   00.000   00.000   00.000   -27.615   -29.802
427.000   00.000   00.000   00.000   -27.677   -29.795
428.000   00.000   00.000   00.000   -27.739   -29.789
429.000   00.000   00.000   00.000   -27.801   -29.783
430.000   00.000   00.000   00.000   -27.863   -29.777
431.000   00.000   00.000   00.000   -27.925   -29.770
432.000   00.000   00.000   00.000   -27.987   -29.764
433.000   00.000   00.000   00.000   -28.048   -29.758
434.000   00.000   00.000   00.000   -28.110   -29.752
435.000   00.000   00.000   00.000   -28.172   -29.745
436.000   00.000   00.000   00.000   -28.234   -29.739
437.000   00.000   00.000   00.000   -28.296   -29.733
438.000   00.000   00.000   00.000   -28.358   -29.726
439.000   00.000   00.000   00.000   -28.420   -29.720
440.000   00.000   00.000   00.000   -28.482   -29.714
441.000   00.000   00.000   00.000   -28.544   -29.707
442.000   00.000   00.000   00.000   -28.606   -29.701
443.000   00.000   00.000   00.000   -28.668   -29.695
444.000   00.000   00.000   00.000   -28.730   -29.688
445.000   00.000   00.000   00.000   -28.792   -29.682
446.000   00.000   00.000   00.000   -28.853   -29.675
447.000   00.000   00.000   00.000   -28.915   -29.669
448.000   00.000   00.000   00.000   -28.977   -29.662
449.000   00.000   00.000   00.000   -29.039   -29.656
450.000   00.000   00.000   00.000   -29.101   -29.649
451.000   00.000   00.000   00.000   -29.163   -29.643
452.000   00.000   00.000   00.000   -29.225   -29.636
453.000   00.000   00.000   00.000   -29.287   -29.630
454.000   00.000   00.000   00.000   -29.349   -29.623
455.000   00.000   00.000   00.000   -29.411   -29.617
456.000   00.000   00.000   00.000   -29.472   -29.610
457.000   00.000   00.000   00.000   -29.534   -29.604
458.000   00.000   00.000   00.000   -29.596   -29.597
459.000   00.000   00.000   00.000   -29.658   -29.591
460.000   00.000   00.000   00.000   -29.720   -29.584
461.000   00.000   00.000   00.000   -29.782   -29.577
462.000   00.000   00.000   00.000   -29.844   -29.571
463.000   00.000   00.000   00.000   -29.906   -29.564
464.000   00.000   00.000   00.000   -29.968   -29.557
465.000   00.000   00.000   00.000   -30.029   -29.551
466.000   00.000   00.000   00.000   -30.091   -29.544
467.000   00.000   00.000   00.000   -30.153   -29.537
468.000   00.000   00.000   00.000   -30.215   -29.531
469.000   00.000   00.000   00.000   -30.277   -29.524
470.000   00.000   00.000   00.000   -30.339   -29.517
471.000   00.000   00.000   00.000   -30.401   -29.510
472.000   00.000   00.000   00.000   -30.462   -29.504
473.000   00.000   00.000   00.000   -30.524   -29.497
474.000   00.000   00.000   00.000   -30.586   -29.490
475.000   00.000   00.000   00.000   -30.648   -29.483
476.000   00.000   00.000   00.000   -30.710   -29.476
477.000   00.000   00.000   00.000   -30.772   -29.470
478.000   00.000   00.000   00.000   -30.834   -29.463
479.000   00.000   00.000   00.000   -30.895   -29.456
480.000   00.000   00.000   00.000   -30.957   -29.449
481.000   00.000   00.000   00.000   -31.019   -29.442
482.000   00.000   00.000   00.000   -31.081   -29.435
483.000   00.000   00.000   00.000   -31.143   -29.428
484.000   00.000   00.000   00.000   -31.205   -29.421
485.000   00.000   00.000   00.000   -31.266   -29.414
486.000   00.000   00.000   00.000   -31.328   -29.407
487.000   00.000   00.000   00.000   -31.390   -29.400
488.000   00.000   00.000   00.000   -31.452   -29.393
489.000   00.000   00.000   00.000   -31.514   -29.386
490.000   00.000   00.000   00.000   -31.576   -29.379
491.000   00.000   00.000   00.000   -31.637   -29.372
492.000   00.000   00.000   00.000   -31.699   -29.365
493.000   00.000   00.000   00.000   -31.761   -29.358
494.000   00.000   00.000   00.000   -31.823   -29.351
495.000   00.000   00.000   00.000   -31.885   -29.344
496.000   00.000   00.000   00.000   -31.947   -29.337
497.000   00.000   00.000   00.000   -32.008   -29.330
498.000   00.000   00.000   00.000   -32.070   -29.323
499.000   00.000   00.000   00.000   -32.132   -29.316
500.000   00.000   00.000   00.000   -32.194   -29.308
501.000   00.000   00.000   00.000   -32.256   -29.301
502.000   00.000   00.000   00.000   -32.317   -29.294
503.000   00.000   00.000   00.000   -32.379   -29.287
504.000   00.000   00.000   00.000   -32.441   -29.280
505.000   00.000   00.000   00.000   -32.503   -29.272
506.000   00.000   00.000   00.000   -32.565   -29.265
507.000   00.000   00.000   00.000   -32.626   -29.258
508.000   00.000   00.000   00.000   -32.688   -29.250
509.000   00.000   00.000   00.000   -32.750   -29.243
510.000   00.000   00.000   00.000   -32.812   -29.236
511.000   00.000   00.000   00.000   -32.874   -29.228
512.000   00.000   00.000   00.000   -32.935   -29.221
513.000   00.000   00.000   00.000   -32.997   -29.214
514.000   00.000   00.000   00.000   -33.059   -29.206
515.000   00.000   00.000   00.000   -33.121   -29.199
516.000   00.000   00.000   00.000   -33.183   -29.191
517.000   00.000   00.000   00.000   -33.244   -29.184
518.000   00.000   00.000   00.000   -33.306   -29.177
519.000   00.000   00.000   00.000   -33.368   -29.169
520.000   01.000   00.000   00.000   -33.430   -29.162
521.000   19.000   00.000   00.000   -33.491   -29.154
522.000   65.000   00.000   00.000   -33.553   -29.147
523.000   290.000   00.000   00.000   -33.615   -29.139
524.000   1882.000   00.000   00.000   -33.677   -29.132
525.000   2733.000   00.000   00.000   -33.738   -29.124
526.000   4462.000   01.000   00.000   -33.800   -29.116
527.000   5847.000   22.000   00.000   -33.862   -29.109
528.000   8493.000   71.000   00.000   -33.924   -29.101
529.000   11420.000   581.000   00.000   -33.985   -29.093
530.000   12450.000   1197.000   00.000   -34.047   -29.086
531.000   14646.000   3174.000   00.000   -34.109   -29.078
532.000   15061.000   3920.000   00.000   -34.171   -29.070
533.000   15473.000   4555.000   00.000   -34.232   -29.063
534.000   17268.000   6629.000   00.000   -34.294   -29.055
535.000   17872.000   7512.000   00.000   -34.356   -29.047
536.000   18120.000   8322.000   00.000   -34.418   -29.040
537.000   18362.000   11021.000   00.000   -34.479   -29.032
538.000   18049.000   11953.000   00.000   -34.541   -29.024
539.000   16857.000   14725.000   00.000   -34.603   -29.016
540.000   16177.000   16230.000   00.000   -34.665   -29.008
541.000   15430.000   17563.000   00.000   -34.726   -29.000
542.000   12993.000   21537.000   00.000   -34.788   -28.993
543.000   12096.000   23268.000   00.000   -34.850   -28.985
544.000   10690.000   25181.000   00.000   -34.911   -28.977
545.000   10230.000   26351.000   00.000   -34.973   -28.969
546.000   9339.000   28037.000   00.000   -35.035   -28.961
547.000   9200.000   28264.000   00.000   -35.097   -28.953
548.000   8642.000   29872.000   00.000   -35.158   -28.945
549.000   8200.000   30865.000   00.000   -35.220   -28.937
550.000   8075.000   31346.000   02.000   -35.282   -28.929
551.000   7829.000   31615.000   29.000   -35.343   -28.921
552.000   7491.000   32417.000   144.000   -35.405   -28.913
553.000   7204.000   32698.000   693.000   -35.467   -28.905
554.000   6904.000   31563.000   2442.000   -35.528   -28.897
555.000   6649.000   30611.000   4231.000   -35.590   -28.889
556.000   6667.000   30679.000   3983.000   -35.652   -28.881
557.000   6539.000   29364.000   5992.000   -35.714   -28.872
558.000   6599.000   28532.000   7260.000   -35.775   -28.864
559.000   6776.000   27624.000   8274.000   -35.837   -28.856
560.000   6601.000   26726.000   9524.000   -35.899   -28.848
561.000   6550.000   25612.000   10838.000   -35.960   -28.840
562.000   6639.000   24842.000   11518.000   -36.022   -28.831
563.000   6631.000   23744.000   13229.000   -36.084   -28.823
564.000   6767.000   22548.000   14473.000   -36.145   -28.815
565.000   6784.000   21471.000   15726.000   -36.207   -28.807
566.000   6827.000   20346.000   16850.000   -36.269   -28.798
567.000   6959.000   19147.000   18135.000   -36.330   -28.790
568.000   6845.000   18496.000   18580.000   -36.392   -28.782
569.000   7078.000   17715.000   19736.000   -36.454   -28.773
570.000   7090.000   17482.000   20012.000   -36.515   -28.765
571.000   7075.000   16845.000   20806.000   -36.577   -28.756
572.000   7059.000   16440.000   21240.000   -36.639   -28.748
573.000   7304.000   15807.000   21482.000   -36.700   -28.739
574.000   7312.000   15253.000   21557.000   -36.762   -28.731
575.000   7295.000   14939.000   20804.000   -36.824   -28.723
576.000   7209.000   14407.000   20481.000   -36.885   -28.714
577.000   7409.000   14142.000   19226.000   -36.947   -28.705
578.000   7465.000   13652.000   17615.000   -37.008   -28.697
579.000   7488.000   13522.000   16690.000   -37.070   -28.688
580.000   7529.000   13283.000   16398.000   -37.132   -28.680
581.000   7620.000   12915.000   15407.000   -37.193   -28.671
582.000   7775.000   12829.000   14608.000   -37.255   -28.662
583.000   7877.000   12349.000   13607.000   -37.317   -28.654
584.000   7874.000   12281.000   13148.000   -37.378   -28.645
585.000   8000.000   11896.000   11585.000   -37.440   -28.636
586.000   7971.000   11743.000   10974.000   -37.502   -28.628
587.000   7892.000   11782.000   10542.000   -37.563   -28.619
588.000   8058.000   11383.000   9310.000   -37.625   -28.610
589.000   8236.000   11254.000   8731.000   -37.686   -28.601
590.000   8341.000   11183.000   8215.000   -37.748   -28.593
591.000   8203.000   10846.000   7548.000   -37.810   -28.584
592.000   8355.000   10781.000   7263.000   -37.871   -28.575
593.000   8480.000   10732.000   6767.000   -37.933   -28.566
594.000   8576.000   10618.000   6641.000   -37.994   -28.557
595.000   8552.000   10263.000   6230.000   -38.056   -28.548
596.000   8502.000   10419.000   5970.000   -38.118   -28.539
597.000   8806.000   9915.000   5616.000   -38.179   -28.530
598.000   8628.000   9554.000   5755.000   -38.241   -28.521
599.000   8842.000   8860.000   5987.000   -38.302   -28.512
600.000   8613.000   7797.000   6643.000   -38.364   -28.503
601.000   8894.000   7189.000   6741.000   -38.426   -28.494
602.000   8929.000   6574.000   7072.000   -38.487   -28.485
603.000   8878.000   6526.000   7047.000   -38.549   -28.476
604.000   9065.000   6122.000   7060.000   -38.610   -28.467
605.000   9176.000   5805.000   7092.000   -38.672   -28.458
606.000   8856.000   5660.000   6907.000   -38.733   -28.449
607.000   8990.000   5558.000   6888.000   -38.795   -28.440
608.000   9308.000   5365.000   6749.000   -38.857   -28.430
609.000   9257.000   5364.000   6779.000   -38.918   -28.421
610.000   9282.000   5102.000   6482.000   -38.980   -28.412
611.000   9150.000   5027.000   6354.000   -39.041   -28.403
612.000   9381.000   4921.000   6266.000   -39.103   -28.393
613.000   9392.000   4711.000   6224.000   -39.164   -28.384
614.000   9599.000   4643.000   6132.000   -39.226   -28.375
615.000   9272.000   4645.000   6017.000   -39.288   -28.365
616.000   9372.000   4551.000   5882.000   -39.349   -28.356
617.000   9503.000   4340.000   5769.000   -39.411   -28.347
618.000   9383.000   4281.000   5817.000   -39.472   -28.337
619.000   9520.000   4159.000   5756.000   -39.534   -28.328
620.000   9647.000   4111.000   5667.000   -39.595   -28.318
621.000   9567.000   4017.000   5524.000   -39.657   -28.309
622.000   9465.000   4037.000   5335.000   -39.718   -28.299
623.000   9692.000   4027.000   5487.000   -39.780   -28.290
624.000   9762.000   3850.000   5363.000   -39.841   -28.280
625.000   9659.000   3664.000   5249.000   -39.903   -28.270
626.000   9745.000   3798.000   5146.000   -39.964   -28.261
627.000   9884.000   3703.000   4967.000   -40.026   -28.251
628.000   9734.000   3653.000   5050.000   -40.087   -28.241
629.000   9691.000   3550.000   4892.000   -40.149   -28.232
630.000   9901.000   3519.000   4743.000   -40.211   -28.222
631.000   9826.000   3523.000   4643.000   -40.272   -28.212
632.000   9695.000   3447.000   4612.000   -40.334   -28.202
633.000   9925.000   3378.000   4596.000   -40.395   -28.193
634.000   9737.000   3399.000   4358.000   -40.457   -28.183
635.000   10131.000   3322.000   4220.000   -40.518   -28.173
636.000   9725.000   3323.000   4179.000   -40.580   -28.163
637.000   9918.000   3265.000   3887.000   -40.641   -28.153
638.000   10060.000   3262.000   4081.000   -40.703   -28.143
639.000   9955.000   3201.000   3994.000   -40.764   -28.133
640.000   10024.000   3181.000   3825.000   -40.825   -28.123
641.000   10073.000   3189.000   3668.000   -40.887   -28.113
642.000   9910.000   3182.000   3573.000   -40.948   -28.103
643.000   9990.000   3262.000   3407.000   -41.010   -28.093
644.000   10026.000   3177.000   3417.000   -41.071   -28.083
645.000   10000.000   3235.000   3260.000   -41.133   -28.073
646.000   9975.000   3227.000   3118.000   -41.194   -28.063
647.000   10109.000   3184.000   3047.000   -41.256   -28.053
648.000   10104.000   3210.000   2966.000   -41.317   -28.042
649.000   9976.000   3319.000   2733.000   -41.379   -28.032
650.000   10178.000   3346.000   2614.000   -41.440   -28.022
651.000   10120.000   3339.000   2608.000   -41.502   -28.012
652.000   9999.000   3359.000   2463.000   -41.563   -28.001
653.000   9976.000   3290.000   2378.000   -41.625   -27.991
654.000   9987.000   3409.000   2307.000   -41.686   -27.981
655.000   9890.000   3347.000   2295.000   -41.747   -27.970
656.000   10048.000   3369.000   2181.000   -41.809   -27.960
657.000   10036.000   3457.000   2003.000   -41.870   -27.949
658.000   10012.000   3505.000   1937.000   -41.932   -27.939
659.000   10180.000   3429.000   1859.000   -41.993   -27.928
660.000   9973.000   3495.000   1674.000   -42.055   -27.918
661.000   9909.000   3453.000   1691.000   -42.116   -27.907
662.000   9876.000   3571.000   1580.000   -42.177   -27.897
663.000   9801.000   3505.000   1581.000   -42.239   -27.886
664.000   9732.000   3607.000   1473.000   -42.300   -27.875
665.000   9882.000   3546.000   1421.000   -42.362   -27.865
666.000   9876.000   3624.000   1301.000   -42.423   -27.854
667.000   9778.000   3679.000   1170.000   -42.485   -27.843
668.000   9739.000   3550.000   1158.000   -42.546   -27.833
669.000   9873.000   3735.000   1073.000   -42.607   -27.822
670.000   9807.000   3617.000   1107.000   -42.669   -27.811
671.000   9695.000   3657.000   1074.000   -42.730   -27.800
672.000   9880.000   3685.000   998.000   -42.792   -27.789
673.000   9751.000   3669.000   934.000   -42.853   -27.778
674.000   9712.000   3656.000   916.000   -42.914   -27.767
675.000   9650.000   3620.000   917.000   -42.976   -27.756
676.000   9566.000   3739.000   803.000   -43.037   -27.745
677.000   9676.000   3685.000   781.000   -43.098   -27.734
678.000   9655.000   3726.000   764.000   -43.160   -27.723
679.000   9647.000   3693.000   726.000   -43.221   -27.712
680.000   9721.000   3664.000   724.000   -43.283   -27.701
681.000   9635.000   3725.000   695.000   -43.344   -27.690
682.000   9558.000   3717.000   667.000   -43.405   -27.679
683.000   9556.000   3681.000   662.000   -43.467   -27.668
684.000   9543.000   3705.000   646.000   -43.528   -27.656
685.000   9329.000   3713.000   620.000   -43.589   -27.645
686.000   9394.000   3644.000   544.000   -43.651   -27.634
687.000   9504.000   3579.000   557.000   -43.712   -27.622
688.000   9367.000   3584.000   559.000   -43.773   -27.611
689.000   9471.000   3658.000   576.000   -43.835   -27.600
690.000   9452.000   3593.000   541.000   -43.896   -27.588
691.000   9201.000   3552.000   504.000   -43.958   -27.577
692.000   9108.000   3552.000   518.000   -44.019   -27.565
693.000   9251.000   3491.000   513.000   -44.080   -27.554
694.000   9124.000   3454.000   502.000   -44.141   -27.542
695.000   9370.000   3470.000   476.000   -44.203   -27.531
696.000   9231.000   3285.000   435.000   -44.264   -27.519
697.000   9087.000   3290.000   468.000   -44.325   -27.507
698.000   9328.000   3332.000   432.000   -44.387   -27.496
699.000   9190.000   3306.000   495.000   -44.448   -27.484
700.000   9118.000   3402.000   436.000   -44.509   -27.472
701.000   9203.000   3250.000   404.000   -44.571   -27.460
702.000   9279.000   3270.000   406.000   -44.632   -27.449
703.000   9134.000   3326.000   421.000   -44.693   -27.437
704.000   8953.000   3210.000   382.000   -44.755   -27.425
705.000   9164.000   3129.000   391.000   -44.816   -27.413
706.000   8880.000   3176.000   422.000   -44.877   -27.401
707.000   9029.000   3047.000   394.000   -44.938   -27.389
708.000   9078.000   3072.000   408.000   -45.000   -27.377
709.000   8880.000   3157.000   353.000   -45.061   -27.365
710.000   9093.000   3015.000   349.000   -45.122   -27.353
711.000   8928.000   3047.000   377.000   -45.184   -27.341
712.000   8976.000   3057.000   355.000   -45.245   -27.328
713.000   8846.000   3024.000   338.000   -45.306   -27.316
714.000   8870.000   3081.000   364.000   -45.367   -27.304
715.000   8970.000   2985.000   340.000   -45.429   -27.292
716.000   9059.000   2910.000   311.000   -45.490   -27.279
717.000   8895.000   2816.000   316.000   -45.551   -27.267
718.000   8901.000   2896.000   341.000   -45.612   -27.255
719.000   8728.000   2849.000   339.000   -45.674   -27.242
720.000   8906.000   2777.000   330.000   -45.735   -27.230
721.000   8901.000   2818.000   336.000   -45.796   -27.217
722.000   8881.000   2731.000   273.000   -45.857   -27.205
723.000   8755.000   2810.000   263.000   -45.919   -27.192
724.000   8717.000   2862.000   317.000   -45.980   -27.180
725.000   8593.000   2625.000   297.000   -46.041   -27.167
726.000   8771.000   2715.000   262.000   -46.102   -27.154
727.000   8508.000   2651.000   273.000   -46.164   -27.142
728.000   8350.000   2704.000   325.000   -46.225   -27.129
729.000   8486.000   2708.000   301.000   -46.286   -27.116
730.000   8379.000   2686.000   315.000   -46.347   -27.103
731.000   8541.000   2623.000   269.000   -46.408   -27.090
732.000   8504.000   2629.000   306.000   -46.470   -27.078
733.000   8468.000   2552.000   291.000   -46.531   -27.065
734.000   8391.000   2614.000   245.000   -46.592   -27.052
735.000   8420.000   2511.000   290.000   -46.653   -27.039
736.000   8501.000   2452.000   256.000   -46.714   -27.026
737.000   8300.000   2412.000   268.000   -46.776   -27.013
738.000   8154.000   2457.000   293.000   -46.837   -26.999
739.000   8468.000   2437.000   262.000   -46.898   -26.986
740.000   8107.000   2487.000   262.000   -46.959   -26.973
741.000   8183.000   2343.000   268.000   -47.020   -26.960
742.000   8056.000   2296.000   281.000   -47.081   -26.947
743.000   8153.000   2269.000   267.000   -47.143   -26.933
744.000   8013.000   2343.000   253.000   -47.204   -26.920
745.000   8025.000   2291.000   261.000   -47.265   -26.906
746.000   7973.000   2332.000   250.000   -47.326   -26.893
747.000   8025.000   2272.000   245.000   -47.387   -26.879
748.000   7980.000   2269.000   250.000   -47.448   -26.866
749.000   7854.000   2282.000   242.000   -47.510   -26.852
750.000   7960.000   2158.000   251.000   -47.571   -26.839
751.000   7882.000   2200.000   256.000   -47.632   -26.825
752.000   7877.000   2184.000   247.000   -47.693   -26.811
753.000   7885.000   2134.000   218.000   -47.754   -26.798
754.000   7930.000   2081.000   246.000   -47.815   -26.784
755.000   7812.000   2148.000   257.000   -47.876   -26.770
756.000   7812.000   2069.000   245.000   -47.937   -26.756
757.000   7757.000   2119.000   232.000   -47.999   -26.742
758.000   7793.000   2091.000   232.000   -48.060   -26.728
759.000   7959.000   2052.000   208.000   -48.121   -26.714
760.000   7584.000   2154.000   219.000   -48.182   -26.700
761.000   7729.000   1951.000   249.000   -48.243   -26.686
762.000   7571.000   2014.000   251.000   -48.304   -26.672
763.000   7572.000   2004.000   223.000   -48.365   -26.658
764.000   7560.000   1967.000   228.000   -48.426   -26.644
765.000   7574.000   2020.000   216.000   -48.487   -26.630
766.000   7573.000   1884.000   229.000   -48.548   -26.615
767.000   7659.000   1895.000   220.000   -48.609   -26.601
768.000   7544.000   2002.000   225.000   -48.671   -26.587
769.000   7308.000   1950.000   226.000   -48.732   -26.572
770.000   7484.000   1848.000   222.000   -48.793   -26.558
771.000   7393.000   1906.000   256.000   -48.854   -26.543
772.000   7602.000   1904.000   224.000   -48.915   -26.529
773.000   7528.000   1854.000   225.000   -48.976   -26.514
774.000   7675.000   1872.000   236.000   -49.037   -26.499
775.000   7562.000   1768.000   209.000   -49.098   -26.485
776.000   7485.000   1862.000   241.000   -49.159   -26.470
777.000   7368.000   1846.000   201.000   -49.220   -26.455
778.000   7359.000   1796.000   241.000   -49.281   -26.440
779.000   7249.000   1707.000   240.000   -49.342   -26.425
780.000   7003.000   1825.000   229.000   -49.403   -26.410
781.000   7233.000   1623.000   210.000   -49.464   -26.395
782.000   7222.000   1748.000   226.000   -49.525   -26.380
783.000   7032.000   1702.000   218.000   -49.586   -26.365
784.000   6975.000   1770.000   251.000   -49.647   -26.350
785.000   7034.000   1698.000   218.000   -49.708   -26.335
786.000   7007.000   1644.000   197.000   -49.769   -26.320
787.000   6955.000   1672.000   219.000   -49.830   -26.305
788.000   6838.000   1646.000   227.000   -49.891   -26.289
789.000   7044.000   1632.000   202.000   -49.952   -26.274
790.000   6853.000   1645.000   205.000   -50.013   -26.258
791.000   6830.000   1565.000   204.000   -50.074   -26.243
792.000   6905.000   1507.000   202.000   -50.135   -26.227
793.000   6705.000   1503.000   204.000   -50.196   -26.212
794.000   6616.000   1573.000   198.000   -50.257   -26.196
795.000   6720.000   1556.000   190.000   -50.318   -26.181
796.000   6727.000   1505.000   223.000   -50.379   -26.165
797.000   6686.000   1538.000   240.000   -50.440   -26.149
798.000   6589.000   1522.000   216.000   -50.501   -26.133
799.000   6582.000   1546.000   208.000   -50.562   -26.117
800.000   6468.000   1487.000   195.000   -50.623   -26.102
801.000   6475.000   1449.000   203.000   -50.684   -26.086
802.000   6421.000   1439.000   178.000   -50.745   -26.070
803.000   6515.000   1445.000   222.000   -50.805   -26.053
804.000   6339.000   1437.000   209.000   -50.866   -26.037
805.000   6451.000   1434.000   181.000   -50.927   -26.021
806.000   6333.000   1356.000   217.000   -50.988   -26.005
807.000   6469.000   1462.000   222.000   -51.049   -25.989
808.000   6219.000   1327.000   192.000   -51.110   -25.972
809.000   6370.000   1353.000   207.000   -51.171   -25.956
810.000   6197.000   1354.000   218.000   -51.232   -25.939
811.000   6319.000   1372.000   209.000   -51.293   -25.923
812.000   6256.000   1366.000   187.000   -51.354   -25.906
813.000   6249.000   1363.000   200.000   -51.415   -25.890
814.000   6338.000   1283.000   219.000   -51.475   -25.873
815.000   6416.000   1288.000   194.000   -51.536   -25.856
816.000   6295.000   1359.000   211.000   -51.597   -25.840
817.000   6417.000   1358.000   222.000   -51.658   -25.823
818.000   6118.000   1307.000   186.000   -51.719   -25.806
819.000   6139.000   1314.000   186.000   -51.780   -25.789
820.000   6379.000   1278.000   203.000   -51.841   -25.772
821.000   6234.000   1306.000   195.000   -51.901   -25.755
822.000   6340.000   1278.000   212.000   -51.962   -25.738
823.000   6166.000   1281.000   202.000   -52.023   -25.720
824.000   6162.000   1244.000   220.000   -52.084   -25.703
825.000   6273.000   1238.000   218.000   -52.145   -25.686
826.000   6259.000   1201.000   194.000   -52.206   -25.669
827.000   6235.000   1221.000   186.000   -52.266   -25.651
828.000   6236.000   1255.000   214.000   -52.327   -25.634
829.000   6274.000   1240.000   202.000   -52.388   -25.616
830.000   6251.000   1289.000   186.000   -52.449   -25.599
831.000   6344.000   1222.000   205.000   -52.510   -25.581
832.000   6311.000   1222.000   189.000   -52.570   -25.563
833.000   6072.000   1205.000   211.000   -52.631   -25.545
834.000   6355.000   1199.000   228.000   -52.692   -25.528
835.000   6311.000   1241.000   199.000   -52.753   -25.510
836.000   6252.000   1141.000   209.000   -52.814   -25.492
837.000   5980.000   1225.000   182.000   -52.874   -25.474
838.000   6325.000   1220.000   221.000   -52.935   -25.456
839.000   6040.000   1120.000   209.000   -52.996   -25.438
840.000   5975.000   1203.000   205.000   -53.057   -25.419
841.000   6014.000   1178.000   209.000   -53.117   -25.401
842.000   6077.000   1149.000   195.000   -53.178   -25.383
843.000   5922.000   1192.000   184.000   -53.239   -25.364
844.000   5938.000   1061.000   197.000   -53.299   -25.346
845.000   5911.000   1089.000   229.000   -53.360   -25.327
846.000   5892.000   1127.000   194.000   -53.421   -25.309
847.000   5867.000   1136.000   220.000   -53.482   -25.290
848.000   5963.000   1068.000   197.000   -53.542   -25.271
849.000   5891.000   1005.000   205.000   -53.603   -25.253
850.000   5839.000   1040.000   189.000   -53.664   -25.234
851.000   5896.000   1076.000   202.000   -53.724   -25.215
852.000   5774.000   1093.000   198.000   -53.785   -25.196
853.000   5795.000   1017.000   221.000   -53.846   -25.177
854.000   5860.000   1020.000   192.000   -53.907   -25.158
855.000   5893.000   1060.000   226.000   -53.967   -25.139
856.000   5795.000   1091.000   210.000   -54.028   -25.119
857.000   5824.000   1020.000   177.000   -54.089   -25.100
858.000   5805.000   1075.000   207.000   -54.149   -25.081
859.000   5754.000   1069.000   192.000   -54.210   -25.061
860.000   5856.000   1072.000   211.000   -54.270   -25.042
861.000   5571.000   995.000   208.000   -54.331   -25.022
862.000   5666.000   1009.000   195.000   -54.392   -25.002
863.000   5739.000   985.000   178.000   -54.452   -24.983
864.000   5579.000   996.000   174.000   -54.513   -24.963
865.000   5687.000   961.000   192.000   -54.574   -24.943
866.000   5579.000   1007.000   212.000   -54.634   -24.923
867.000   5554.000   973.000   206.000   -54.695   -24.903
868.000   5601.000   963.000   205.000   -54.755   -24.883
869.000   5577.000   965.000   195.000   -54.816   -24.863
870.000   5594.000   957.000   211.000   -54.877   -24.842
871.000   5652.000   966.000   221.000   -54.937   -24.822
872.000   5528.000   969.000   211.000   -54.998   -24.802
873.000   5687.000   985.000   190.000   -55.058   -24.781
874.000   5597.000   897.000   187.000   -55.119   -24.761
875.000   5589.000   962.000   192.000   -55.180   -24.740
876.000   5594.000   957.000   204.000   -55.240   -24.719
877.000   5484.000   961.000   188.000   -55.301   -24.699
878.000   5450.000   875.000   191.000   -55.361   -24.678
879.000   5570.000   914.000   178.000   -55.422   -24.657
880.000   5443.000   884.000   194.000   -55.482   -24.636
881.000   5391.000   841.000   194.000   -55.543   -24.615
882.000   5521.000   908.000   199.000   -55.603   -24.594
883.000   5496.000   878.000   203.000   -55.664   -24.573
884.000   5432.000   859.000   178.000   -55.724   -24.551
885.000   5385.000   887.000   201.000   -55.785   -24.530
886.000   5302.000   857.000   193.000   -55.845   -24.508
887.000   5280.000   850.000   224.000   -55.906   -24.487
888.000   5305.000   876.000   187.000   -55.966   -24.465
889.000   5258.000   838.000   200.000   -56.027   -24.444
890.000   5183.000   884.000   209.000   -56.087   -24.422
891.000   5190.000   926.000   218.000   -56.148   -24.400
892.000   5230.000   929.000   213.000   -56.208   -24.378
893.000   4996.000   820.000   197.000   -56.269   -24.356
894.000   5086.000   816.000   212.000   -56.329   -24.334
895.000   5041.000   838.000   186.000   -56.390   -24.312
896.000   5042.000   865.000   210.000   -56.450   -24.289
897.000   5070.000   800.000   195.000   -56.510   -24.267
898.000   4965.000   826.000   195.000   -56.571   -24.245
899.000   4886.000   820.000   187.000   -56.631   -24.222
900.000   4737.000   852.000   189.000   -56.692   -24.200
901.000   4814.000   789.000   193.000   -56.752   -24.177
902.000   4653.000   779.000   202.000   -56.812   -24.154
903.000   4608.000   797.000   197.000   -56.873   -24.131
904.000   4691.000   806.000   204.000   -56.933   -24.108
905.000   4498.000   790.000   202.000   -56.994   -24.085
906.000   4522.000   800.000   213.000   -57.054   -24.062
907.000   4455.000   768.000   190.000   -57.114   -24.039
908.000   4353.000   796.000   205.000   -57.175   -24.016
909.000   4473.000   840.000   196.000   -57.235   -23.992
910.000   4348.000   775.000   199.000   -57.295   -23.969
911.000   4217.000   723.000   202.000   -57.356   -23.945
912.000   4179.000   737.000   223.000   -57.416   -23.921
913.000   4148.000   722.000   198.000   -57.476   -23.898
914.000   4173.000   736.000   207.000   -57.537   -23.874
915.000   4131.000   712.000   211.000   -57.597   -23.850
916.000   3992.000   735.000   213.000   -57.657   -23.826
917.000   3975.000   664.000   209.000   -57.718   -23.802
918.000   3852.000   648.000   204.000   -57.778   -23.777
919.000   3933.000   732.000   205.000   -57.838   -23.753
920.000   3797.000   698.000   206.000   -57.898   -23.729
921.000   3777.000   654.000   205.000   -57.959   -23.704
922.000   3711.000   685.000   190.000   -58.019   -23.680
923.000   3579.000   717.000   212.000   -58.079   -23.655
924.000   3488.000   702.000   193.000   -58.139   -23.630
925.000   3418.000   706.000   199.000   -58.200   -23.605
926.000   3378.000   647.000   209.000   -58.260   -23.580
927.000   3418.000   684.000   228.000   -58.320   -23.555
928.000   3344.000   669.000   209.000   -58.380   -23.530
929.000   3222.000   675.000   172.000   -58.440   -23.505
930.000   3246.000   637.000   217.000   -58.501   -23.479
931.000   3161.000   613.000   218.000   -58.561   -23.454
932.000   3017.000   688.000   196.000   -58.621   -23.428
933.000   3040.000   645.000   201.000   -58.681   -23.402
934.000   2970.000   623.000   216.000   -58.741   -23.377
935.000   2961.000   629.000   206.000   -58.802   -23.351
936.000   2818.000   672.000   209.000   -58.862   -23.325
937.000   2776.000   654.000   210.000   -58.922   -23.299
938.000   2728.000   647.000   208.000   -58.982   -23.272
939.000   2712.000   632.000   221.000   -59.042   -23.246
940.000   2793.000   666.000   190.000   -59.102   -23.220
941.000   2749.000   646.000   221.000   -59.162   -23.193
942.000   2633.000   658.000   228.000   -59.222   -23.166
943.000   2509.000   651.000   182.000   -59.283   -23.140
944.000   2517.000   658.000   221.000   -59.343   -23.113
945.000   2528.000   632.000   201.000   -59.403   -23.086
946.000   2441.000   627.000   197.000   -59.463   -23.059
947.000   2398.000   608.000   214.000   -59.523   -23.031
948.000   2325.000   617.000   201.000   -59.583   -23.004
949.000   2291.000   655.000   211.000   -59.643   -22.977
950.000   2210.000   638.000   201.000   -59.703   -22.949
951.000   2211.000   652.000   228.000   -59.763   -22.922
952.000   2051.000   616.000   213.000   -59.823   -22.894
953.000   2141.000   638.000   200.000   -59.883   -22.866
954.000   2085.000   656.000   192.000   -59.943   -22.838
955.000   2008.000   607.000   215.000   -60.003   -22.810
956.000   1984.000   587.000   199.000   -60.063   -22.782
957.000   1978.000   651.000   195.000   -60.123   -22.753
958.000   1888.000   603.000   226.000   -60.183   -22.725
959.000   1915.000   670.000   248.000   -60.243   -22.696
960.000   1918.000   601.000   199.000   -60.303   -22.667
961.000   1782.000   638.000   198.000   -60.363   -22.639
962.000   1693.000   619.000   201.000   -60.423   -22.610
963.000   1779.000   633.000   186.000   -60.483   -22.581
964.000   1767.000   622.000   193.000   -60.543   -22.551
965.000   1679.000   664.000   219.000   -60.602   -22.522
966.000   1607.000   596.000   219.000   -60.662   -22.493
967.000   1631.000   639.000   221.000   -60.722   -22.463
968.000   1580.000   673.000   192.000   -60.782   -22.433
969.000   1592.000   617.000   220.000   -60.842   -22.404
970.000   1559.000   621.000   246.000   -60.902   -22.374
971.000   1514.000   629.000   220.000   -60.962   -22.344
972.000   1494.000   621.000   179.000   -61.022   -22.313
973.000   1522.000   603.000   183.000   -61.081   -22.283
974.000   1485.000   642.000   234.000   -61.141   -22.253
975.000   1480.000   633.000   203.000   -61.201   -22.222
976.000   1490.000   631.000   197.000   -61.261   -22.191
977.000   1425.000   712.000   202.000   -61.321   -22.160
978.000   1523.000   590.000   207.000   -61.380   -22.129
979.000   1402.000   594.000   210.000   -61.440   -22.098
980.000   1435.000   647.000   202.000   -61.500   -22.067
981.000   1386.000   616.000   242.000   -61.560   -22.036
982.000   1412.000   626.000   208.000   -61.619   -22.004
983.000   1376.000   677.000   200.000   -61.679   -21.972
984.000   1334.000   666.000   209.000   -61.739   -21.941
985.000   1344.000   642.000   209.000   -61.799   -21.909
986.000   1358.000   620.000   217.000   -61.858   -21.877
987.000   1326.000   620.000   208.000   -61.918   -21.844
988.000   1313.000   654.000   202.000   -61.978   -21.812
989.000   1297.000   620.000   210.000   -62.037   -21.779
990.000   1305.000   615.000   196.000   -62.097   -21.747
991.000   1233.000   616.000   193.000   -62.157   -21.714
992.000   1228.000   603.000   213.000   -62.216   -21.681
993.000   1264.000   617.000   221.000   -62.276   -21.648
994.000   1300.000   642.000   227.000   -62.336   -21.615
995.000   1223.000   601.000   211.000   -62.395   -21.581
996.000   1231.000   677.000   220.000   -62.455   -21.548
997.000   1268.000   636.000   215.000   -62.514   -21.514
998.000   1334.000   653.000   213.000   -62.574   -21.480
999.000   1258.000   620.000   205.000   -62.634   -21.446
1000.000   1226.000   635.000   207.000   -62.693   -21.412
1001.000   1234.000   624.000   228.000   -62.753   -21.378
1002.000   1175.000   631.000   247.000   -62.812   -21.343
1003.000   1193.000   642.000   221.000   -62.872   -21.309
1004.000   1234.000   671.000   215.000   -62.931   -21.274
1005.000   1217.000   690.000   205.000   -62.991   -21.239
1006.000   1248.000   708.000   236.000   -63.050   -21.204
1007.000   1256.000   682.000   205.000   -63.110   -21.169
1008.000   1181.000   654.000   246.000   -63.169   -21.133
1009.000   1138.000   654.000   215.000   -63.229   -21.098
1010.000   1214.000   704.000   240.000   -63.288   -21.062
1011.000   1227.000   663.000   234.000   -63.347   -21.026
1012.000   1195.000   688.000   274.000   -63.407   -20.990
1013.000   1231.000   670.000   250.000   -63.466   -20.954
1014.000   1182.000   691.000   222.000   -63.526   -20.917
1015.000   1245.000   677.000   239.000   -63.585   -20.881
1016.000   1145.000   685.000   260.000   -63.644   -20.844
1017.000   1205.000   740.000   274.000   -63.704   -20.807
1018.000   1268.000   749.000   270.000   -63.763   -20.770
1019.000   1238.000   684.000   248.000   -63.822   -20.733
1020.000   1225.000   704.000   258.000   -63.882   -20.695
1021.000   1281.000   803.000   298.000   -63.941   -20.658
1022.000   1214.000   755.000   276.000   -64.000   -20.620
1023.000   1166.000   730.000   316.000   -64.060   -20.582
1024.000   1231.000   802.000   305.000   -64.119   -20.544
1025.000   1262.000   808.000   292.000   -64.178   -20.506
1026.000   1183.000   748.000   286.000   -64.237   -20.467
1027.000   1189.000   849.000   309.000   -64.297   -20.428
1028.000   1251.000   847.000   313.000   -64.356   -20.390
1029.000   1269.000   876.000   329.000   -64.415   -20.351
1030.000   1397.000   865.000   332.000   -64.474   -20.311
1031.000   1308.000   909.000   366.000   -64.533   -20.272
1032.000   1354.000   984.000   352.000   -64.593   -20.232
1033.000   1269.000   915.000   386.000   -64.652   -20.192
1034.000   1262.000   1019.000   393.000   -64.711   -20.152
1035.000   1318.000   1010.000   408.000   -64.770   -20.112
1036.000   1353.000   1035.000   426.000   -64.829   -20.072
1037.000   1439.000   1150.000   422.000   -64.888   -20.031
1038.000   1406.000   1081.000   456.000   -64.947   -19.990
1039.000   1397.000   1219.000   469.000   -65.006   -19.949
1040.000   1412.000   1220.000   491.000   -65.065   -19.908
1041.000   1441.000   1223.000   474.000   -65.124   -19.867
1042.000   1487.000   1301.000   541.000   -65.183   -19.825
1043.000   1493.000   1364.000   566.000   -65.242   -19.784
1044.000   1461.000   1335.000   562.000   -65.301   -19.742
1045.000   1501.000   1432.000   631.000   -65.360   -19.699
1046.000   1527.000   1436.000   578.000   -65.419   -19.657
1047.000   1564.000   1516.000   631.000   -65.478   -19.614
1048.000   1606.000   1624.000   663.000   -65.537   -19.572
1049.000   1600.000   1673.000   701.000   -65.596   -19.528
1050.000   1745.000   1700.000   717.000   -65.655   -19.485
1051.000   1677.000   1771.000   792.000   -65.714   -19.442
1052.000   1758.000   1759.000   774.000   -65.773   -19.398
1053.000   1765.000   1836.000   855.000   -65.832   -19.354
1054.000   1686.000   1911.000   834.000   -65.891   -19.310
1055.000   1763.000   2040.000   941.000   -65.949   -19.266
1056.000   1778.000   2119.000   927.000   -66.008   -19.221
1057.000   1848.000   2183.000   966.000   -66.067   -19.176
1058.000   1858.000   2220.000   998.000   -66.126   -19.131
1059.000   1855.000   2291.000   1022.000   -66.185   -19.086
1060.000   1888.000   2469.000   1084.000   -66.243   -19.041
1061.000   2022.000   2439.000   1096.000   -66.302   -18.995
1062.000   1946.000   2524.000   1155.000   -66.361   -18.949
1063.000   2137.000   2595.000   1152.000   -66.419   -18.903
1064.000   2107.000   2749.000   1216.000   -66.478   -18.856
1065.000   2209.000   2765.000   1289.000   -66.537   -18.810
1066.000   2197.000   2943.000   1342.000   -66.595   -18.763
1067.000   2314.000   2971.000   1312.000   -66.654   -18.716
1068.000   2396.000   3015.000   1457.000   -66.713   -18.668
1069.000   2210.000   3179.000   1493.000   -66.771   -18.621
1070.000   2363.000   3272.000   1470.000   -66.830   -18.573
1071.000   2414.000   3394.000   1556.000   -66.888   -18.525
1072.000   2414.000   3425.000   1667.000   -66.947   -18.476
1073.000   2430.000   3494.000   1751.000   -67.005   -18.428
1074.000   2445.000   3608.000   1729.000   -67.064   -18.379
1075.000   2657.000   3883.000   1784.000   -67.122   -18.330
1076.000   2763.000   3762.000   1778.000   -67.181   -18.280
1077.000   2671.000   3822.000   1870.000   -67.239   -18.231
1078.000   2715.000   4038.000   1931.000   -67.298   -18.181
1079.000   2758.000   4109.000   1969.000   -67.356   -18.131
1080.000   2888.000   4272.000   1974.000   -67.415   -18.080
1081.000   2798.000   4279.000   2072.000   -67.473   -18.029
1082.000   2933.000   4487.000   2127.000   -67.531   -17.978
1083.000   3049.000   4547.000   2190.000   -67.590   -17.927
1084.000   3121.000   4734.000   2256.000   -67.648   -17.876
1085.000   3174.000   4740.000   2280.000   -67.706   -17.824
1086.000   3349.000   4793.000   2311.000   -67.764   -17.772
1087.000   3287.000   4972.000   2276.000   -67.823   -17.719
1088.000   3387.000   4869.000   2457.000   -67.881   -17.667
1089.000   3365.000   5051.000   2330.000   -67.939   -17.614
1090.000   3384.000   5221.000   2530.000   -67.997   -17.561
1091.000   3570.000   5358.000   2559.000   -68.056   -17.507
1092.000   3453.000   5400.000   2594.000   -68.114   -17.453
1093.000   3619.000   5487.000   2686.000   -68.172   -17.399
1094.000   3527.000   5466.000   2683.000   -68.230   -17.345
1095.000   3733.000   5664.000   2683.000   -68.288   -17.290
1096.000   3729.000   5741.000   2783.000   -68.346   -17.235
1097.000   3697.000   5825.000   2811.000   -68.404   -17.180
1098.000   3773.000   6064.000   2877.000   -68.462   -17.124
1099.000   3910.000   6145.000   2975.000   -68.520   -17.068
1100.000   3840.000   6342.000   3096.000   -68.578   -17.012
1101.000   4101.000   6334.000   3235.000   -68.636   -16.956
1102.000   4146.000   6436.000   3219.000   -68.694   -16.899
1103.000   4226.000   6604.000   3244.000   -68.752   -16.842
1104.000   4180.000   6750.000   3259.000   -68.810   -16.784
1105.000   4228.000   6941.000   3361.000   -68.868   -16.726
1106.000   4493.000   7039.000   3432.000   -68.926   -16.668
1107.000   4615.000   7209.000   3377.000   -68.983   -16.610
1108.000   4508.000   7294.000   3553.000   -69.041   -16.551
1109.000   4547.000   7549.000   3663.000   -69.099   -16.492
1110.000   4700.000   7576.000   3684.000   -69.157   -16.433
1111.000   4620.000   7700.000   3675.000   -69.214   -16.373
1112.000   4795.000   7790.000   3659.000   -69.272   -16.313
1113.000   4863.000   7871.000   3775.000   -69.330   -16.252
1114.000   4931.000   8052.000   3777.000   -69.387   -16.191
1115.000   5065.000   8061.000   3884.000   -69.445   -16.130
1116.000   5262.000   8419.000   3975.000   -69.503   -16.069
1117.000   5210.000   8601.000   4063.000   -69.560   -16.007
1118.000   5426.000   8772.000   4015.000   -69.618   -15.945
1119.000   5428.000   8848.000   4146.000   -69.675   -15.882
1120.000   5603.000   9038.000   4182.000   -69.733   -15.819
1121.000   5840.000   9173.000   4356.000   -69.790   -15.756
1122.000   5804.000   9405.000   4184.000   -69.848   -15.692
1123.000   5878.000   9536.000   4261.000   -69.905   -15.628
1124.000   6034.000   9722.000   4411.000   -69.963   -15.564
1125.000   6125.000   9883.000   4492.000   -70.020   -15.499
1126.000   6232.000   10092.000   4652.000   -70.077   -15.434
1127.000   6481.000   10465.000   4660.000   -70.135   -15.368
1128.000   6586.000   10390.000   4435.000   -70.192   -15.302
1129.000   6598.000   10587.000   4610.000   -70.249   -15.236
1130.000   6794.000   10517.000   4745.000   -70.306   -15.169
1131.000   6843.000   10799.000   4709.000   -70.364   -15.102
1132.000   6847.000   10971.000   4814.000   -70.421   -15.035
1133.000   6952.000   11159.000   4854.000   -70.478   -14.967
1134.000   7480.000   11361.000   4805.000   -70.535   -14.899
1135.000   7441.000   11639.000   4867.000   -70.592   -14.830
1136.000   7654.000   11792.000   5038.000   -70.649   -14.761
1137.000   7686.000   12364.000   5070.000   -70.706   -14.691
1138.000   7979.000   12540.000   5240.000   -70.763   -14.621
1139.000   8131.000   12957.000   5338.000   -70.820   -14.551
1140.000   8431.000   13474.000   5447.000   -70.877   -14.480
1141.000   8749.000   13411.000   5657.000   -70.934   -14.409
1142.000   8631.000   13451.000   5447.000   -70.991   -14.337
1143.000   8736.000   13624.000   5357.000   -71.048   -14.265
1144.000   8660.000   13303.000   5135.000   -71.104   -14.192
1145.000   8846.000   13288.000   5203.000   -71.161   -14.119
1146.000   8700.000   13050.000   5069.000   -71.218   -14.046
1147.000   8950.000   12565.000   4712.000   -71.275   -13.972
1148.000   8674.000   12083.000   4463.000   -71.331   -13.897
1149.000   8696.000   11874.000   4233.000   -71.388   -13.823
1150.000   8752.000   11640.000   4133.000   -71.445   -13.747
1151.000   8973.000   12304.000   4561.000   -71.501   -13.671
1152.000   8971.000   11970.000   4334.000   -71.558   -13.595
1153.000   9033.000   11871.000   4376.000   -71.614   -13.518
1154.000   8865.000   12050.000   4315.000   -71.671   -13.441
1155.000   8643.000   11859.000   4334.000   -71.727   -13.364
1156.000   8616.000   11631.000   4300.000   -71.784   -13.285
1157.000   8593.000   11563.000   4252.000   -71.840   -13.207
1158.000   8620.000   11727.000   4297.000   -71.896   -13.128
1159.000   8646.000   11467.000   4218.000   -71.953   -13.048
1160.000   8873.000   11316.000   4053.000   -72.009   -12.968
1161.000   9128.000   11323.000   3756.000   -72.065   -12.887
1162.000   9391.000   11427.000   3877.000   -72.121   -12.806
1163.000   9410.000   11601.000   3905.000   -72.177   -12.724
1164.000   9558.000   11610.000   3809.000   -72.233   -12.642
1165.000   9387.000   11751.000   3749.000   -72.290   -12.559
1166.000   9473.000   11572.000   3769.000   -72.346   -12.476
1167.000   9446.000   11524.000   3678.000   -72.402   -12.392
1168.000   9473.000   10327.000   2969.000   -72.458   -12.307
1169.000   9377.000   9779.000   2805.000   -72.513   -12.223
1170.000   9473.000   9370.000   2677.000   -72.569   -12.137
1171.000   9207.000   9543.000   2673.000   -72.625   -12.051
1172.000   9235.000   8550.000   2257.000   -72.681   -11.964
1173.000   9219.000   7967.000   2106.000   -72.737   -11.877
1174.000   9255.000   7777.000   1936.000   -72.792   -11.789
1175.000   9389.000   7287.000   1822.000   -72.848   -11.701
1176.000   9370.000   6960.000   1602.000   -72.904   -11.612
1177.000   9494.000   7142.000   1691.000   -72.959   -11.523
1178.000   10298.000   6305.000   1373.000   -73.015   -11.433
1179.000   9787.000   5835.000   1335.000   -73.070   -11.342
1180.000   9604.000   6019.000   1310.000   -73.126   -11.250
1181.000   9728.000   5917.000   1238.000   -73.181   -11.159
1182.000   9610.000   5760.000   1244.000   -73.236   -11.066
1183.000   8997.000   5759.000   1255.000   -73.292   -10.973
1184.000   9916.000   5290.000   1189.000   -73.347   -10.879
1185.000   9097.000   5629.000   1226.000   -73.402   -10.785
1186.000   8807.000   5694.000   1286.000   -73.457   -10.690
1187.000   8972.000   5702.000   1261.000   -73.513   -10.594
1188.000   9232.000   5639.000   1225.000   -73.568   -10.498
1189.000   9701.000   5379.000   1157.000   -73.623   -10.401
1190.000   9006.000   5491.000   1209.000   -73.678   -10.303
1191.000   9025.000   5666.000   1303.000   -73.733   -10.205
1192.000   9135.000   5768.000   1278.000   -73.787   -10.106
1193.000   9370.000   5496.000   1248.000   -73.842   -10.006
1194.000   9208.000   5379.000   1208.000   -73.897   -9.905
1195.000   9557.000   5479.000   1213.000   -73.952   -9.804
1196.000   10386.000   4873.000   1073.000   -74.006   -9.703
1197.000   11111.000   4655.000   987.000   -74.061   -9.600
1198.000   11114.000   4850.000   963.000   -74.116   -9.497
1199.000   10325.000   4962.000   1101.000   -74.170   -9.393
1200.000   10503.000   4904.000   1026.000   -74.225   -9.288
1201.000   10874.000   4409.000   897.000   -74.279   -9.183
1202.000   10184.000   4767.000   984.000   -74.333   -9.077
1203.000   10619.000   4377.000   870.000   -74.388   -8.970
1204.000   9433.000   4868.000   1051.000   -74.442   -8.862
1205.000   9220.000   5192.000   1179.000   -74.496   -8.754
1206.000   9300.000   5363.000   1199.000   -74.550   -8.645
1207.000   9281.000   5581.000   1190.000   -74.604   -8.535
1208.000   9420.000   5319.000   1170.000   -74.658   -8.424
1209.000   9279.000   5173.000   1174.000   -74.712   -8.313
1210.000   9397.000   5117.000   1191.000   -74.766   -8.200
1211.000   9307.000   5259.000   1131.000   -74.820   -8.087
1212.000   9837.000   5318.000   1155.000   -74.874   -7.973
1213.000   10110.000   5143.000   1092.000   -74.927   -7.858
1214.000   10201.000   5084.000   1029.000   -74.981   -7.743
1215.000   10185.000   5126.000   1046.000   -75.035   -7.626
1216.000   10216.000   5134.000   1015.000   -75.088   -7.509
1217.000   10455.000   4889.000   1022.000   -75.142   -7.391
1218.000   10111.000   4548.000   912.000   -75.195   -7.272
1219.000   9507.000   3945.000   720.000   -75.248   -7.152
1220.000   8847.000   3546.000   675.000   -75.302   -7.032
1221.000   8521.000   3576.000   639.000   -75.355   -6.910
1222.000   8724.000   3468.000   629.000   -75.408   -6.787
1223.000   8611.000   3405.000   603.000   -75.461   -6.664
1224.000   8676.000   3277.000   580.000   -75.514   -6.540
1225.000   8432.000   3022.000   509.000   -75.567   -6.414
1226.000   8035.000   2979.000   557.000   -75.620   -6.288
1227.000   7757.000   3017.000   590.000   -75.672   -6.161
1228.000   7619.000   2848.000   503.000   -75.725   -6.033
1229.000   7402.000   2852.000   525.000   -75.778   -5.904
1230.000   7316.000   2829.000   499.000   -75.830   -5.774
1231.000   7165.000   2670.000   462.000   -75.883   -5.643
1232.000   6797.000   2643.000   492.000   -75.935   -5.511
1233.000   6820.000   2631.000   510.000   -75.987   -5.378
1234.000   6663.000   2509.000   495.000   -76.040   -5.244
1235.000   6655.000   2452.000   465.000   -76.092   -5.109
1236.000   6699.000   2530.000   490.000   -76.144   -4.973
1237.000   6688.000   2534.000   515.000   -76.196   -4.836
1238.000   6835.000   2581.000   472.000   -76.248   -4.698
1239.000   7071.000   2491.000   458.000   -76.300   -4.559
1240.000   6922.000   2471.000   509.000   -76.351   -4.419
1241.000   6636.000   2370.000   443.000   -76.403   -4.277
1242.000   6617.000   2465.000   473.000   -76.455   -4.135
1243.000   6712.000   2406.000   447.000   -76.506   -3.992
1244.000   6882.000   2423.000   436.000   -76.557   -3.847
1245.000   7220.000   2477.000   427.000   -76.609   -3.701
1246.000   7128.000   2431.000   470.000   -76.660   -3.554
1247.000   7715.000   2385.000   418.000   -76.711   -3.406
1248.000   8086.000   2235.000   419.000   -76.762   -3.257
1249.000   7496.000   2136.000   403.000   -76.813   -3.107
1250.000   6881.000   1906.000   383.000   -76.864   -2.956
1251.000   6938.000   1939.000   363.000   -76.915   -2.803
1252.000   6986.000   1932.000   316.000   -76.965   -2.649
1253.000   7841.000   1855.000   325.000   -77.016   -2.494
1254.000   8771.000   1810.000   324.000   -77.066   -2.338
1255.000   8885.000   1667.000   320.000   -77.117   -2.180
1256.000   8626.000   1741.000   292.000   -77.167   -2.021
1257.000   8611.000   1710.000   296.000   -77.217   -1.861
1258.000   8840.000   1707.000   289.000   -77.267   -1.700
1259.000   8546.000   1725.000   326.000   -77.317   -1.538
1260.000   8400.000   1679.000   300.000   -77.367   -1.374
1261.000   8636.000   1599.000   297.000   -77.417   -1.209
1262.000   8439.000   1583.000   274.000   -77.467   -1.042
1263.000   8807.000   1440.000   281.000   -77.516   -0.874
1264.000   8479.000   1477.000   261.000   -77.566   -0.705
1265.000   8227.000   1401.000   251.000   -77.615   -0.534
1266.000   8173.000   1351.000   271.000   -77.664   -0.363
1267.000   7343.000   1314.000   268.000   -77.713   -0.189
1268.000   6697.000   1232.000   258.000   -77.762   -0.015
1269.000   6225.000   1239.000   277.000   -77.811   00.162
1270.000   6409.000   1260.000   242.000   -77.860   00.339
1271.000   6311.000   1135.000   276.000   -77.908   00.518
1272.000   6125.000   1143.000   267.000   -77.957   00.698
1273.000   5872.000   1057.000   234.000   -78.005   00.880
1274.000   4586.000   1077.000   245.000   -78.054   01.064
1275.000   4667.000   1036.000   293.000   -78.102   01.249
1276.000   4752.000   1091.000   265.000   -78.150   01.435
1277.000   4906.000   1027.000   247.000   -78.198   01.623
1278.000   5410.000   977.000   233.000   -78.245   01.812
1279.000   5013.000   969.000   201.000   -78.293   02.003
1280.000   4805.000   992.000   237.000   -78.340   02.196
1281.000   4807.000   948.000   218.000   -78.388   02.390
1282.000   5034.000   1068.000   214.000   -78.435   02.586
1283.000   6450.000   1573.000   281.000   -78.482   02.783
1284.000   4983.000   949.000   202.000   -78.529   02.982
1285.000   5423.000   960.000   230.000   -78.576   03.183
1286.000   4837.000   868.000   189.000   -78.622   03.385
1287.000   5138.000   794.000   193.000   -78.669   03.589
1288.000   4337.000   782.000   198.000   -78.715   03.795
1289.000   3934.000   688.000   186.000   -78.761   04.002
1290.000   3556.000   645.000   159.000   -78.807   04.211
1291.000   3827.000   648.000   175.000   -78.853   04.422
1292.000   3008.000   669.000   185.000   -78.899   04.635
1293.000   2990.000   598.000   189.000   -78.945   04.849
1294.000   3383.000   606.000   185.000   -78.990   05.065
1295.000   3189.000   614.000   181.000   -79.035   05.283
1296.000   2972.000   591.000   182.000   -79.081   05.503
1297.000   2703.000   611.000   158.000   -79.125   05.725
1298.000   2652.000   612.000   185.000   -79.170   05.948
1299.000   2357.000   549.000   205.000   -79.215   06.173
1300.000   1724.000   562.000   206.000   -79.259   06.401
1301.000   1665.000   556.000   213.000   -79.304   06.630
1302.000   1636.000   559.000   170.000   -79.348   06.861
1303.000   1586.000   569.000   182.000   -79.392   07.094
1304.000   1637.000   553.000   177.000   -79.435   07.328
1305.000   1545.000   546.000   184.000   -79.479   07.565
1306.000   1528.000   529.000   181.000   -79.522   07.804
1307.000   1599.000   552.000   164.000   -79.565   08.045
1308.000   1608.000   573.000   170.000   -79.608   08.288
1309.000   1481.000   557.000   180.000   -79.651   08.533
1310.000   1484.000   587.000   167.000   -79.694   08.779
1311.000   1453.000   552.000   179.000   -79.736   09.028
1312.000   1390.000   572.000   193.000   -79.778   09.279
1313.000   1347.000   547.000   161.000   -79.821   09.532
1314.000   1335.000   541.000   184.000   -79.862   09.788
1315.000   1285.000   542.000   195.000   -79.904   10.045
1316.000   1272.000   560.000   171.000   -79.945   10.304
1317.000   1206.000   548.000   203.000   -79.987   10.566
1318.000   1254.000   562.000   181.000   -80.028   10.830
1319.000   1284.000   587.000   175.000   -80.068   11.096
1320.000   1184.000   532.000   191.000   -80.109   11.364
1321.000   1172.000   538.000   190.000   -80.149   11.634
1322.000   1245.000   549.000   168.000   -80.189   11.907
1323.000   1198.000   537.000   175.000   -80.229   12.182
1324.000   1188.000   560.000   180.000   -80.269   12.459
1325.000   1200.000   540.000   142.000   -80.308   12.738
1326.000   1144.000   591.000   189.000   -80.347   13.020
1327.000   1174.000   615.000   178.000   -80.386   13.304
1328.000   1144.000   575.000   158.000   -80.425   13.590
1329.000   1145.000   564.000   179.000   -80.464   13.879
1330.000   1192.000   597.000   186.000   -80.502   14.169
1331.000   1176.000   590.000   163.000   -80.540   14.463
1332.000   1102.000   571.000   168.000   -80.577   14.758
1333.000   1131.000   569.000   180.000   -80.615   15.056
1334.000   1144.000   570.000   150.000   -80.652   15.357
1335.000   1106.000   571.000   186.000   -80.689   15.660
1336.000   1185.000   587.000   168.000   -80.726   15.965
1337.000   1229.000   549.000   156.000   -80.762   16.273
1338.000   1192.000   578.000   177.000   -80.798   16.583
1339.000   1272.000   566.000   180.000   -80.834   16.895
1340.000   1288.000   518.000   204.000   -80.870   17.210
1341.000   1227.000   554.000   181.000   -80.905   17.528
1342.000   1394.000   541.000   188.000   -80.940   17.848
1343.000   1444.000   538.000   186.000   -80.975   18.170
1344.000   1472.000   553.000   177.000   -81.009   18.495
1345.000   4982.000   497.000   164.000   -81.043   18.823
1346.000   45332.000   1077.000   105.000   -81.077   19.153
1347.000   9953.000   495.000   158.000   -81.111   19.485
1348.000   1106.000   563.000   194.000   -81.144   19.820
1349.000   1085.000   560.000   192.000   -81.177   20.157
1350.000   1239.000   581.000   193.000   -81.209   20.497
1351.000   1256.000   549.000   174.000   -81.242   20.840
1352.000   1204.000   566.000   162.000   -81.274   21.185
1353.000   1122.000   561.000   166.000   -81.305   21.533
1354.000   1235.000   577.000   150.000   -81.337   21.883
1355.000   1355.000   565.000   150.000   -81.368   22.236
1356.000   2517.000   500.000   142.000   -81.398   22.591
1357.000   1676.000   530.000   172.000   -81.429   22.949
1358.000   1455.000   524.000   185.000   -81.459   23.309
1359.000   2290.000   505.000   154.000   -81.489   23.672
1360.000   6517.000   397.000   110.000   -81.518   24.037
1361.000   2859.000   441.000   138.000   -81.547   24.405
1362.000   1890.000   496.000   140.000   -81.575   24.776
1363.000   1477.000   523.000   178.000   -81.604   25.149
1364.000   1351.000   545.000   176.000   -81.632   25.524
1365.000   1287.000   559.000   163.000   -81.659   25.902
1366.000   1243.000   564.000   199.000   -81.686   26.282
1367.000   1442.000   592.000   195.000   -81.713   26.665
1368.000   1542.000   536.000   181.000   -81.739   27.051
1369.000   1614.000   566.000   162.000   -81.765   27.439
1370.000   1496.000   514.000   187.000   -81.791   27.829
1371.000   1503.000   503.000   178.000   -81.816   28.222
1372.000   1496.000   534.000   203.000   -81.841   28.617
1373.000   3812.000   483.000   138.000   -81.866   29.015
1374.000   1422.000   555.000   190.000   -81.890   29.415
1375.000   1310.000   590.000   179.000   -81.914   29.817
1376.000   1381.000   520.000   189.000   -81.937   30.222
1377.000   1325.000   587.000   161.000   -81.960   30.629
1378.000   1342.000   543.000   185.000   -81.982   31.038
1379.000   1258.000   582.000   185.000   -82.004   31.450
1380.000   1267.000   558.000   177.000   -82.026   31.864
1381.000   1270.000   582.000   198.000   -82.047   32.280
1382.000   1252.000   551.000   180.000   -82.068   32.699
1383.000   1232.000   566.000   196.000   -82.088   33.119
1384.000   1233.000   535.000   183.000   -82.108   33.542
1385.000   1237.000   565.000   172.000   -82.128   33.967
1386.000   1377.000   554.000   162.000   -82.147   34.394
1387.000   1489.000   557.000   176.000   -82.165   34.823
1388.000   1322.000   572.000   155.000   -82.183   35.254
1389.000   1294.000   570.000   185.000   -82.201   35.687
1390.000   1126.000   551.000   180.000   -82.218   36.122
1391.000   1090.000   600.000   178.000   -82.235   36.559
1392.000   1190.000   580.000   154.000   -82.252   36.998
1393.000   1141.000   544.000   195.000   -82.267   37.438
1394.000   1036.000   599.000   166.000   -82.283   37.881
1395.000   996.000   584.000   177.000   -82.298   38.325
1396.000   996.000   563.000   187.000   -82.312   38.771
1397.000   981.000   550.000   190.000   -82.326   39.218
1398.000   975.000   592.000   170.000   -82.340   39.667
1399.000   1030.000   575.000   184.000   -82.353   40.118
1400.000   925.000   596.000   164.000   -82.366   40.570
1401.000   1028.000   594.000   188.000   -82.378   41.024
1402.000   1045.000   584.000   178.000   -82.389   41.479
1403.000   1043.000   578.000   166.000   -82.401   41.936
1404.000   952.000   557.000   180.000   -82.411   42.393
1405.000   951.000   523.000   185.000   -82.421   42.853
1406.000   1042.000   569.000   180.000   -82.431   43.313
1407.000   968.000   555.000   200.000   -82.440   43.774
1408.000   996.000   511.000   192.000   -82.449   44.237
1409.000   986.000   561.000   179.000   -82.457   44.700
1410.000   953.000   600.000   161.000   -82.465   45.165
1411.000   1026.000   551.000   183.000   -82.472   45.631
1412.000   1049.000   562.000   204.000   -82.479   46.097
1413.000   994.000   546.000   184.000   -82.485   46.564
1414.000   987.000   543.000   168.000   -82.491   47.032
1415.000   958.000   550.000   154.000   -82.496   47.501
1416.000   1042.000   593.000   197.000   -82.501   47.970
1417.000   1001.000   545.000   175.000   -82.505   48.440
1418.000   971.000   560.000   174.000   -82.509   48.910
1419.000   965.000   566.000   161.000   -82.512   49.381
1420.000   959.000   598.000   194.000   -82.514   49.852
1421.000   987.000   591.000   186.000   -82.517   50.323
1422.000   991.000   560.000   177.000   -82.518   50.795
1423.000   936.000   577.000   203.000   -82.519   51.267
1424.000   977.000   588.000   180.000   -82.520   51.739
