Time range: [ 22:20:00.000  22:35:39.000 ]
Time range duration: 15.0 min, 39.0 sec
Longitude range: [ 66.0  183.0 ]
80400.000   853.000   1474.000   66.000   -31.210   -8.137
80401.000   901.000   1418.000   69.000   -31.272   -8.130
80402.000   824.000   1402.000   57.000   -31.334   -8.123
80403.000   822.000   1391.000   60.000   -31.396   -8.116
80404.000   871.000   1450.000   71.000   -31.457   -8.109
80405.000   840.000   1444.000   59.000   -31.519   -8.102
80406.000   845.000   1745.000   55.000   -31.581   -8.095
80407.000   846.000   1813.000   67.000   -31.643   -8.088
80408.000   806.000   1852.000   77.000   -31.705   -8.081
80409.000   834.000   1885.000   47.000   -31.767   -8.074
80410.000   857.000   1846.000   63.000   -31.828   -8.067
80411.000   831.000   1843.000   65.000   -31.890   -8.060
80412.000   822.000   1919.000   57.000   -31.952   -8.052
80413.000   863.000   1841.000   66.000   -32.014   -8.045
80414.000   836.000   1879.000   55.000   -32.076   -8.038
80415.000   856.000   1828.000   59.000   -32.137   -8.031
80416.000   816.000   1889.000   72.000   -32.199   -8.024
80417.000   796.000   1911.000   53.000   -32.261   -8.017
80418.000   799.000   1857.000   66.000   -32.323   -8.009
80419.000   791.000   1929.000   67.000   -32.385   -8.002
80420.000   842.000   1943.000   69.000   -32.446   -7.995
80421.000   820.000   1967.000   59.000   -32.508   -7.988
80422.000   827.000   2002.000   67.000   -32.570   -7.980
80423.000   861.000   1958.000   70.000   -32.632   -7.973
80424.000   828.000   1967.000   62.000   -32.694   -7.966
80425.000   842.000   1994.000   67.000   -32.755   -7.959
80426.000   867.000   1997.000   63.000   -32.817   -7.951
80427.000   818.000   1946.000   62.000   -32.879   -7.944
80428.000   852.000   1974.000   50.000   -32.941   -7.937
80429.000   853.000   2008.000   73.000   -33.003   -7.929
80430.000   859.000   2006.000   52.000   -33.064   -7.922
80431.000   915.000   2055.000   54.000   -33.126   -7.914
80432.000   768.000   1957.000   42.000   -33.188   -7.907
80433.000   769.000   2005.000   39.000   -33.250   -7.899
80434.000   767.000   1975.000   58.000   -33.311   -7.892
80435.000   804.000   1891.000   66.000   -33.373   -7.885
80436.000   842.000   1973.000   57.000   -33.435   -7.877
80437.000   837.000   1886.000   65.000   -33.497   -7.870
80438.000   868.000   1940.000   72.000   -33.558   -7.862
80439.000   833.000   1880.000   65.000   -33.620   -7.854
80440.000   806.000   1868.000   59.000   -33.682   -7.847
80441.000   842.000   1831.000   69.000   -33.744   -7.839
80442.000   784.000   1859.000   51.000   -33.805   -7.832
80443.000   798.000   1948.000   68.000   -33.867   -7.824
80444.000   872.000   1871.000   61.000   -33.929   -7.817
80445.000   827.000   1761.000   64.000   -33.991   -7.809
80446.000   878.000   1805.000   56.000   -34.052   -7.801
80447.000   800.000   1825.000   59.000   -34.114   -7.794
80448.000   765.000   1847.000   69.000   -34.176   -7.786
80449.000   815.000   1812.000   77.000   -34.238   -7.778
80450.000   831.000   1844.000   72.000   -34.299   -7.770
80451.000   825.000   1834.000   62.000   -34.361   -7.763
80452.000   844.000   1801.000   57.000   -34.423   -7.755
80453.000   824.000   1775.000   63.000   -34.485   -7.747
80454.000   845.000   1824.000   60.000   -34.546   -7.739
80455.000   807.000   1810.000   54.000   -34.608   -7.732
80456.000   802.000   1748.000   73.000   -34.670   -7.724
80457.000   817.000   1731.000   65.000   -34.732   -7.716
80458.000   830.000   1697.000   78.000   -34.793   -7.708
80459.000   890.000   1782.000   68.000   -34.855   -7.700
80460.000   873.000   1704.000   72.000   -34.917   -7.692
80461.000   882.000   1739.000   66.000   -34.978   -7.684
80462.000   858.000   1759.000   52.000   -35.040   -7.676
80463.000   817.000   1670.000   80.000   -35.102   -7.668
80464.000   829.000   1661.000   63.000   -35.164   -7.660
80465.000   831.000   1667.000   57.000   -35.225   -7.652
80466.000   792.000   1013.000   58.000   -35.287   -7.644
80467.000   809.000   1024.000   38.000   -35.349   -7.636
80468.000   835.000   1025.000   75.000   -35.410   -7.628
80469.000   812.000   974.000   65.000   -35.472   -7.620
80470.000   791.000   965.000   66.000   -35.534   -7.612
80471.000   857.000   934.000   62.000   -35.595   -7.604
80472.000   844.000   962.000   64.000   -35.657   -7.596
80473.000   779.000   917.000   93.000   -35.719   -7.588
80474.000   813.000   965.000   70.000   -35.781   -7.580
80475.000   811.000   942.000   65.000   -35.842   -7.571
80476.000   815.000   945.000   58.000   -35.904   -7.563
80477.000   793.000   952.000   59.000   -35.966   -7.555
80478.000   778.000   965.000   68.000   -36.027   -7.547
80479.000   827.000   920.000   71.000   -36.089   -7.539
80480.000   798.000   944.000   68.000   -36.151   -7.530
80481.000   748.000   943.000   93.000   -36.212   -7.522
80482.000   801.000   929.000   53.000   -36.274   -7.514
80483.000   749.000   838.000   38.000   -36.336   -7.505
80484.000   724.000   867.000   66.000   -36.397   -7.497
80485.000   798.000   861.000   62.000   -36.459   -7.489
80486.000   770.000   832.000   47.000   -36.521   -7.480
80487.000   792.000   820.000   70.000   -36.582   -7.472
80488.000   780.000   857.000   70.000   -36.644   -7.463
80489.000   783.000   836.000   61.000   -36.706   -7.455
80490.000   767.000   833.000   57.000   -36.767   -7.446
80491.000   766.000   815.000   33.000   -36.829   -7.438
80492.000   778.000   807.000   60.000   -36.890   -7.429
80493.000   750.000   795.000   69.000   -36.952   -7.421
80494.000   758.000   830.000   55.000   -37.014   -7.412
80495.000   827.000   762.000   67.000   -37.075   -7.404
80496.000   830.000   789.000   72.000   -37.137   -7.395
80497.000   814.000   795.000   91.000   -37.199   -7.386
80498.000   809.000   793.000   71.000   -37.260   -7.378
80499.000   809.000   774.000   38.000   -37.322   -7.369
80500.000   829.000   721.000   66.000   -37.384   -7.361
80501.000   803.000   695.000   65.000   -37.445   -7.352
80502.000   800.000   787.000   72.000   -37.507   -7.343
80503.000   807.000   702.000   67.000   -37.568   -7.334
80504.000   767.000   704.000   65.000   -37.630   -7.326
80505.000   731.000   782.000   125.000   -37.692   -7.317
80506.000   794.000   739.000   67.000   -37.753   -7.308
80507.000   722.000   705.000   66.000   -37.815   -7.299
80508.000   806.000   715.000   45.000   -37.876   -7.290
80509.000   815.000   705.000   60.000   -37.938   -7.281
80510.000   758.000   720.000   70.000   -38.000   -7.273
80511.000   773.000   719.000   72.000   -38.061   -7.264
80512.000   812.000   719.000   58.000   -38.123   -7.255
80513.000   813.000   678.000   91.000   -38.184   -7.246
80514.000   763.000   701.000   66.000   -38.246   -7.237
80515.000   801.000   721.000   39.000   -38.308   -7.228
80516.000   769.000   672.000   60.000   -38.369   -7.219
80517.000   805.000   759.000   60.000   -38.431   -7.210
80518.000   805.000   688.000   66.000   -38.492   -7.201
80519.000   785.000   627.000   50.000   -38.554   -7.191
80520.000   776.000   649.000   49.000   -38.616   -7.182
80521.000   800.000   653.000   64.000   -38.677   -7.173
80522.000   747.000   700.000   53.000   -38.739   -7.164
80523.000   784.000   585.000   61.000   -38.800   -7.155
80524.000   778.000   618.000   65.000   -38.862   -7.146
80525.000   787.000   629.000   85.000   -38.923   -7.136
80526.000   798.000   653.000   57.000   -38.985   -7.127
80527.000   788.000   669.000   86.000   -39.047   -7.118
80528.000   781.000   639.000   62.000   -39.108   -7.109
80529.000   796.000   639.000   61.000   -39.170   -7.099
80530.000   781.000   840.000   55.000   -39.231   -7.090
80531.000   789.000   777.000   73.000   -39.293   -7.081
80532.000   756.000   747.000   62.000   -39.354   -7.071
80533.000   755.000   684.000   81.000   -39.416   -7.062
80534.000   735.000   654.000   63.000   -39.477   -7.052
80535.000   767.000   701.000   81.000   -39.539   -7.043
80536.000   722.000   649.000   78.000   -39.601   -7.033
80537.000   708.000   682.000   67.000   -39.662   -7.024
80538.000   781.000   698.000   62.000   -39.724   -7.014
80539.000   701.000   614.000   69.000   -39.785   -7.005
80540.000   688.000   765.000   51.000   -39.847   -6.995
80541.000   714.000   770.000   117.000   -39.908   -6.986
80542.000   748.000   740.000   60.000   -39.970   -6.976
80543.000   727.000   702.000   82.000   -40.031   -6.966
80544.000   746.000   651.000   63.000   -40.093   -6.957
80545.000   720.000   723.000   58.000   -40.154   -6.947
80546.000   697.000   668.000   62.000   -40.216   -6.937
80547.000   709.000   637.000   76.000   -40.277   -6.927
80548.000   676.000   698.000   62.000   -40.339   -6.918
80549.000   765.000   684.000   117.000   -40.400   -6.908
80550.000   684.000   695.000   53.000   -40.462   -6.898
80551.000   750.000   756.000   86.000   -40.523   -6.888
80552.000   698.000   692.000   75.000   -40.585   -6.878
80553.000   670.000   727.000   68.000   -40.646   -6.868
80554.000   781.000   770.000   73.000   -40.708   -6.858
80555.000   660.000   783.000   62.000   -40.769   -6.848
80556.000   738.000   675.000   57.000   -40.831   -6.838
80557.000   687.000   650.000   81.000   -40.892   -6.828
80558.000   740.000   618.000   64.000   -40.954   -6.818
80559.000   701.000   609.000   83.000   -41.015   -6.808
80560.000   722.000   646.000   75.000   -41.077   -6.798
80561.000   710.000   633.000   68.000   -41.138   -6.788
80562.000   737.000   618.000   52.000   -41.200   -6.778
80563.000   680.000   619.000   50.000   -41.261   -6.768
80564.000   731.000   675.000   60.000   -41.323   -6.758
80565.000   759.000   625.000   85.000   -41.384   -6.747
80566.000   650.000   702.000   60.000   -41.446   -6.737
80567.000   723.000   662.000   55.000   -41.507   -6.727
80568.000   686.000   652.000   68.000   -41.568   -6.716
80569.000   755.000   674.000   77.000   -41.630   -6.706
80570.000   747.000   634.000   57.000   -41.691   -6.696
80571.000   685.000   625.000   69.000   -41.753   -6.685
80572.000   727.000   596.000   81.000   -41.814   -6.675
80573.000   776.000   567.000   85.000   -41.876   -6.664
80574.000   672.000   567.000   67.000   -41.937   -6.654
80575.000   761.000   586.000   85.000   -41.999   -6.644
80576.000   657.000   549.000   74.000   -42.060   -6.633
80577.000   686.000   589.000   70.000   -42.121   -6.622
80578.000   706.000   582.000   65.000   -42.183   -6.612
80579.000   702.000   613.000   73.000   -42.244   -6.601
80580.000   701.000   536.000   70.000   -42.306   -6.591
80581.000   722.000   585.000   77.000   -42.367   -6.580
80582.000   739.000   565.000   65.000   -42.429   -6.569
80583.000   691.000   628.000   66.000   -42.490   -6.558
80584.000   717.000   610.000   52.000   -42.551   -6.548
80585.000   733.000   549.000   57.000   -42.613   -6.537
80586.000   697.000   551.000   69.000   -42.674   -6.526
80587.000   687.000   567.000   72.000   -42.736   -6.515
80588.000   737.000   582.000   70.000   -42.797   -6.504
80589.000   727.000   572.000   62.000   -42.858   -6.493
80590.000   730.000   523.000   64.000   -42.920   -6.482
80591.000   710.000   578.000   51.000   -42.981   -6.472
80592.000   754.000   554.000   68.000   -43.043   -6.461
80593.000   695.000   578.000   77.000   -43.104   -6.449
80594.000   653.000   532.000   72.000   -43.165   -6.438
80595.000   668.000   547.000   75.000   -43.227   -6.427
80596.000   643.000   593.000   69.000   -43.288   -6.416
80597.000   651.000   522.000   65.000   -43.349   -6.405
80598.000   640.000   555.000   52.000   -43.411   -6.394
80599.000   656.000   581.000   79.000   -43.472   -6.383
80600.000   706.000   551.000   59.000   -43.534   -6.371
80601.000   802.000   597.000   75.000   -43.595   -6.360
80602.000   725.000   558.000   66.000   -43.656   -6.349
80603.000   748.000   558.000   72.000   -43.718   -6.338
80604.000   741.000   561.000   60.000   -43.779   -6.326
80605.000   717.000   527.000   65.000   -43.840   -6.315
80606.000   708.000   542.000   55.000   -43.902   -6.303
80607.000   756.000   567.000   72.000   -43.963   -6.292
80608.000   784.000   562.000   76.000   -44.024   -6.280
80609.000   785.000   532.000   73.000   -44.086   -6.269
80610.000   776.000   526.000   70.000   -44.147   -6.257
80611.000   775.000   559.000   61.000   -44.208   -6.246
80612.000   733.000   563.000   73.000   -44.270   -6.234
80613.000   790.000   542.000   56.000   -44.331   -6.222
80614.000   781.000   523.000   96.000   -44.392   -6.211
80615.000   749.000   553.000   75.000   -44.454   -6.199
80616.000   778.000   548.000   68.000   -44.515   -6.187
80617.000   885.000   618.000   77.000   -44.576   -6.175
80618.000   835.000   599.000   81.000   -44.638   -6.164
80619.000   920.000   483.000   59.000   -44.699   -6.152
80620.000   940.000   597.000   66.000   -44.760   -6.140
80621.000   891.000   541.000   51.000   -44.821   -6.128
80622.000   903.000   535.000   56.000   -44.883   -6.116
80623.000   865.000   533.000   67.000   -44.944   -6.104
80624.000   967.000   528.000   62.000   -45.005   -6.092
80625.000   889.000   527.000   77.000   -45.067   -6.080
80626.000   882.000   500.000   63.000   -45.128   -6.068
80627.000   825.000   539.000   59.000   -45.189   -6.056
80628.000   866.000   527.000   69.000   -45.250   -6.043
80629.000   880.000   522.000   65.000   -45.312   -6.031
80630.000   963.000   535.000   56.000   -45.373   -6.019
80631.000   858.000   522.000   69.000   -45.434   -6.007
80632.000   777.000   546.000   57.000   -45.496   -5.994
80633.000   763.000   582.000   73.000   -45.557   -5.982
80634.000   778.000   534.000   62.000   -45.618   -5.970
80635.000   774.000   534.000   60.000   -45.679   -5.957
80636.000   792.000   546.000   55.000   -45.741   -5.945
80637.000   862.000   598.000   79.000   -45.802   -5.932
80638.000   883.000   530.000   72.000   -45.863   -5.920
80639.000   764.000   548.000   62.000   -45.924   -5.907
80640.000   702.000   17314.000   70.000   -45.986   -5.895
80641.000   831.000   21934.000   70.000   -46.047   -5.882
80642.000   919.000   4319.000   63.000   -46.108   -5.869
80643.000   902.000   46585.000   66.000   -46.169   -5.857
80644.000   845.000   604.000   62.000   -46.230   -5.844
80645.000   698.000   585.000   66.000   -46.292   -5.831
80646.000   667.000   1425.000   81.000   -46.353   -5.818
80647.000   747.000   1449.000   72.000   -46.414   -5.805
80648.000   746.000   1358.000   69.000   -46.475   -5.792
80649.000   866.000   1330.000   68.000   -46.536   -5.780
80650.000   935.000   1392.000   70.000   -46.598   -5.767
80651.000   915.000   1337.000   73.000   -46.659   -5.754
80652.000   893.000   1364.000   63.000   -46.720   -5.740
80653.000   765.000   1316.000   66.000   -46.781   -5.727
80654.000   763.000   1348.000   65.000   -46.842   -5.714
80655.000   730.000   1330.000   57.000   -46.904   -5.701
80656.000   769.000   1259.000   72.000   -46.965   -5.688
80657.000   778.000   1322.000   64.000   -47.026   -5.675
80658.000   781.000   1207.000   71.000   -47.087   -5.661
80659.000   786.000   1232.000   82.000   -47.148   -5.648
80660.000   897.000   1173.000   66.000   -47.210   -5.635
80661.000   978.000   1205.000   80.000   -47.271   -5.621
80662.000   893.000   1144.000   60.000   -47.332   -5.608
80663.000   752.000   1111.000   78.000   -47.393   -5.594
80664.000   715.000   1165.000   55.000   -47.454   -5.581
80665.000   743.000   1116.000   85.000   -47.515   -5.567
80666.000   724.000   1123.000   69.000   -47.576   -5.554
80667.000   717.000   1133.000   60.000   -47.638   -5.540
80668.000   788.000   1147.000   60.000   -47.699   -5.526
80669.000   706.000   1095.000   73.000   -47.760   -5.512
80670.000   758.000   1103.000   52.000   -47.821   -5.499
80671.000   862.000   1088.000   59.000   -47.882   -5.485
80672.000   786.000   1097.000   59.000   -47.943   -5.471
80673.000   811.000   1160.000   78.000   -48.004   -5.457
80674.000   861.000   1047.000   66.000   -48.065   -5.443
80675.000   849.000   1056.000   74.000   -48.127   -5.429
80676.000   769.000   1024.000   80.000   -48.188   -5.415
80677.000   682.000   1072.000   77.000   -48.249   -5.401
80678.000   646.000   1004.000   63.000   -48.310   -5.387
80679.000   711.000   1077.000   67.000   -48.371   -5.373
80680.000   722.000   1046.000   79.000   -48.432   -5.358
80681.000   715.000   1013.000   73.000   -48.493   -5.344
80682.000   713.000   1003.000   68.000   -48.554   -5.330
80683.000   663.000   982.000   78.000   -48.615   -5.316
80684.000   683.000   1036.000   67.000   -48.676   -5.301
80685.000   678.000   1011.000   73.000   -48.738   -5.287
80686.000   715.000   1006.000   83.000   -48.799   -5.272
80687.000   700.000   986.000   55.000   -48.860   -5.258
80688.000   694.000   1005.000   57.000   -48.921   -5.243
80689.000   664.000   983.000   60.000   -48.982   -5.229
80690.000   741.000   917.000   56.000   -49.043   -5.214
80691.000   740.000   992.000   63.000   -49.104   -5.199
80692.000   667.000   1016.000   79.000   -49.165   -5.184
80693.000   678.000   957.000   74.000   -49.226   -5.170
80694.000   643.000   924.000   66.000   -49.287   -5.155
80695.000   659.000   927.000   72.000   -49.348   -5.140
80696.000   638.000   941.000   68.000   -49.409   -5.125
80697.000   658.000   1077.000   65.000   -49.470   -5.110
80698.000   623.000   954.000   43.000   -49.531   -5.095
80699.000   665.000   902.000   50.000   -49.592   -5.080
80700.000   669.000   962.000   40.000   -49.653   -5.065
80701.000   603.000   870.000   56.000   -49.714   -5.050
80702.000   678.000   893.000   49.000   -49.775   -5.034
80703.000   632.000   912.000   44.000   -49.836   -5.019
80704.000   17473.000   870.000   42.000   -49.897   -5.004
80705.000   22107.000   973.000   51.000   -49.958   -4.988
80706.000   2336.000   913.000   43.000   -50.019   -4.973
80707.000   23748.000   889.000   54.000   -50.080   -4.957
80708.000   727.000   877.000   47.000   -50.141   -4.942
80709.000   693.000   945.000   45.000   -50.202   -4.926
80710.000   729.000   859.000   53.000   -50.263   -4.911
80711.000   799.000   874.000   44.000   -50.324   -4.895
80712.000   686.000   858.000   45.000   -50.385   -4.879
80713.000   687.000   862.000   39.000   -50.446   -4.864
80714.000   755.000   841.000   39.000   -50.507   -4.848
80715.000   716.000   834.000   55.000   -50.568   -4.832
80716.000   685.000   861.000   35.000   -50.629   -4.816
80717.000   715.000   910.000   35.000   -50.690   -4.800
80718.000   688.000   808.000   34.000   -50.751   -4.784
80719.000   684.000   843.000   40.000   -50.812   -4.768
80720.000   626.000   843.000   48.000   -50.873   -4.752
80721.000   699.000   888.000   71.000   -50.934   -4.735
80722.000   650.000   887.000   33.000   -50.994   -4.719
80723.000   619.000   867.000   55.000   -51.055   -4.703
80724.000   663.000   884.000   47.000   -51.116   -4.687
80725.000   671.000   798.000   36.000   -51.177   -4.670
80726.000   715.000   818.000   41.000   -51.238   -4.654
80727.000   669.000   883.000   49.000   -51.299   -4.637
80728.000   694.000   787.000   49.000   -51.360   -4.621
80729.000   700.000   786.000   101.000   -51.421   -4.604
80730.000   676.000   826.000   64.000   -51.482   -4.587
80731.000   708.000   788.000   54.000   -51.543   -4.571
80732.000   696.000   865.000   49.000   -51.603   -4.554
80733.000   658.000   774.000   48.000   -51.664   -4.537
80734.000   663.000   812.000   41.000   -51.725   -4.520
80735.000   726.000   863.000   36.000   -51.786   -4.503
80736.000   645.000   784.000   42.000   -51.847   -4.486
80737.000   743.000   792.000   97.000   -51.908   -4.469
80738.000   673.000   832.000   68.000   -51.969   -4.452
80739.000   692.000   821.000   53.000   -52.029   -4.435
80740.000   669.000   806.000   58.000   -52.090   -4.417
80741.000   708.000   846.000   53.000   -52.151   -4.400
80742.000   711.000   790.000   47.000   -52.212   -4.383
80743.000   677.000   831.000   34.000   -52.273   -4.365
80744.000   652.000   803.000   40.000   -52.334   -4.348
80745.000   718.000   734.000   103.000   -52.394   -4.330
80746.000   680.000   819.000   50.000   -52.455   -4.313
80747.000   673.000   772.000   49.000   -52.516   -4.295
80748.000   638.000   792.000   50.000   -52.577   -4.277
80749.000   728.000   831.000   43.000   -52.638   -4.260
80750.000   673.000   746.000   51.000   -52.698   -4.242
80751.000   700.000   770.000   41.000   -52.759   -4.224
80752.000   697.000   762.000   43.000   -52.820   -4.206
80753.000   623.000   716.000   97.000   -52.881   -4.188
80754.000   670.000   754.000   38.000   -52.942   -4.170
80755.000   682.000   791.000   52.000   -53.002   -4.152
80756.000   699.000   769.000   37.000   -53.063   -4.133
80757.000   649.000   831.000   55.000   -53.124   -4.115
80758.000   699.000   714.000   35.000   -53.185   -4.097
80759.000   693.000   716.000   39.000   -53.245   -4.078
80760.000   670.000   684.000   58.000   -53.306   -4.060
80761.000   656.000   700.000   44.000   -53.367   -4.041
80762.000   619.000   1031.000   38.000   -53.428   -4.023
80763.000   648.000   1027.000   50.000   -53.488   -4.004
80764.000   688.000   1060.000   39.000   -53.549   -3.985
80765.000   641.000   1046.000   34.000   -53.610   -3.967
80766.000   696.000   1051.000   41.000   -53.670   -3.948
80767.000   674.000   1011.000   46.000   -53.731   -3.929
80768.000   675.000   1038.000   43.000   -53.792   -3.910
80769.000   761.000   1081.000   57.000   -53.852   -3.891
80770.000   673.000   1109.000   42.000   -53.913   -3.872
80771.000   700.000   1071.000   43.000   -53.974   -3.852
80772.000   698.000   1163.000   52.000   -54.035   -3.833
80773.000   671.000   1252.000   40.000   -54.095   -3.814
80774.000   667.000   1221.000   45.000   -54.156   -3.794
80775.000   645.000   1255.000   48.000   -54.217   -3.775
80776.000   654.000   1230.000   52.000   -54.277   -3.755
80777.000   656.000   1208.000   45.000   -54.338   -3.736
80778.000   669.000   1162.000   56.000   -54.398   -3.716
80779.000   635.000   1227.000   50.000   -54.459   -3.696
80780.000   654.000   1338.000   46.000   -54.520   -3.677
80781.000   655.000   1363.000   34.000   -54.580   -3.657
80782.000   665.000   1269.000   43.000   -54.641   -3.637
80783.000   691.000   1348.000   45.000   -54.702   -3.617
80784.000   644.000   1421.000   43.000   -54.762   -3.597
80785.000   681.000   1580.000   31.000   -54.823   -3.576
80786.000   632.000   1444.000   42.000   -54.883   -3.556
80787.000   661.000   1425.000   47.000   -54.944   -3.536
80788.000   668.000   1529.000   58.000   -55.005   -3.515
80789.000   641.000   1449.000   41.000   -55.065   -3.495
80790.000   692.000   1481.000   37.000   -55.126   -3.474
80791.000   640.000   1551.000   37.000   -55.186   -3.454
80792.000   663.000   1630.000   46.000   -55.247   -3.433
80793.000   658.000   1699.000   44.000   -55.308   -3.412
80794.000   630.000   1686.000   56.000   -55.368   -3.391
80795.000   649.000   1685.000   47.000   -55.429   -3.371
80796.000   645.000   1764.000   50.000   -55.489   -3.350
80797.000   681.000   1769.000   34.000   -55.550   -3.328
80798.000   663.000   1889.000   51.000   -55.610   -3.307
80799.000   641.000   1842.000   48.000   -55.671   -3.286
80800.000   674.000   1845.000   55.000   -55.731   -3.265
80801.000   625.000   1888.000   33.000   -55.792   -3.243
80802.000   623.000   1816.000   50.000   -55.852   -3.222
80803.000   638.000   1905.000   47.000   -55.913   -3.200
80804.000   636.000   1937.000   52.000   -55.973   -3.179
80805.000   663.000   1959.000   40.000   -56.034   -3.157
80806.000   667.000   2048.000   42.000   -56.094   -3.135
80807.000   609.000   2036.000   54.000   -56.155   -3.113
80808.000   613.000   2185.000   40.000   -56.215   -3.091
80809.000   645.000   2191.000   49.000   -56.276   -3.069
80810.000   609.000   2296.000   50.000   -56.336   -3.047
80811.000   616.000   2290.000   60.000   -56.397   -3.025
80812.000   677.000   2338.000   48.000   -56.457   -3.003
80813.000   660.000   2302.000   35.000   -56.517   -2.980
80814.000   679.000   2402.000   48.000   -56.578   -2.958
80815.000   632.000   2479.000   48.000   -56.638   -2.935
80816.000   679.000   2523.000   55.000   -56.699   -2.913
80817.000   629.000   2563.000   61.000   -56.759   -2.890
80818.000   664.000   2608.000   160.000   -56.820   -2.867
80819.000   642.000   2624.000   135.000   -56.880   -2.844
80820.000   690.000   2746.000   149.000   -56.940   -2.821
80821.000   660.000   2852.000   165.000   -57.001   -2.798
80822.000   655.000   2918.000   144.000   -57.061   -2.775
80823.000   628.000   3002.000   174.000   -57.121   -2.752
80824.000   671.000   17427.000   135.000   -57.182   -2.729
80825.000   633.000   22028.000   239.000   -57.242   -2.705
80826.000   667.000   3016.000   155.000   -57.303   -2.682
80827.000   638.000   23644.000   130.000   -57.363   -2.658
80828.000   644.000   753.000   163.000   -57.423   -2.634
80829.000   721.000   769.000   164.000   -57.484   -2.611
80830.000   651.000   685.000   155.000   -57.544   -2.587
80831.000   630.000   749.000   143.000   -57.604   -2.563
80832.000   651.000   687.000   164.000   -57.665   -2.539
80833.000   596.000   737.000   155.000   -57.725   -2.515
80834.000   625.000   707.000   152.000   -57.785   -2.490
80835.000   585.000   672.000   144.000   -57.845   -2.466
80836.000   615.000   695.000   172.000   -57.906   -2.442
80837.000   648.000   658.000   139.000   -57.966   -2.417
80838.000   593.000   666.000   176.000   -58.026   -2.393
80839.000   610.000   680.000   126.000   -58.087   -2.368
80840.000   636.000   645.000   149.000   -58.147   -2.343
80841.000   707.000   689.000   253.000   -58.207   -2.318
80842.000   617.000   612.000   146.000   -58.267   -2.293
80843.000   565.000   661.000   183.000   -58.327   -2.268
80844.000   632.000   698.000   142.000   -58.388   -2.243
80845.000   616.000   666.000   174.000   -58.448   -2.217
80846.000   651.000   656.000   145.000   -58.508   -2.192
80847.000   616.000   599.000   141.000   -58.568   -2.166
80848.000   667.000   662.000   151.000   -58.629   -2.141
80849.000   591.000   697.000   187.000   -58.689   -2.115
80850.000   678.000   649.000   173.000   -58.749   -2.089
80851.000   610.000   647.000   145.000   -58.809   -2.063
80852.000   622.000   613.000   158.000   -58.869   -2.037
80853.000   576.000   637.000   172.000   -58.929   -2.011
80854.000   666.000   631.000   142.000   -58.990   -1.985
80855.000   608.000   598.000   166.000   -59.050   -1.959
80856.000   667.000   603.000   155.000   -59.110   -1.932
80857.000   681.000   587.000   251.000   -59.170   -1.906
80858.000   598.000   622.000   132.000   -59.230   -1.879
80859.000   584.000   637.000   183.000   -59.290   -1.852
80860.000   654.000   551.000   145.000   -59.350   -1.825
80861.000   605.000   618.000   155.000   -59.410   -1.798
80862.000   621.000   613.000   154.000   -59.470   -1.771
80863.000   597.000   576.000   165.000   -59.531   -1.744
80864.000   628.000   631.000   167.000   -59.591   -1.717
80865.000   685.000   610.000   155.000   -59.651   -1.689
80866.000   607.000   597.000   184.000   -59.711   -1.662
80867.000   590.000   570.000   148.000   -59.771   -1.634
80868.000   575.000   580.000   149.000   -59.831   -1.606
80869.000   636.000   548.000   158.000   -59.891   -1.578
80870.000   644.000   557.000   171.000   -59.951   -1.550
80871.000   622.000   557.000   171.000   -60.011   -1.522
80872.000   608.000   579.000   163.000   -60.071   -1.494
80873.000   634.000   618.000   191.000   -60.131   -1.465
80874.000   624.000   561.000   163.000   -60.191   -1.437
80875.000   628.000   557.000   146.000   -60.251   -1.408
80876.000   615.000   542.000   150.000   -60.311   -1.380
80877.000   714.000   523.000   147.000   -60.371   -1.351
80878.000   622.000   570.000   165.000   -60.431   -1.322
80879.000   548.000   559.000   144.000   -60.491   -1.293
80880.000   853.000   1474.000   66.000   -60.550   -1.263
80881.000   901.000   1418.000   69.000   -60.610   -1.234
80882.000   824.000   1402.000   57.000   -60.670   -1.205
80883.000   822.000   1391.000   60.000   -60.730   -1.175
80884.000   871.000   1450.000   71.000   -60.790   -1.145
80885.000   840.000   1444.000   59.000   -60.850   -1.115
80886.000   845.000   1745.000   55.000   -60.910   -1.086
80887.000   846.000   1813.000   67.000   -60.970   -1.055
80888.000   806.000   1852.000   77.000   -61.030   -1.025
80889.000   834.000   1885.000   47.000   -61.089   -0.995
80890.000   857.000   1846.000   63.000   -61.149   -0.964
80891.000   831.000   1843.000   65.000   -61.209   -0.934
80892.000   822.000   1919.000   57.000   -61.269   -0.903
80893.000   863.000   1841.000   66.000   -61.329   -0.872
80894.000   836.000   1879.000   55.000   -61.389   -0.841
80895.000   856.000   1828.000   59.000   -61.448   -0.810
80896.000   816.000   1889.000   72.000   -61.508   -0.779
80897.000   796.000   1911.000   53.000   -61.568   -0.747
80898.000   799.000   1857.000   66.000   -61.628   -0.716
80899.000   791.000   1929.000   67.000   -61.687   -0.684
80900.000   842.000   1943.000   69.000   -61.747   -0.652
80901.000   820.000   1967.000   59.000   -61.807   -0.620
80902.000   827.000   2002.000   67.000   -61.867   -0.588
80903.000   861.000   1958.000   70.000   -61.926   -0.556
80904.000   828.000   1967.000   62.000   -61.986   -0.523
80905.000   842.000   1994.000   67.000   -62.046   -0.491
80906.000   867.000   1997.000   63.000   -62.105   -0.458
80907.000   818.000   1946.000   62.000   -62.165   -0.425
80908.000   852.000   1974.000   50.000   -62.225   -0.392
80909.000   853.000   2008.000   73.000   -62.284   -0.359
80910.000   859.000   2006.000   52.000   -62.344   -0.326
80911.000   915.000   2055.000   54.000   -62.404   -0.293
80912.000   768.000   1957.000   42.000   -62.463   -0.259
80913.000   769.000   2005.000   39.000   -62.523   -0.225
80914.000   767.000   1975.000   58.000   -62.582   -0.191
80915.000   804.000   1891.000   66.000   -62.642   -0.157
80916.000   842.000   1973.000   57.000   -62.702   -0.123
80917.000   837.000   1886.000   65.000   -62.761   -0.089
80918.000   868.000   1940.000   72.000   -62.821   -0.054
80919.000   833.000   1880.000   65.000   -62.880   -0.020
80920.000   806.000   1868.000   59.000   -62.940   00.015
80921.000   842.000   1831.000   69.000   -62.999   00.050
80922.000   784.000   1859.000   51.000   -63.059   00.085
80923.000   798.000   1948.000   68.000   -63.118   00.120
80924.000   872.000   1871.000   61.000   -63.178   00.156
80925.000   827.000   1761.000   64.000   -63.237   00.192
80926.000   878.000   1805.000   56.000   -63.297   00.227
80927.000   800.000   1825.000   59.000   -63.356   00.263
80928.000   765.000   1847.000   69.000   -63.415   00.299
80929.000   815.000   1812.000   77.000   -63.475   00.336
80930.000   831.000   1844.000   72.000   -63.534   00.372
80931.000   825.000   1834.000   62.000   -63.594   00.409
80932.000   844.000   1801.000   57.000   -63.653   00.445
80933.000   824.000   1775.000   63.000   -63.712   00.482
80934.000   845.000   1824.000   60.000   -63.772   00.519
80935.000   807.000   1810.000   54.000   -63.831   00.557
80936.000   802.000   1748.000   73.000   -63.890   00.594
80937.000   817.000   1731.000   65.000   -63.950   00.632
80938.000   830.000   1697.000   78.000   -64.009   00.670
80939.000   890.000   1782.000   68.000   -64.068   00.708
80940.000   873.000   1704.000   72.000   -64.128   00.746
80941.000   882.000   1739.000   66.000   -64.187   00.784
80942.000   858.000   1759.000   52.000   -64.246   00.823
80943.000   817.000   1670.000   80.000   -64.305   00.861
80944.000   829.000   1661.000   63.000   -64.365   00.900
80945.000   831.000   1667.000   57.000   -64.424   00.939
80946.000   792.000   1013.000   58.000   -64.483   00.979
80947.000   809.000   1024.000   38.000   -64.542   01.018
80948.000   835.000   1025.000   75.000   -64.601   01.058
80949.000   812.000   974.000   65.000   -64.661   01.098
80950.000   791.000   965.000   66.000   -64.720   01.138
80951.000   857.000   934.000   62.000   -64.779   01.178
80952.000   844.000   962.000   64.000   -64.838   01.218
80953.000   779.000   917.000   93.000   -64.897   01.259
80954.000   813.000   965.000   70.000   -64.956   01.300
80955.000   811.000   942.000   65.000   -65.015   01.341
80956.000   815.000   945.000   58.000   -65.074   01.382
80957.000   793.000   952.000   59.000   -65.133   01.424
80958.000   778.000   965.000   68.000   -65.192   01.465
80959.000   827.000   920.000   71.000   -65.252   01.507
80960.000   798.000   944.000   68.000   -65.311   01.549
80961.000   748.000   943.000   93.000   -65.370   01.591
80962.000   801.000   929.000   53.000   -65.428   01.634
80963.000   749.000   838.000   38.000   -65.487   01.676
80964.000   724.000   867.000   66.000   -65.546   01.719
80965.000   798.000   861.000   62.000   -65.605   01.762
80966.000   770.000   832.000   47.000   -65.664   01.806
80967.000   792.000   820.000   70.000   -65.723   01.849
80968.000   780.000   857.000   70.000   -65.782   01.893
80969.000   783.000   836.000   61.000   -65.841   01.937
80970.000   767.000   833.000   57.000   -65.900   01.981
80971.000   766.000   815.000   33.000   -65.959   02.025
80972.000   778.000   807.000   60.000   -66.017   02.070
80973.000   750.000   795.000   69.000   -66.076   02.115
80974.000   758.000   830.000   55.000   -66.135   02.160
80975.000   827.000   762.000   67.000   -66.194   02.205
80976.000   830.000   789.000   72.000   -66.253   02.251
80977.000   814.000   795.000   91.000   -66.311   02.297
80978.000   809.000   793.000   71.000   -66.370   02.343
80979.000   809.000   774.000   38.000   -66.429   02.389
80980.000   829.000   721.000   66.000   -66.487   02.435
80981.000   803.000   695.000   65.000   -66.546   02.482
80982.000   800.000   787.000   72.000   -66.605   02.529
80983.000   807.000   702.000   67.000   -66.663   02.576
80984.000   767.000   704.000   65.000   -66.722   02.624
80985.000   731.000   782.000   125.000   -66.781   02.671
80986.000   794.000   739.000   67.000   -66.839   02.719
80987.000   722.000   705.000   66.000   -66.898   02.767
80988.000   806.000   715.000   45.000   -66.956   02.816
80989.000   815.000   705.000   60.000   -67.015   02.864
80990.000   758.000   720.000   70.000   -67.073   02.913
80991.000   773.000   719.000   72.000   -67.132   02.963
80992.000   812.000   719.000   58.000   -67.190   03.012
80993.000   813.000   678.000   91.000   -67.249   03.062
80994.000   763.000   701.000   66.000   -67.307   03.112
80995.000   801.000   721.000   39.000   -67.366   03.162
80996.000   769.000   672.000   60.000   -67.424   03.212
80997.000   805.000   759.000   60.000   -67.482   03.263
80998.000   805.000   688.000   66.000   -67.541   03.314
80999.000   785.000   627.000   50.000   -67.599   03.366
81000.000   776.000   649.000   49.000   -67.658   03.417
81001.000   800.000   653.000   64.000   -67.716   03.469
81002.000   747.000   700.000   53.000   -67.774   03.521
81003.000   784.000   585.000   61.000   -67.832   03.574
81004.000   778.000   618.000   65.000   -67.891   03.626
81005.000   787.000   629.000   85.000   -67.949   03.679
81006.000   798.000   653.000   57.000   -68.007   03.733
81007.000   788.000   669.000   86.000   -68.065   03.786
81008.000   781.000   639.000   62.000   -68.123   03.840
81009.000   796.000   639.000   61.000   -68.182   03.894
81010.000   781.000   840.000   55.000   -68.240   03.949
81011.000   789.000   777.000   73.000   -68.298   04.003
81012.000   756.000   747.000   62.000   -68.356   04.058
81013.000   755.000   684.000   81.000   -68.414   04.114
81014.000   735.000   654.000   63.000   -68.472   04.169
81015.000   767.000   701.000   81.000   -68.530   04.225
81016.000   722.000   649.000   78.000   -68.588   04.282
81017.000   708.000   682.000   67.000   -68.646   04.338
81018.000   781.000   698.000   62.000   -68.704   04.395
81019.000   701.000   614.000   69.000   -68.762   04.452
81020.000   688.000   765.000   51.000   -68.820   04.510
81021.000   714.000   770.000   117.000   -68.878   04.568
81022.000   748.000   740.000   60.000   -68.935   04.626
81023.000   727.000   702.000   82.000   -68.993   04.684
81024.000   746.000   651.000   63.000   -69.051   04.743
81025.000   720.000   723.000   58.000   -69.109   04.803
81026.000   697.000   668.000   62.000   -69.167   04.862
81027.000   709.000   637.000   76.000   -69.224   04.922
81028.000   676.000   698.000   62.000   -69.282   04.982
81029.000   765.000   684.000   117.000   -69.340   05.043
81030.000   684.000   695.000   53.000   -69.398   05.103
81031.000   750.000   756.000   86.000   -69.455   05.165
81032.000   698.000   692.000   75.000   -69.513   05.226
81033.000   670.000   727.000   68.000   -69.570   05.288
81034.000   781.000   770.000   73.000   -69.628   05.351
81035.000   660.000   783.000   62.000   -69.685   05.413
81036.000   738.000   675.000   57.000   -69.743   05.476
81037.000   687.000   650.000   81.000   -69.800   05.540
81038.000   740.000   618.000   64.000   -69.858   05.603
81039.000   701.000   609.000   83.000   -69.915   05.667
81040.000   722.000   646.000   75.000   -69.973   05.732
81041.000   710.000   633.000   68.000   -70.030   05.797
81042.000   737.000   618.000   52.000   -70.088   05.862
81043.000   680.000   619.000   50.000   -70.145   05.928
81044.000   731.000   675.000   60.000   -70.202   05.994
81045.000   759.000   625.000   85.000   -70.259   06.060
81046.000   650.000   702.000   60.000   -70.317   06.127
81047.000   723.000   662.000   55.000   -70.374   06.194
81048.000   686.000   652.000   68.000   -70.431   06.262
81049.000   755.000   674.000   77.000   -70.488   06.330
81050.000   747.000   634.000   57.000   -70.545   06.398
81051.000   685.000   625.000   69.000   -70.602   06.467
81052.000   727.000   596.000   81.000   -70.660   06.536
81053.000   776.000   567.000   85.000   -70.717   06.606
81054.000   672.000   567.000   67.000   -70.774   06.676
81055.000   761.000   586.000   85.000   -70.831   06.747
81056.000   657.000   549.000   74.000   -70.887   06.817
81057.000   686.000   589.000   70.000   -70.944   06.889
81058.000   706.000   582.000   65.000   -71.001   06.961
81059.000   702.000   613.000   73.000   -71.058   07.033
81060.000   701.000   536.000   70.000   -71.115   07.106
81061.000   722.000   585.000   77.000   -71.172   07.179
81062.000   739.000   565.000   65.000   -71.228   07.252
81063.000   691.000   628.000   66.000   -71.285   07.326
81064.000   717.000   610.000   52.000   -71.342   07.401
81065.000   733.000   549.000   57.000   -71.399   07.476
81066.000   697.000   551.000   69.000   -71.455   07.551
81067.000   687.000   567.000   72.000   -71.512   07.627
81068.000   737.000   582.000   70.000   -71.568   07.703
81069.000   727.000   572.000   62.000   -71.625   07.780
81070.000   730.000   523.000   64.000   -71.681   07.858
81071.000   710.000   578.000   51.000   -71.738   07.935
81072.000   754.000   554.000   68.000   -71.794   08.014
81073.000   695.000   578.000   77.000   -71.851   08.093
81074.000   653.000   532.000   72.000   -71.907   08.172
81075.000   668.000   547.000   75.000   -71.963   08.252
81076.000   643.000   593.000   69.000   -72.020   08.332
81077.000   651.000   522.000   65.000   -72.076   08.413
81078.000   640.000   555.000   52.000   -72.132   08.494
81079.000   656.000   581.000   79.000   -72.188   08.576
81080.000   706.000   551.000   59.000   -72.244   08.658
81081.000   802.000   597.000   75.000   -72.300   08.741
81082.000   725.000   558.000   66.000   -72.356   08.825
81083.000   748.000   558.000   72.000   -72.412   08.909
81084.000   741.000   561.000   60.000   -72.468   08.993
81085.000   717.000   527.000   65.000   -72.524   09.078
81086.000   708.000   542.000   55.000   -72.580   09.164
81087.000   756.000   567.000   72.000   -72.636   09.250
81088.000   784.000   562.000   76.000   -72.692   09.337
81089.000   785.000   532.000   73.000   -72.748   09.424
81090.000   776.000   526.000   70.000   -72.803   09.512
81091.000   775.000   559.000   61.000   -72.859   09.601
81092.000   733.000   563.000   73.000   -72.915   09.690
81093.000   790.000   542.000   56.000   -72.970   09.779
81094.000   781.000   523.000   96.000   -73.026   09.870
81095.000   749.000   553.000   75.000   -73.081   09.961
81096.000   778.000   548.000   68.000   -73.137   10.052
81097.000   885.000   618.000   77.000   -73.192   10.144
81098.000   835.000   599.000   81.000   -73.247   10.237
81099.000   920.000   483.000   59.000   -73.303   10.330
81100.000   940.000   597.000   66.000   -73.358   10.424
81101.000   891.000   541.000   51.000   -73.413   10.519
81102.000   903.000   535.000   56.000   -73.468   10.614
81103.000   865.000   533.000   67.000   -73.524   10.710
81104.000   967.000   528.000   62.000   -73.579   10.806
81105.000   889.000   527.000   77.000   -73.634   10.903
81106.000   882.000   500.000   63.000   -73.689   11.001
81107.000   825.000   539.000   59.000   -73.744   11.100
81108.000   866.000   527.000   69.000   -73.799   11.199
81109.000   880.000   522.000   65.000   -73.853   11.299
81110.000   963.000   535.000   56.000   -73.908   11.399
81111.000   858.000   522.000   69.000   -73.963   11.501
81112.000   777.000   546.000   57.000   -74.018   11.603
81113.000   763.000   582.000   73.000   -74.072   11.705
81114.000   778.000   534.000   62.000   -74.127   11.809
81115.000   774.000   534.000   60.000   -74.181   11.913
81116.000   792.000   546.000   55.000   -74.236   12.018
81117.000   862.000   598.000   79.000   -74.290   12.123
81118.000   883.000   530.000   72.000   -74.345   12.230
81119.000   764.000   548.000   62.000   -74.399   12.337
81120.000   702.000   17314.000   70.000   -74.453   12.444
81121.000   831.000   21934.000   70.000   -74.507   12.553
81122.000   919.000   4319.000   63.000   -74.561   12.662
81123.000   902.000   46585.000   66.000   -74.615   12.772
81124.000   845.000   604.000   62.000   -74.669   12.883
81125.000   698.000   585.000   66.000   -74.723   12.995
81126.000   667.000   1425.000   81.000   -74.777   13.108
81127.000   747.000   1449.000   72.000   -74.831   13.221
81128.000   746.000   1358.000   69.000   -74.885   13.335
81129.000   866.000   1330.000   68.000   -74.939   13.450
81130.000   935.000   1392.000   70.000   -74.992   13.566
81131.000   915.000   1337.000   73.000   -75.046   13.683
81132.000   893.000   1364.000   63.000   -75.099   13.800
81133.000   765.000   1316.000   66.000   -75.153   13.918
81134.000   763.000   1348.000   65.000   -75.206   14.038
81135.000   730.000   1330.000   57.000   -75.260   14.158
81136.000   769.000   1259.000   72.000   -75.313   14.279
81137.000   778.000   1322.000   64.000   -75.366   14.400
81138.000   781.000   1207.000   71.000   -75.419   14.523
81139.000   786.000   1232.000   82.000   -75.472   14.647
81140.000   897.000   1173.000   66.000   -75.525   14.771
81141.000   978.000   1205.000   80.000   -75.578   14.897
81142.000   893.000   1144.000   60.000   -75.631   15.023
81143.000   752.000   1111.000   78.000   -75.684   15.151
81144.000   715.000   1165.000   55.000   -75.736   15.279
81145.000   743.000   1116.000   85.000   -75.789   15.408
81146.000   724.000   1123.000   69.000   -75.842   15.539
81147.000   717.000   1133.000   60.000   -75.894   15.670
81148.000   788.000   1147.000   60.000   -75.946   15.802
81149.000   706.000   1095.000   73.000   -75.999   15.935
81150.000   758.000   1103.000   52.000   -76.051   16.070
81151.000   862.000   1088.000   59.000   -76.103   16.205
81152.000   786.000   1097.000   59.000   -76.155   16.341
81153.000   811.000   1160.000   78.000   -76.207   16.478
81154.000   861.000   1047.000   66.000   -76.259   16.617
81155.000   849.000   1056.000   74.000   -76.311   16.756
81156.000   769.000   1024.000   80.000   -76.363   16.897
81157.000   682.000   1072.000   77.000   -76.414   17.038
81158.000   646.000   1004.000   63.000   -76.466   17.181
81159.000   711.000   1077.000   67.000   -76.517   17.325
81160.000   722.000   1046.000   79.000   -76.569   17.470
81161.000   715.000   1013.000   73.000   -76.620   17.616
81162.000   713.000   1003.000   68.000   -76.671   17.763
81163.000   663.000   982.000   78.000   -76.722   17.911
81164.000   683.000   1036.000   67.000   -76.774   18.061
81165.000   678.000   1011.000   73.000   -76.824   18.211
81166.000   715.000   1006.000   83.000   -76.875   18.363
81167.000   700.000   986.000   55.000   -76.926   18.516
81168.000   694.000   1005.000   57.000   -76.977   18.670
81169.000   664.000   983.000   60.000   -77.027   18.825
81170.000   741.000   917.000   56.000   -77.078   18.982
81171.000   740.000   992.000   63.000   -77.128   19.140
81172.000   667.000   1016.000   79.000   -77.178   19.299
81173.000   678.000   957.000   74.000   -77.229   19.459
81174.000   643.000   924.000   66.000   -77.279   19.621
81175.000   659.000   927.000   72.000   -77.329   19.784
81176.000   638.000   941.000   68.000   -77.379   19.948
81177.000   658.000   1077.000   65.000   -77.428   20.114
81178.000   623.000   954.000   43.000   -77.478   20.281
81179.000   665.000   902.000   50.000   -77.527   20.449
81180.000   669.000   962.000   40.000   -77.577   20.618
81181.000   603.000   870.000   56.000   -77.626   20.789
81182.000   678.000   893.000   49.000   -77.675   20.962
81183.000   632.000   912.000   44.000   -77.725   21.135
81184.000   17473.000   870.000   42.000   -77.773   21.310
81185.000   22107.000   973.000   51.000   -77.822   21.487
81186.000   2336.000   913.000   43.000   -77.871   21.665
81187.000   23748.000   889.000   54.000   -77.920   21.844
81188.000   727.000   877.000   47.000   -77.968   22.025
81189.000   693.000   945.000   45.000   -78.017   22.207
81190.000   729.000   859.000   53.000   -78.065   22.391
81191.000   799.000   874.000   44.000   -78.113   22.577
81192.000   686.000   858.000   45.000   -78.161   22.763
81193.000   687.000   862.000   39.000   -78.209   22.952
81194.000   755.000   841.000   39.000   -78.257   23.142
81195.000   716.000   834.000   55.000   -78.304   23.333
81196.000   685.000   861.000   35.000   -78.352   23.526
81197.000   715.000   910.000   35.000   -78.399   23.721
81198.000   688.000   808.000   34.000   -78.446   23.917
81199.000   684.000   843.000   40.000   -78.493   24.115
81200.000   626.000   843.000   48.000   -78.540   24.314
81201.000   699.000   888.000   71.000   -78.587   24.516
81202.000   650.000   887.000   33.000   -78.633   24.718
81203.000   619.000   867.000   55.000   -78.680   24.923
81204.000   663.000   884.000   47.000   -78.726   25.129
81205.000   671.000   798.000   36.000   -78.772   25.337
81206.000   715.000   818.000   41.000   -78.819   25.546
81207.000   669.000   883.000   49.000   -78.864   25.758
81208.000   694.000   787.000   49.000   -78.910   25.971
81209.000   700.000   786.000   101.000   -78.956   26.186
81210.000   676.000   826.000   64.000   -79.001   26.402
81211.000   708.000   788.000   54.000   -79.046   26.621
81212.000   696.000   865.000   49.000   -79.091   26.841
81213.000   658.000   774.000   48.000   -79.136   27.063
81214.000   663.000   812.000   41.000   -79.181   27.287
81215.000   726.000   863.000   36.000   -79.226   27.513
81216.000   645.000   784.000   42.000   -79.270   27.741
81217.000   743.000   792.000   97.000   -79.314   27.971
81218.000   673.000   832.000   68.000   -79.358   28.202
81219.000   692.000   821.000   53.000   -79.402   28.436
81220.000   669.000   806.000   58.000   -79.446   28.671
81221.000   708.000   846.000   53.000   -79.490   28.908
81222.000   711.000   790.000   47.000   -79.533   29.148
81223.000   677.000   831.000   34.000   -79.576   29.389
81224.000   652.000   803.000   40.000   -79.619   29.633
81225.000   718.000   734.000   103.000   -79.662   29.878
81226.000   680.000   819.000   50.000   -79.704   30.126
81227.000   673.000   772.000   49.000   -79.747   30.375
81228.000   638.000   792.000   50.000   -79.789   30.627
81229.000   728.000   831.000   43.000   -79.831   30.880
81230.000   673.000   746.000   51.000   -79.873   31.136
81231.000   700.000   770.000   41.000   -79.914   31.394
81232.000   697.000   762.000   43.000   -79.956   31.654
81233.000   623.000   716.000   97.000   -79.997   31.917
81234.000   670.000   754.000   38.000   -80.038   32.181
81235.000   682.000   791.000   52.000   -80.079   32.448
81236.000   699.000   769.000   37.000   -80.119   32.716
81237.000   649.000   831.000   55.000   -80.159   32.988
81238.000   699.000   714.000   35.000   -80.199   33.261
81239.000   693.000   716.000   39.000   -80.239   33.536
81240.000   670.000   684.000   58.000   -80.279   33.814
81241.000   656.000   700.000   44.000   -80.318   34.094
81242.000   619.000   1031.000   38.000   -80.357   34.377
81243.000   648.000   1027.000   50.000   -80.396   34.661
81244.000   688.000   1060.000   39.000   -80.435   34.948
81245.000   641.000   1046.000   34.000   -80.473   35.238
81246.000   696.000   1051.000   41.000   -80.512   35.529
81247.000   674.000   1011.000   46.000   -80.549   35.823
81248.000   675.000   1038.000   43.000   -80.587   36.120
81249.000   761.000   1081.000   57.000   -80.625   36.418
81250.000   673.000   1109.000   42.000   -80.662   36.720
81251.000   700.000   1071.000   43.000   -80.699   37.023
81252.000   698.000   1163.000   52.000   -80.735   37.329
81253.000   671.000   1252.000   40.000   -80.772   37.638
81254.000   667.000   1221.000   45.000   -80.808   37.949
81255.000   645.000   1255.000   48.000   -80.843   38.262
81256.000   654.000   1230.000   52.000   -80.879   38.578
81257.000   656.000   1208.000   45.000   -80.914   38.896
81258.000   669.000   1162.000   56.000   -80.949   39.217
81259.000   635.000   1227.000   50.000   -80.984   39.540
81260.000   654.000   1338.000   46.000   -81.018   39.866
81261.000   655.000   1363.000   34.000   -81.052   40.194
81262.000   665.000   1269.000   43.000   -81.086   40.525
81263.000   691.000   1348.000   45.000   -81.119   40.858
81264.000   644.000   1421.000   43.000   -81.153   41.194
81265.000   681.000   1580.000   31.000   -81.186   41.532
81266.000   632.000   1444.000   42.000   -81.218   41.873
81267.000   661.000   1425.000   47.000   -81.250   42.216
81268.000   668.000   1529.000   58.000   -81.282   42.562
81269.000   641.000   1449.000   41.000   -81.314   42.911
81270.000   692.000   1481.000   37.000   -81.345   43.262
81271.000   640.000   1551.000   37.000   -81.376   43.615
81272.000   663.000   1630.000   46.000   -81.407   43.971
81273.000   658.000   1699.000   44.000   -81.437   44.330
81274.000   630.000   1686.000   56.000   -81.467   44.691
81275.000   649.000   1685.000   47.000   -81.496   45.055
81276.000   645.000   1764.000   50.000   -81.526   45.421
81277.000   681.000   1769.000   34.000   -81.555   45.790
81278.000   663.000   1889.000   51.000   -81.583   46.161
81279.000   641.000   1842.000   48.000   -81.611   46.535
81280.000   674.000   1845.000   55.000   -81.639   46.911
81281.000   625.000   1888.000   33.000   -81.667   47.290
81282.000   623.000   1816.000   50.000   -81.694   47.671
81283.000   638.000   1905.000   47.000   -81.720   48.055
81284.000   636.000   1937.000   52.000   -81.747   48.441
81285.000   663.000   1959.000   40.000   -81.773   48.830
81286.000   667.000   2048.000   42.000   -81.798   49.221
81287.000   609.000   2036.000   54.000   -81.823   49.615
81288.000   613.000   2185.000   40.000   -81.848   50.011
81289.000   645.000   2191.000   49.000   -81.872   50.410
81290.000   609.000   2296.000   50.000   -81.896   50.810
81291.000   616.000   2290.000   60.000   -81.920   51.214
81292.000   677.000   2338.000   48.000   -81.943   51.619
81293.000   660.000   2302.000   35.000   -81.966   52.027
81294.000   679.000   2402.000   48.000   -81.988   52.437
81295.000   632.000   2479.000   48.000   -82.010   52.850
81296.000   679.000   2523.000   55.000   -82.032   53.265
81297.000   629.000   2563.000   61.000   -82.053   53.682
81298.000   664.000   2608.000   160.000   -82.074   54.101
81299.000   642.000   2624.000   135.000   -82.094   54.522
81300.000   690.000   2746.000   149.000   -82.114   54.946
81301.000   660.000   2852.000   165.000   -82.133   55.371
81302.000   655.000   2918.000   144.000   -82.152   55.799
81303.000   628.000   3002.000   174.000   -82.170   56.229
81304.000   671.000   17427.000   135.000   -82.189   56.661
81305.000   633.000   22028.000   239.000   -82.206   57.095
81306.000   667.000   3016.000   155.000   -82.223   57.530
81307.000   638.000   23644.000   130.000   -82.240   57.968
81308.000   644.000   753.000   163.000   -82.256   58.407
81309.000   721.000   769.000   164.000   -82.272   58.849
81310.000   651.000   685.000   155.000   -82.287   59.292
81311.000   630.000   749.000   143.000   -82.302   59.737
81312.000   651.000   687.000   164.000   -82.316   60.183
81313.000   596.000   737.000   155.000   -82.330   60.631
81314.000   625.000   707.000   152.000   -82.344   61.081
81315.000   585.000   672.000   144.000   -82.357   61.533
81316.000   615.000   695.000   172.000   -82.369   61.986
81317.000   648.000   658.000   139.000   -82.381   62.440
81318.000   593.000   666.000   176.000   -82.393   62.896
81319.000   610.000   680.000   126.000   -82.404   63.353
81320.000   636.000   645.000   149.000   -82.414   63.811
81321.000   707.000   689.000   253.000   -82.424   64.271
81322.000   617.000   612.000   146.000   -82.434   64.732
81323.000   565.000   661.000   183.000   -82.443   65.194
81324.000   632.000   698.000   142.000   -82.452   65.657
81325.000   616.000   666.000   174.000   -82.460   66.121
81326.000   651.000   656.000   145.000   -82.467   66.586
81327.000   616.000   599.000   141.000   -82.474   67.052
81328.000   667.000   662.000   151.000   -82.481   67.519
81329.000   591.000   697.000   187.000   -82.487   67.986
81330.000   678.000   649.000   173.000   -82.492   68.455
81331.000   610.000   647.000   145.000   -82.497   68.924
81332.000   622.000   613.000   158.000   -82.502   69.393
81333.000   576.000   637.000   172.000   -82.506   69.864
81334.000   666.000   631.000   142.000   -82.510   70.334
81335.000   608.000   598.000   166.000   -82.513   70.805
81336.000   667.000   603.000   155.000   -82.515   71.277
81337.000   681.000   587.000   251.000   -82.517   71.748
81338.000   598.000   622.000   132.000   -82.519   72.220
81339.000   584.000   637.000   183.000   -82.520   72.692
