Time range: [ 18:28:00.000  18:36:15.000 ]
Time range duration: 8.0 min, 15.0 sec
Longitude range: [ 72.0  81.0 ]
66480.000   9061.000   6790.000   72.000   58.091   -122.211
66481.000   8805.000   6418.000   85.000   58.152   -122.186
66482.000   8482.000   6103.000   74.000   58.213   -122.161
66483.000   8469.000   5753.000   72.000   58.274   -122.135
66484.000   8317.000   5302.000   99.000   58.335   -122.110
66485.000   8042.000   5171.000   79.000   58.396   -122.084
66486.000   7762.000   4744.000   88.000   58.456   -122.059
66487.000   7252.000   4354.000   97.000   58.517   -122.033
66488.000   7208.000   4184.000   86.000   58.578   -122.007
66489.000   6841.000   3820.000   84.000   58.639   -121.981
66490.000   6678.000   3600.000   82.000   58.700   -121.955
66491.000   6258.000   3302.000   88.000   58.761   -121.929
66492.000   6141.000   3028.000   80.000   58.821   -121.903
66493.000   5829.000   2684.000   74.000   58.882   -121.876
66494.000   1000.000   2592.000   98.000   58.943   -121.850
66495.000   1028.000   2465.000   81.000   59.004   -121.823
66496.000   1005.000   2212.000   66.000   59.064   -121.797
66497.000   1051.000   2018.000   86.000   59.125   -121.770
66498.000   1064.000   1916.000   88.000   59.186   -121.743
66499.000   997.000   1816.000   90.000   59.247   -121.716
66500.000   1002.000   1699.000   73.000   59.307   -121.689
66501.000   1059.000   1657.000   79.000   59.368   -121.661
66502.000   980.000   1569.000   104.000   59.429   -121.634
66503.000   1017.000   1451.000   79.000   59.490   -121.607
66504.000   1054.000   1275.000   101.000   59.550   -121.579
66505.000   1021.000   1182.000   86.000   59.611   -121.551
66506.000   1075.000   1249.000   77.000   59.672   -121.523
66507.000   1003.000   1109.000   93.000   59.732   -121.496
66508.000   1044.000   1096.000   91.000   59.793   -121.468
66509.000   979.000   1046.000   101.000   59.854   -121.439
66510.000   967.000   950.000   72.000   59.914   -121.411
66511.000   1056.000   900.000   74.000   59.975   -121.383
66512.000   1041.000   818.000   86.000   60.036   -121.354
66513.000   988.000   731.000   85.000   60.096   -121.325
66514.000   1034.000   712.000   74.000   60.157   -121.297
66515.000   988.000   672.000   89.000   60.217   -121.268
66516.000   970.000   602.000   70.000   60.278   -121.239
66517.000   998.000   613.000   67.000   60.339   -121.210
66518.000   1016.000   564.000   87.000   60.399   -121.180
66519.000   983.000   540.000   89.000   60.460   -121.151
66520.000   1030.000   492.000   85.000   60.520   -121.122
66521.000   965.000   486.000   96.000   60.581   -121.092
66522.000   991.000   494.000   77.000   60.641   -121.062
66523.000   1042.000   447.000   93.000   60.702   -121.032
66524.000   981.000   468.000   75.000   60.763   -121.002
66525.000   953.000   488.000   71.000   60.823   -120.972
66526.000   953.000   430.000   75.000   60.884   -120.942
66527.000   1000.000   433.000   97.000   60.944   -120.912
66528.000   959.000   424.000   79.000   61.005   -120.881
66529.000   1010.000   483.000   91.000   61.065   -120.850
66530.000   971.000   458.000   92.000   61.125   -120.820
66531.000   970.000   488.000   121.000   61.186   -120.789
66532.000   1033.000   450.000   109.000   61.246   -120.758
66533.000   963.000   466.000   99.000   61.307   -120.726
66534.000   1013.000   446.000   82.000   61.367   -120.695
66535.000   950.000   479.000   88.000   61.428   -120.664
66536.000   996.000   455.000   84.000   61.488   -120.632
66537.000   974.000   447.000   89.000   61.548   -120.600
66538.000   950.000   469.000   88.000   61.609   -120.568
66539.000   956.000   442.000   93.000   61.669   -120.536
66540.000   966.000   452.000   94.000   61.730   -120.504
66541.000   956.000   462.000   102.000   61.790   -120.472
66542.000   967.000   441.000   80.000   61.850   -120.439
66543.000   981.000   463.000   92.000   61.911   -120.407
66544.000   1007.000   471.000   91.000   61.971   -120.374
66545.000   934.000   485.000   99.000   62.031   -120.341
66546.000   968.000   416.000   73.000   62.092   -120.308
66547.000   928.000   461.000   95.000   62.152   -120.275
66548.000   1074.000   433.000   91.000   62.212   -120.242
66549.000   922.000   443.000   71.000   62.272   -120.208
66550.000   1021.000   457.000   91.000   62.333   -120.174
66551.000   1067.000   417.000   105.000   62.393   -120.141
66552.000   986.000   370.000   87.000   62.453   -120.107
66553.000   1012.000   410.000   88.000   62.513   -120.073
66554.000   1009.000   436.000   100.000   62.574   -120.038
66555.000   987.000   462.000   89.000   62.634   -120.004
66556.000   1008.000   405.000   97.000   62.694   -119.969
66557.000   988.000   447.000   70.000   62.754   -119.935
66558.000   986.000   415.000   64.000   62.814   -119.900
66559.000   1031.000   429.000   105.000   62.875   -119.865
66560.000   983.000   432.000   86.000   62.935   -119.830
66561.000   1027.000   395.000   83.000   62.995   -119.794
66562.000   971.000   419.000   71.000   63.055   -119.759
66563.000   988.000   404.000   95.000   63.115   -119.723
66564.000   948.000   416.000   79.000   63.175   -119.687
66565.000   982.000   432.000   97.000   63.235   -119.651
66566.000   964.000   420.000   94.000   63.295   -119.615
66567.000   950.000   390.000   82.000   63.355   -119.579
66568.000   939.000   416.000   96.000   63.415   -119.542
66569.000   953.000   385.000   87.000   63.475   -119.505
66570.000   940.000   385.000   99.000   63.535   -119.469
66571.000   942.000   433.000   78.000   63.595   -119.432
66572.000   940.000   389.000   91.000   63.655   -119.394
66573.000   970.000   427.000   119.000   63.715   -119.357
66574.000   952.000   435.000   96.000   63.775   -119.319
66575.000   904.000   453.000   88.000   63.835   -119.282
66576.000   1018.000   397.000   90.000   63.895   -119.244
66577.000   1009.000   426.000   76.000   63.955   -119.206
66578.000   1018.000   410.000   111.000   64.015   -119.167
66579.000   946.000   371.000   84.000   64.075   -119.129
66580.000   969.000   431.000   89.000   64.135   -119.090
66581.000   971.000   447.000   84.000   64.195   -119.051
66582.000   1017.000   457.000   93.000   64.255   -119.012
66583.000   992.000   407.000   89.000   64.315   -118.973
66584.000   996.000   466.000   95.000   64.374   -118.934
66585.000   1060.000   399.000   84.000   64.434   -118.894
66586.000   930.000   439.000   87.000   64.494   -118.855
66587.000   964.000   481.000   91.000   64.554   -118.815
66588.000   1034.000   442.000   94.000   64.614   -118.774
66589.000   1009.000   485.000   92.000   64.673   -118.734
66590.000   1033.000   450.000   101.000   64.733   -118.694
66591.000   1065.000   444.000   89.000   64.793   -118.653
66592.000   1070.000   443.000   79.000   64.853   -118.612
66593.000   1109.000   475.000   104.000   64.912   -118.571
66594.000   997.000   427.000   100.000   64.972   -118.529
66595.000   1090.000   436.000   99.000   65.032   -118.488
66596.000   1005.000   468.000   95.000   65.092   -118.446
66597.000   1080.000   447.000   85.000   65.151   -118.404
66598.000   1069.000   446.000   82.000   65.211   -118.362
66599.000   1016.000   437.000   81.000   65.270   -118.320
66600.000   1027.000   467.000   88.000   65.330   -118.277
66601.000   1095.000   426.000   100.000   65.390   -118.234
66602.000   1053.000   430.000   110.000   65.449   -118.191
66603.000   1020.000   419.000   113.000   65.509   -118.148
66604.000   989.000   445.000   91.000   65.568   -118.105
66605.000   1034.000   430.000   99.000   65.628   -118.061
66606.000   1055.000   415.000   106.000   65.687   -118.017
66607.000   1088.000   438.000   91.000   65.747   -117.973
66608.000   990.000   427.000   93.000   65.806   -117.929
66609.000   993.000   408.000   86.000   65.866   -117.884
66610.000   958.000   497.000   99.000   65.925   -117.839
66611.000   1083.000   420.000   99.000   65.985   -117.794
66612.000   1008.000   417.000   101.000   66.044   -117.749
66613.000   1006.000   464.000   102.000   66.104   -117.704
66614.000   1039.000   415.000   88.000   66.163   -117.658
66615.000   1053.000   422.000   89.000   66.222   -117.612
66616.000   1056.000   425.000   106.000   66.282   -117.566
66617.000   1031.000   433.000   102.000   66.341   -117.519
66618.000   1005.000   426.000   98.000   66.400   -117.473
66619.000   1041.000   449.000   106.000   66.460   -117.426
66620.000   1062.000   433.000   114.000   66.519   -117.379
66621.000   1039.000   450.000   89.000   66.578   -117.331
66622.000   1016.000   401.000   86.000   66.638   -117.284
66623.000   1060.000   467.000   97.000   66.697   -117.236
66624.000   1072.000   437.000   87.000   66.756   -117.188
66625.000   1086.000   459.000   120.000   66.815   -117.140
66626.000   1053.000   447.000   94.000   66.874   -117.091
66627.000   1015.000   461.000   91.000   66.934   -117.042
66628.000   1003.000   442.000   101.000   66.993   -116.993
66629.000   1026.000   490.000   70.000   67.052   -116.944
66630.000   1026.000   464.000   112.000   67.111   -116.894
66631.000   1033.000   433.000   105.000   67.170   -116.844
66632.000   1062.000   405.000   104.000   67.229   -116.794
66633.000   1033.000   396.000   95.000   67.288   -116.743
66634.000   1094.000   437.000   107.000   67.347   -116.693
66635.000   1048.000   458.000   117.000   67.406   -116.642
66636.000   1087.000   465.000   102.000   67.465   -116.590
66637.000   1133.000   478.000   71.000   67.524   -116.539
66638.000   1018.000   474.000   79.000   67.583   -116.487
66639.000   997.000   412.000   99.000   67.642   -116.435
66640.000   1048.000   670.000   98.000   67.701   -116.383
66641.000   1067.000   636.000   103.000   67.760   -116.330
66642.000   1062.000   689.000   93.000   67.819   -116.277
66643.000   1118.000   736.000   121.000   67.878   -116.224
66644.000   1073.000   720.000   98.000   67.936   -116.170
66645.000   1060.000   852.000   69.000   67.995   -116.117
66646.000   1047.000   809.000   93.000   68.054   -116.062
66647.000   1046.000   893.000   113.000   68.113   -116.008
66648.000   1513.000   933.000   106.000   68.171   -115.953
66649.000   1499.000   1006.000   116.000   68.230   -115.898
66650.000   1639.000   983.000   115.000   68.289   -115.843
66651.000   1659.000   1076.000   123.000   68.348   -115.787
66652.000   1786.000   1230.000   101.000   68.406   -115.732
66653.000   1828.000   1302.000   97.000   68.465   -115.675
66654.000   1974.000   1334.000   114.000   68.523   -115.619
66655.000   2056.000   1416.000   91.000   68.582   -115.562
66656.000   2218.000   1608.000   85.000   68.641   -115.505
66657.000   2298.000   1748.000   107.000   68.699   -115.447
66658.000   2432.000   1875.000   90.000   68.758   -115.389
66659.000   2608.000   1977.000   125.000   68.816   -115.331
66660.000   2747.000   2155.000   105.000   68.875   -115.273
66661.000   3031.000   2344.000   99.000   68.933   -115.214
66662.000   3095.000   2466.000   116.000   68.992   -115.155
66663.000   3313.000   2617.000   105.000   69.050   -115.095
66664.000   3533.000   2822.000   99.000   69.108   -115.036
66665.000   3694.000   3076.000   130.000   69.167   -114.975
66666.000   3859.000   8554.000   108.000   69.225   -114.915
66667.000   4143.000   8518.000   123.000   69.283   -114.854
66668.000   4216.000   8292.000   114.000   69.342   -114.793
66669.000   4571.000   8207.000   102.000   69.400   -114.731
66670.000   4691.000   8104.000   111.000   69.458   -114.669
66671.000   4914.000   7809.000   111.000   69.516   -114.607
66672.000   5182.000   7895.000   113.000   69.574   -114.544
66673.000   5350.000   7919.000   89.000   69.633   -114.481
66674.000   5664.000   7598.000   96.000   69.691   -114.418
66675.000   5927.000   7802.000   123.000   69.749   -114.354
66676.000   6110.000   7798.000   112.000   69.807   -114.290
66677.000   6320.000   7948.000   97.000   69.865   -114.226
66678.000   6641.000   7817.000   73.000   69.923   -114.161
66679.000   6976.000   8031.000   107.000   69.981   -114.096
66680.000   7017.000   8297.000   113.000   70.039   -114.030
66681.000   7275.000   8166.000   121.000   70.097   -113.964
66682.000   7479.000   8290.000   94.000   70.155   -113.898
66683.000   7758.000   8519.000   127.000   70.213   -113.831
66684.000   7810.000   8542.000   114.000   70.270   -113.764
66685.000   8094.000   8843.000   103.000   70.328   -113.696
66686.000   8280.000   8985.000   105.000   70.386   -113.628
66687.000   8218.000   9058.000   97.000   70.444   -113.560
66688.000   8360.000   9213.000   120.000   70.502   -113.491
66689.000   8441.000   9176.000   119.000   70.559   -113.421
66690.000   8576.000   9358.000   90.000   70.617   -113.352
66691.000   8608.000   9756.000   100.000   70.675   -113.282
66692.000   8895.000   9803.000   101.000   70.732   -113.211
66693.000   8956.000   9859.000   116.000   70.790   -113.140
66694.000   9011.000   10011.000   105.000   70.847   -113.069
66695.000   8951.000   10070.000   119.000   70.905   -112.997
66696.000   8917.000   10282.000   100.000   70.962   -112.925
66697.000   9053.000   10395.000   130.000   71.020   -112.852
66698.000   9121.000   10425.000   108.000   71.077   -112.779
66699.000   9007.000   10553.000   113.000   71.135   -112.705
66700.000   9068.000   10632.000   126.000   71.192   -112.631
66701.000   9066.000   10736.000   107.000   71.249   -112.557
66702.000   8937.000   10753.000   110.000   71.307   -112.482
66703.000   8826.000   10871.000   109.000   71.364   -112.406
66704.000   8703.000   10806.000   138.000   71.421   -112.330
66705.000   8476.000   10770.000   113.000   71.478   -112.254
66706.000   8407.000   11114.000   116.000   71.535   -112.177
66707.000   8323.000   10899.000   122.000   71.592   -112.100
66708.000   8187.000   10761.000   111.000   71.650   -112.022
66709.000   8037.000   10877.000   128.000   71.707   -111.943
66710.000   7940.000   10685.000   104.000   71.764   -111.864
66711.000   7887.000   10742.000   97.000   71.821   -111.785
66712.000   7917.000   10640.000   115.000   71.877   -111.705
66713.000   8094.000   10635.000   101.000   71.934   -111.625
66714.000   7820.000   10578.000   109.000   71.991   -111.544
66715.000   7656.000   10939.000   130.000   72.048   -111.463
66716.000   7828.000   10650.000   114.000   72.105   -111.381
66717.000   7698.000   10930.000   118.000   72.162   -111.298
66718.000   7608.000   10592.000   122.000   72.218   -111.215
66719.000   7773.000   10721.000   123.000   72.275   -111.132
66720.000   34272.000   34071.000   97.000   72.332   -111.047
66721.000   43429.000   43333.000   107.000   72.388   -110.963
66722.000   2610.000   4265.000   115.000   72.445   -110.878
66723.000   46640.000   46594.000   120.000   72.501   -110.792
66724.000   778.000   383.000   99.000   72.558   -110.706
66725.000   803.000   340.000   109.000   72.614   -110.619
66726.000   751.000   356.000   128.000   72.670   -110.531
66727.000   749.000   386.000   105.000   72.727   -110.443
66728.000   720.000   382.000   120.000   72.783   -110.355
66729.000   754.000   375.000   120.000   72.839   -110.265
66730.000   796.000   392.000   123.000   72.896   -110.176
66731.000   818.000   463.000   129.000   72.952   -110.085
66732.000   794.000   378.000   127.000   73.008   -109.994
66733.000   767.000   347.000   113.000   73.064   -109.903
66734.000   5043.000   363.000   120.000   73.120   -109.810
66735.000   4954.000   372.000   145.000   73.176   -109.718
66736.000   4737.000   368.000   110.000   73.232   -109.624
66737.000   4281.000   343.000   119.000   73.288   -109.530
66738.000   4148.000   326.000   105.000   73.344   -109.435
66739.000   3893.000   342.000   129.000   73.399   -109.340
66740.000   3705.000   367.000   107.000   73.455   -109.244
66741.000   3460.000   343.000   127.000   73.511   -109.147
66742.000   3211.000   350.000   117.000   73.566   -109.050
66743.000   2948.000   407.000   135.000   73.622   -108.952
66744.000   2757.000   402.000   126.000   73.678   -108.853
66745.000   2683.000   381.000   119.000   73.733   -108.754
66746.000   2566.000   353.000   123.000   73.788   -108.653
66747.000   2493.000   374.000   123.000   73.844   -108.553
66748.000   2386.000   360.000   4306.000   73.899   -108.451
66749.000   2146.000   358.000   4535.000   73.955   -108.349
66750.000   2094.000   331.000   4603.000   74.010   -108.246
66751.000   1964.000   352.000   4752.000   74.065   -108.142
66752.000   1772.000   386.000   4985.000   74.120   -108.038
66753.000   1748.000   353.000   5146.000   74.175   -107.933
66754.000   1672.000   374.000   5396.000   74.230   -107.827
66755.000   1555.000   378.000   5698.000   74.285   -107.721
66756.000   1421.000   374.000   5813.000   74.340   -107.613
66757.000   1355.000   341.000   6140.000   74.395   -107.505
66758.000   1245.000   344.000   6430.000   74.450   -107.396
66759.000   1215.000   395.000   6821.000   74.504   -107.287
66760.000   1160.000   400.000   7292.000   74.559   -107.176
66761.000   1072.000   344.000   7792.000   74.614   -107.065
66762.000   1055.000   409.000   8108.000   74.668   -106.953
66763.000   1000.000   372.000   8699.000   74.723   -106.840
66764.000   926.000   399.000   9249.000   74.777   -106.726
66765.000   1080.000   389.000   9597.000   74.831   -106.612
66766.000   930.000   365.000   9772.000   74.886   -106.497
66767.000   844.000   345.000   10146.000   74.940   -106.380
66768.000   892.000   393.000   10500.000   74.994   -106.263
66769.000   919.000   387.000   10753.000   75.048   -106.145
66770.000   874.000   378.000   11036.000   75.102   -106.027
66771.000   832.000   397.000   11126.000   75.156   -105.907
66772.000   835.000   355.000   11166.000   75.210   -105.787
66773.000   788.000   407.000   11578.000   75.264   -105.665
66774.000   823.000   410.000   11567.000   75.318   -105.543
66775.000   820.000   419.000   11593.000   75.372   -105.420
66776.000   766.000   370.000   11676.000   75.425   -105.296
66777.000   786.000   423.000   11691.000   75.479   -105.171
66778.000   812.000   369.000   11904.000   75.532   -105.045
66779.000   748.000   369.000   11660.000   75.586   -104.918
66780.000   827.000   420.000   16967.000   75.639   -104.790
66781.000   834.000   375.000   21576.000   75.692   -104.661
66782.000   874.000   405.000   2577.000   75.745   -104.531
66783.000   860.000   395.000   23184.000   75.799   -104.401
66784.000   849.000   395.000   56.000   75.852   -104.269
66785.000   872.000   349.000   63.000   75.905   -104.136
66786.000   836.000   407.000   46.000   75.958   -104.002
66787.000   889.000   370.000   57.000   76.010   -103.868
66788.000   825.000   399.000   48.000   76.063   -103.732
66789.000   858.000   345.000   49.000   76.116   -103.595
66790.000   845.000   342.000   54.000   76.168   -103.457
66791.000   853.000   366.000   62.000   76.221   -103.318
66792.000   837.000   406.000   43.000   76.273   -103.178
66793.000   830.000   457.000   52.000   76.325   -103.037
66794.000   820.000   393.000   57.000   76.378   -102.895
66795.000   797.000   383.000   57.000   76.430   -102.751
66796.000   755.000   377.000   53.000   76.482   -102.607
66797.000   812.000   375.000   56.000   76.534   -102.461
66798.000   815.000   400.000   57.000   76.586   -102.315
66799.000   780.000   361.000   56.000   76.638   -102.167
66800.000   813.000   377.000   51.000   76.689   -102.018
66801.000   827.000   379.000   63.000   76.741   -101.868
66802.000   751.000   368.000   56.000   76.792   -101.716
66803.000   786.000   359.000   50.000   76.844   -101.564
66804.000   776.000   409.000   61.000   76.895   -101.410
66805.000   781.000   397.000   57.000   76.946   -101.255
66806.000   781.000   372.000   62.000   76.997   -101.099
66807.000   777.000   405.000   65.000   77.048   -100.941
66808.000   847.000   385.000   52.000   77.099   -100.783
66809.000   800.000   487.000   48.000   77.150   -100.623
66810.000   794.000   368.000   59.000   77.201   -100.461
66811.000   797.000   378.000   59.000   77.252   -100.299
66812.000   766.000   389.000   59.000   77.302   -100.135
66813.000   799.000   359.000   49.000   77.352   -99.970
66814.000   757.000   396.000   59.000   77.403   -99.803
66815.000   789.000   380.000   50.000   77.453   -99.635
66816.000   785.000   435.000   41.000   77.503   -99.466
66817.000   782.000   463.000   52.000   77.553   -99.296
66818.000   759.000   372.000   50.000   77.603   -99.124
66819.000   775.000   393.000   58.000   77.652   -98.950
66820.000   760.000   371.000   59.000   77.702   -98.776
66821.000   708.000   390.000   62.000   77.752   -98.599
66822.000   727.000   389.000   47.000   77.801   -98.422
66823.000   730.000   423.000   59.000   77.850   -98.243
66824.000   783.000   396.000   62.000   77.899   -98.062
66825.000   763.000   466.000   52.000   77.948   -97.880
66826.000   765.000   371.000   58.000   77.997   -97.697
66827.000   812.000   398.000   50.000   78.046   -97.512
66828.000   735.000   384.000   58.000   78.095   -97.325
66829.000   750.000   380.000   63.000   78.143   -97.137
66830.000   765.000   412.000   51.000   78.192   -96.947
66831.000   794.000   387.000   50.000   78.240   -96.756
66832.000   738.000   410.000   55.000   78.288   -96.563
66833.000   752.000   464.000   61.000   78.336   -96.369
66834.000   746.000   404.000   60.000   78.384   -96.173
66835.000   712.000   370.000   57.000   78.431   -95.975
66836.000   697.000   381.000   65.000   78.479   -95.776
66837.000   762.000   430.000   68.000   78.526   -95.575
66838.000   759.000   366.000   69.000   78.574   -95.373
66839.000   720.000   397.000   43.000   78.621   -95.168
66840.000   707.000   371.000   56.000   78.668   -94.962
66841.000   735.000   501.000   56.000   78.715   -94.755
66842.000   732.000   395.000   59.000   78.761   -94.545
66843.000   730.000   347.000   43.000   78.808   -94.334
66844.000   737.000   410.000   70.000   78.854   -94.121
66845.000   753.000   384.000   60.000   78.900   -93.906
66846.000   736.000   400.000   41.000   78.946   -93.690
66847.000   769.000   380.000   56.000   78.992   -93.471
66848.000   795.000   373.000   46.000   79.038   -93.251
66849.000   764.000   366.000   66.000   79.083   -93.029
66850.000   726.000   382.000   50.000   79.129   -92.805
66851.000   769.000   395.000   61.000   79.174   -92.579
66852.000   779.000   365.000   49.000   79.219   -92.351
66853.000   785.000   461.000   53.000   79.264   -92.122
66854.000   817.000   392.000   53.000   79.309   -91.890
66855.000   785.000   373.000   62.000   79.353   -91.656
66856.000   751.000   372.000   55.000   79.397   -91.421
66857.000   749.000   404.000   68.000   79.442   -91.183
66858.000   761.000   368.000   75.000   79.486   -90.944
66859.000   709.000   357.000   58.000   79.529   -90.702
66860.000   720.000   415.000   47.000   79.573   -90.459
66861.000   726.000   458.000   59.000   79.616   -90.213
66862.000   758.000   377.000   56.000   79.659   -89.966
66863.000   725.000   356.000   66.000   79.702   -89.716
66864.000   723.000   427.000   60.000   79.745   -89.464
66865.000   731.000   393.000   57.000   79.788   -89.210
66866.000   730.000   399.000   51.000   79.830   -88.954
66867.000   735.000   404.000   52.000   79.872   -88.696
66868.000   726.000   426.000   75.000   79.914   -88.435
66869.000   705.000   352.000   83.000   79.956   -88.173
66870.000   741.000   380.000   76.000   79.998   -87.908
66871.000   772.000   400.000   62.000   80.039   -87.641
66872.000   740.000   388.000   70.000   80.080   -87.372
66873.000   757.000   407.000   70.000   80.121   -87.100
66874.000   733.000   420.000   73.000   80.162   -86.827
66875.000   699.000   379.000   58.000   80.202   -86.550
66876.000   677.000   328.000   67.000   80.242   -86.272
66877.000   753.000   405.000   69.000   80.282   -85.992
66878.000   675.000   388.000   70.000   80.322   -85.709
66879.000   733.000   429.000   73.000   80.362   -85.423
66880.000   660.000   307.000   78.000   80.401   -85.136
66881.000   690.000   300.000   57.000   80.440   -84.846
66882.000   730.000   288.000   57.000   80.478   -84.553
66883.000   719.000   273.000   66.000   80.517   -84.259
66884.000   735.000   299.000   69.000   80.555   -83.962
66885.000   738.000   374.000   68.000   80.593   -83.662
66886.000   773.000   281.000   63.000   80.631   -83.360
66887.000   721.000   293.000   77.000   80.668   -83.055
66888.000   684.000   292.000   65.000   80.706   -82.749
66889.000   766.000   306.000   72.000   80.742   -82.439
66890.000   703.000   327.000   63.000   80.779   -82.127
66891.000   725.000   286.000   64.000   80.815   -81.813
66892.000   775.000   288.000   81.000   80.851   -81.496
66893.000   704.000   378.000   73.000   80.887   -81.177
66894.000   718.000   284.000   57.000   80.923   -80.855
66895.000   752.000   293.000   62.000   80.958   -80.531
66896.000   757.000   287.000   68.000   80.993   -80.204
66897.000   743.000   331.000   78.000   81.028   -79.874
66898.000   727.000   303.000   72.000   81.062   -79.542
66899.000   741.000   294.000   75.000   81.096   -79.208
66900.000   701.000   325.000   82.000   81.130   -78.871
66901.000   762.000   288.000   72.000   81.163   -78.531
66902.000   703.000   298.000   70.000   81.196   -78.189
66903.000   734.000   266.000   66.000   81.229   -77.844
66904.000   700.000   297.000   79.000   81.261   -77.496
66905.000   731.000   295.000   61.000   81.293   -77.146
66906.000   731.000   294.000   73.000   81.325   -76.794
66907.000   774.000   293.000   73.000   81.357   -76.438
66908.000   753.000   283.000   72.000   81.388   -76.081
66909.000   714.000   319.000   67.000   81.418   -75.720
66910.000   712.000   303.000   77.000   81.449   -75.357
66911.000   734.000   299.000   67.000   81.479   -74.992
66912.000   728.000   314.000   77.000   81.509   -74.624
66913.000   731.000   296.000   68.000   81.538   -74.253
66914.000   718.000   299.000   55.000   81.567   -73.880
66915.000   733.000   301.000   72.000   81.596   -73.504
66916.000   809.000   304.000   85.000   81.624   -73.125
66917.000   765.000   303.000   71.000   81.652   -72.745
66918.000   756.000   306.000   71.000   81.679   -72.361
66919.000   710.000   307.000   72.000   81.706   -71.975
66920.000   719.000   303.000   72.000   81.733   -71.586
66921.000   713.000   309.000   67.000   81.760   -71.195
66922.000   763.000   285.000   74.000   81.786   -70.802
66923.000   732.000   297.000   75.000   81.811   -70.406
66924.000   817.000   292.000   78.000   81.836   -70.007
66925.000   754.000   282.000   69.000   81.861   -69.606
66926.000   783.000   325.000   79.000   81.886   -69.203
66927.000   717.000   310.000   77.000   81.910   -68.797
66928.000   747.000   334.000   68.000   81.933   -68.389
66929.000   771.000   311.000   43.000   81.956   -67.978
66930.000   760.000   300.000   76.000   81.979   -67.565
66931.000   714.000   289.000   74.000   82.001   -67.150
66932.000   758.000   315.000   65.000   82.023   -66.732
66933.000   722.000   296.000   79.000   82.045   -66.312
66934.000   707.000   272.000   80.000   82.066   -65.890
66935.000   746.000   255.000   95.000   82.086   -65.466
66936.000   718.000   314.000   79.000   82.106   -65.039
66937.000   794.000   325.000   76.000   82.126   -64.610
66938.000   717.000   323.000   77.000   82.145   -64.179
66939.000   710.000   352.000   89.000   82.164   -63.746
66940.000   715.000   317.000   72.000   82.183   -63.311
66941.000   751.000   301.000   90.000   82.201   -62.874
66942.000   785.000   334.000   71.000   82.218   -62.435
66943.000   774.000   311.000   93.000   82.235   -61.994
66944.000   734.000   314.000   64.000   82.252   -61.551
66945.000   822.000   311.000   73.000   82.268   -61.106
66946.000   738.000   326.000   88.000   82.283   -60.660
66947.000   736.000   298.000   83.000   82.298   -60.211
66948.000   1050.000   293.000   85.000   82.313   -59.761
66949.000   1081.000   292.000   73.000   82.327   -59.309
66950.000   1192.000   344.000   97.000   82.341   -58.856
66951.000   1227.000   326.000   95.000   82.354   -58.401
66952.000   1360.000   312.000   74.000   82.367   -57.944
66953.000   1372.000   283.000   73.000   82.379   -57.486
66954.000   1430.000   285.000   81.000   82.391   -57.026
66955.000   1571.000   305.000   76.000   82.402   -56.565
66956.000   1578.000   323.000   80.000   82.413   -56.103
66957.000   1794.000   280.000   88.000   82.423   -55.640
66958.000   1798.000   352.000   89.000   82.432   -55.175
66959.000   1904.000   268.000   93.000   82.442   -54.709
66960.000   9061.000   6790.000   72.000   82.450   -54.242
66961.000   8805.000   6418.000   85.000   82.459   -53.774
66962.000   8482.000   6103.000   74.000   82.466   -53.304
66963.000   8469.000   5753.000   72.000   82.474   -52.834
66964.000   8317.000   5302.000   99.000   82.480   -52.363
66965.000   8042.000   5171.000   79.000   82.486   -51.892
66966.000   7762.000   4744.000   88.000   82.492   -51.419
66967.000   7252.000   4354.000   97.000   82.497   -50.946
66968.000   7208.000   4184.000   86.000   82.502   -50.472
66969.000   6841.000   3820.000   84.000   82.506   -49.998
66970.000   6678.000   3600.000   82.000   82.510   -49.523
66971.000   6258.000   3302.000   88.000   82.513   -49.048
66972.000   6141.000   3028.000   80.000   82.515   -48.572
66973.000   5829.000   2684.000   74.000   82.517   -48.096
66974.000   1000.000   2592.000   98.000   82.519   -47.620
66975.000   1028.000   2465.000   81.000   82.520   -47.144
