Time range: [ 19:00:00.000  19:00:57.000 ]
Time range duration: 0.0 min, 57.0 sec
Longitude range: [ 129.0  154.0 ]
68400.000   989.000   540.000   129.000   81.671   -66.911
68401.000   1069.000   599.000   118.000   81.698   -66.526
68402.000   1089.000   563.000   138.000   81.725   -66.138
68403.000   1022.000   590.000   160.000   81.752   -65.747
68404.000   1065.000   579.000   136.000   81.778   -65.354
68405.000   1074.000   546.000   158.000   81.803   -64.958
68406.000   1094.000   607.000   131.000   81.829   -64.560
68407.000   1067.000   596.000   154.000   81.854   -64.159
68408.000   961.000   629.000   154.000   81.878   -63.756
68409.000   1030.000   599.000   164.000   81.902   -63.351
68410.000   1039.000   557.000   158.000   81.926   -62.943
68411.000   1016.000   556.000   143.000   81.949   -62.532
68412.000   1036.000   572.000   137.000   81.972   -62.120
68413.000   1061.000   572.000   149.000   81.995   -61.705
68414.000   981.000   600.000   159.000   82.017   -61.287
68415.000   1038.000   590.000   149.000   82.038   -60.868
68416.000   1024.000   581.000   156.000   82.059   -60.446
68417.000   1059.000   567.000   160.000   82.080   -60.022
68418.000   978.000   534.000   139.000   82.100   -59.595
68419.000   1049.000   587.000   136.000   82.120   -59.167
68420.000   1052.000   583.000   145.000   82.140   -58.736
68421.000   1050.000   548.000   144.000   82.159   -58.303
68422.000   1041.000   613.000   149.000   82.177   -57.869
68423.000   1136.000   553.000   156.000   82.195   -57.432
68424.000   1050.000   583.000   142.000   82.213   -56.993
68425.000   1042.000   600.000   151.000   82.230   -56.552
68426.000   1065.000   560.000   143.000   82.246   -56.109
68427.000   1041.000   512.000   147.000   82.263   -55.664
68428.000   1054.000   596.000   130.000   82.278   -55.218
68429.000   1027.000   604.000   131.000   82.294   -54.770
68430.000   1045.000   608.000   133.000   82.308   -54.320
68431.000   1027.000   577.000   152.000   82.323   -53.868
68432.000   1033.000   558.000   148.000   82.336   -53.414
68433.000   1076.000   611.000   144.000   82.350   -52.959
68434.000   1098.000   594.000   135.000   82.363   -52.503
68435.000   1002.000   571.000   157.000   82.375   -52.045
68436.000   1101.000   530.000   147.000   82.387   -51.585
68437.000   1081.000   551.000   171.000   82.398   -51.124
68438.000   1064.000   602.000   151.000   82.409   -50.662
68439.000   1043.000   587.000   148.000   82.419   -50.198
68440.000   979.000   580.000   158.000   82.429   -49.733
68441.000   1017.000   588.000   160.000   82.439   -49.267
68442.000   1070.000   593.000   148.000   82.447   -48.800
68443.000   1077.000   577.000   158.000   82.456   -48.332
68444.000   1030.000   583.000   144.000   82.464   -47.863
68445.000   1014.000   623.000   149.000   82.471   -47.392
68446.000   1061.000   551.000   157.000   82.478   -46.921
68447.000   1047.000   541.000   135.000   82.484   -46.449
68448.000   1071.000   567.000   173.000   82.490   -45.977
68449.000   988.000   581.000   149.000   82.495   -45.503
68450.000   1002.000   583.000   156.000   82.500   -45.029
68451.000   1004.000   585.000   153.000   82.504   -44.555
68452.000   1023.000   574.000   122.000   82.508   -44.080
68453.000   1054.000   582.000   140.000   82.511   -43.604
68454.000   1023.000   552.000   171.000   82.514   -43.128
68455.000   1042.000   563.000   150.000   82.516   -42.652
68456.000   1013.000   594.000   166.000   82.517   -42.176
68457.000   1016.000   553.000   154.000   82.519   -41.699
