Time range: [ 23:50:49.000  23:56:01.000 ]
Time range duration: 5.0 min, 12.0 sec
Longitude range: [ 221.0  222.0 ]
85849.000   959.000   624.000   221.000   -82.518   44.772
85850.000   962.000   604.000   179.000   -82.518   45.244
85851.000   987.000   646.000   205.000   -82.517   45.716
85852.000   1041.000   653.000   212.000   -82.516   46.189
85853.000   945.000   617.000   207.000   -82.514   46.661
85854.000   997.000   634.000   208.000   -82.511   47.132
85855.000   1023.000   611.000   203.000   -82.508   47.604
85856.000   1005.000   592.000   223.000   -82.505   48.075
85857.000   1019.000   607.000   177.000   -82.501   48.545
85858.000   912.000   619.000   206.000   -82.497   49.015
85859.000   930.000   630.000   208.000   -82.492   49.485
85860.000   1023.000   596.000   193.000   -82.486   49.954
85861.000   992.000   601.000   215.000   -82.480   50.422
85862.000   973.000   616.000   229.000   -82.474   50.889
85863.000   1040.000   607.000   201.000   -82.467   51.356
85864.000   954.000   628.000   211.000   -82.459   51.821
85865.000   947.000   589.000   200.000   -82.451   52.286
85866.000   925.000   608.000   245.000   -82.443   52.749
85867.000   953.000   667.000   170.000   -82.434   53.212
85868.000   902.000   654.000   221.000   -82.424   53.673
85869.000   972.000   618.000   213.000   -82.414   54.134
85870.000   998.000   585.000   234.000   -82.404   54.593
85871.000   959.000   623.000   215.000   -82.393   55.050
85872.000   972.000   670.000   214.000   -82.382   55.507
85873.000   920.000   604.000   223.000   -82.370   55.962
85874.000   1009.000   613.000   217.000   -82.357   56.415
85875.000   932.000   641.000   225.000   -82.344   56.867
85876.000   939.000   613.000   220.000   -82.331   57.318
85877.000   975.000   617.000   201.000   -82.317   57.766
85878.000   926.000   606.000   236.000   -82.303   58.214
85879.000   964.000   614.000   193.000   -82.288   58.659
85880.000   995.000   639.000   196.000   -82.273   59.103
85881.000   969.000   567.000   244.000   -82.257   59.545
85882.000   938.000   641.000   215.000   -82.241   59.985
85883.000   969.000   673.000   235.000   -82.224   60.424
85884.000   943.000   580.000   215.000   -82.207   60.860
85885.000   929.000   610.000   225.000   -82.190   61.294
85886.000   941.000   640.000   234.000   -82.172   61.727
85887.000   981.000   618.000   210.000   -82.153   62.157
85888.000   999.000   566.000   205.000   -82.135   62.586
85889.000   944.000   643.000   204.000   -82.115   63.012
85890.000   980.000   647.000   198.000   -82.095   63.437
85891.000   1009.000   643.000   222.000   -82.075   63.859
85892.000   949.000   613.000   231.000   -82.055   64.279
85893.000   977.000   609.000   207.000   -82.034   64.696
85894.000   985.000   606.000   220.000   -82.012   65.112
85895.000   936.000   607.000   212.000   -81.990   65.525
85896.000   967.000   655.000   217.000   -81.968   65.936
85897.000   1017.000   612.000   216.000   -81.945   66.345
85898.000   919.000   604.000   244.000   -81.922   66.751
85899.000   990.000   657.000   200.000   -81.899   67.155
85900.000   1003.000   627.000   186.000   -81.875   67.557
85901.000   963.000   628.000   228.000   -81.850   67.956
85902.000   1038.000   606.000   243.000   -81.826   68.353
85903.000   963.000   592.000   201.000   -81.800   68.747
85904.000   952.000   617.000   193.000   -81.775   69.139
85905.000   957.000   640.000   231.000   -81.749   69.529
85906.000   1022.000   621.000   217.000   -81.723   69.916
85907.000   962.000   595.000   208.000   -81.696   70.301
85908.000   972.000   651.000   217.000   -81.669   70.683
85909.000   972.000   624.000   211.000   -81.642   71.062
85910.000   908.000   606.000   207.000   -81.614   71.439
85911.000   961.000   623.000   240.000   -81.586   71.814
85912.000   1024.000   656.000   212.000   -81.557   72.186
85913.000   964.000   588.000   244.000   -81.528   72.556
85914.000   993.000   615.000   217.000   -81.499   72.923
85915.000   995.000   627.000   215.000   -81.469   73.287
85916.000   914.000   614.000   201.000   -81.440   73.649
85917.000   972.000   609.000   197.000   -81.409   74.008
85918.000   1008.000   626.000   231.000   -81.379   74.365
85919.000   946.000   575.000   238.000   -81.348   74.720
85920.000   977.000   608.000   209.000   -81.316   75.071
85921.000   904.000   614.000   198.000   -81.285   75.421
85922.000   988.000   595.000   206.000   -81.253   75.767
85923.000   968.000   612.000   211.000   -81.221   76.111
85924.000   960.000   587.000   217.000   -81.188   76.453
85925.000   966.000   585.000   211.000   -81.155   76.792
85926.000   893.000   578.000   244.000   -81.122   77.128
85927.000   1013.000   627.000   176.000   -81.089   77.462
85928.000   999.000   611.000   231.000   -81.055   77.794
85929.000   956.000   594.000   242.000   -81.021   78.123
85930.000   971.000   612.000   212.000   -80.986   78.449
85931.000   993.000   647.000   231.000   -80.952   78.773
85932.000   982.000   592.000   190.000   -80.917   79.095
85933.000   992.000   567.000   199.000   -80.882   79.414
85934.000   980.000   628.000   220.000   -80.846   79.730
85935.000   934.000   603.000   216.000   -80.810   80.044
85936.000   952.000   603.000   239.000   -80.774   80.356
85937.000   1020.000   619.000   193.000   -80.738   80.665
85938.000   974.000   597.000   238.000   -80.701   80.972
85939.000   943.000   620.000   183.000   -80.664   81.276
85940.000   969.000   594.000   232.000   -80.627   81.578
85941.000   1000.000   573.000   199.000   -80.590   81.877
85942.000   997.000   628.000   218.000   -80.552   82.174
85943.000   1002.000   683.000   198.000   -80.514   82.469
85944.000   1041.000   658.000   197.000   -80.476   82.761
85945.000   1004.000   617.000   215.000   -80.437   83.051
85946.000   981.000   658.000   190.000   -80.399   83.339
85947.000   964.000   622.000   227.000   -80.360   83.624
85948.000   996.000   631.000   199.000   -80.321   83.907
85949.000   960.000   651.000   226.000   -80.281   84.188
85950.000   1010.000   619.000   197.000   -80.242   84.466
85951.000   997.000   627.000   207.000   -80.202   84.742
85952.000   970.000   648.000   242.000   -80.162   85.016
85953.000   989.000   624.000   203.000   -80.121   85.288
85954.000   1005.000   630.000   192.000   -80.081   85.557
85955.000   1021.000   592.000   213.000   -80.040   85.824
85956.000   1000.000   646.000   204.000   -79.999   86.089
85957.000   969.000   671.000   205.000   -79.958   86.352
85958.000   1018.000   611.000   190.000   -79.916   86.613
85959.000   1004.000   600.000   186.000   -79.875   86.871
85960.000   1012.000   623.000   207.000   -79.833   87.128
85961.000   987.000   620.000   213.000   -79.791   87.382
85962.000   1044.000   637.000   183.000   -79.749   87.634
85963.000   972.000   642.000   212.000   -79.706   87.884
85964.000   1018.000   616.000   174.000   -79.664   88.132
85965.000   928.000   611.000   223.000   -79.621   88.378
85966.000   977.000   625.000   220.000   -79.578   88.622
85967.000   929.000   639.000   198.000   -79.535   88.864
85968.000   1062.000   595.000   199.000   -79.491   89.104
85969.000   960.000   587.000   199.000   -79.448   89.342
85970.000   1003.000   636.000   224.000   -79.404   89.578
85971.000   965.000   631.000   196.000   -79.360   89.812
85972.000   1007.000   641.000   192.000   -79.316   90.044
85973.000   1018.000   621.000   214.000   -79.271   90.274
85974.000   943.000   632.000   205.000   -79.227   90.502
85975.000   939.000   570.000   201.000   -79.182   90.729
85976.000   980.000   560.000   198.000   -79.138   90.953
85977.000   1042.000   617.000   173.000   -79.093   91.176
85978.000   1028.000   597.000   218.000   -79.047   91.397
85979.000   974.000   648.000   205.000   -79.002   91.616
85980.000   1000.000   613.000   239.000   -78.957   91.833
85981.000   1008.000   599.000   216.000   -78.911   92.048
85982.000   946.000   627.000   195.000   -78.865   92.262
85983.000   965.000   574.000   202.000   -78.819   92.473
85984.000   1026.000   575.000   224.000   -78.773   92.683
85985.000   967.000   627.000   198.000   -78.727   92.892
85986.000   1001.000   637.000   191.000   -78.680   93.098
85987.000   1039.000   598.000   218.000   -78.634   93.303
85988.000   973.000   591.000   186.000   -78.587   93.506
85989.000   1001.000   615.000   234.000   -78.540   93.708
85990.000   954.000   613.000   205.000   -78.493   93.908
85991.000   1014.000   591.000   223.000   -78.446   94.106
85992.000   930.000   616.000   231.000   -78.399   94.303
85993.000   1021.000   605.000   214.000   -78.352   94.498
85994.000   1055.000   573.000   190.000   -78.304   94.691
85995.000   982.000   654.000   199.000   -78.256   94.883
85996.000   1032.000   672.000   232.000   -78.209   95.073
85997.000   1013.000   645.000   217.000   -78.161   95.262
85998.000   1014.000   625.000   190.000   -78.113   95.449
85999.000   962.000   640.000   195.000   -78.064   95.635
86000.000   938.000   631.000   215.000   -78.016   95.819
86001.000   967.000   629.000   208.000   -77.968   96.002
86002.000   987.000   596.000   223.000   -77.919   96.183
86003.000   965.000   618.000   221.000   -77.870   96.363
86004.000   1040.000   586.000   202.000   -77.821   96.541
86005.000   1019.000   586.000   188.000   -77.773   96.718
86006.000   957.000   559.000   214.000   -77.723   96.893
86007.000   970.000   640.000   184.000   -77.674   97.067
86008.000   987.000   581.000   216.000   -77.625   97.240
86009.000   954.000   605.000   194.000   -77.576   97.411
86010.000   1002.000   592.000   219.000   -77.526   97.581
86011.000   978.000   611.000   221.000   -77.476   97.750
86012.000   985.000   579.000   236.000   -77.427   97.917
86013.000   1011.000   588.000   222.000   -77.377   98.083
86014.000   1002.000   652.000   204.000   -77.327   98.247
86015.000   990.000   617.000   192.000   -77.277   98.410
86016.000   1029.000   617.000   198.000   -77.227   98.572
86017.000   979.000   605.000   199.000   -77.176   98.733
86018.000   961.000   595.000   225.000   -77.126   98.893
86019.000   1017.000   617.000   206.000   -77.076   99.051
86020.000   979.000   589.000   208.000   -77.025   99.208
86021.000   1039.000   632.000   227.000   -76.974   99.363
86022.000   994.000   592.000   174.000   -76.924   99.518
86023.000   1001.000   626.000   204.000   -76.873   99.671
86024.000   969.000   607.000   239.000   -76.822   99.823
86025.000   1042.000   583.000   201.000   -76.771   99.974
86026.000   960.000   606.000   181.000   -76.720   100.124
86027.000   1009.000   587.000   208.000   -76.668   100.272
86028.000   1034.000   598.000   205.000   -76.617   100.420
86029.000   1019.000   611.000   185.000   -76.566   100.566
86030.000   1034.000   592.000   201.000   -76.514   100.711
86031.000   1047.000   577.000   226.000   -76.463   100.855
86032.000   987.000   590.000   196.000   -76.411   100.998
86033.000   1062.000   614.000   198.000   -76.359   101.140
86034.000   947.000   621.000   194.000   -76.307   101.281
86035.000   986.000   614.000   193.000   -76.255   101.420
86036.000   998.000   559.000   211.000   -76.203   101.559
86037.000   1077.000   584.000   177.000   -76.151   101.696
86038.000   1035.000   612.000   186.000   -76.099   101.833
86039.000   1022.000   617.000   199.000   -76.047   101.968
86040.000   1040.000   604.000   208.000   -75.994   102.103
86041.000   1032.000   588.000   219.000   -75.942   102.236
86042.000   1004.000   635.000   174.000   -75.890   102.369
86043.000   1061.000   598.000   205.000   -75.837   102.500
86044.000   1078.000   602.000   199.000   -75.784   102.631
86045.000   1075.000   598.000   207.000   -75.732   102.760
86046.000   1012.000   618.000   203.000   -75.679   102.889
86047.000   1052.000   563.000   226.000   -75.626   103.016
86048.000   1029.000   618.000   220.000   -75.573   103.143
86049.000   955.000   628.000   235.000   -75.520   103.269
86050.000   1032.000   612.000   235.000   -75.467   103.394
86051.000   1071.000   604.000   202.000   -75.414   103.517
86052.000   1041.000   594.000   192.000   -75.360   103.640
86053.000   1063.000   616.000   200.000   -75.307   103.762
86054.000   1065.000   610.000   223.000   -75.254   103.884
86055.000   1047.000   614.000   194.000   -75.200   104.004
86056.000   1007.000   607.000   207.000   -75.147   104.123
86057.000   1006.000   603.000   209.000   -75.093   104.242
86058.000   1006.000   601.000   180.000   -75.040   104.359
86059.000   1036.000   634.000   201.000   -74.986   104.476
86060.000   1107.000   578.000   203.000   -74.932   104.592
86061.000   1052.000   621.000   194.000   -74.878   104.707
86062.000   1064.000   589.000   241.000   -74.824   104.822
86063.000   992.000   585.000   194.000   -74.770   104.935
86064.000   1010.000   596.000   197.000   -74.716   105.048
86065.000   988.000   666.000   238.000   -74.662   105.160
86066.000   1079.000   615.000   230.000   -74.608   105.271
86067.000   1002.000   573.000   207.000   -74.554   105.381
86068.000   1037.000   593.000   202.000   -74.500   105.491
86069.000   1075.000   587.000   194.000   -74.445   105.600
86070.000   1018.000   592.000   188.000   -74.391   105.708
86071.000   1037.000   585.000   202.000   -74.337   105.815
86072.000   992.000   635.000   196.000   -74.282   105.921
86073.000   989.000   590.000   195.000   -74.228   106.027
86074.000   1131.000   617.000   217.000   -74.173   106.132
86075.000   1002.000   618.000   200.000   -74.118   106.236
86076.000   954.000   673.000   208.000   -74.064   106.340
86077.000   1081.000   642.000   199.000   -74.009   106.443
86078.000   994.000   602.000   200.000   -73.954   106.545
86079.000   1018.000   618.000   211.000   -73.899   106.646
86080.000   1050.000   569.000   216.000   -73.844   106.747
86081.000   1009.000   628.000   203.000   -73.789   106.847
86082.000   1039.000   616.000   206.000   -73.734   106.946
86083.000   1040.000   637.000   210.000   -73.679   107.045
86084.000   1072.000   570.000   194.000   -73.624   107.143
86085.000   1087.000   591.000   212.000   -73.569   107.240
86086.000   1027.000   630.000   189.000   -73.514   107.337
86087.000   1039.000   637.000   191.000   -73.459   107.433
86088.000   1035.000   602.000   213.000   -73.403   107.528
86089.000   1080.000   631.000   209.000   -73.348   107.623
86090.000   1016.000   583.000   211.000   -73.292   107.717
86091.000   1057.000   613.000   186.000   -73.237   107.811
86092.000   1077.000   622.000   215.000   -73.181   107.903
86093.000   1064.000   580.000   220.000   -73.126   107.996
86094.000   1007.000   585.000   217.000   -73.070   108.087
86095.000   1061.000   601.000   208.000   -73.015   108.178
86096.000   1115.000   637.000   211.000   -72.959   108.269
86097.000   1004.000   586.000   202.000   -72.903   108.358
86098.000   966.000   572.000   226.000   -72.848   108.447
86099.000   1029.000   643.000   214.000   -72.792   108.536
86100.000   1054.000   602.000   214.000   -72.736   108.624
86101.000   1029.000   606.000   223.000   -72.680   108.712
86102.000   1097.000   611.000   200.000   -72.624   108.798
86103.000   1044.000   568.000   211.000   -72.568   108.885
86104.000   1040.000   560.000   205.000   -72.512   108.971
86105.000   980.000   632.000   199.000   -72.456   109.056
86106.000   1081.000   618.000   204.000   -72.400   109.140
86107.000   1051.000   584.000   224.000   -72.344   109.224
86108.000   1013.000   649.000   212.000   -72.287   109.308
86109.000   1037.000   609.000   207.000   -72.231   109.391
86110.000   985.000   584.000   193.000   -72.175   109.474
86111.000   1011.000   593.000   179.000   -72.119   109.556
86112.000   961.000   615.000   202.000   -72.062   109.637
86113.000   1020.000   600.000   188.000   -72.006   109.718
86114.000   986.000   672.000   207.000   -71.950   109.798
86115.000   1061.000   641.000   211.000   -71.893   109.878
86116.000   1048.000   598.000   192.000   -71.837   109.958
86117.000   1055.000   594.000   208.000   -71.780   110.037
86118.000   1062.000   591.000   200.000   -71.724   110.115
86119.000   1025.000   629.000   204.000   -71.667   110.193
86120.000   1031.000   622.000   190.000   -71.610   110.270
86121.000   970.000   591.000   204.000   -71.554   110.347
86122.000   997.000   623.000   186.000   -71.497   110.424
86123.000   1005.000   605.000   194.000   -71.440   110.500
86124.000   1034.000   573.000   212.000   -71.383   110.575
86125.000   1020.000   636.000   188.000   -71.327   110.650
86126.000   1093.000   614.000   237.000   -71.270   110.725
86127.000   1028.000   612.000   212.000   -71.213   110.799
86128.000   1054.000   594.000   192.000   -71.156   110.873
86129.000   1035.000   577.000   185.000   -71.099   110.946
86130.000   999.000   600.000   188.000   -71.042   111.019
86131.000   982.000   589.000   201.000   -70.985   111.091
86132.000   1016.000   634.000   216.000   -70.928   111.163
86133.000   986.000   604.000   201.000   -70.871   111.234
86134.000   1003.000   614.000   221.000   -70.814   111.305
86135.000   947.000   631.000   196.000   -70.757   111.376
86136.000   1042.000   595.000   195.000   -70.700   111.446
86137.000   1014.000   592.000   212.000   -70.642   111.516
86138.000   1087.000   610.000   224.000   -70.585   111.585
86139.000   1012.000   608.000   214.000   -70.528   111.654
86140.000   1031.000   590.000   194.000   -70.471   111.723
86141.000   1021.000   633.000   212.000   -70.413   111.791
86142.000   1034.000   587.000   170.000   -70.356   111.858
86143.000   973.000   636.000   176.000   -70.299   111.926
86144.000   983.000   598.000   202.000   -70.241   111.993
86145.000   1070.000   608.000   233.000   -70.184   112.059
86146.000   1067.000   630.000   193.000   -70.126   112.125
86147.000   1016.000   574.000   163.000   -70.069   112.191
86148.000   1026.000   625.000   210.000   -70.011   112.256
86149.000   1062.000   601.000   188.000   -69.954   112.321
86150.000   1074.000   599.000   191.000   -69.896   112.386
86151.000   1108.000   599.000   209.000   -69.839   112.450
86152.000   964.000   573.000   222.000   -69.781   112.514
86153.000   1074.000   666.000   212.000   -69.723   112.577
86154.000   1037.000   621.000   188.000   -69.666   112.640
86155.000   968.000   612.000   198.000   -69.608   112.703
86156.000   1016.000   605.000   188.000   -69.550   112.765
86157.000   1034.000   594.000   197.000   -69.492   112.827
86158.000   1044.000   606.000   206.000   -69.435   112.889
86159.000   1031.000   586.000   215.000   -69.377   112.950
86160.000   1097.000   567.000   231.000   -69.319   113.011
86161.000   1023.000   596.000   222.000   -69.261   113.072
