Time range: [ 23:52:16.000  23:55:59.000 ]
Time range duration: 3.0 min, 43.0 sec
Longitude range: [ 152.0  157.0 ]
85936.000   1041.000   567.000   157.000   82.519   -112.132
85937.000   1119.000   545.000   170.000   82.519   -111.656
85938.000   1017.000   590.000   170.000   82.518   -111.179
85939.000   1107.000   598.000   151.000   82.517   -110.702
85940.000   1045.000   574.000   151.000   82.515   -110.226
85941.000   989.000   555.000   135.000   82.512   -109.750
85942.000   1073.000   600.000   151.000   82.509   -109.274
85943.000   1047.000   548.000   120.000   82.506   -108.799
85944.000   1057.000   536.000   163.000   82.502   -108.324
85945.000   1077.000   544.000   128.000   82.498   -107.850
85946.000   1045.000   567.000   146.000   82.493   -107.376
85947.000   1026.000   582.000   142.000   82.487   -106.903
85948.000   1099.000   558.000   153.000   82.481   -106.431
85949.000   1035.000   563.000   142.000   82.475   -105.959
85950.000   1043.000   612.000   165.000   82.468   -105.488
85951.000   1031.000   567.000   142.000   82.460   -105.019
85952.000   1004.000   554.000   127.000   82.452   -104.550
85953.000   1080.000   539.000   144.000   82.443   -104.082
85954.000   1040.000   552.000   156.000   82.434   -103.615
85955.000   998.000   591.000   156.000   82.425   -103.150
85956.000   1092.000   614.000   160.000   82.415   -102.685
85957.000   1038.000   548.000   139.000   82.404   -102.222
85958.000   1089.000   535.000   161.000   82.393   -101.761
85959.000   1022.000   577.000   156.000   82.382   -101.300
85960.000   1069.000   547.000   150.000   82.369   -100.841
85961.000   1056.000   595.000   146.000   82.357   -100.384
85962.000   1031.000   554.000   154.000   82.344   -99.928
85963.000   1056.000   546.000   162.000   82.330   -99.474
85964.000   1050.000   552.000   147.000   82.316   -99.021
85965.000   1018.000   596.000   163.000   82.302   -98.570
85966.000   1040.000   566.000   146.000   82.287   -98.121
85967.000   1081.000   534.000   169.000   82.271   -97.673
85968.000   1047.000   527.000   149.000   82.256   -97.228
85969.000   1023.000   578.000   134.000   82.239   -96.784
85970.000   1073.000   575.000   151.000   82.222   -96.342
85971.000   1045.000   559.000   149.000   82.205   -95.902
85972.000   1021.000   533.000   138.000   82.187   -95.464
85973.000   1070.000   596.000   129.000   82.169   -95.028
85974.000   1077.000   573.000   152.000   82.150   -94.594
85975.000   1038.000   585.000   147.000   82.131   -94.162
85976.000   1047.000   546.000   153.000   82.112   -93.732
85977.000   1018.000   559.000   139.000   82.092   -93.305
85978.000   1062.000   594.000   151.000   82.071   -92.880
85979.000   1089.000   574.000   153.000   82.050   -92.456
85980.000   1039.000   512.000   146.000   82.029   -92.036
85981.000   1051.000   553.000   160.000   82.007   -91.617
85982.000   1061.000   573.000   167.000   81.985   -91.201
85983.000   1130.000   579.000   151.000   81.962   -90.787
85984.000   1100.000   540.000   134.000   81.939   -90.375
85985.000   1071.000   586.000   160.000   81.916   -89.966
85986.000   1059.000   571.000   151.000   81.892   -89.559
85987.000   1036.000   564.000   154.000   81.868   -89.155
85988.000   1037.000   558.000   138.000   81.843   -88.753
85989.000   1043.000   564.000   151.000   81.818   -88.353
85990.000   1040.000   605.000   137.000   81.792   -87.956
85991.000   1021.000   560.000   160.000   81.766   -87.562
85992.000   994.000   606.000   167.000   81.740   -87.170
85993.000   1002.000   545.000   163.000   81.713   -86.780
85994.000   989.000   566.000   146.000   81.686   -86.393
85995.000   1076.000   541.000   145.000   81.659   -86.009
85996.000   1044.000   569.000   142.000   81.631   -85.627
85997.000   1003.000   548.000   134.000   81.603   -85.247
85998.000   1044.000   585.000   171.000   81.574   -84.870
85999.000   1029.000   601.000   146.000   81.545   -84.496
86000.000   1027.000   566.000   155.000   81.516   -84.125
86001.000   976.000   566.000   151.000   81.487   -83.755
86002.000   1008.000   566.000   151.000   81.457   -83.389
86003.000   1000.000   556.000   151.000   81.426   -83.025
86004.000   1088.000   579.000   152.000   81.396   -82.664
86005.000   1057.000   546.000   151.000   81.365   -82.305
86006.000   1036.000   594.000   157.000   81.333   -81.949
86007.000   947.000   560.000   143.000   81.302   -81.595
86008.000   1061.000   535.000   134.000   81.270   -81.244
86009.000   1006.000   536.000   165.000   81.237   -80.896
86010.000   1019.000   564.000   144.000   81.204   -80.550
86011.000   1017.000   587.000   150.000   81.171   -80.207
86012.000   1074.000   561.000   139.000   81.138   -79.866
86013.000   1011.000   581.000   161.000   81.105   -79.528
86014.000   1072.000   557.000   144.000   81.071   -79.193
86015.000   1046.000   574.000   161.000   81.036   -78.860
86016.000   1000.000   566.000   160.000   81.002   -78.530
86017.000   1067.000   552.000   151.000   80.967   -78.202
86018.000   984.000   570.000   159.000   80.932   -77.877
86019.000   1034.000   578.000   140.000   80.896   -77.554
86020.000   994.000   556.000   132.000   80.861   -77.234
86021.000   1074.000   539.000   169.000   80.825   -76.916
86022.000   1065.000   581.000   151.000   80.788   -76.601
86023.000   1052.000   530.000   134.000   80.752   -76.288
86024.000   1023.000   555.000   141.000   80.715   -75.978
86025.000   1048.000   547.000   160.000   80.678   -75.670
86026.000   1032.000   559.000   132.000   80.640   -75.365
86027.000   1038.000   549.000   158.000   80.603   -75.062
86028.000   1011.000   524.000   146.000   80.565   -74.762
86029.000   1049.000   549.000   163.000   80.527   -74.464
86030.000   1045.000   566.000   168.000   80.488   -74.168
86031.000   984.000   568.000   182.000   80.450   -73.875
86032.000   1009.000   563.000   161.000   80.411   -73.584
86033.000   1045.000   578.000   161.000   80.371   -73.296
86034.000   1023.000   597.000   148.000   80.332   -73.010
86035.000   1030.000   551.000   166.000   80.292   -72.726
86036.000   1045.000   572.000   132.000   80.252   -72.445
86037.000   1012.000   542.000   132.000   80.212   -72.166
86038.000   1045.000   546.000   167.000   80.172   -71.889
86039.000   975.000   553.000   130.000   80.131   -71.615
86040.000   1006.000   563.000   166.000   80.090   -71.342
86041.000   974.000   602.000   125.000   80.049   -71.072
86042.000   1074.000   570.000   147.000   80.008   -70.805
86043.000   1012.000   574.000   159.000   79.967   -70.539
86044.000   1040.000   591.000   153.000   79.925   -70.276
86045.000   1056.000   542.000   143.000   79.883   -70.015
86046.000   993.000   579.000   160.000   79.841   -69.756
86047.000   1028.000   602.000   153.000   79.799   -69.499
86048.000   1053.000   521.000   175.000   79.756   -69.244
86049.000   1002.000   576.000   141.000   79.713   -68.992
86050.000   1036.000   615.000   153.000   79.670   -68.742
86051.000   993.000   527.000   161.000   79.627   -68.493
86052.000   930.000   552.000   142.000   79.584   -68.247
86053.000   1003.000   572.000   158.000   79.540   -68.003
86054.000   1003.000   567.000   140.000   79.496   -67.761
86055.000   1044.000   576.000   179.000   79.453   -67.521
86056.000   1050.000   577.000   144.000   79.408   -67.282
86057.000   1016.000   529.000   142.000   79.364   -67.046
86058.000   998.000   560.000   133.000   79.320   -66.812
86059.000   974.000   596.000   173.000   79.275   -66.580
86060.000   977.000   569.000   144.000   79.230   -66.350
86061.000   1053.000   584.000   163.000   79.185   -66.121
86062.000   983.000   587.000   137.000   79.140   -65.895
86063.000   981.000   558.000   162.000   79.095   -65.670
86064.000   1090.000   532.000   156.000   79.049   -65.448
86065.000   982.000   589.000   134.000   79.003   -65.227
86066.000   1009.000   560.000   157.000   78.958   -65.008
86067.000   1030.000   618.000   167.000   78.912   -64.791
86068.000   983.000   555.000   126.000   78.865   -64.576
86069.000   1010.000   554.000   162.000   78.819   -64.362
86070.000   1016.000   572.000   177.000   78.773   -64.150
86071.000   1032.000   588.000   128.000   78.726   -63.940
86072.000   1013.000   523.000   157.000   78.679   -63.732
86073.000   1014.000   586.000   159.000   78.632   -63.526
86074.000   960.000   579.000   151.000   78.585   -63.321
86075.000   979.000   537.000   189.000   78.538   -63.118
86076.000   987.000   587.000   149.000   78.491   -62.916
86077.000   1011.000   540.000   147.000   78.443   -62.717
86078.000   1054.000   525.000   173.000   78.395   -62.518
86079.000   1019.000   560.000   153.000   78.348   -62.322
86080.000   1008.000   557.000   156.000   78.300   -62.127
86081.000   1020.000   601.000   142.000   78.252   -61.934
86082.000   1030.000   602.000   160.000   78.203   -61.742
86083.000   1036.000   590.000   156.000   78.155   -61.552
86084.000   1055.000   565.000   152.000   78.107   -61.364
86085.000   1015.000   579.000   147.000   78.058   -61.177
86086.000   989.000   554.000   166.000   78.009   -60.991
86087.000   990.000   587.000   141.000   77.960   -60.807
86088.000   1010.000   569.000   164.000   77.911   -60.625
86089.000   993.000   555.000   147.000   77.862   -60.444
86090.000   954.000   566.000   163.000   77.813   -60.264
86091.000   978.000   584.000   149.000   77.764   -60.086
86092.000   986.000   546.000   142.000   77.714   -59.910
86093.000   1027.000   500.000   144.000   77.665   -59.735
86094.000   989.000   599.000   139.000   77.615   -59.561
86095.000   986.000   577.000   162.000   77.565   -59.388
86096.000   964.000   583.000   168.000   77.515   -59.218
86097.000   1033.000   574.000   149.000   77.465   -59.048
86098.000   1017.000   561.000   150.000   77.415   -58.880
86099.000   978.000   557.000   187.000   77.365   -58.713
86100.000   1005.000   569.000   151.000   77.314   -58.547
86101.000   980.000   582.000   154.000   77.264   -58.383
86102.000   983.000   571.000   154.000   77.213   -58.220
86103.000   1020.000   556.000   140.000   77.163   -58.059
86104.000   1003.000   529.000   149.000   77.112   -57.898
86105.000   979.000   549.000   155.000   77.061   -57.739
86106.000   988.000   557.000   166.000   77.010   -57.581
86107.000   1021.000   611.000   156.000   76.959   -57.425
86108.000   1030.000   578.000   176.000   76.908   -57.270
86109.000   1039.000   618.000   137.000   76.856   -57.116
86110.000   986.000   557.000   162.000   76.805   -56.963
86111.000   1063.000   572.000   122.000   76.753   -56.811
86112.000   995.000   554.000   174.000   76.702   -56.660
86113.000   1009.000   583.000   148.000   76.650   -56.511
86114.000   966.000   562.000   161.000   76.598   -56.363
86115.000   999.000   556.000   168.000   76.547   -56.216
86116.000   971.000   543.000   162.000   76.495   -56.070
86117.000   1067.000   548.000   160.000   76.443   -55.925
86118.000   968.000   609.000   162.000   76.390   -55.782
86119.000   963.000   565.000   161.000   76.338   -55.639
86120.000   974.000   568.000   157.000   76.286   -55.498
86121.000   990.000   539.000   141.000   76.234   -55.357
86122.000   965.000   557.000   151.000   76.181   -55.218
86123.000   988.000   589.000   149.000   76.129   -55.080
86124.000   974.000   550.000   156.000   76.076   -54.943
86125.000   955.000   552.000   148.000   76.023   -54.807
86126.000   1008.000   561.000   137.000   75.970   -54.672
86127.000   974.000   571.000   155.000   75.918   -54.538
86128.000   940.000   587.000   159.000   75.865   -54.405
86129.000   926.000   602.000   159.000   75.812   -54.273
86130.000   984.000   564.000   162.000   75.759   -54.142
86131.000   1018.000   563.000   184.000   75.705   -54.012
86132.000   1008.000   591.000   160.000   75.652   -53.883
86133.000   1020.000   621.000   140.000   75.599   -53.754
86134.000   1038.000   577.000   145.000   75.545   -53.627
86135.000   1033.000   566.000   139.000   75.492   -53.501
86136.000   933.000   555.000   171.000   75.438   -53.376
86137.000   952.000   577.000   169.000   75.385   -53.251
86138.000   1039.000   559.000   172.000   75.331   -53.128
86139.000   1053.000   572.000   149.000   75.277   -53.006
86140.000   1001.000   561.000   152.000   75.224   -52.884
86141.000   955.000   575.000   143.000   75.170   -52.763
86142.000   932.000   614.000   161.000   75.116   -52.643
86143.000   951.000   579.000   142.000   75.062   -52.524
86144.000   940.000   532.000   165.000   75.008   -52.406
86145.000   986.000   514.000   158.000   74.953   -52.289
86146.000   955.000   584.000   151.000   74.899   -52.173
86147.000   958.000   567.000   147.000   74.845   -52.057
86148.000   989.000   557.000   144.000   74.791   -51.943
86149.000   985.000   552.000   139.000   74.736   -51.829
86150.000   940.000   580.000   144.000   74.682   -51.716
86151.000   918.000   559.000   163.000   74.627   -51.603
86152.000   996.000   589.000   167.000   74.573   -51.492
86153.000   974.000   580.000   158.000   74.518   -51.381
86154.000   1014.000   589.000   148.000   74.463   -51.272
86155.000   973.000   575.000   146.000   74.409   -51.162
86156.000   912.000   572.000   145.000   74.354   -51.054
86157.000   984.000   563.000   153.000   74.299   -50.947
86158.000   978.000   554.000   147.000   74.244   -50.840
86159.000   1001.000   593.000   152.000   74.189   -50.734
