Time range: [ 05:00:01.000  05:23:59.000 ]
Time range duration: 23.0 min, 58.0 sec
Longitude range: [ 52.0  81.0 ]
18001.000   1001.000   9540.000   81.000   -80.805   12.547
18002.000   953.000   9353.000   85.000   -80.769   12.858
18003.000   989.000   9238.000   99.000   -80.733   13.167
18004.000   1026.000   8772.000   81.000   -80.696   13.473
18005.000   1003.000   8707.000   74.000   -80.659   13.776
18006.000   1018.000   8386.000   80.000   -80.622   14.077
18007.000   989.000   8405.000   77.000   -80.585   14.376
18008.000   1048.000   8013.000   81.000   -80.547   14.673
18009.000   1068.000   7890.000   98.000   -80.509   14.967
18010.000   965.000   7398.000   94.000   -80.471   15.258
18011.000   997.000   7288.000   92.000   -80.432   15.548
18012.000   1030.000   6807.000   91.000   -80.394   15.835
18013.000   1013.000   6611.000   88.000   -80.355   16.119
18014.000   1003.000   6410.000   97.000   -80.315   16.402
18015.000   1050.000   6288.000   70.000   -80.276   16.682
18016.000   1037.000   6001.000   99.000   -80.236   16.960
18017.000   1136.000   5533.000   77.000   -80.196   17.235
18018.000   1009.000   5197.000   90.000   -80.156   17.509
18019.000   923.000   4974.000   95.000   -80.116   17.780
18020.000   924.000   4597.000   85.000   -80.075   18.048
18021.000   1010.000   4414.000   96.000   -80.035   18.315
18022.000   996.000   4129.000   98.000   -79.994   18.580
18023.000   1036.000   3941.000   81.000   -79.952   18.842
18024.000   1014.000   3670.000   83.000   -79.911   19.102
18025.000   1037.000   3461.000   87.000   -79.869   19.360
18026.000   1060.000   3181.000   77.000   -79.828   19.616
18027.000   1060.000   2991.000   78.000   -79.786   19.869
18028.000   1084.000   2782.000   65.000   -79.743   20.121
18029.000   1012.000   2501.000   66.000   -79.701   20.371
18030.000   1051.000   2524.000   99.000   -79.658   20.618
18031.000   1038.000   2165.000   99.000   -79.615   20.864
18032.000   1013.000   2177.000   87.000   -79.572   21.107
18033.000   931.000   2022.000   111.000   -79.529   21.348
18034.000   1026.000   1834.000   79.000   -79.486   21.588
18035.000   1014.000   1690.000   89.000   -79.442   21.825
18036.000   1022.000   1598.000   86.000   -79.398   22.061
18037.000   1040.000   1560.000   88.000   -79.355   22.294
18038.000   1026.000   1389.000   70.000   -79.310   22.526
18039.000   1018.000   1327.000   80.000   -79.266   22.756
18040.000   1048.000   1285.000   71.000   -79.222   22.983
18041.000   1042.000   1285.000   90.000   -79.177   23.209
18042.000   1013.000   1159.000   86.000   -79.132   23.433
18043.000   993.000   1113.000   89.000   -79.087   23.655
18044.000   980.000   1021.000   87.000   -79.042   23.876
18045.000   1048.000   1036.000   103.000   -78.997   24.094
18046.000   956.000   1007.000   97.000   -78.951   24.311
18047.000   1003.000   983.000   88.000   -78.906   24.526
18048.000   1023.000   860.000   88.000   -78.860   24.739
18049.000   1006.000   883.000   100.000   -78.814   24.950
18050.000   1019.000   860.000   85.000   -78.768   25.160
18051.000   1022.000   769.000   90.000   -78.722   25.368
18052.000   1006.000   820.000   92.000   -78.675   25.574
18053.000   1182.000   745.000   66.000   -78.629   25.778
18054.000   1116.000   735.000   89.000   -78.582   25.981
18055.000   1034.000   789.000   84.000   -78.535   26.182
18056.000   991.000   649.000   88.000   -78.488   26.382
18057.000   1026.000   702.000   92.000   -78.441   26.580
18058.000   1062.000   694.000   102.000   -78.394   26.776
18059.000   1054.000   689.000   105.000   -78.346   26.971
18060.000   1071.000   609.000   90.000   -78.299   27.164
18061.000   1051.000   622.000   129.000   -78.251   27.355
18062.000   1070.000   656.000   113.000   -78.203   27.545
18063.000   1002.000   622.000   114.000   -78.155   27.733
18064.000   1055.000   575.000   123.000   -78.107   27.920
18065.000   1027.000   660.000   125.000   -78.059   28.106
18066.000   959.000   597.000   101.000   -78.011   28.289
18067.000   1003.000   615.000   122.000   -77.963   28.472
18068.000   984.000   587.000   109.000   -77.914   28.653
18069.000   1045.000   566.000   105.000   -77.865   28.832
18070.000   984.000   568.000   110.000   -77.816   29.010
18071.000   1002.000   608.000   102.000   -77.768   29.186
18072.000   984.000   510.000   104.000   -77.719   29.362
18073.000   1011.000   600.000   123.000   -77.669   29.535
18074.000   1006.000   580.000   88.000   -77.620   29.708
18075.000   984.000   535.000   125.000   -77.571   29.878
18076.000   1030.000   561.000   112.000   -77.521   30.048
18077.000   1111.000   568.000   109.000   -77.472   30.216
18078.000   1009.000   562.000   107.000   -77.422   30.383
18079.000   996.000   529.000   104.000   -77.372   30.549
18080.000   1008.000   538.000   94.000   -77.322   30.713
18081.000   1001.000   530.000   121.000   -77.272   30.876
18082.000   1036.000   546.000   119.000   -77.222   31.038
18083.000   1075.000   466.000   122.000   -77.172   31.198
18084.000   1068.000   456.000   96.000   -77.121   31.357
18085.000   1105.000   489.000   124.000   -77.071   31.515
18086.000   983.000   519.000   128.000   -77.020   31.672
18087.000   1075.000   475.000   92.000   -76.970   31.827
18088.000   950.000   526.000   109.000   -76.919   31.981
18089.000   1121.000   502.000   125.000   -76.868   32.134
18090.000   994.000   477.000   116.000   -76.817   32.286
18091.000   978.000   476.000   109.000   -76.766   32.437
18092.000   1051.000   511.000   101.000   -76.715   32.586
18093.000   1038.000   597.000   94.000   -76.664   32.734
18094.000   1061.000   486.000   98.000   -76.613   32.881
18095.000   1002.000   480.000   117.000   -76.561   33.027
18096.000   1043.000   471.000   120.000   -76.510   33.172
18097.000   1129.000   469.000   123.000   -76.458   33.316
18098.000   962.000   468.000   110.000   -76.407   33.459
18099.000   1019.000   468.000   108.000   -76.355   33.600
18100.000   981.000   447.000   107.000   -76.303   33.741
18101.000   933.000   444.000   106.000   -76.251   33.880
18102.000   975.000   462.000   121.000   -76.199   34.019
18103.000   1008.000   487.000   101.000   -76.147   34.156
18104.000   943.000   495.000   121.000   -76.095   34.292
18105.000   1107.000   483.000   123.000   -76.043   34.428
18106.000   1035.000   478.000   102.000   -75.990   34.562
18107.000   1044.000   497.000   122.000   -75.938   34.695
18108.000   1014.000   475.000   108.000   -75.885   34.827
18109.000   992.000   575.000   113.000   -75.833   34.959
18110.000   974.000   474.000   103.000   -75.780   35.089
18111.000   995.000   481.000   117.000   -75.728   35.218
18112.000   997.000   484.000   121.000   -75.675   35.346
18113.000   1137.000   544.000   153.000   -75.622   35.474
18114.000   1059.000   500.000   121.000   -75.569   35.600
18115.000   1080.000   505.000   122.000   -75.516   35.726
18116.000   1031.000   498.000   123.000   -75.463   35.850
18117.000   1031.000   499.000   117.000   -75.410   35.974
18118.000   1037.000   470.000   114.000   -75.357   36.097
18119.000   1039.000   513.000   125.000   -75.303   36.219
18120.000   990.000   447.000   122.000   -75.250   36.340
18121.000   989.000   472.000   147.000   -75.197   36.460
18122.000   1025.000   466.000   128.000   -75.143   36.579
18123.000   1089.000   476.000   110.000   -75.090   36.697
18124.000   1050.000   469.000   121.000   -75.036   36.815
18125.000   1009.000   486.000   104.000   -74.982   36.931
18126.000   997.000   475.000   95.000   -74.929   37.047
18127.000   1023.000   496.000   125.000   -74.875   37.162
18128.000   1061.000   485.000   123.000   -74.821   37.276
18129.000   1101.000   474.000   134.000   -74.767   37.390
18130.000   987.000   438.000   126.000   -74.713   37.502
18131.000   1010.000   470.000   136.000   -74.659   37.614
18132.000   978.000   482.000   123.000   -74.605   37.725
18133.000   1013.000   481.000   123.000   -74.551   37.835
18134.000   1064.000   489.000   110.000   -74.497   37.944
18135.000   1012.000   482.000   140.000   -74.442   38.053
18136.000   1071.000   487.000   120.000   -74.388   38.161
18137.000   980.000   561.000   114.000   -74.334   38.268
18138.000   1396.000   477.000   106.000   -74.279   38.374
18139.000   1343.000   457.000   126.000   -74.225   38.480
18140.000   1408.000   470.000   106.000   -74.170   38.585
18141.000   1315.000   462.000   122.000   -74.116   38.689
18142.000   1431.000   496.000   116.000   -74.061   38.792
18143.000   1452.000   486.000   140.000   -74.006   38.895
18144.000   1422.000   485.000   113.000   -73.951   38.997
18145.000   1429.000   537.000   113.000   -73.897   39.098
18146.000   1446.000   462.000   117.000   -73.842   39.199
18147.000   1432.000   490.000   123.000   -73.787   39.299
18148.000   1506.000   473.000   116.000   -73.732   39.398
18149.000   1518.000   477.000   98.000   -73.677   39.496
18150.000   1550.000   478.000   120.000   -73.622   39.594
18151.000   1544.000   487.000   131.000   -73.566   39.691
18152.000   1478.000   496.000   129.000   -73.511   39.788
18153.000   1485.000   456.000   109.000   -73.456   39.884
18154.000   1493.000   513.000   125.000   -73.401   39.979
18155.000   1456.000   447.000   144.000   -73.345   40.074
18156.000   1486.000   499.000   109.000   -73.290   40.167
18157.000   1569.000   477.000   112.000   -73.235   40.261
18158.000   1468.000   480.000   129.000   -73.179   40.354
18159.000   1466.000   469.000   116.000   -73.124   40.446
18160.000   1557.000   494.000   130.000   -73.068   40.537
18161.000   1590.000   453.000   131.000   -73.013   40.628
18162.000   1469.000   456.000   156.000   -72.957   40.718
18163.000   1509.000   430.000   154.000   -72.901   40.808
18164.000   1578.000   510.000   145.000   -72.846   40.897
18165.000   1639.000   468.000   123.000   -72.790   40.985
18166.000   1581.000   492.000   127.000   -72.734   41.073
18167.000   1645.000   489.000   127.000   -72.678   41.161
18168.000   1590.000   453.000   141.000   -72.622   41.247
18169.000   1697.000   492.000   122.000   -72.566   41.334
18170.000   1633.000   453.000   138.000   -72.510   41.419
18171.000   1655.000   476.000   132.000   -72.454   41.504
18172.000   1657.000   456.000   118.000   -72.398   41.589
18173.000   1661.000   507.000   114.000   -72.342   41.673
18174.000   1745.000   467.000   126.000   -72.286   41.756
18175.000   1749.000   476.000   129.000   -72.230   41.839
18176.000   1713.000   483.000   123.000   -72.173   41.922
18177.000   1654.000   524.000   144.000   -72.117   42.004
18178.000   1685.000   483.000   70.000   -72.061   42.085
18179.000   1695.000   465.000   56.000   -72.005   42.166
18180.000   1616.000   477.000   51.000   -71.948   42.246
18181.000   1716.000   486.000   68.000   -71.892   42.326
18182.000   1667.000   482.000   59.000   -71.835   42.405
18183.000   1667.000   517.000   69.000   -71.779   42.484
18184.000   1669.000   511.000   61.000   -71.722   42.562
18185.000   1752.000   594.000   61.000   -71.666   42.640
18186.000   1772.000   508.000   55.000   -71.609   42.717
18187.000   1711.000   481.000   60.000   -71.553   42.794
18188.000   1716.000   477.000   75.000   -71.496   42.871
18189.000   1727.000   468.000   59.000   -71.439   42.946
18190.000   1695.000   493.000   61.000   -71.382   43.022
18191.000   1812.000   455.000   79.000   -71.326   43.097
18192.000   1796.000   492.000   68.000   -71.269   43.171
18193.000   1743.000   488.000   70.000   -71.212   43.245
18194.000   2113.000   459.000   61.000   -71.155   43.319
18195.000   2108.000   440.000   65.000   -71.098   43.392
18196.000   2192.000   464.000   73.000   -71.041   43.465
18197.000   2167.000   485.000   79.000   -70.984   43.537
18198.000   2221.000   464.000   61.000   -70.927   43.609
18199.000   2131.000   492.000   67.000   -70.870   43.680
18200.000   2212.000   485.000   63.000   -70.813   43.751
18201.000   2256.000   448.000   62.000   -70.756   43.822
18202.000   2226.000   490.000   62.000   -70.699   43.892
18203.000   2103.000   452.000   58.000   -70.642   43.961
18204.000   2055.000   442.000   62.000   -70.585   44.031
18205.000   2138.000   499.000   74.000   -70.528   44.100
18206.000   2172.000   502.000   71.000   -70.470   44.168
18207.000   2152.000   437.000   54.000   -70.413   44.236
18208.000   2109.000   503.000   80.000   -70.356   44.304
18209.000   2135.000   505.000   59.000   -70.298   44.371
18210.000   2145.000   462.000   90.000   -70.241   44.438
18211.000   2160.000   399.000   54.000   -70.184   44.504
18212.000   2060.000   481.000   58.000   -70.126   44.570
18213.000   2167.000   479.000   74.000   -70.069   44.636
18214.000   2110.000   465.000   68.000   -70.011   44.701
18215.000   2078.000   452.000   47.000   -69.954   44.766
18216.000   2059.000   479.000   64.000   -69.896   44.830
18217.000   2068.000   500.000   67.000   -69.839   44.895
18218.000   2020.000   488.000   73.000   -69.781   44.958
18219.000   2071.000   452.000   69.000   -69.724   45.022
18220.000   2036.000   485.000   77.000   -69.666   45.085
18221.000   2084.000   475.000   69.000   -69.608   45.147
18222.000   1950.000   421.000   71.000   -69.551   45.210
18223.000   2021.000   461.000   77.000   -69.493   45.272
18224.000   1938.000   447.000   76.000   -69.435   45.333
18225.000   1957.000   472.000   64.000   -69.377   45.394
18226.000   1912.000   467.000   80.000   -69.320   45.455
18227.000   1925.000   464.000   65.000   -69.262   45.516
18228.000   1881.000   484.000   56.000   -69.204   45.576
18229.000   1902.000   462.000   73.000   -69.146   45.636
18230.000   1929.000   452.000   78.000   -69.088   45.695
18231.000   1868.000   443.000   62.000   -69.030   45.755
18232.000   1924.000   458.000   71.000   -68.972   45.813
18233.000   1938.000   477.000   72.000   -68.914   45.872
18234.000   1878.000   491.000   59.000   -68.856   45.930
18235.000   1847.000   437.000   69.000   -68.798   45.988
18236.000   1827.000   514.000   69.000   -68.740   46.046
18237.000   1856.000   466.000   58.000   -68.682   46.103
18238.000   1775.000   446.000   70.000   -68.624   46.160
18239.000   1798.000   455.000   64.000   -68.566   46.216
18240.000   34340.000   17293.000   70.000   -68.508   46.273
18241.000   43569.000   21886.000   53.000   -68.450   46.329
18242.000   3223.000   2120.000   74.000   -68.392   46.384
18243.000   46907.000   23579.000   64.000   -68.334   46.440
18244.000   821.000   515.000   60.000   -68.275   46.495
18245.000   885.000   540.000   65.000   -68.217   46.549
18246.000   889.000   471.000   78.000   -68.159   46.604
18247.000   819.000   491.000   68.000   -68.101   46.658
18248.000   867.000   484.000   62.000   -68.042   46.712
18249.000   915.000   473.000   69.000   -67.984   46.765
18250.000   863.000   466.000   77.000   -67.926   46.819
18251.000   825.000   513.000   54.000   -67.867   46.872
18252.000   841.000   503.000   73.000   -67.809   46.924
18253.000   819.000   523.000   67.000   -67.751   46.977
18254.000   830.000   492.000   80.000   -67.692   47.029
18255.000   803.000   504.000   78.000   -67.634   47.081
18256.000   872.000   490.000   69.000   -67.575   47.132
18257.000   827.000   454.000   68.000   -67.517   47.184
18258.000   848.000   462.000   78.000   -67.458   47.235
18259.000   833.000   459.000   85.000   -67.400   47.286
18260.000   852.000   483.000   72.000   -67.341   47.336
18261.000   876.000   536.000   75.000   -67.283   47.386
18262.000   873.000   447.000   62.000   -67.224   47.436
18263.000   890.000   500.000   60.000   -67.165   47.486
18264.000   823.000   533.000   57.000   -67.107   47.535
18265.000   851.000   506.000   80.000   -67.048   47.585
18266.000   833.000   509.000   69.000   -66.990   47.634
18267.000   823.000   495.000   71.000   -66.931   47.682
18268.000   838.000   459.000   69.000   -66.872   47.731
18269.000   842.000   533.000   71.000   -66.813   47.779
18270.000   799.000   487.000   79.000   -66.755   47.827
18271.000   837.000   497.000   71.000   -66.696   47.875
18272.000   861.000   496.000   51.000   -66.637   47.922
18273.000   817.000   458.000   61.000   -66.578   47.969
18274.000   853.000   470.000   64.000   -66.520   48.016
18275.000   863.000   480.000   75.000   -66.461   48.063
18276.000   815.000   503.000   68.000   -66.402   48.109
18277.000   852.000   552.000   75.000   -66.343   48.156
18278.000   853.000   475.000   68.000   -66.284   48.202
18279.000   864.000   494.000   63.000   -66.225   48.247
18280.000   841.000   511.000   70.000   -66.167   48.293
18281.000   899.000   460.000   81.000   -66.108   48.338
18282.000   792.000   481.000   73.000   -66.049   48.383
18283.000   817.000   494.000   63.000   -65.990   48.428
18284.000   858.000   473.000   78.000   -65.931   48.473
18285.000   932.000   532.000   57.000   -65.872   48.517
18286.000   831.000   469.000   73.000   -65.813   48.561
18287.000   771.000   510.000   71.000   -65.754   48.605
18288.000   831.000   484.000   61.000   -65.695   48.649
18289.000   815.000   522.000   86.000   -65.636   48.693
18290.000   815.000   451.000   71.000   -65.577   48.736
18291.000   839.000   487.000   65.000   -65.518   48.779
18292.000   851.000   464.000   66.000   -65.458   48.822
18293.000   844.000   555.000   65.000   -65.399   48.864
18294.000   840.000   516.000   78.000   -65.340   48.907
18295.000   870.000   452.000   56.000   -65.281   48.949
18296.000   835.000   509.000   85.000   -65.222   48.991
18297.000   775.000   493.000   71.000   -65.163   49.033
18298.000   844.000   465.000   79.000   -65.104   49.075
18299.000   854.000   466.000   80.000   -65.044   49.116
18300.000   809.000   17272.000   87.000   -64.985   49.157
18301.000   811.000   21966.000   63.000   -64.926   49.198
18302.000   854.000   2658.000   81.000   -64.867   49.239
18303.000   831.000   23576.000   93.000   -64.807   49.280
18304.000   762.000   480.000   78.000   -64.748   49.320
18305.000   822.000   490.000   89.000   -64.689   49.360
18306.000   844.000   458.000   77.000   -64.630   49.401
18307.000   830.000   407.000   87.000   -64.570   49.440
18308.000   827.000   445.000   89.000   -64.511   49.480
18309.000   778.000   478.000   75.000   -64.452   49.520
18310.000   744.000   423.000   93.000   -64.392   49.559
18311.000   903.000   478.000   84.000   -64.333   49.598
18312.000   828.000   435.000   80.000   -64.274   49.637
18313.000   849.000   426.000   91.000   -64.214   49.676
18314.000   893.000   449.000   82.000   -64.155   49.714
18315.000   869.000   448.000   87.000   -64.095   49.752
18316.000   846.000   419.000   75.000   -64.036   49.791
18317.000   933.000   493.000   59.000   -63.976   49.829
18318.000   805.000   445.000   84.000   -63.917   49.866
18319.000   860.000   459.000   75.000   -63.857   49.904
18320.000   788.000   440.000   99.000   -63.798   49.942
18321.000   894.000   439.000   93.000   -63.738   49.979
18322.000   687.000   446.000   85.000   -63.679   50.016
18323.000   700.000   467.000   81.000   -63.619   50.053
18324.000   686.000   480.000   90.000   -63.560   50.090
18325.000   659.000   438.000   83.000   -63.500   50.126
18326.000   729.000   410.000   80.000   -63.441   50.163
18327.000   669.000   428.000   86.000   -63.381   50.199
18328.000   695.000   430.000   82.000   -63.322   50.235
18329.000   776.000   427.000   89.000   -63.262   50.271
18330.000   694.000   454.000   78.000   -63.202   50.307
18331.000   666.000   452.000   87.000   -63.143   50.343
18332.000   684.000   410.000   71.000   -63.083   50.378
18333.000   652.000   423.000   90.000   -63.024   50.413
18334.000   715.000   427.000   94.000   -62.964   50.448
18335.000   669.000   421.000   93.000   -62.904   50.483
18336.000   673.000   417.000   83.000   -62.844   50.518
18337.000   769.000   452.000   89.000   -62.785   50.553
18338.000   732.000   407.000   64.000   -62.725   50.587
18339.000   649.000   464.000   85.000   -62.665   50.622
18340.000   695.000   453.000   82.000   -62.606   50.656
18341.000   661.000   413.000   100.000   -62.546   50.690
18342.000   690.000   446.000   79.000   -62.486   50.724
18343.000   669.000   433.000   76.000   -62.426   50.757
18344.000   678.000   457.000   87.000   -62.367   50.791
18345.000   802.000   387.000   91.000   -62.307   50.824
18346.000   713.000   386.000   78.000   -62.247   50.858
18347.000   686.000   379.000   80.000   -62.187   50.891
18348.000   726.000   401.000   100.000   -62.127   50.924
18349.000   714.000   414.000   75.000   -62.068   50.957
18350.000   700.000   408.000   102.000   -62.008   50.989
18351.000   696.000   429.000   88.000   -61.948   51.022
18352.000   683.000   415.000   74.000   -61.888   51.054
18353.000   817.000   438.000   123.000   -61.828   51.087
18354.000   681.000   434.000   82.000   -61.768   51.119
18355.000   655.000   456.000   84.000   -61.708   51.151
18356.000   693.000   397.000   81.000   -61.648   51.183
18357.000   678.000   436.000   68.000   -61.589   51.214
18358.000   707.000   430.000   220.000   -61.529   51.246
18359.000   707.000   443.000   197.000   -61.469   51.277
18360.000   702.000   411.000   253.000   -61.409   51.309
18361.000   833.000   409.000   241.000   -61.349   51.340
18362.000   678.000   371.000   232.000   -61.289   51.371
18363.000   670.000   427.000   219.000   -61.229   51.402
18364.000   697.000   381.000   227.000   -61.169   51.432
18365.000   674.000   395.000   249.000   -61.109   51.463
18366.000   721.000   423.000   236.000   -61.049   51.493
18367.000   623.000   382.000   231.000   -60.989   51.524
18368.000   697.000   441.000   239.000   -60.929   51.554
18369.000   783.000   390.000   240.000   -60.869   51.584
18370.000   653.000   442.000   243.000   -60.809   51.614
18371.000   673.000   428.000   224.000   -60.749   51.644
18372.000   733.000   421.000   241.000   -60.689   51.674
18373.000   667.000   428.000   255.000   -60.628   51.703
18374.000   676.000   394.000   271.000   -60.568   51.733
18375.000   728.000   418.000   206.000   -60.508   51.762
18376.000   669.000   429.000   236.000   -60.448   51.791
18377.000   799.000   411.000   242.000   -60.388   51.820
18378.000   649.000   430.000   234.000   -60.328   51.849
18379.000   636.000   449.000   208.000   -60.268   51.878
18380.000   691.000   412.000   240.000   -60.208   51.907
18381.000   738.000   425.000   243.000   -60.148   51.936
18382.000   700.000   423.000   258.000   -60.087   51.964
18383.000   684.000   375.000   235.000   -60.027   51.992
18384.000   709.000   404.000   270.000   -59.967   52.021
18385.000   715.000   405.000   239.000   -59.907   52.049
18386.000   674.000   414.000   227.000   -59.847   52.077
18387.000   685.000   422.000   258.000   -59.786   52.105
18388.000   641.000   375.000   212.000   -59.726   52.133
18389.000   654.000   432.000   341.000   -59.666   52.160
18390.000   720.000   408.000   245.000   -59.606   52.188
18391.000   696.000   427.000   224.000   -59.546   52.215
18392.000   697.000   391.000   235.000   -59.485   52.243
18393.000   698.000   404.000   246.000   -59.425   52.270
18394.000   722.000   398.000   238.000   -59.365   52.297
18395.000   697.000   450.000   271.000   -59.305   52.324
18396.000   692.000   434.000   241.000   -59.244   52.351
18397.000   703.000   406.000   221.000   -59.184   52.378
18398.000   710.000   412.000   276.000   -59.124   52.404
18399.000   684.000   433.000   256.000   -59.063   52.431
18400.000   707.000   423.000   269.000   -59.003   52.457
18401.000   799.000   402.000   251.000   -58.943   52.484
18402.000   669.000   421.000   239.000   -58.882   52.510
18403.000   702.000   409.000   247.000   -58.822   52.536
18404.000   668.000   426.000   268.000   -58.762   52.562
18405.000   758.000   440.000   253.000   -58.701   52.588
18406.000   682.000   412.000   259.000   -58.641   52.614
18407.000   696.000   394.000   225.000   -58.581   52.640
18408.000   674.000   420.000   297.000   -58.520   52.665
18409.000   776.000   516.000   246.000   -58.460   52.691
18410.000   715.000   422.000   267.000   -58.399   52.716
18411.000   667.000   384.000   279.000   -58.339   52.742
18412.000   727.000   470.000   245.000   -58.279   52.767
18413.000   744.000   417.000   279.000   -58.218   52.792
18414.000   704.000   431.000   288.000   -58.158   52.817
18415.000   716.000   406.000   261.000   -58.097   52.842
18416.000   678.000   400.000   247.000   -58.037   52.867
18417.000   676.000   408.000   255.000   -57.976   52.891
18418.000   665.000   397.000   286.000   -57.916   52.916
18419.000   722.000   398.000   294.000   -57.856   52.941
18420.000   704.000   434.000   299.000   -57.795   52.965
18421.000   784.000   438.000   304.000   -57.735   52.989
18422.000   722.000   400.000   265.000   -57.674   53.014
18423.000   731.000   426.000   292.000   -57.614   53.038
18424.000   705.000   418.000   275.000   -57.553   53.062
18425.000   783.000   440.000   296.000   -57.493   53.086
18426.000   694.000   416.000   323.000   -57.432   53.110
18427.000   694.000   395.000   298.000   -57.372   53.134
18428.000   670.000   458.000   322.000   -57.311   53.157
18429.000   788.000   496.000   292.000   -57.251   53.181
18430.000   692.000   425.000   319.000   -57.190   53.204
18431.000   665.000   370.000   300.000   -57.129   53.228
18432.000   700.000   389.000   296.000   -57.069   53.251
18433.000   730.000   401.000   282.000   -57.008   53.274
18434.000   741.000   390.000   287.000   -56.948   53.297
18435.000   742.000   383.000   321.000   -56.887   53.321
18436.000   692.000   403.000   313.000   -56.827   53.344
18437.000   693.000   386.000   308.000   -56.766   53.366
18438.000   775.000   442.000   311.000   -56.705   53.389
18439.000   719.000   405.000   310.000   -56.645   53.412
18440.000   660.000   439.000   320.000   -56.584   53.435
18441.000   707.000   430.000   312.000   -56.524   53.457
18442.000   679.000   408.000   339.000   -56.463   53.480
18443.000   757.000   401.000   329.000   -56.402   53.502
18444.000   720.000   393.000   301.000   -56.342   53.524
18445.000   708.000   567.000   305.000   -56.281   53.546
18446.000   730.000   418.000   306.000   -56.220   53.569
18447.000   709.000   435.000   318.000   -56.160   53.591
18448.000   697.000   427.000   307.000   -56.099   53.613
18449.000   722.000   427.000   354.000   -56.038   53.634
18450.000   718.000   428.000   316.000   -55.978   53.656
18451.000   686.000   427.000   332.000   -55.917   53.678
18452.000   680.000   392.000   326.000   -55.856   53.700
18453.000   686.000   388.000   320.000   -55.796   53.721
18454.000   713.000   425.000   331.000   -55.735   53.743
18455.000   656.000   403.000   321.000   -55.674   53.764
18456.000   640.000   427.000   321.000   -55.613   53.785
18457.000   685.000   425.000   322.000   -55.553   53.807
18458.000   716.000   407.000   324.000   -55.492   53.828
18459.000   718.000   411.000   343.000   -55.431   53.849
18460.000   696.000   408.000   342.000   -55.370   53.870
18461.000   668.000   375.000   320.000   -55.310   53.891
18462.000   711.000   424.000   310.000   -55.249   53.912
18463.000   681.000   406.000   319.000   -55.188   53.932
18464.000   711.000   438.000   362.000   -55.127   53.953
18465.000   773.000   427.000   343.000   -55.067   53.974
18466.000   662.000   414.000   315.000   -55.006   53.994
18467.000   711.000   422.000   344.000   -54.945   54.015
18468.000   662.000   450.000   345.000   -54.884   54.035
18469.000   703.000   451.000   348.000   -54.823   54.056
18470.000   696.000   389.000   329.000   -54.763   54.076
18471.000   690.000   409.000   333.000   -54.702   54.096
18472.000   663.000   422.000   321.000   -54.641   54.116
18473.000   693.000   410.000   336.000   -54.580   54.136
18474.000   689.000   410.000   334.000   -54.519   54.156
18475.000   711.000   442.000   380.000   -54.459   54.176
18476.000   734.000   382.000   348.000   -54.398   54.196
18477.000   712.000   514.000   320.000   -54.337   54.216
18478.000   727.000   418.000   381.000   -54.276   54.235
18479.000   764.000   397.000   470.000   -54.215   54.255
18960.000   884.000   9663.000   91.000   -24.513   59.302
18961.000   898.000   9540.000   68.000   -24.451   59.308
18962.000   836.000   9353.000   90.000   -24.389   59.314
18963.000   866.000   9238.000   77.000   -24.326   59.319
18964.000   879.000   8772.000   78.000   -24.264   59.325
18965.000   891.000   8707.000   82.000   -24.202   59.331
18966.000   876.000   8386.000   79.000   -24.139   59.336
18967.000   861.000   8405.000   84.000   -24.077   59.342
18968.000   910.000   8013.000   96.000   -24.015   59.348
18969.000   925.000   7890.000   92.000   -23.952   59.353
18970.000   848.000   7398.000   85.000   -23.890   59.359
18971.000   855.000   7288.000   90.000   -23.827   59.364
18972.000   864.000   6807.000   95.000   -23.765   59.370
18973.000   889.000   6611.000   99.000   -23.703   59.376
18974.000   899.000   6410.000   92.000   -23.640   59.381
18975.000   923.000   6288.000   91.000   -23.578   59.387
18976.000   910.000   6001.000   82.000   -23.516   59.392
18977.000   999.000   5533.000   95.000   -23.453   59.398
18978.000   883.000   5197.000   108.000   -23.391   59.403
18979.000   851.000   4974.000   85.000   -23.329   59.409
18980.000   824.000   4597.000   91.000   -23.266   59.415
18981.000   842.000   4414.000   73.000   -23.204   59.420
18982.000   837.000   4129.000   87.000   -23.141   59.426
18983.000   861.000   3941.000   98.000   -23.079   59.431
18984.000   876.000   3670.000   87.000   -23.017   59.437
18985.000   918.000   3461.000   90.000   -22.954   59.442
18986.000   920.000   3181.000   81.000   -22.892   59.448
18987.000   928.000   2991.000   75.000   -22.830   59.453
18988.000   932.000   2782.000   87.000   -22.767   59.458
18989.000   875.000   2501.000   83.000   -22.705   59.464
18990.000   912.000   2524.000   90.000   -22.642   59.469
18991.000   884.000   2165.000   95.000   -22.580   59.475
18992.000   887.000   2177.000   101.000   -22.518   59.480
18993.000   824.000   2022.000   79.000   -22.455   59.486
18994.000   914.000   1834.000   88.000   -22.393   59.491
18995.000   900.000   1690.000   76.000   -22.330   59.496
18996.000   903.000   1598.000   85.000   -22.268   59.502
18997.000   915.000   1560.000   81.000   -22.206   59.507
18998.000   926.000   1389.000   86.000   -22.143   59.513
18999.000   907.000   1327.000   78.000   -22.081   59.518
19000.000   944.000   1285.000   82.000   -22.018   59.523
19001.000   897.000   1285.000   83.000   -21.956   59.529
19002.000   873.000   1159.000   60.000   -21.894   59.534
19003.000   875.000   1113.000   85.000   -21.831   59.539
19004.000   877.000   1021.000   75.000   -21.769   59.545
19005.000   875.000   1036.000   68.000   -21.706   59.550
19006.000   835.000   1007.000   95.000   -21.644   59.555
19007.000   898.000   983.000   77.000   -21.582   59.561
19008.000   890.000   860.000   81.000   -21.519   59.566
19009.000   888.000   883.000   80.000   -21.457   59.571
19010.000   866.000   860.000   95.000   -21.394   59.577
19011.000   878.000   769.000   85.000   -21.332   59.582
19012.000   876.000   820.000   72.000   -21.269   59.587
19013.000   1020.000   745.000   86.000   -21.207   59.592
19014.000   947.000   735.000   78.000   -21.145   59.598
19015.000   929.000   789.000   74.000   -21.082   59.603
19016.000   847.000   649.000   87.000   -21.020   59.608
19017.000   887.000   702.000   78.000   -20.957   59.613
19018.000   946.000   694.000   86.000   -20.895   59.619
19019.000   870.000   689.000   91.000   -20.833   59.624
19020.000   883.000   609.000   90.000   -20.770   59.629
19021.000   952.000   622.000   94.000   -20.708   59.634
19022.000   907.000   656.000   100.000   -20.645   59.639
19023.000   908.000   622.000   83.000   -20.583   59.644
19024.000   933.000   575.000   96.000   -20.520   59.650
19025.000   924.000   660.000   66.000   -20.458   59.655
19026.000   841.000   597.000   91.000   -20.395   59.660
19027.000   864.000   615.000   68.000   -20.333   59.665
19028.000   849.000   587.000   91.000   -20.271   59.670
19029.000   890.000   566.000   97.000   -20.208   59.675
19030.000   878.000   568.000   77.000   -20.146   59.681
19031.000   888.000   608.000   65.000   -20.083   59.686
19032.000   853.000   510.000   81.000   -20.021   59.691
19033.000   891.000   600.000   80.000   -19.958   59.696
19034.000   894.000   580.000   77.000   -19.896   59.701
19035.000   899.000   535.000   92.000   -19.833   59.706
19036.000   867.000   561.000   63.000   -19.771   59.711
19037.000   986.000   568.000   89.000   -19.709   59.716
19038.000   887.000   562.000   86.000   -19.646   59.721
19039.000   862.000   529.000   69.000   -19.584   59.726
19040.000   899.000   538.000   69.000   -19.521   59.731
19041.000   872.000   530.000   66.000   -19.459   59.736
19042.000   923.000   546.000   85.000   -19.396   59.741
19043.000   910.000   466.000   72.000   -19.334   59.747
19044.000   925.000   456.000   74.000   -19.271   59.752
19045.000   978.000   489.000   90.000   -19.209   59.757
19046.000   857.000   519.000   69.000   -19.146   59.762
19047.000   966.000   475.000   90.000   -19.084   59.767
19048.000   851.000   526.000   72.000   -19.021   59.772
19049.000   999.000   502.000   97.000   -18.959   59.777
19050.000   865.000   477.000   77.000   -18.896   59.782
19051.000   820.000   476.000   98.000   -18.834   59.787
19052.000   903.000   511.000   86.000   -18.772   59.792
19053.000   930.000   597.000   88.000   -18.709   59.796
19054.000   904.000   486.000   79.000   -18.647   59.801
19055.000   911.000   480.000   82.000   -18.584   59.806
19056.000   934.000   471.000   71.000   -18.522   59.811
19057.000   964.000   469.000   75.000   -18.459   59.816
19058.000   926.000   468.000   70.000   -18.397   59.821
19059.000   883.000   468.000   88.000   -18.334   59.826
19060.000   857.000   447.000   84.000   -18.272   59.831
19061.000   843.000   444.000   81.000   -18.209   59.836
19062.000   823.000   462.000   84.000   -18.147   59.841
19063.000   886.000   487.000   82.000   -18.084   59.846
19064.000   890.000   495.000   78.000   -18.022   59.851
19065.000   1000.000   483.000   80.000   -17.959   59.856
19066.000   929.000   478.000   79.000   -17.897   59.860
19067.000   907.000   497.000   77.000   -17.834   59.865
19068.000   924.000   475.000   85.000   -17.772   59.870
19069.000   841.000   575.000   70.000   -17.709   59.875
19070.000   869.000   474.000   92.000   -17.647   59.880
19071.000   870.000   481.000   74.000   -17.584   59.885
19072.000   874.000   484.000   74.000   -17.522   59.890
19073.000   995.000   544.000   64.000   -17.459   59.894
19074.000   964.000   500.000   98.000   -17.397   59.899
19075.000   883.000   505.000   88.000   -17.334   59.904
19076.000   928.000   498.000   86.000   -17.272   59.909
19077.000   863.000   499.000   66.000   -17.209   59.914
19078.000   959.000   470.000   91.000   -17.147   59.919
19079.000   947.000   513.000   71.000   -17.084   59.923
19080.000   887.000   447.000   75.000   -17.022   59.928
19081.000   881.000   472.000   73.000   -16.959   59.933
19082.000   901.000   466.000   87.000   -16.897   59.938
19083.000   957.000   476.000   85.000   -16.834   59.943
19084.000   941.000   469.000   73.000   -16.772   59.947
19085.000   915.000   486.000   77.000   -16.709   59.952
19086.000   917.000   475.000   79.000   -16.647   59.957
19087.000   893.000   496.000   65.000   -16.584   59.962
19088.000   966.000   485.000   77.000   -16.522   59.966
19089.000   939.000   474.000   78.000   -16.459   59.971
19090.000   880.000   438.000   80.000   -16.396   59.976
19091.000   913.000   470.000   86.000   -16.334   59.981
19092.000   891.000   482.000   71.000   -16.271   59.985
19093.000   951.000   481.000   89.000   -16.209   59.990
19094.000   969.000   489.000   67.000   -16.146   59.995
19095.000   975.000   482.000   66.000   -16.084   59.999
19096.000   954.000   487.000   75.000   -16.021   60.004
19097.000   876.000   561.000   73.000   -15.959   60.009
19098.000   885.000   477.000   92.000   -15.896   60.014
19099.000   895.000   457.000   73.000   -15.834   60.018
19100.000   908.000   470.000   75.000   -15.771   60.023
19101.000   881.000   462.000   123.000   -15.709   60.028
19102.000   934.000   496.000   78.000   -15.646   60.032
19103.000   928.000   486.000   71.000   -15.584   60.037
19104.000   924.000   485.000   91.000   -15.521   60.042
19105.000   852.000   537.000   85.000   -15.458   60.046
19106.000   893.000   462.000   92.000   -15.396   60.051
19107.000   903.000   490.000   72.000   -15.333   60.056
19108.000   875.000   473.000   70.000   -15.271   60.060
19109.000   916.000   477.000   91.000   -15.208   60.065
19110.000   957.000   478.000   73.000   -15.146   60.069
19111.000   951.000   487.000   64.000   -15.083   60.074
19112.000   892.000   496.000   100.000   -15.021   60.079
19113.000   921.000   456.000   70.000   -14.958   60.083
19114.000   920.000   513.000   87.000   -14.896   60.088
19115.000   878.000   447.000   86.000   -14.833   60.093
19116.000   924.000   499.000   68.000   -14.770   60.097
19117.000   1007.000   477.000   93.000   -14.708   60.102
19118.000   874.000   480.000   72.000   -14.645   60.106
19119.000   911.000   469.000   64.000   -14.583   60.111
19120.000   933.000   494.000   61.000   -14.520   60.116
19121.000   937.000   453.000   75.000   -14.458   60.120
19122.000   879.000   456.000   83.000   -14.395   60.125
19123.000   899.000   430.000   73.000   -14.333   60.129
19124.000   888.000   510.000   62.000   -14.270   60.134
19125.000   919.000   468.000   95.000   -14.207   60.138
19126.000   911.000   492.000   82.000   -14.145   60.143
19127.000   905.000   489.000   71.000   -14.082   60.147
19128.000   931.000   453.000   75.000   -14.020   60.152
19129.000   938.000   492.000   60.000   -13.957   60.157
19130.000   928.000   453.000   69.000   -13.895   60.161
19131.000   877.000   476.000   86.000   -13.832   60.166
19132.000   909.000   456.000   97.000   -13.769   60.170
19133.000   990.000   507.000   91.000   -13.707   60.175
19134.000   964.000   467.000   73.000   -13.644   60.179
19135.000   927.000   476.000   67.000   -13.582   60.184
19136.000   1001.000   483.000   80.000   -13.519   60.188
19137.000   905.000   524.000   82.000   -13.457   60.193
19138.000   953.000   483.000   79.000   -13.394   60.197
19139.000   946.000   465.000   74.000   -13.331   60.202
19140.000   901.000   477.000   87.000   -13.269   60.206
19141.000   952.000   486.000   82.000   -13.206   60.211
19142.000   914.000   482.000   75.000   -13.144   60.215
19143.000   913.000   517.000   80.000   -13.081   60.220
19144.000   887.000   511.000   59.000   -13.018   60.224
19145.000   915.000   594.000   82.000   -12.956   60.229
19146.000   886.000   508.000   87.000   -12.893   60.233
19147.000   911.000   481.000   74.000   -12.831   60.238
19148.000   941.000   477.000   85.000   -12.768   60.242
19149.000   843.000   468.000   83.000   -12.706   60.246
19150.000   875.000   493.000   68.000   -12.643   60.251
19151.000   920.000   455.000   68.000   -12.580   60.255
19152.000   902.000   492.000   84.000   -12.518   60.260
19153.000   873.000   488.000   72.000   -12.455   60.264
19154.000   1271.000   459.000   67.000   -12.393   60.269
19155.000   1181.000   440.000   65.000   -12.330   60.273
19156.000   1272.000   464.000   77.000   -12.267   60.277
19157.000   1258.000   485.000   71.000   -12.205   60.282
19158.000   1258.000   464.000   63.000   -12.142   60.286
19159.000   1232.000   492.000   80.000   -12.080   60.291
19160.000   1255.000   485.000   72.000   -12.017   60.295
19161.000   1262.000   448.000   72.000   -11.954   60.300
19162.000   1233.000   490.000   63.000   -11.892   60.304
19163.000   1207.000   452.000   84.000   -11.829   60.308
19164.000   1183.000   442.000   67.000   -11.767   60.313
19165.000   1268.000   499.000   63.000   -11.704   60.317
19166.000   1280.000   502.000   78.000   -11.641   60.321
19167.000   1195.000   437.000   66.000   -11.579   60.326
19168.000   1186.000   503.000   85.000   -11.516   60.330
19169.000   1186.000   505.000   64.000   -11.454   60.335
19170.000   1156.000   462.000   71.000   -11.391   60.339
19171.000   1252.000   399.000   73.000   -11.328   60.343
19172.000   1164.000   481.000   79.000   -11.266   60.348
19173.000   1224.000   479.000   69.000   -11.203   60.352
19174.000   1187.000   465.000   81.000   -11.141   60.356
19175.000   1208.000   452.000   74.000   -11.078   60.361
19176.000   1153.000   479.000   62.000   -11.015   60.365
19177.000   1147.000   500.000   73.000   -10.953   60.369
19178.000   1165.000   488.000   71.000   -10.890   60.374
19179.000   1124.000   452.000   80.000   -10.827   60.378
19180.000   1170.000   485.000   81.000   -10.765   60.382
19181.000   1230.000   475.000   79.000   -10.702   60.387
19182.000   1104.000   421.000   65.000   -10.640   60.391
19183.000   1119.000   461.000   70.000   -10.577   60.395
19184.000   1101.000   447.000   83.000   -10.514   60.400
19185.000   1081.000   472.000   67.000   -10.452   60.404
19186.000   1085.000   467.000   66.000   -10.389   60.408
19187.000   1100.000   464.000   75.000   -10.326   60.413
19188.000   1058.000   484.000   69.000   -10.264   60.417
19189.000   1054.000   462.000   66.000   -10.201   60.421
19190.000   1102.000   452.000   73.000   -10.139   60.426
19191.000   1033.000   443.000   71.000   -10.076   60.430
19192.000   1097.000   458.000   80.000   -10.013   60.434
19193.000   1125.000   477.000   78.000   -9.951   60.439
19194.000   1037.000   491.000   65.000   -9.888   60.443
19195.000   1061.000   437.000   67.000   -9.825   60.447
19196.000   1075.000   514.000   68.000   -9.763   60.451
19197.000   1068.000   466.000   75.000   -9.700   60.456
19198.000   1053.000   446.000   75.000   -9.638   60.460
19199.000   1023.000   455.000   81.000   -9.575   60.464
19200.000   17661.000   17293.000   81.000   -9.512   60.468
19201.000   22260.000   21886.000   70.000   -9.450   60.473
19202.000   2173.000   2120.000   64.000   -9.387   60.477
19203.000   23911.000   23579.000   70.000   -9.324   60.481
19204.000   758.000   515.000   70.000   -9.262   60.485
19205.000   813.000   540.000   83.000   -9.199   60.490
19206.000   810.000   471.000   66.000   -9.136   60.494
19207.000   755.000   491.000   63.000   -9.074   60.498
19208.000   816.000   484.000   77.000   -9.011   60.502
19209.000   851.000   473.000   73.000   -8.949   60.507
19210.000   845.000   466.000   73.000   -8.886   60.511
19211.000   739.000   513.000   64.000   -8.823   60.515
19212.000   797.000   503.000   72.000   -8.761   60.519
19213.000   769.000   523.000   74.000   -8.698   60.524
19214.000   805.000   492.000   82.000   -8.635   60.528
19215.000   769.000   504.000   95.000   -8.573   60.532
19216.000   808.000   490.000   69.000   -8.510   60.536
19217.000   771.000   454.000   93.000   -8.447   60.541
19218.000   787.000   462.000   71.000   -8.385   60.545
19219.000   839.000   459.000   78.000   -8.322   60.549
19220.000   812.000   483.000   77.000   -8.259   60.553
19221.000   828.000   536.000   74.000   -8.197   60.557
19222.000   872.000   447.000   75.000   -8.134   60.562
19223.000   831.000   500.000   68.000   -8.071   60.566
19224.000   783.000   533.000   70.000   -8.009   60.570
19225.000   809.000   506.000   74.000   -7.946   60.574
19226.000   802.000   509.000   80.000   -7.883   60.578
19227.000   789.000   495.000   74.000   -7.821   60.583
19228.000   820.000   459.000   75.000   -7.758   60.587
19229.000   775.000   533.000   72.000   -7.696   60.591
19230.000   797.000   487.000   66.000   -7.633   60.595
19231.000   784.000   497.000   73.000   -7.570   60.599
19232.000   755.000   496.000   83.000   -7.508   60.604
19233.000   738.000   458.000   62.000   -7.445   60.608
19234.000   817.000   470.000   72.000   -7.382   60.612
19235.000   792.000   480.000   88.000   -7.320   60.616
19236.000   781.000   503.000   70.000   -7.257   60.620
19237.000   787.000   552.000   64.000   -7.194   60.624
19238.000   823.000   475.000   83.000   -7.132   60.629
19239.000   813.000   494.000   65.000   -7.069   60.633
19240.000   809.000   511.000   84.000   -7.006   60.637
19241.000   826.000   460.000   83.000   -6.944   60.641
19242.000   751.000   481.000   71.000   -6.881   60.645
19243.000   780.000   494.000   67.000   -6.818   60.649
19244.000   837.000   473.000   76.000   -6.756   60.654
19245.000   870.000   532.000   71.000   -6.693   60.658
19246.000   789.000   469.000   63.000   -6.630   60.662
19247.000   769.000   510.000   68.000   -6.568   60.666
19248.000   785.000   484.000   74.000   -6.505   60.670
19249.000   763.000   522.000   75.000   -6.442   60.674
19250.000   794.000   451.000   83.000   -6.380   60.678
19251.000   776.000   487.000   58.000   -6.317   60.683
19252.000   829.000   464.000   80.000   -6.254   60.687
19253.000   808.000   555.000   73.000   -6.192   60.691
19254.000   791.000   516.000   74.000   -6.129   60.695
19255.000   775.000   452.000   84.000   -6.066   60.699
19256.000   828.000   509.000   57.000   -6.004   60.703
19257.000   773.000   493.000   75.000   -5.941   60.707
19258.000   824.000   465.000   84.000   -5.878   60.712
19259.000   792.000   466.000   70.000   -5.815   60.716
19260.000   781.000   17272.000   61.000   -5.753   60.720
19261.000   750.000   21966.000   87.000   -5.690   60.724
19262.000   810.000   2658.000   72.000   -5.627   60.728
19263.000   787.000   23576.000   60.000   -5.565   60.732
19264.000   755.000   480.000   58.000   -5.502   60.736
19265.000   779.000   490.000   95.000   -5.439   60.740
19266.000   834.000   458.000   64.000   -5.377   60.745
19267.000   775.000   407.000   64.000   -5.314   60.749
19268.000   780.000   445.000   67.000   -5.251   60.753
19269.000   746.000   478.000   71.000   -5.189   60.757
19270.000   763.000   423.000   75.000   -5.126   60.761
19271.000   819.000   478.000   78.000   -5.063   60.765
19272.000   795.000   435.000   56.000   -5.001   60.769
19273.000   812.000   426.000   83.000   -4.938   60.773
19274.000   854.000   449.000   69.000   -4.875   60.777
19275.000   811.000   448.000   69.000   -4.813   60.781
19276.000   818.000   419.000   71.000   -4.750   60.786
19277.000   929.000   493.000   71.000   -4.687   60.790
19278.000   805.000   445.000   69.000   -4.625   60.794
19279.000   783.000   459.000   67.000   -4.562   60.798
19280.000   757.000   440.000   65.000   -4.499   60.802
19281.000   840.000   439.000   83.000   -4.436   60.806
19282.000   686.000   446.000   84.000   -4.374   60.810
19283.000   683.000   467.000   66.000   -4.311   60.814
19284.000   627.000   480.000   76.000   -4.248   60.818
19285.000   592.000   438.000   78.000   -4.186   60.822
19286.000   725.000   410.000   58.000   -4.123   60.826
19287.000   633.000   428.000   65.000   -4.060   60.831
19288.000   660.000   430.000   69.000   -3.998   60.835
19289.000   745.000   427.000   83.000   -3.935   60.839
19290.000   682.000   454.000   79.000   -3.872   60.843
19291.000   679.000   452.000   67.000   -3.810   60.847
19292.000   704.000   410.000   65.000   -3.747   60.851
19293.000   658.000   423.000   78.000   -3.684   60.855
19294.000   668.000   427.000   61.000   -3.621   60.859
19295.000   634.000   421.000   90.000   -3.559   60.863
19296.000   662.000   417.000   80.000   -3.496   60.867
19297.000   760.000   452.000   115.000   -3.433   60.871
19298.000   699.000   407.000   77.000   -3.371   60.875
19299.000   580.000   464.000   64.000   -3.308   60.880
19300.000   663.000   453.000   73.000   -3.245   60.884
19301.000   652.000   413.000   71.000   -3.183   60.888
19302.000   667.000   446.000   75.000   -3.120   60.892
19303.000   639.000   433.000   70.000   -3.057   60.896
19304.000   670.000   457.000   78.000   -2.994   60.900
19305.000   821.000   387.000   87.000   -2.932   60.904
19306.000   688.000   386.000   83.000   -2.869   60.908
19307.000   699.000   379.000   67.000   -2.806   60.912
19308.000   678.000   401.000   79.000   -2.744   60.916
19309.000   716.000   414.000   71.000   -2.681   60.920
19310.000   638.000   408.000   79.000   -2.618   60.924
19311.000   696.000   429.000   92.000   -2.556   60.928
19312.000   666.000   415.000   84.000   -2.493   60.932
19313.000   807.000   438.000   83.000   -2.430   60.936
19314.000   706.000   434.000   64.000   -2.367   60.940
19315.000   640.000   456.000   69.000   -2.305   60.945
19316.000   686.000   397.000   60.000   -2.242   60.949
19317.000   661.000   436.000   63.000   -2.179   60.953
19318.000   700.000   430.000   55.000   -2.117   60.957
19319.000   678.000   443.000   60.000   -2.054   60.961
19320.000   17381.000   411.000   47.000   -1.991   60.965
19321.000   22130.000   409.000   65.000   -1.928   60.969
19322.000   1674.000   371.000   64.000   -1.866   60.973
19323.000   23670.000   427.000   70.000   -1.803   60.977
19324.000   624.000   381.000   49.000   -1.740   60.981
19325.000   592.000   395.000   50.000   -1.678   60.985
19326.000   641.000   423.000   49.000   -1.615   60.989
19327.000   594.000   382.000   71.000   -1.552   60.993
19328.000   621.000   441.000   61.000   -1.489   60.997
19329.000   700.000   390.000   58.000   -1.427   61.001
19330.000   628.000   442.000   59.000   -1.364   61.005
19331.000   599.000   428.000   51.000   -1.301   61.009
19332.000   624.000   421.000   47.000   -1.239   61.013
19333.000   613.000   428.000   54.000   -1.176   61.017
19334.000   606.000   394.000   56.000   -1.113   61.021
19335.000   639.000   418.000   58.000   -1.050   61.026
19336.000   609.000   429.000   63.000   -0.988   61.030
19337.000   712.000   411.000   65.000   -0.925   61.034
19338.000   598.000   430.000   63.000   -0.862   61.038
19339.000   594.000   449.000   53.000   -0.800   61.042
19340.000   606.000   412.000   47.000   -0.737   61.046
19341.000   732.000   425.000   57.000   -0.674   61.050
19342.000   610.000   423.000   69.000   -0.611   61.054
19343.000   600.000   375.000   64.000   -0.549   61.058
19344.000   616.000   404.000   59.000   -0.486   61.062
19345.000   591.000   405.000   67.000   -0.423   61.066
19346.000   623.000   414.000   61.000   -0.361   61.070
19347.000   621.000   422.000   63.000   -0.298   61.074
19348.000   575.000   375.000   56.000   -0.235   61.078
19349.000   595.000   432.000   62.000   -0.172   61.082
19350.000   624.000   408.000   51.000   -0.110   61.086
19351.000   611.000   427.000   44.000   -0.047   61.090
19352.000   624.000   391.000   66.000   00.016   61.094
19353.000   641.000   404.000   64.000   00.078   61.098
19354.000   649.000   398.000   49.000   00.141   61.102
19355.000   618.000   450.000   60.000   00.204   61.106
19356.000   600.000   434.000   57.000   00.267   61.111
19357.000   619.000   406.000   75.000   00.329   61.115
19358.000   627.000   412.000   60.000   00.392   61.119
19359.000   603.000   433.000   46.000   00.455   61.123
19360.000   606.000   423.000   55.000   00.517   61.127
19361.000   658.000   402.000   53.000   00.580   61.131
19362.000   607.000   421.000   48.000   00.643   61.135
19363.000   629.000   409.000   59.000   00.706   61.139
19364.000   596.000   426.000   57.000   00.768   61.143
19365.000   696.000   440.000   35.000   00.831   61.147
19366.000   610.000   412.000   51.000   00.894   61.151
19367.000   624.000   394.000   48.000   00.957   61.155
19368.000   568.000   420.000   55.000   01.019   61.159
19369.000   623.000   516.000   56.000   01.082   61.163
19370.000   614.000   422.000   53.000   01.145   61.167
19371.000   614.000   384.000   50.000   01.207   61.171
19372.000   622.000   470.000   63.000   01.270   61.175
19373.000   664.000   417.000   56.000   01.333   61.179
19374.000   621.000   431.000   50.000   01.396   61.183
19375.000   641.000   406.000   44.000   01.458   61.187
19376.000   601.000   400.000   48.000   01.521   61.191
19377.000   594.000   408.000   57.000   01.584   61.196
19378.000   594.000   397.000   60.000   01.647   61.200
19379.000   631.000   398.000   42.000   01.709   61.204
19380.000   627.000   434.000   44.000   01.772   61.208
19381.000   709.000   438.000   65.000   01.835   61.212
19382.000   622.000   400.000   58.000   01.897   61.216
19383.000   626.000   426.000   51.000   01.960   61.220
19384.000   641.000   418.000   60.000   02.023   61.224
19385.000   651.000   440.000   57.000   02.086   61.228
19386.000   628.000   416.000   45.000   02.148   61.232
19387.000   633.000   395.000   49.000   02.211   61.236
19388.000   596.000   458.000   59.000   02.274   61.240
19389.000   703.000   496.000   60.000   02.337   61.244
19390.000   623.000   425.000   52.000   02.399   61.248
19391.000   588.000   370.000   56.000   02.462   61.252
19392.000   632.000   389.000   60.000   02.525   61.256
19393.000   642.000   401.000   43.000   02.587   61.260
19394.000   642.000   390.000   50.000   02.650   61.264
19395.000   649.000   383.000   44.000   02.713   61.269
19396.000   618.000   403.000   54.000   02.776   61.273
19397.000   614.000   386.000   53.000   02.838   61.277
19398.000   649.000   442.000   49.000   02.901   61.281
19399.000   605.000   405.000   44.000   02.964   61.285
19400.000   584.000   439.000   59.000   03.027   61.289
19401.000   640.000   430.000   50.000   03.089   61.293
19402.000   575.000   408.000   59.000   03.152   61.297
19403.000   629.000   401.000   55.000   03.215   61.301
19404.000   615.000   393.000   48.000   03.277   61.305
19405.000   655.000   567.000   44.000   03.340   61.309
19406.000   641.000   418.000   46.000   03.403   61.313
19407.000   602.000   435.000   45.000   03.466   61.317
19408.000   605.000   427.000   44.000   03.528   61.321
19409.000   619.000   427.000   41.000   03.591   61.326
19410.000   636.000   428.000   55.000   03.654   61.330
19411.000   605.000   427.000   55.000   03.717   61.334
19412.000   592.000   392.000   65.000   03.779   61.338
19413.000   613.000   388.000   42.000   03.842   61.342
19414.000   632.000   425.000   62.000   03.905   61.346
19415.000   622.000   403.000   56.000   03.968   61.350
19416.000   548.000   427.000   72.000   04.030   61.354
19417.000   621.000   425.000   40.000   04.093   61.358
19418.000   622.000   407.000   69.000   04.156   61.362
19419.000   608.000   411.000   46.000   04.218   61.366
19420.000   624.000   408.000   44.000   04.281   61.371
19421.000   596.000   375.000   53.000   04.344   61.375
19422.000   624.000   424.000   55.000   04.407   61.379
19423.000   611.000   406.000   53.000   04.469   61.383
19424.000   605.000   438.000   55.000   04.532   61.387
19425.000   671.000   427.000   68.000   04.595   61.391
19426.000   589.000   414.000   53.000   04.658   61.395
19427.000   637.000   422.000   53.000   04.720   61.399
19428.000   586.000   450.000   43.000   04.783   61.403
19429.000   640.000   451.000   57.000   04.846   61.407
19430.000   620.000   389.000   64.000   04.909   61.412
19431.000   616.000   409.000   62.000   04.971   61.416
19432.000   608.000   422.000   62.000   05.034   61.420
19433.000   616.000   410.000   50.000   05.097   61.424
19434.000   651.000   410.000   43.000   05.159   61.428
19435.000   609.000   442.000   42.000   05.222   61.432
19436.000   649.000   382.000   52.000   05.285   61.436
19437.000   630.000   514.000   56.000   05.348   61.440
19438.000   619.000   418.000   45.000   05.410   61.444
19439.000   638.000   397.000   52.000   05.473   61.449
