Time range: [ 04:10:37.000  04:35:59.000 ]
Time range duration: 25.0 min, 22.0 sec
Longitude range: [ 71.0  251.0 ]
15037.000   838.000   365.000   251.000   82.520   168.914
15038.000   849.000   382.000   171.000   82.520   169.390
15039.000   830.000   397.000   186.000   82.520   169.867
15040.000   810.000   362.000   206.000   82.519   170.343
15041.000   911.000   367.000   181.000   82.517   170.819
15042.000   763.000   364.000   172.000   82.515   171.295
15043.000   840.000   346.000   184.000   82.513   171.770
15044.000   764.000   375.000   164.000   82.509   172.245
15045.000   797.000   403.000   189.000   82.506   172.720
15046.000   770.000   361.000   153.000   82.502   173.194
15047.000   851.000   363.000   158.000   82.497   173.668
15048.000   784.000   371.000   159.000   82.492   174.141
15049.000   860.000   472.000   197.000   82.486   174.614
15050.000   808.000   376.000   195.000   82.480   175.085
15051.000   718.000   348.000   176.000   82.473   175.556
15052.000   814.000   426.000   164.000   82.466   176.026
15053.000   771.000   392.000   251.000   82.458   176.495
15054.000   834.000   401.000   223.000   82.450   176.963
15055.000   799.000   358.000   191.000   82.441   177.430
15056.000   789.000   391.000   169.000   82.432   177.896
15057.000   743.000   367.000   195.000   82.422   178.361
15058.000   748.000   356.000   199.000   82.412   178.824
15059.000   815.000   348.000   181.000   82.401   179.286
15060.000   819.000   409.000   159.000   82.390   179.747
15061.000   808.000   398.000   185.000   82.378   -179.794
15062.000   798.000   366.000   152.000   82.366   -179.336
15063.000   808.000   358.000   168.000   82.353   -178.879
15064.000   793.000   367.000   178.000   82.340   -178.424
15065.000   833.000   388.000   170.000   82.327   -177.971
15066.000   789.000   392.000   200.000   82.312   -177.519
15067.000   761.000   376.000   187.000   82.298   -177.069
15068.000   773.000   414.000   157.000   82.283   -176.621
15069.000   833.000   475.000   199.000   82.267   -176.175
15070.000   770.000   398.000   182.000   82.251   -175.730
15071.000   747.000   351.000   172.000   82.234   -175.287
15072.000   800.000   365.000   193.000   82.217   -174.846
15073.000   832.000   364.000   177.000   82.200   -174.407
15074.000   851.000   366.000   154.000   82.182   -173.971
15075.000   819.000   351.000   174.000   82.164   -173.536
15076.000   770.000   385.000   189.000   82.145   -173.103
15077.000   817.000   355.000   187.000   82.126   -172.672
15078.000   912.000   406.000   160.000   82.106   -172.244
15079.000   803.000   388.000   187.000   82.086   -171.817
15080.000   799.000   415.000   210.000   82.065   -171.393
15081.000   778.000   394.000   155.000   82.044   -170.971
15082.000   815.000   376.000   183.000   82.023   -170.551
15083.000   837.000   389.000   171.000   82.001   -170.134
15084.000   834.000   396.000   181.000   81.978   -169.719
15085.000   858.000   550.000   148.000   81.956   -169.306
15086.000   861.000   398.000   194.000   81.932   -168.896
15087.000   810.000   423.000   195.000   81.909   -168.488
15088.000   818.000   408.000   184.000   81.885   -168.082
15089.000   798.000   392.000   164.000   81.860   -167.679
15090.000   824.000   404.000   188.000   81.836   -167.278
15091.000   777.000   418.000   188.000   81.810   -166.880
15092.000   765.000   370.000   174.000   81.785   -166.484
15093.000   802.000   367.000   210.000   81.759   -166.091
15094.000   799.000   415.000   212.000   81.732   -165.700
15095.000   740.000   382.000   197.000   81.706   -165.311
15096.000   768.000   382.000   171.000   81.679   -164.926
15097.000   776.000   396.000   184.000   81.651   -164.542
15098.000   872.000   380.000   193.000   81.623   -164.162
15099.000   800.000   393.000   189.000   81.595   -163.783
15100.000   806.000   349.000   161.000   81.566   -163.408
15101.000   800.000   378.000   178.000   81.537   -163.035
15102.000   835.000   392.000   172.000   81.508   -162.664
15103.000   809.000   390.000   189.000   81.478   -162.296
15104.000   818.000   406.000   177.000   81.448   -161.931
15105.000   822.000   393.000   187.000   81.418   -161.568
15106.000   808.000   404.000   177.000   81.387   -161.208
15107.000   778.000   438.000   198.000   81.356   -160.851
15108.000   801.000   440.000   167.000   81.324   -160.496
15109.000   787.000   462.000   189.000   81.293   -160.143
15110.000   829.000   389.000   174.000   81.261   -159.794
15111.000   790.000   394.000   163.000   81.228   -159.446
15112.000   787.000   406.000   202.000   81.195   -159.102
15113.000   866.000   387.000   186.000   81.162   -158.760
15114.000   781.000   395.000   157.000   81.129   -158.420
15115.000   826.000   403.000   188.000   81.095   -158.083
15116.000   801.000   371.000   180.000   81.061   -157.749
15117.000   857.000   488.000   187.000   81.027   -157.417
15118.000   837.000   434.000   196.000   80.992   -157.088
15119.000   857.000   367.000   206.000   80.958   -156.761
15120.000   1250.000   432.000   73.000   80.922   -156.437
15121.000   1188.000   417.000   64.000   80.887   -156.116
15122.000   1155.000   410.000   71.000   80.851   -155.796
15123.000   1236.000   381.000   96.000   80.815   -155.480
15124.000   1294.000   386.000   89.000   80.779   -155.166
15125.000   1259.000   406.000   81.000   80.742   -154.854
15126.000   1207.000   402.000   91.000   80.705   -154.545
15127.000   1197.000   376.000   81.000   80.668   -154.238
15128.000   1257.000   366.000   96.000   80.631   -153.934
15129.000   1269.000   371.000   90.000   80.593   -153.632
15130.000   1191.000   368.000   76.000   80.555   -153.333
15131.000   1221.000   372.000   74.000   80.517   -153.036
15132.000   1246.000   414.000   76.000   80.478   -152.741
15133.000   1244.000   483.000   87.000   80.440   -152.449
15134.000   1254.000   386.000   72.000   80.401   -152.159
15135.000   1207.000   394.000   84.000   80.361   -151.872
15136.000   1206.000   365.000   76.000   80.322   -151.587
15137.000   1342.000   385.000   75.000   80.282   -151.304
15138.000   1219.000   396.000   69.000   80.242   -151.024
15139.000   1144.000   362.000   65.000   80.202   -150.746
15140.000   1167.000   403.000   76.000   80.162   -150.470
15141.000   1214.000   438.000   83.000   80.121   -150.196
15142.000   1164.000   375.000   83.000   80.080   -149.925
15143.000   1225.000   391.000   84.000   80.039   -149.656
15144.000   1199.000   413.000   76.000   79.998   -149.389
15145.000   1158.000   379.000   70.000   79.956   -149.125
15146.000   1238.000   357.000   78.000   79.915   -148.862
15147.000   1236.000   414.000   76.000   79.873   -148.602
15148.000   1248.000   362.000   85.000   79.831   -148.344
15149.000   1186.000   407.000   83.000   79.788   -148.088
15150.000   1232.000   433.000   95.000   79.746   -147.834
15151.000   1236.000   347.000   80.000   79.703   -147.583
15152.000   1179.000   371.000   83.000   79.660   -147.333
15153.000   1098.000   412.000   76.000   79.617   -147.085
15154.000   1187.000   383.000   86.000   79.573   -146.840
15155.000   1180.000   389.000   78.000   79.530   -146.597
15156.000   1191.000   379.000   75.000   79.486   -146.355
15157.000   1316.000   400.000   87.000   79.442   -146.116
15158.000   1123.000   403.000   81.000   79.398   -145.879
15159.000   1141.000   336.000   83.000   79.354   -145.643
15160.000   1161.000   391.000   73.000   79.309   -145.410
15161.000   1146.000   377.000   64.000   79.265   -145.179
15162.000   1162.000   411.000   78.000   79.220   -144.949
15163.000   1103.000   384.000   85.000   79.175   -144.721
15164.000   1106.000   382.000   80.000   79.130   -144.496
15165.000   1226.000   380.000   83.000   79.084   -144.272
15166.000   1100.000   393.000   76.000   79.039   -144.050
15167.000   1128.000   416.000   83.000   78.993   -143.830
15168.000   1139.000   363.000   73.000   78.947   -143.612
15169.000   1099.000   424.000   79.000   78.901   -143.395
15170.000   1215.000   396.000   75.000   78.855   -143.181
15171.000   1144.000   355.000   67.000   78.809   -142.968
15172.000   1126.000   388.000   87.000   78.762   -142.757
15173.000   1332.000   477.000   87.000   78.716   -142.547
15174.000   1196.000   349.000   57.000   78.669   -142.340
15175.000   1130.000   403.000   81.000   78.622   -142.134
15176.000   1085.000   375.000   65.000   78.575   -141.930
15177.000   1176.000   376.000   91.000   78.528   -141.727
15178.000   1198.000   394.000   73.000   78.480   -141.527
15179.000   1139.000   357.000   104.000   78.433   -141.327
15180.000   1194.000   399.000   82.000   78.385   -141.130
15181.000   1193.000   382.000   70.000   78.337   -140.934
15182.000   1200.000   391.000   91.000   78.290   -140.740
15183.000   1061.000   392.000   63.000   78.241   -140.547
15184.000   1151.000   342.000   78.000   78.193   -140.356
15185.000   1127.000   422.000   73.000   78.145   -140.167
15186.000   1073.000   425.000   67.000   78.097   -139.979
15187.000   1112.000   397.000   74.000   78.048   -139.792
15188.000   1083.000   373.000   73.000   77.999   -139.607
15189.000   1123.000   353.000   67.000   77.950   -139.424
15190.000   1034.000   393.000   68.000   77.901   -139.242
15191.000   1066.000   414.000   67.000   77.852   -139.062
15192.000   1065.000   368.000   77.000   77.803   -138.883
15193.000   1104.000   389.000   73.000   77.754   -138.705
15194.000   1121.000   388.000   73.000   77.704   -138.529
15195.000   1062.000   392.000   78.000   77.655   -138.355
15196.000   1111.000   398.000   75.000   77.605   -138.181
15197.000   1176.000   422.000   69.000   77.555   -138.009
15198.000   1131.000   409.000   78.000   77.505   -137.839
15199.000   1124.000   404.000   79.000   77.455   -137.670
15200.000   1093.000   393.000   95.000   77.405   -137.502
15201.000   1112.000   398.000   73.000   77.355   -137.336
15202.000   1121.000   396.000   82.000   77.305   -137.171
15203.000   1159.000   376.000   106.000   77.254   -137.007
15204.000   1190.000   383.000   77.000   77.204   -136.845
15205.000   1183.000   359.000   75.000   77.153   -136.683
15206.000   1124.000   402.000   91.000   77.102   -136.524
15207.000   1192.000   358.000   72.000   77.052   -136.365
15208.000   1062.000   408.000   79.000   77.001   -136.208
15209.000   1231.000   358.000   89.000   76.949   -136.052
15210.000   1085.000   355.000   92.000   76.898   -135.897
15211.000   1104.000   371.000   72.000   76.847   -135.743
15212.000   1185.000   387.000   90.000   76.796   -135.591
15213.000   1179.000   494.000   84.000   76.744   -135.439
15214.000   1183.000   386.000   78.000   76.693   -135.289
15215.000   1142.000   379.000   90.000   76.641   -135.140
15216.000   1147.000   367.000   77.000   76.589   -134.993
15217.000   1256.000   344.000   91.000   76.538   -134.846
15218.000   1096.000   386.000   86.000   76.486   -134.701
15219.000   1158.000   402.000   74.000   76.434   -134.556
15220.000   1112.000   362.000   73.000   76.382   -134.413
15221.000   1151.000   369.000   84.000   76.329   -134.271
15222.000   1116.000   371.000   70.000   76.277   -134.130
15223.000   1158.000   407.000   80.000   76.225   -133.990
15224.000   1104.000   408.000   68.000   76.172   -133.851
15225.000   1260.000   379.000   111.000   76.120   -133.713
15226.000   1241.000   379.000   75.000   76.067   -133.576
15227.000   1180.000   408.000   108.000   76.015   -133.441
15228.000   1217.000   386.000   68.000   75.962   -133.306
15229.000   1234.000   474.000   73.000   75.909   -133.172
15230.000   1271.000   370.000   85.000   75.856   -133.040
15231.000   1256.000   392.000   68.000   75.803   -132.908
15232.000   1287.000   377.000   59.000   75.750   -132.777
15233.000   1391.000   439.000   75.000   75.697   -132.647
15234.000   1350.000   389.000   82.000   75.644   -132.519
15235.000   1349.000   406.000   78.000   75.591   -132.391
15236.000   1264.000   370.000   90.000   75.537   -132.264
15237.000   1353.000   408.000   77.000   75.484   -132.138
15238.000   1310.000   370.000   65.000   75.430   -132.013
15239.000   1345.000   378.000   59.000   75.377   -131.889
15240.000   1286.000   378.000   58.000   75.323   -131.766
15241.000   1331.000   392.000   50.000   75.270   -131.644
15242.000   1365.000   387.000   46.000   75.216   -131.523
15243.000   1387.000   373.000   69.000   75.162   -131.402
15244.000   1481.000   379.000   61.000   75.108   -131.283
15245.000   1398.000   409.000   49.000   75.054   -131.164
15246.000   1406.000   391.000   64.000   75.000   -131.046
15247.000   1487.000   413.000   57.000   74.946   -130.929
15248.000   1514.000   406.000   58.000   74.892   -130.813
15249.000   1566.000   402.000   68.000   74.838   -130.698
15250.000   1561.000   383.000   56.000   74.783   -130.584
15251.000   1581.000   369.000   53.000   74.729   -130.470
15252.000   1588.000   382.000   54.000   74.675   -130.357
15253.000   1616.000   391.000   50.000   74.620   -130.245
15254.000   7228.000   393.000   66.000   74.566   -130.134
15255.000   7453.000   399.000   51.000   74.511   -130.024
15256.000   7342.000   397.000   57.000   74.456   -129.914
15257.000   7162.000   521.000   56.000   74.402   -129.805
15258.000   7426.000   387.000   55.000   74.347   -129.697
15259.000   7342.000   352.000   66.000   74.292   -129.590
15260.000   7270.000   386.000   51.000   74.237   -129.483
15261.000   7103.000   392.000   56.000   74.182   -129.378
15262.000   6980.000   426.000   67.000   74.127   -129.273
15263.000   6854.000   397.000   49.000   74.072   -129.168
15264.000   6757.000   378.000   62.000   74.017   -129.065
15265.000   6755.000   449.000   49.000   73.962   -128.962
15266.000   6678.000   397.000   51.000   73.907   -128.860
15267.000   6577.000   423.000   51.000   73.852   -128.758
15268.000   6541.000   408.000   66.000   73.796   -128.658
15269.000   6387.000   411.000   51.000   73.741   -128.558
15270.000   6474.000   377.000   58.000   73.685   -128.458
15271.000   6383.000   426.000   49.000   73.630   -128.360
15272.000   6255.000   394.000   61.000   73.574   -128.262
15273.000   6185.000   380.000   54.000   73.519   -128.164
15274.000   6238.000   410.000   57.000   73.463   -128.068
15275.000   6086.000   383.000   47.000   73.408   -127.972
15276.000   6067.000   391.000   53.000   73.352   -127.876
15277.000   6129.000   397.000   50.000   73.296   -127.782
15278.000   5913.000   398.000   64.000   73.240   -127.688
15279.000   5979.000   398.000   61.000   73.185   -127.594
15280.000   6030.000   405.000   54.000   73.129   -127.501
15281.000   5964.000   393.000   56.000   73.073   -127.409
15282.000   5939.000   370.000   64.000   73.017   -127.318
15283.000   5916.000   370.000   60.000   72.961   -127.227
15284.000   5918.000   431.000   53.000   72.905   -127.136
15285.000   6003.000   387.000   64.000   72.849   -127.047
15286.000   5915.000   399.000   60.000   72.792   -126.957
15287.000   5989.000   446.000   51.000   72.736   -126.869
15288.000   5909.000   398.000   66.000   72.680   -126.781
15289.000   6062.000   411.000   56.000   72.624   -126.693
15290.000   6111.000   430.000   65.000   72.567   -126.607
15291.000   5965.000   394.000   40.000   72.511   -126.520
15292.000   6183.000   393.000   63.000   72.455   -126.435
15293.000   6111.000   431.000   51.000   72.398   -126.350
15294.000   6249.000   382.000   50.000   72.342   -126.265
15295.000   6291.000   401.000   59.000   72.285   -126.181
15296.000   6158.000   391.000   72.000   72.229   -126.097
15297.000   6108.000   448.000   66.000   72.172   -126.014
15298.000   6125.000   415.000   56.000   72.115   -125.932
15299.000   6232.000   382.000   65.000   72.059   -125.850
15300.000   6098.000   438.000   69.000   72.002   -125.769
15301.000   6450.000   394.000   60.000   71.945   -125.688
15302.000   6174.000   363.000   61.000   71.888   -125.608
15303.000   6421.000   437.000   57.000   71.832   -125.528
15304.000   6583.000   425.000   52.000   71.775   -125.448
15305.000   6444.000   503.000   50.000   71.718   -125.370
15306.000   6640.000   351.000   64.000   71.661   -125.291
15307.000   6590.000   346.000   52.000   71.604   -125.213
15308.000   6751.000   335.000   59.000   71.547   -125.136
15309.000   6617.000   314.000   66.000   71.490   -125.059
15310.000   6670.000   329.000   65.000   71.433   -124.983
15311.000   6864.000   337.000   49.000   71.376   -124.907
15312.000   6992.000   356.000   68.000   71.319   -124.832
15313.000   7072.000   327.000   66.000   71.261   -124.757
15314.000   1767.000   317.000   57.000   71.204   -124.682
15315.000   1798.000   310.000   53.000   71.147   -124.608
15316.000   1848.000   341.000   62.000   71.090   -124.535
15317.000   1854.000   323.000   55.000   71.032   -124.461
15318.000   1848.000   342.000   56.000   70.975   -124.389
15319.000   1792.000   335.000   54.000   70.918   -124.317
15320.000   1886.000   351.000   65.000   70.860   -124.245
15321.000   1880.000   329.000   59.000   70.803   -124.173
15322.000   1934.000   336.000   60.000   70.745   -124.102
15323.000   1821.000   328.000   54.000   70.688   -124.032
15324.000   1769.000   319.000   58.000   70.630   -123.962
15325.000   1833.000   359.000   61.000   70.573   -123.892
15326.000   1865.000   351.000   51.000   70.515   -123.823
15327.000   1838.000   311.000   52.000   70.458   -123.754
15328.000   1791.000   361.000   54.000   70.400   -123.686
15329.000   1889.000   354.000   42.000   70.342   -123.618
15330.000   1885.000   336.000   56.000   70.285   -123.550
15331.000   1819.000   310.000   77.000   70.227   -123.483
15332.000   1825.000   351.000   64.000   70.169   -123.416
15333.000   1877.000   329.000   56.000   70.111   -123.350
15334.000   1857.000   315.000   50.000   70.053   -123.284
15335.000   1781.000   322.000   50.000   69.996   -123.218
15336.000   1847.000   363.000   55.000   69.938   -123.153
15337.000   1850.000   334.000   59.000   69.880   -123.088
15338.000   1748.000   354.000   47.000   69.822   -123.024
15339.000   1826.000   329.000   61.000   69.764   -122.960
15340.000   1729.000   347.000   41.000   69.706   -122.896
15341.000   1814.000   313.000   59.000   69.648   -122.833
15342.000   1738.000   298.000   49.000   69.590   -122.770
15343.000   1771.000   316.000   62.000   69.532   -122.707
15344.000   1728.000   342.000   55.000   69.474   -122.645
15345.000   1745.000   355.000   52.000   69.416   -122.583
15346.000   1728.000   355.000   61.000   69.358   -122.522
15347.000   1707.000   343.000   58.000   69.299   -122.460
15348.000   1725.000   323.000   51.000   69.241   -122.400
15349.000   1695.000   346.000   76.000   69.183   -122.339
15350.000   1750.000   338.000   59.000   69.125   -122.279
15351.000   1694.000   322.000   62.000   69.066   -122.219
15352.000   1721.000   342.000   62.000   69.008   -122.160
15353.000   1722.000   313.000   49.000   68.950   -122.101
15354.000   1702.000   353.000   73.000   68.892   -122.042
15355.000   1664.000   320.000   65.000   68.833   -121.983
15356.000   1645.000   367.000   52.000   68.775   -121.925
15357.000   1663.000   338.000   66.000   68.716   -121.867
15358.000   1609.000   290.000   64.000   68.658   -121.810
15359.000   1630.000   314.000   66.000   68.600   -121.753
15360.000   17617.000   17163.000   50.000   68.541   -121.696
15361.000   22237.000   21751.000   55.000   68.483   -121.640
15362.000   1896.000   2007.000   58.000   68.424   -121.583
15363.000   23872.000   23469.000   57.000   68.366   -121.527
15364.000   954.000   392.000   58.000   68.307   -121.472
15365.000   966.000   412.000   77.000   68.248   -121.417
15366.000   995.000   370.000   57.000   68.190   -121.362
15367.000   953.000   375.000   37.000   68.131   -121.307
15368.000   980.000   396.000   61.000   68.073   -121.253
15369.000   953.000   371.000   62.000   68.014   -121.198
15370.000   973.000   387.000   57.000   67.955   -121.145
15371.000   893.000   406.000   62.000   67.897   -121.091
15372.000   893.000   400.000   53.000   67.838   -121.038
15373.000   931.000   409.000   51.000   67.779   -120.985
15374.000   10460.000   394.000   59.000   67.720   -120.932
15375.000   10511.000   395.000   49.000   67.662   -120.880
15376.000   10404.000   389.000   63.000   67.603   -120.828
15377.000   10171.000   374.000   59.000   67.544   -120.776
15378.000   10310.000   376.000   59.000   67.485   -120.725
15379.000   9996.000   389.000   51.000   67.426   -120.674
15380.000   9898.000   401.000   50.000   67.367   -120.623
15381.000   9882.000   416.000   71.000   67.308   -120.572
15382.000   9650.000   371.000   57.000   67.250   -120.522
15383.000   9590.000   389.000   34.000   67.191   -120.471
15384.000   9634.000   444.000   59.000   67.132   -120.421
15385.000   9649.000   398.000   72.000   67.073   -120.372
15386.000   9297.000   397.000   64.000   67.014   -120.323
15387.000   9098.000   381.000   46.000   66.955   -120.273
15388.000   9164.000   352.000   53.000   66.896   -120.225
15389.000   8867.000   379.000   49.000   66.837   -120.176
15390.000   8857.000   426.000   63.000   66.778   -120.128
15391.000   9007.000   388.000   53.000   66.718   -120.080
15392.000   8873.000   384.000   51.000   66.659   -120.032
15393.000   8636.000   369.000   60.000   66.600   -119.984
15394.000   8721.000   399.000   74.000   66.541   -119.937
15395.000   8443.000   399.000   55.000   66.482   -119.890
15396.000   8498.000   429.000   43.000   66.423   -119.843
15397.000   8457.000   428.000   117.000   66.364   -119.796
15398.000   8496.000   407.000   48.000   66.304   -119.750
15399.000   8391.000   413.000   64.000   66.245   -119.704
15400.000   8320.000   427.000   47.000   66.186   -119.658
15401.000   8266.000   385.000   54.000   66.127   -119.612
15402.000   8287.000   397.000   54.000   66.067   -119.567
15403.000   8115.000   416.000   56.000   66.008   -119.522
15404.000   8161.000   394.000   65.000   65.949   -119.477
15405.000   8377.000   410.000   49.000   65.890   -119.432
15406.000   8156.000   375.000   52.000   65.830   -119.387
15407.000   8128.000   396.000   53.000   65.771   -119.343
15408.000   8223.000   393.000   56.000   65.711   -119.299
15409.000   7991.000   428.000   70.000   65.652   -119.255
15410.000   8135.000   362.000   62.000   65.593   -119.211
15411.000   8148.000   367.000   53.000   65.533   -119.168
15412.000   8056.000   391.000   43.000   65.474   -119.125
15413.000   8107.000   401.000   119.000   65.414   -119.082
15414.000   8258.000   422.000   54.000   65.355   -119.039
15415.000   8098.000   376.000   49.000   65.296   -118.996
15416.000   8356.000   408.000   56.000   65.236   -118.954
15417.000   8189.000   419.000   59.000   65.177   -118.912
15418.000   8200.000   404.000   50.000   65.117   -118.870
15419.000   8170.000   385.000   49.000   65.057   -118.828
15420.000   8198.000   17203.000   80.000   64.998   -118.787
15421.000   8218.000   21844.000   64.000   64.938   -118.745
15422.000   8313.000   2584.000   61.000   64.879   -118.704
15423.000   8307.000   23495.000   60.000   64.819   -118.663
15424.000   8218.000   384.000   59.000   64.760   -118.623
15425.000   8495.000   413.000   58.000   64.700   -118.582
15426.000   8457.000   383.000   53.000   64.640   -118.542
15427.000   8391.000   373.000   64.000   64.581   -118.502
15428.000   8407.000   402.000   57.000   64.521   -118.462
15429.000   8405.000   392.000   61.000   64.461   -118.422
15430.000   8526.000   348.000   64.000   64.402   -118.383
15431.000   8725.000   397.000   52.000   64.342   -118.343
15432.000   8589.000   382.000   55.000   64.282   -118.304
15433.000   8831.000   356.000   67.000   64.223   -118.265
15434.000   8995.000   398.000   54.000   64.163   -118.226
15435.000   9030.000   377.000   50.000   64.103   -118.188
15436.000   9012.000   356.000   68.000   64.043   -118.149
15437.000   9192.000   400.000   47.000   63.984   -118.111
15438.000   9078.000   379.000   50.000   63.924   -118.073
15439.000   9342.000   388.000   73.000   63.864   -118.035
15440.000   9369.000   366.000   67.000   63.804   -117.997
15441.000   9408.000   375.000   35.000   63.744   -117.960
15442.000   9174.000   395.000   65.000   63.685   -117.922
15443.000   9388.000   412.000   69.000   63.625   -117.885
15444.000   9493.000   426.000   48.000   63.565   -117.848
15445.000   9536.000   364.000   56.000   63.505   -117.811
15446.000   9467.000   352.000   58.000   63.445   -117.775
15447.000   9720.000   368.000   73.000   63.385   -117.738
15448.000   9761.000   365.000   62.000   63.325   -117.702
15449.000   9880.000   357.000   58.000   63.265   -117.666
15450.000   9823.000   382.000   61.000   63.206   -117.630
15451.000   9677.000   386.000   59.000   63.146   -117.594
15452.000   10062.000   342.000   58.000   63.086   -117.558
15453.000   10064.000   335.000   66.000   63.026   -117.523
15454.000   10179.000   352.000   68.000   62.966   -117.487
15455.000   9943.000   369.000   65.000   62.906   -117.452
15456.000   9909.000   370.000   47.000   62.846   -117.417
15457.000   10017.000   381.000   64.000   62.786   -117.382
15458.000   10041.000   352.000   60.000   62.726   -117.348
15459.000   9834.000   376.000   47.000   62.666   -117.313
15460.000   9970.000   396.000   50.000   62.606   -117.279
15461.000   9715.000   363.000   62.000   62.546   -117.244
15462.000   9675.000   374.000   67.000   62.485   -117.210
15463.000   9757.000   382.000   57.000   62.425   -117.176
15464.000   9623.000   389.000   56.000   62.365   -117.143
15465.000   9407.000   356.000   57.000   62.305   -117.109
15466.000   9198.000   338.000   65.000   62.245   -117.076
15467.000   9145.000   320.000   67.000   62.185   -117.042
15468.000   8816.000   357.000   59.000   62.125   -117.009
15469.000   8722.000   364.000   77.000   62.065   -116.976
15470.000   8561.000   380.000   64.000   62.005   -116.943
15471.000   8350.000   358.000   58.000   61.944   -116.910
15472.000   7911.000   343.000   71.000   61.884   -116.878
15473.000   7986.000   379.000   50.000   61.824   -116.845
15474.000   7396.000   378.000   56.000   61.764   -116.813
15475.000   7218.000   395.000   78.000   61.704   -116.781
15476.000   7063.000   378.000   51.000   61.643   -116.749
15477.000   6860.000   362.000   52.000   61.583   -116.717
15478.000   6790.000   362.000   173.000   61.523   -116.685
15479.000   6418.000   382.000   191.000   61.463   -116.654
15480.000   6131.000   344.000   181.000   61.403   -116.622
15481.000   5963.000   338.000   169.000   61.342   -116.591
15482.000   5418.000   317.000   163.000   61.282   -116.560
15483.000   5364.000   382.000   176.000   61.222   -116.529
15484.000   5271.000   336.000   188.000   61.161   -116.498
15485.000   4773.000   345.000   217.000   61.101   -116.467
15486.000   4700.000   375.000   179.000   61.041   -116.436
15487.000   4323.000   346.000   187.000   60.981   -116.406
15488.000   5006.000   381.000   184.000   60.920   -116.375
15489.000   3471.000   356.000   170.000   60.860   -116.345
15490.000   3029.000   401.000   204.000   60.800   -116.315
15491.000   2939.000   347.000   174.000   60.739   -116.285
15492.000   3200.000   368.000   168.000   60.679   -116.255
15493.000   2912.000   384.000   221.000   60.618   -116.226
15494.000   2877.000   344.000   176.000   60.558   -116.196
15495.000   2744.000   359.000   221.000   60.498   -116.166
15496.000   2434.000   377.000   189.000   60.437   -116.137
15497.000   1853.000   353.000   170.000   60.377   -116.108
15498.000   1660.000   383.000   151.000   60.316   -116.079
15499.000   1610.000   401.000   191.000   60.256   -116.050
15500.000   1589.000   362.000   169.000   60.196   -116.021
15501.000   1145.000   368.000   255.000   60.135   -115.992
15502.000   1030.000   382.000   179.000   60.075   -115.963
15503.000   884.000   304.000   189.000   60.014   -115.935
15504.000   845.000   383.000   179.000   59.954   -115.907
15505.000   834.000   364.000   182.000   59.893   -115.878
15506.000   749.000   376.000   174.000   59.833   -115.850
15507.000   780.000   382.000   158.000   59.772   -115.822
15508.000   740.000   335.000   191.000   59.712   -115.794
15509.000   813.000   385.000   185.000   59.651   -115.766
15510.000   816.000   363.000   183.000   59.591   -115.739
15511.000   819.000   369.000   218.000   59.530   -115.711
15512.000   822.000   337.000   174.000   59.470   -115.684
15513.000   782.000   358.000   175.000   59.409   -115.656
15514.000   822.000   344.000   194.000   59.349   -115.629
15515.000   822.000   390.000   173.000   59.288   -115.602
15516.000   831.000   381.000   175.000   59.228   -115.575
15517.000   838.000   365.000   251.000   59.167   -115.548
15518.000   849.000   382.000   171.000   59.106   -115.521
15519.000   830.000   397.000   186.000   59.046   -115.495
15520.000   810.000   362.000   206.000   58.985   -115.468
15521.000   911.000   367.000   181.000   58.925   -115.442
15522.000   763.000   364.000   172.000   58.864   -115.415
15523.000   840.000   346.000   184.000   58.803   -115.389
15524.000   764.000   375.000   164.000   58.743   -115.363
15525.000   797.000   403.000   189.000   58.682   -115.337
15526.000   770.000   361.000   153.000   58.622   -115.311
15527.000   851.000   363.000   158.000   58.561   -115.285
15528.000   784.000   371.000   159.000   58.500   -115.259
15529.000   860.000   472.000   197.000   58.440   -115.234
15530.000   808.000   376.000   195.000   58.379   -115.208
15531.000   718.000   348.000   176.000   58.318   -115.183
15532.000   814.000   426.000   164.000   58.258   -115.157
15533.000   771.000   392.000   251.000   58.197   -115.132
15534.000   834.000   401.000   223.000   58.136   -115.107
15535.000   799.000   358.000   191.000   58.075   -115.082
15536.000   789.000   391.000   169.000   58.015   -115.057
15537.000   743.000   367.000   195.000   57.954   -115.032
15538.000   748.000   356.000   199.000   57.893   -115.008
15539.000   815.000   348.000   181.000   57.833   -114.983
15540.000   819.000   409.000   159.000   57.772   -114.958
15541.000   808.000   398.000   185.000   57.711   -114.934
15542.000   798.000   366.000   152.000   57.650   -114.910
15543.000   808.000   358.000   168.000   57.590   -114.885
15544.000   793.000   367.000   178.000   57.529   -114.861
15545.000   833.000   388.000   170.000   57.468   -114.837
15546.000   789.000   392.000   200.000   57.407   -114.813
15547.000   761.000   376.000   187.000   57.346   -114.789
15548.000   773.000   414.000   157.000   57.286   -114.766
15549.000   833.000   475.000   199.000   57.225   -114.742
15550.000   770.000   398.000   182.000   57.164   -114.718
15551.000   747.000   351.000   172.000   57.103   -114.695
15552.000   800.000   365.000   193.000   57.042   -114.671
15553.000   832.000   364.000   177.000   56.982   -114.648
15554.000   851.000   366.000   154.000   56.921   -114.625
15555.000   819.000   351.000   174.000   56.860   -114.602
15556.000   770.000   385.000   189.000   56.799   -114.579
15557.000   817.000   355.000   187.000   56.738   -114.556
15558.000   912.000   406.000   160.000   56.677   -114.533
15559.000   803.000   388.000   187.000   56.616   -114.510
15560.000   799.000   415.000   210.000   56.556   -114.487
15561.000   778.000   394.000   155.000   56.495   -114.465
15562.000   815.000   376.000   183.000   56.434   -114.442
15563.000   837.000   389.000   171.000   56.373   -114.420
15564.000   834.000   396.000   181.000   56.312   -114.397
15565.000   858.000   550.000   148.000   56.251   -114.375
15566.000   861.000   398.000   194.000   56.190   -114.353
15567.000   810.000   423.000   195.000   56.129   -114.331
15568.000   818.000   408.000   184.000   56.068   -114.309
15569.000   798.000   392.000   164.000   56.008   -114.287
15570.000   824.000   404.000   188.000   55.947   -114.265
15571.000   777.000   418.000   188.000   55.886   -114.243
15572.000   765.000   370.000   174.000   55.825   -114.222
15573.000   802.000   367.000   210.000   55.764   -114.200
15574.000   799.000   415.000   212.000   55.703   -114.178
15575.000   740.000   382.000   197.000   55.642   -114.157
15576.000   768.000   382.000   171.000   55.581   -114.136
15577.000   776.000   396.000   184.000   55.520   -114.114
15578.000   872.000   380.000   193.000   55.459   -114.093
15579.000   800.000   393.000   189.000   55.398   -114.072
15580.000   806.000   349.000   161.000   55.337   -114.051
15581.000   800.000   378.000   178.000   55.276   -114.030
15582.000   835.000   392.000   172.000   55.215   -114.009
15583.000   809.000   390.000   189.000   55.154   -113.988
15584.000   818.000   406.000   177.000   55.093   -113.967
15585.000   822.000   393.000   187.000   55.032   -113.947
15586.000   808.000   404.000   177.000   54.971   -113.926
15587.000   778.000   438.000   198.000   54.910   -113.906
15588.000   801.000   440.000   167.000   54.849   -113.885
15589.000   787.000   462.000   189.000   54.788   -113.865
15590.000   829.000   389.000   174.000   54.727   -113.844
15591.000   790.000   394.000   163.000   54.666   -113.824
15592.000   787.000   406.000   202.000   54.605   -113.804
15593.000   866.000   387.000   186.000   54.544   -113.784
15594.000   781.000   395.000   157.000   54.482   -113.764
15595.000   826.000   403.000   188.000   54.421   -113.744
15596.000   801.000   371.000   180.000   54.360   -113.724
15597.000   857.000   488.000   187.000   54.299   -113.704
15598.000   837.000   434.000   196.000   54.238   -113.685
15599.000   857.000   367.000   206.000   54.177   -113.665
15600.000   1250.000   9663.000   11384.000   54.116   -113.645
15601.000   1188.000   9540.000   11180.000   54.055   -113.626
15602.000   1155.000   9353.000   10836.000   53.994   -113.606
15603.000   1236.000   9238.000   10402.000   53.933   -113.587
15604.000   1294.000   8772.000   10051.000   53.872   -113.568
15605.000   1259.000   8707.000   9937.000   53.810   -113.548
15606.000   1207.000   8386.000   9671.000   53.749   -113.529
15607.000   1197.000   8405.000   8925.000   53.688   -113.510
15608.000   1257.000   8013.000   8724.000   53.627   -113.491
15609.000   1269.000   7890.000   8304.000   53.566   -113.472
15610.000   1191.000   7398.000   7824.000   53.505   -113.453
15611.000   1221.000   7288.000   7472.000   53.444   -113.434
15612.000   1246.000   6807.000   7111.000   53.382   -113.416
15613.000   1244.000   6611.000   6706.000   53.321   -113.397
15614.000   1254.000   6410.000   6356.000   53.260   -113.378
15615.000   1207.000   6288.000   5991.000   53.199   -113.360
15616.000   1206.000   6001.000   5471.000   53.138   -113.341
15617.000   1342.000   5533.000   5233.000   53.077   -113.323
15618.000   1219.000   5197.000   5017.000   53.015   -113.304
15619.000   1144.000   4974.000   4601.000   52.954   -113.286
15620.000   1167.000   4597.000   4320.000   52.893   -113.268
15621.000   1214.000   4414.000   4007.000   52.832   -113.249
15622.000   1164.000   4129.000   3631.000   52.771   -113.231
15623.000   1225.000   3941.000   3344.000   52.709   -113.213
15624.000   1199.000   3670.000   3140.000   52.648   -113.195
15625.000   1158.000   3461.000   2968.000   52.587   -113.177
15626.000   1238.000   3181.000   2833.000   52.526   -113.159
15627.000   1236.000   2991.000   2656.000   52.464   -113.142
15628.000   1248.000   2782.000   2423.000   52.403   -113.124
15629.000   1186.000   2501.000   2219.000   52.342   -113.106
15630.000   1232.000   2524.000   2094.000   52.281   -113.089
15631.000   1236.000   2165.000   1979.000   52.219   -113.071
15632.000   1179.000   2177.000   1760.000   52.158   -113.053
15633.000   1098.000   2022.000   1663.000   52.097   -113.036
15634.000   1187.000   1834.000   1583.000   52.036   -113.019
15635.000   1180.000   1690.000   1495.000   51.974   -113.001
15636.000   1191.000   1598.000   1361.000   51.913   -112.984
15637.000   1316.000   1560.000   1250.000   51.852   -112.967
15638.000   1123.000   1389.000   1265.000   51.791   -112.950
15639.000   1141.000   1327.000   1164.000   51.729   -112.932
15640.000   1161.000   1285.000   1055.000   51.668   -112.915
15641.000   1146.000   1285.000   1054.000   51.607   -112.898
15642.000   1162.000   1159.000   917.000   51.545   -112.881
15643.000   1103.000   1113.000   872.000   51.484   -112.865
15644.000   1106.000   1021.000   825.000   51.423   -112.848
15645.000   1226.000   1036.000   792.000   51.362   -112.831
15646.000   1100.000   1007.000   752.000   51.300   -112.814
15647.000   1128.000   983.000   769.000   51.239   -112.798
15648.000   1139.000   860.000   732.000   51.178   -112.781
15649.000   1099.000   883.000   625.000   51.116   -112.764
15650.000   1215.000   860.000   615.000   51.055   -112.748
15651.000   1144.000   769.000   616.000   50.994   -112.732
15652.000   1126.000   820.000   613.000   50.932   -112.715
15653.000   1332.000   745.000   579.000   50.871   -112.699
15654.000   1196.000   735.000   550.000   50.810   -112.683
15655.000   1130.000   789.000   521.000   50.748   -112.666
15656.000   1085.000   649.000   518.000   50.687   -112.650
15657.000   1176.000   702.000   470.000   50.626   -112.634
15658.000   1198.000   694.000   455.000   50.564   -112.618
15659.000   1139.000   689.000   482.000   50.503   -112.602
15660.000   1194.000   609.000   479.000   50.441   -112.586
15661.000   1193.000   622.000   380.000   50.380   -112.570
15662.000   1200.000   656.000   401.000   50.319   -112.554
15663.000   1061.000   622.000   415.000   50.257   -112.538
15664.000   1151.000   575.000   396.000   50.196   -112.523
15665.000   1127.000   660.000   383.000   50.134   -112.507
15666.000   1073.000   597.000   330.000   50.073   -112.491
15667.000   1112.000   615.000   320.000   50.012   -112.476
15668.000   1083.000   587.000   314.000   49.950   -112.460
15669.000   1123.000   566.000   357.000   49.889   -112.445
15670.000   1034.000   568.000   294.000   49.827   -112.429
15671.000   1066.000   608.000   309.000   49.766   -112.414
15672.000   1065.000   510.000   291.000   49.705   -112.398
15673.000   1104.000   600.000   279.000   49.643   -112.383
15674.000   1121.000   580.000   278.000   49.582   -112.368
15675.000   1062.000   535.000   259.000   49.520   -112.353
15676.000   1111.000   561.000   254.000   49.459   -112.338
15677.000   1176.000   568.000   245.000   49.398   -112.322
15678.000   1131.000   562.000   239.000   49.336   -112.307
15679.000   1124.000   529.000   251.000   49.275   -112.292
15680.000   1093.000   538.000   231.000   49.213   -112.277
15681.000   1112.000   530.000   247.000   49.152   -112.262
15682.000   1121.000   546.000   241.000   49.090   -112.248
15683.000   1159.000   466.000   226.000   49.029   -112.233
15684.000   1190.000   456.000   234.000   48.967   -112.218
15685.000   1183.000   489.000   208.000   48.906   -112.203
15686.000   1124.000   519.000   210.000   48.844   -112.189
15687.000   1192.000   475.000   214.000   48.783   -112.174
15688.000   1062.000   526.000   193.000   48.721   -112.159
15689.000   1231.000   502.000   243.000   48.660   -112.145
15690.000   1085.000   477.000   218.000   48.599   -112.130
15691.000   1104.000   476.000   162.000   48.537   -112.116
15692.000   1185.000   511.000   209.000   48.476   -112.101
15693.000   1179.000   597.000   201.000   48.414   -112.087
15694.000   1183.000   486.000   174.000   48.353   -112.073
15695.000   1142.000   480.000   210.000   48.291   -112.059
15696.000   1147.000   471.000   179.000   48.230   -112.044
15697.000   1256.000   469.000   247.000   48.168   -112.030
15698.000   1096.000   468.000   185.000   48.107   -112.016
15699.000   1158.000   468.000   192.000   48.045   -112.002
15700.000   1112.000   447.000   165.000   47.984   -111.988
15701.000   1151.000   444.000   172.000   47.922   -111.974
15702.000   1116.000   462.000   154.000   47.860   -111.960
15703.000   1158.000   487.000   182.000   47.799   -111.946
15704.000   1104.000   495.000   178.000   47.737   -111.932
15705.000   1260.000   483.000   241.000   47.676   -111.918
15706.000   1241.000   478.000   161.000   47.614   -111.904
15707.000   1180.000   497.000   162.000   47.553   -111.891
15708.000   1217.000   475.000   171.000   47.491   -111.877
15709.000   1234.000   575.000   161.000   47.430   -111.863
15710.000   1271.000   474.000   176.000   47.368   -111.850
15711.000   1256.000   481.000   138.000   47.307   -111.836
15712.000   1287.000   484.000   163.000   47.245   -111.822
15713.000   1391.000   544.000   241.000   47.183   -111.809
15714.000   1350.000   500.000   179.000   47.122   -111.796
15715.000   1349.000   505.000   130.000   47.060   -111.782
15716.000   1264.000   498.000   189.000   46.999   -111.769
15717.000   1353.000   499.000   179.000   46.937   -111.755
15718.000   1310.000   470.000   163.000   46.876   -111.742
15719.000   1345.000   513.000   156.000   46.814   -111.729
15720.000   1286.000   447.000   160.000   46.752   -111.716
15721.000   1331.000   472.000   158.000   46.691   -111.702
15722.000   1365.000   466.000   117.000   46.629   -111.689
15723.000   1387.000   476.000   129.000   46.568   -111.676
15724.000   1481.000   469.000   189.000   46.506   -111.663
15725.000   1398.000   486.000   154.000   46.445   -111.650
15726.000   1406.000   475.000   174.000   46.383   -111.637
15727.000   1487.000   496.000   150.000   46.321   -111.624
15728.000   1514.000   485.000   141.000   46.260   -111.611
15729.000   1566.000   474.000   166.000   46.198   -111.598
15730.000   1561.000   438.000   150.000   46.136   -111.585
15731.000   1581.000   470.000   148.000   46.075   -111.573
15732.000   1588.000   482.000   132.000   46.013   -111.560
15733.000   1616.000   481.000   136.000   45.952   -111.547
15734.000   7228.000   489.000   159.000   45.890   -111.535
15735.000   7453.000   482.000   159.000   45.828   -111.522
15736.000   7342.000   487.000   146.000   45.767   -111.509
15737.000   7162.000   561.000   145.000   45.705   -111.497
15738.000   7426.000   477.000   158.000   45.643   -111.484
15739.000   7342.000   457.000   154.000   45.582   -111.472
15740.000   7270.000   470.000   147.000   45.520   -111.459
15741.000   7103.000   462.000   146.000   45.459   -111.447
15742.000   6980.000   496.000   129.000   45.397   -111.434
15743.000   6854.000   486.000   134.000   45.335   -111.422
15744.000   6757.000   485.000   140.000   45.274   -111.410
15745.000   6755.000   537.000   141.000   45.212   -111.397
15746.000   6678.000   462.000   153.000   45.150   -111.385
15747.000   6577.000   490.000   148.000   45.089   -111.373
15748.000   6541.000   473.000   157.000   45.027   -111.361
15749.000   6387.000   477.000   134.000   44.965   -111.349
15750.000   6474.000   478.000   143.000   44.904   -111.336
15751.000   6383.000   487.000   141.000   44.842   -111.324
15752.000   6255.000   496.000   154.000   44.780   -111.312
15753.000   6185.000   456.000   153.000   44.719   -111.300
15754.000   6238.000   513.000   151.000   44.657   -111.288
15755.000   6086.000   447.000   143.000   44.595   -111.276
15756.000   6067.000   499.000   122.000   44.534   -111.265
15757.000   6129.000   477.000   139.000   44.472   -111.253
15758.000   5913.000   480.000   134.000   44.410   -111.241
15759.000   5979.000   469.000   145.000   44.348   -111.229
15760.000   6030.000   494.000   152.000   44.287   -111.217
15761.000   5964.000   453.000   152.000   44.225   -111.206
15762.000   5939.000   456.000   141.000   44.163   -111.194
15763.000   5916.000   430.000   147.000   44.102   -111.182
15764.000   5918.000   510.000   164.000   44.040   -111.171
15765.000   6003.000   468.000   128.000   43.978   -111.159
15766.000   5915.000   492.000   135.000   43.916   -111.147
15767.000   5989.000   489.000   127.000   43.855   -111.136
15768.000   5909.000   453.000   148.000   43.793   -111.124
15769.000   6062.000   492.000   136.000   43.731   -111.113
15770.000   6111.000   453.000   135.000   43.670   -111.101
15771.000   5965.000   476.000   145.000   43.608   -111.090
15772.000   6183.000   456.000   138.000   43.546   -111.079
15773.000   6111.000   507.000   137.000   43.484   -111.067
15774.000   6249.000   467.000   138.000   43.423   -111.056
15775.000   6291.000   476.000   144.000   43.361   -111.045
15776.000   6158.000   483.000   126.000   43.299   -111.033
15777.000   6108.000   524.000   138.000   43.237   -111.022
15778.000   6125.000   483.000   142.000   43.176   -111.011
15779.000   6232.000   465.000   130.000   43.114   -111.000
15780.000   6098.000   477.000   128.000   43.052   -110.989
15781.000   6450.000   486.000   146.000   42.990   -110.978
15782.000   6174.000   482.000   163.000   42.929   -110.967
15783.000   6421.000   517.000   159.000   42.867   -110.956
15784.000   6583.000   511.000   142.000   42.805   -110.945
15785.000   6444.000   594.000   136.000   42.743   -110.934
15786.000   6640.000   508.000   142.000   42.682   -110.923
15787.000   6590.000   481.000   139.000   42.620   -110.912
15788.000   6751.000   477.000   152.000   42.558   -110.901
15789.000   6617.000   468.000   128.000   42.496   -110.890
15790.000   6670.000   493.000   124.000   42.435   -110.879
15791.000   6864.000   455.000   110.000   42.373   -110.868
15792.000   6992.000   492.000   142.000   42.311   -110.858
15793.000   7072.000   488.000   120.000   42.249   -110.847
15794.000   1767.000   459.000   130.000   42.187   -110.836
15795.000   1798.000   440.000   145.000   42.126   -110.826
15796.000   1848.000   464.000   147.000   42.064   -110.815
15797.000   1854.000   485.000   132.000   42.002   -110.804
15798.000   1848.000   464.000   123.000   41.940   -110.794
15799.000   1792.000   492.000   133.000   41.878   -110.783
15800.000   1886.000   485.000   123.000   41.817   -110.773
15801.000   1880.000   448.000   126.000   41.755   -110.762
15802.000   1934.000   490.000   124.000   41.693   -110.752
15803.000   1821.000   452.000   147.000   41.631   -110.741
15804.000   1769.000   442.000   127.000   41.569   -110.731
15805.000   1833.000   499.000   138.000   41.508   -110.720
15806.000   1865.000   502.000   147.000   41.446   -110.710
15807.000   1838.000   437.000   157.000   41.384   -110.700
15808.000   1791.000   503.000   151.000   41.322   -110.689
15809.000   1889.000   505.000   155.000   41.260   -110.679
15810.000   1885.000   462.000   138.000   41.198   -110.669
15811.000   1819.000   399.000   119.000   41.137   -110.659
15812.000   1825.000   481.000   124.000   41.075   -110.648
15813.000   1877.000   479.000   130.000   41.013   -110.638
15814.000   1857.000   465.000   135.000   40.951   -110.628
15815.000   1781.000   452.000   111.000   40.889   -110.618
15816.000   1847.000   479.000   129.000   40.827   -110.608
15817.000   1850.000   500.000   150.000   40.766   -110.598
15818.000   1748.000   488.000   127.000   40.704   -110.588
15819.000   1826.000   452.000   155.000   40.642   -110.578
15820.000   1729.000   485.000   133.000   40.580   -110.568
15821.000   1814.000   475.000   159.000   40.518   -110.558
15822.000   1738.000   421.000   138.000   40.456   -110.548
15823.000   1771.000   461.000   144.000   40.395   -110.538
15824.000   1728.000   447.000   146.000   40.333   -110.528
15825.000   1745.000   472.000   148.000   40.271   -110.518
15826.000   1728.000   467.000   142.000   40.209   -110.508
15827.000   1707.000   464.000   128.000   40.147   -110.498
15828.000   1725.000   484.000   123.000   40.085   -110.489
15829.000   1695.000   462.000   134.000   40.023   -110.479
15830.000   1750.000   452.000   124.000   39.961   -110.469
15831.000   1694.000   443.000   131.000   39.900   -110.459
15832.000   1721.000   458.000   143.000   39.838   -110.450
15833.000   1722.000   477.000   144.000   39.776   -110.440
15834.000   1702.000   491.000   122.000   39.714   -110.430
15835.000   1664.000   437.000   149.000   39.652   -110.421
15836.000   1645.000   514.000   121.000   39.590   -110.411
15837.000   1663.000   466.000   147.000   39.528   -110.402
15838.000   1609.000   446.000   106.000   39.466   -110.392
15839.000   1630.000   455.000   98.000   39.405   -110.383
15840.000   17617.000   17293.000   108.000   39.343   -110.373
15841.000   22237.000   21886.000   118.000   39.281   -110.364
15842.000   1896.000   2120.000   132.000   39.219   -110.354
15843.000   23872.000   23579.000   149.000   39.157   -110.345
15844.000   954.000   515.000   148.000   39.095   -110.335
15845.000   966.000   540.000   215.000   39.033   -110.326
15846.000   995.000   471.000   132.000   38.971   -110.317
15847.000   953.000   491.000   103.000   38.909   -110.307
15848.000   980.000   484.000   130.000   38.847   -110.298
15849.000   953.000   473.000   128.000   38.786   -110.289
15850.000   973.000   466.000   130.000   38.724   -110.280
15851.000   893.000   513.000   113.000   38.662   -110.270
15852.000   893.000   503.000   128.000   38.600   -110.261
15853.000   931.000   523.000   119.000   38.538   -110.252
15854.000   10460.000   492.000   132.000   38.476   -110.243
15855.000   10511.000   504.000   135.000   38.414   -110.234
15856.000   10404.000   490.000   122.000   38.352   -110.225
15857.000   10171.000   454.000   115.000   38.290   -110.215
15858.000   10310.000   462.000   115.000   38.228   -110.206
15859.000   9996.000   459.000   133.000   38.166   -110.197
15860.000   9898.000   483.000   125.000   38.104   -110.188
15861.000   9882.000   536.000   113.000   38.043   -110.179
15862.000   9650.000   447.000   97.000   37.981   -110.170
15863.000   9590.000   500.000   130.000   37.919   -110.161
15864.000   9634.000   533.000   104.000   37.857   -110.152
15865.000   9649.000   506.000   123.000   37.795   -110.144
15866.000   9297.000   509.000   109.000   37.733   -110.135
15867.000   9098.000   495.000   120.000   37.671   -110.126
15868.000   9164.000   459.000   138.000   37.609   -110.117
15869.000   8867.000   533.000   210.000   37.547   -110.108
15870.000   8857.000   487.000   116.000   37.485   -110.099
15871.000   9007.000   497.000   96.000   37.423   -110.091
15872.000   8873.000   496.000   121.000   37.361   -110.082
15873.000   8636.000   458.000   123.000   37.299   -110.073
15874.000   8721.000   470.000   108.000   37.237   -110.064
15875.000   8443.000   480.000   132.000   37.175   -110.056
15876.000   8498.000   503.000   118.000   37.113   -110.047
15877.000   8457.000   552.000   113.000   37.051   -110.038
15878.000   8496.000   475.000   121.000   36.989   -110.030
15879.000   8391.000   494.000   102.000   36.927   -110.021
15880.000   8320.000   511.000   123.000   36.865   -110.012
15881.000   8266.000   460.000   136.000   36.803   -110.004
15882.000   8287.000   481.000   140.000   36.741   -109.995
15883.000   8115.000   494.000   115.000   36.679   -109.987
15884.000   8161.000   473.000   100.000   36.618   -109.978
15885.000   8377.000   532.000   115.000   36.556   -109.970
15886.000   8156.000   469.000   131.000   36.494   -109.961
15887.000   8128.000   510.000   98.000   36.432   -109.953
15888.000   8223.000   484.000   114.000   36.370   -109.944
15889.000   7991.000   522.000   104.000   36.308   -109.936
15890.000   8135.000   451.000   119.000   36.246   -109.928
15891.000   8148.000   487.000   125.000   36.184   -109.919
15892.000   8056.000   464.000   111.000   36.122   -109.911
15893.000   8107.000   555.000   215.000   36.060   -109.903
15894.000   8258.000   516.000   124.000   35.998   -109.894
15895.000   8098.000   452.000   103.000   35.936   -109.886
15896.000   8356.000   509.000   122.000   35.874   -109.878
15897.000   8189.000   493.000   109.000   35.812   -109.869
15898.000   8200.000   465.000   119.000   35.750   -109.861
15899.000   8170.000   466.000   119.000   35.688   -109.853
15900.000   8198.000   17272.000   96.000   35.626   -109.845
15901.000   8218.000   21966.000   108.000   35.564   -109.837
15902.000   8313.000   2658.000   112.000   35.502   -109.828
15903.000   8307.000   23576.000   105.000   35.440   -109.820
15904.000   8218.000   480.000   107.000   35.378   -109.812
15905.000   8495.000   490.000   138.000   35.316   -109.804
15906.000   8457.000   458.000   116.000   35.254   -109.796
15907.000   8391.000   407.000   118.000   35.192   -109.788
15908.000   8407.000   445.000   140.000   35.130   -109.780
15909.000   8405.000   478.000   100.000   35.068   -109.772
15910.000   8526.000   423.000   104.000   35.006   -109.764
15911.000   8725.000   478.000   119.000   34.943   -109.756
15912.000   8589.000   435.000   110.000   34.881   -109.748
15913.000   8831.000   426.000   98.000   34.819   -109.740
15914.000   8995.000   449.000   106.000   34.757   -109.732
15915.000   9030.000   448.000   119.000   34.695   -109.724
15916.000   9012.000   419.000   107.000   34.633   -109.716
15917.000   9192.000   493.000   118.000   34.571   -109.708
15918.000   9078.000   445.000   113.000   34.509   -109.700
15919.000   9342.000   459.000   104.000   34.447   -109.693
15920.000   9369.000   440.000   112.000   34.385   -109.685
15921.000   9408.000   439.000   130.000   34.323   -109.677
15922.000   9174.000   446.000   107.000   34.261   -109.669
15923.000   9388.000   467.000   122.000   34.199   -109.661
15924.000   9493.000   480.000   113.000   34.137   -109.654
15925.000   9536.000   438.000   107.000   34.075   -109.646
15926.000   9467.000   410.000   141.000   34.013   -109.638
15927.000   9720.000   428.000   114.000   33.951   -109.630
15928.000   9761.000   430.000   104.000   33.889   -109.623
15929.000   9880.000   427.000   112.000   33.827   -109.615
15930.000   9823.000   454.000   98.000   33.765   -109.607
15931.000   9677.000   452.000   116.000   33.703   -109.600
15932.000   10062.000   410.000   129.000   33.641   -109.592
15933.000   10064.000   423.000   113.000   33.579   -109.585
15934.000   10179.000   427.000   127.000   33.516   -109.577
15935.000   9943.000   421.000   118.000   33.454   -109.569
15936.000   9909.000   417.000   92.000   33.392   -109.562
15937.000   10017.000   452.000   115.000   33.330   -109.554
15938.000   10041.000   407.000   119.000   33.268   -109.547
15939.000   9834.000   464.000   118.000   33.206   -109.539
15940.000   9970.000   453.000   109.000   33.144   -109.532
15941.000   9715.000   413.000   115.000   33.082   -109.524
15942.000   9675.000   446.000   110.000   33.020   -109.517
15943.000   9757.000   433.000   92.000   32.958   -109.509
15944.000   9623.000   457.000   115.000   32.896   -109.502
15945.000   9407.000   387.000   99.000   32.834   -109.495
15946.000   9198.000   386.000   115.000   32.772   -109.487
15947.000   9145.000   379.000   101.000   32.710   -109.480
15948.000   8816.000   401.000   112.000   32.647   -109.473
15949.000   8722.000   414.000   99.000   32.585   -109.465
15950.000   8561.000   408.000   103.000   32.523   -109.458
15951.000   8350.000   429.000   92.000   32.461   -109.451
15952.000   7911.000   415.000   101.000   32.399   -109.443
15953.000   7986.000   438.000   112.000   32.337   -109.436
15954.000   7396.000   434.000   119.000   32.275   -109.429
15955.000   7218.000   456.000   114.000   32.213   -109.421
15956.000   7063.000   397.000   111.000   32.151   -109.414
15957.000   6860.000   436.000   123.000   32.089   -109.407
15958.000   6790.000   430.000   580.000   32.027   -109.400
15959.000   6418.000   443.000   591.000   31.964   -109.393
15960.000   6131.000   411.000   562.000   31.902   -109.385
15961.000   5963.000   409.000   555.000   31.840   -109.378
15962.000   5418.000   371.000   500.000   31.778   -109.371
15963.000   5364.000   427.000   465.000   31.716   -109.364
15964.000   5271.000   381.000   456.000   31.654   -109.357
15965.000   4773.000   395.000   451.000   31.592   -109.350
15966.000   4700.000   423.000   453.000   31.530   -109.343
15967.000   4323.000   382.000   407.000   31.468   -109.336
15968.000   5006.000   441.000   396.000   31.406   -109.329
15969.000   3471.000   390.000   365.000   31.343   -109.322
15970.000   3029.000   442.000   386.000   31.281   -109.315
15971.000   2939.000   428.000   363.000   31.219   -109.308
15972.000   3200.000   421.000   362.000   31.157   -109.301
15973.000   2912.000   428.000   316.000   31.095   -109.294
15974.000   2877.000   394.000   321.000   31.033   -109.287
15975.000   2744.000   418.000   294.000   30.971   -109.280
15976.000   2434.000   429.000   295.000   30.909   -109.273
15977.000   1853.000   411.000   284.000   30.846   -109.266
15978.000   1660.000   430.000   259.000   30.784   -109.259
15979.000   1610.000   449.000   239.000   30.722   -109.252
15980.000   1589.000   412.000   228.000   30.660   -109.245
15981.000   1145.000   425.000   232.000   30.598   -109.238
15982.000   1030.000   423.000   216.000   30.536   -109.232
15983.000   884.000   375.000   227.000   30.474   -109.225
15984.000   845.000   404.000   229.000   30.412   -109.218
15985.000   834.000   405.000   224.000   30.349   -109.211
15986.000   749.000   414.000   200.000   30.287   -109.204
15987.000   780.000   422.000   179.000   30.225   -109.197
15988.000   740.000   375.000   202.000   30.163   -109.191
15989.000   813.000   432.000   177.000   30.101   -109.184
15990.000   816.000   408.000   164.000   30.039   -109.177
15991.000   819.000   427.000   155.000   29.977   -109.171
15992.000   822.000   391.000   179.000   29.914   -109.164
15993.000   782.000   404.000   152.000   29.852   -109.157
15994.000   822.000   398.000   160.000   29.790   -109.150
15995.000   822.000   450.000   146.000   29.728   -109.144
15996.000   831.000   434.000   119.000   29.666   -109.137
15997.000   838.000   406.000   155.000   29.604   -109.130
15998.000   849.000   412.000   131.000   29.542   -109.124
15999.000   830.000   433.000   128.000   29.479   -109.117
16000.000   810.000   423.000   140.000   29.417   -109.111
16001.000   911.000   402.000   141.000   29.355   -109.104
16002.000   763.000   421.000   119.000   29.293   -109.097
16003.000   840.000   409.000   104.000   29.231   -109.091
16004.000   764.000   426.000   104.000   29.169   -109.084
16005.000   797.000   440.000   122.000   29.107   -109.078
16006.000   770.000   412.000   116.000   29.044   -109.071
16007.000   851.000   394.000   129.000   28.982   -109.065
16008.000   784.000   420.000   120.000   28.920   -109.058
16009.000   860.000   516.000   103.000   28.858   -109.052
16010.000   808.000   422.000   117.000   28.796   -109.045
16011.000   718.000   384.000   109.000   28.734   -109.039
16012.000   814.000   470.000   130.000   28.671   -109.032
16013.000   771.000   417.000   98.000   28.609   -109.026
16014.000   834.000   431.000   101.000   28.547   -109.020
16015.000   799.000   406.000   109.000   28.485   -109.013
16016.000   789.000   400.000   106.000   28.423   -109.007
16017.000   743.000   408.000   116.000   28.361   -109.000
16018.000   748.000   397.000   104.000   28.298   -108.994
16019.000   815.000   398.000   102.000   28.236   -108.988
16020.000   819.000   434.000   110.000   28.174   -108.981
16021.000   808.000   438.000   117.000   28.112   -108.975
16022.000   798.000   400.000   113.000   28.050   -108.969
16023.000   808.000   426.000   108.000   27.987   -108.962
16024.000   793.000   418.000   105.000   27.925   -108.956
16025.000   833.000   440.000   99.000   27.863   -108.950
16026.000   789.000   416.000   96.000   27.801   -108.943
16027.000   761.000   395.000   99.000   27.739   -108.937
16028.000   773.000   458.000   108.000   27.677   -108.931
16029.000   833.000   496.000   119.000   27.614   -108.925
16030.000   770.000   425.000   109.000   27.552   -108.918
16031.000   747.000   370.000   101.000   27.490   -108.912
16032.000   800.000   389.000   116.000   27.428   -108.906
16033.000   832.000   401.000   81.000   27.366   -108.900
16034.000   851.000   390.000   109.000   27.303   -108.894
16035.000   819.000   383.000   107.000   27.241   -108.888
16036.000   770.000   403.000   102.000   27.179   -108.881
16037.000   817.000   386.000   90.000   27.117   -108.875
16038.000   912.000   442.000   102.000   27.055   -108.869
16039.000   803.000   405.000   110.000   26.992   -108.863
16040.000   799.000   439.000   103.000   26.930   -108.857
16041.000   778.000   430.000   115.000   26.868   -108.851
16042.000   815.000   408.000   94.000   26.806   -108.845
16043.000   837.000   401.000   108.000   26.744   -108.839
16044.000   834.000   393.000   116.000   26.681   -108.832
16045.000   858.000   567.000   92.000   26.619   -108.826
16046.000   861.000   418.000   118.000   26.557   -108.820
16047.000   810.000   435.000   99.000   26.495   -108.814
16048.000   818.000   427.000   108.000   26.433   -108.808
16049.000   798.000   427.000   102.000   26.370   -108.802
16050.000   824.000   428.000   99.000   26.308   -108.796
16051.000   777.000   427.000   99.000   26.246   -108.790
16052.000   765.000   392.000   117.000   26.184   -108.784
16053.000   802.000   388.000   88.000   26.121   -108.778
16054.000   799.000   425.000   113.000   26.059   -108.772
16055.000   740.000   403.000   103.000   25.997   -108.766
16056.000   768.000   427.000   101.000   25.935   -108.761
16057.000   776.000   425.000   94.000   25.873   -108.755
16058.000   872.000   407.000   99.000   25.810   -108.749
16059.000   800.000   411.000   104.000   25.748   -108.743
16060.000   806.000   408.000   86.000   25.686   -108.737
16061.000   800.000   375.000   104.000   25.624   -108.731
16062.000   835.000   424.000   115.000   25.562   -108.725
16063.000   809.000   406.000   91.000   25.499   -108.719
16064.000   818.000   438.000   110.000   25.437   -108.713
16065.000   822.000   427.000   105.000   25.375   -108.708
16066.000   808.000   414.000   95.000   25.313   -108.702
16067.000   778.000   422.000   102.000   25.250   -108.696
16068.000   801.000   450.000   100.000   25.188   -108.690
16069.000   787.000   451.000   99.000   25.126   -108.684
16070.000   829.000   389.000   104.000   25.064   -108.679
16071.000   790.000   409.000   116.000   25.001   -108.673
16072.000   787.000   422.000   100.000   24.939   -108.667
16073.000   866.000   410.000   113.000   24.877   -108.661
16074.000   781.000   410.000   90.000   24.815   -108.655
16075.000   826.000   442.000   101.000   24.753   -108.650
16076.000   801.000   382.000   113.000   24.690   -108.644
16077.000   857.000   514.000   104.000   24.628   -108.638
16078.000   837.000   418.000   93.000   24.566   -108.633
16079.000   857.000   397.000   71.000   24.504   -108.627
16080.000   1250.000   9663.000   11384.000   24.441   -108.621
16081.000   1188.000   9540.000   11180.000   24.379   -108.615
16082.000   1155.000   9353.000   10836.000   24.317   -108.610
16083.000   1236.000   9238.000   10402.000   24.255   -108.604
16084.000   1294.000   8772.000   10051.000   24.192   -108.598
16085.000   1259.000   8707.000   9937.000   24.130   -108.593
16086.000   1207.000   8386.000   9671.000   24.068   -108.587
16087.000   1197.000   8405.000   8925.000   24.006   -108.582
16088.000   1257.000   8013.000   8724.000   23.943   -108.576
16089.000   1269.000   7890.000   8304.000   23.881   -108.570
16090.000   1191.000   7398.000   7824.000   23.819   -108.565
16091.000   1221.000   7288.000   7472.000   23.757   -108.559
16092.000   1246.000   6807.000   7111.000   23.694   -108.554
16093.000   1244.000   6611.000   6706.000   23.632   -108.548
16094.000   1254.000   6410.000   6356.000   23.570   -108.542
16095.000   1207.000   6288.000   5991.000   23.508   -108.537
16096.000   1206.000   6001.000   5471.000   23.445   -108.531
16097.000   1342.000   5533.000   5233.000   23.383   -108.526
16098.000   1219.000   5197.000   5017.000   23.321   -108.520
16099.000   1144.000   4974.000   4601.000   23.259   -108.515
16100.000   1167.000   4597.000   4320.000   23.196   -108.509
16101.000   1214.000   4414.000   4007.000   23.134   -108.504
16102.000   1164.000   4129.000   3631.000   23.072   -108.498
16103.000   1225.000   3941.000   3344.000   23.010   -108.493
16104.000   1199.000   3670.000   3140.000   22.947   -108.487
16105.000   1158.000   3461.000   2968.000   22.885   -108.482
16106.000   1238.000   3181.000   2833.000   22.823   -108.476
16107.000   1236.000   2991.000   2656.000   22.761   -108.471
16108.000   1248.000   2782.000   2423.000   22.698   -108.466
16109.000   1186.000   2501.000   2219.000   22.636   -108.460
16110.000   1232.000   2524.000   2094.000   22.574   -108.455
16111.000   1236.000   2165.000   1979.000   22.511   -108.449
16112.000   1179.000   2177.000   1760.000   22.449   -108.444
16113.000   1098.000   2022.000   1663.000   22.387   -108.438
16114.000   1187.000   1834.000   1583.000   22.325   -108.433
16115.000   1180.000   1690.000   1495.000   22.262   -108.428
16116.000   1191.000   1598.000   1361.000   22.200   -108.422
16117.000   1316.000   1560.000   1250.000   22.138   -108.417
16118.000   1123.000   1389.000   1265.000   22.076   -108.412
16119.000   1141.000   1327.000   1164.000   22.013   -108.406
16120.000   1161.000   1285.000   1055.000   21.951   -108.401
16121.000   1146.000   1285.000   1054.000   21.889   -108.396
16122.000   1162.000   1159.000   917.000   21.826   -108.390
16123.000   1103.000   1113.000   872.000   21.764   -108.385
16124.000   1106.000   1021.000   825.000   21.702   -108.380
16125.000   1226.000   1036.000   792.000   21.640   -108.374
16126.000   1100.000   1007.000   752.000   21.577   -108.369
16127.000   1128.000   983.000   769.000   21.515   -108.364
16128.000   1139.000   860.000   732.000   21.453   -108.359
16129.000   1099.000   883.000   625.000   21.390   -108.353
16130.000   1215.000   860.000   615.000   21.328   -108.348
16131.000   1144.000   769.000   616.000   21.266   -108.343
16132.000   1126.000   820.000   613.000   21.204   -108.338
16133.000   1332.000   745.000   579.000   21.141   -108.332
16134.000   1196.000   735.000   550.000   21.079   -108.327
16135.000   1130.000   789.000   521.000   21.017   -108.322
16136.000   1085.000   649.000   518.000   20.954   -108.317
16137.000   1176.000   702.000   470.000   20.892   -108.312
16138.000   1198.000   694.000   455.000   20.830   -108.306
16139.000   1139.000   689.000   482.000   20.768   -108.301
16140.000   1194.000   609.000   479.000   20.705   -108.296
16141.000   1193.000   622.000   380.000   20.643   -108.291
16142.000   1200.000   656.000   401.000   20.581   -108.286
16143.000   1061.000   622.000   415.000   20.518   -108.281
16144.000   1151.000   575.000   396.000   20.456   -108.275
16145.000   1127.000   660.000   383.000   20.394   -108.270
16146.000   1073.000   597.000   330.000   20.332   -108.265
16147.000   1112.000   615.000   320.000   20.269   -108.260
16148.000   1083.000   587.000   314.000   20.207   -108.255
16149.000   1123.000   566.000   357.000   20.145   -108.250
16150.000   1034.000   568.000   294.000   20.082   -108.245
16151.000   1066.000   608.000   309.000   20.020   -108.240
16152.000   1065.000   510.000   291.000   19.958   -108.235
16153.000   1104.000   600.000   279.000   19.895   -108.229
16154.000   1121.000   580.000   278.000   19.833   -108.224
16155.000   1062.000   535.000   259.000   19.771   -108.219
16156.000   1111.000   561.000   254.000   19.709   -108.214
16157.000   1176.000   568.000   245.000   19.646   -108.209
16158.000   1131.000   562.000   239.000   19.584   -108.204
16159.000   1124.000   529.000   251.000   19.522   -108.199
16160.000   1093.000   538.000   231.000   19.459   -108.194
16161.000   1112.000   530.000   247.000   19.397   -108.189
16162.000   1121.000   546.000   241.000   19.335   -108.184
16163.000   1159.000   466.000   226.000   19.272   -108.179
16164.000   1190.000   456.000   234.000   19.210   -108.174
16165.000   1183.000   489.000   208.000   19.148   -108.169
16166.000   1124.000   519.000   210.000   19.086   -108.164
16167.000   1192.000   475.000   214.000   19.023   -108.159
16168.000   1062.000   526.000   193.000   18.961   -108.154
16169.000   1231.000   502.000   243.000   18.899   -108.149
16170.000   1085.000   477.000   218.000   18.836   -108.144
16171.000   1104.000   476.000   162.000   18.774   -108.139
16172.000   1185.000   511.000   209.000   18.712   -108.134
16173.000   1179.000   597.000   201.000   18.649   -108.129
16174.000   1183.000   486.000   174.000   18.587   -108.125
16175.000   1142.000   480.000   210.000   18.525   -108.120
16176.000   1147.000   471.000   179.000   18.462   -108.115
16177.000   1256.000   469.000   247.000   18.400   -108.110
16178.000   1096.000   468.000   185.000   18.338   -108.105
16179.000   1158.000   468.000   192.000   18.275   -108.100
16180.000   1112.000   447.000   165.000   18.213   -108.095
16181.000   1151.000   444.000   172.000   18.151   -108.090
16182.000   1116.000   462.000   154.000   18.088   -108.085
16183.000   1158.000   487.000   182.000   18.026   -108.080
16184.000   1104.000   495.000   178.000   17.964   -108.076
16185.000   1260.000   483.000   241.000   17.902   -108.071
16186.000   1241.000   478.000   161.000   17.839   -108.066
16187.000   1180.000   497.000   162.000   17.777   -108.061
16188.000   1217.000   475.000   171.000   17.715   -108.056
16189.000   1234.000   575.000   161.000   17.652   -108.051
16190.000   1271.000   474.000   176.000   17.590   -108.047
16191.000   1256.000   481.000   138.000   17.528   -108.042
16192.000   1287.000   484.000   163.000   17.465   -108.037
16193.000   1391.000   544.000   241.000   17.403   -108.032
16194.000   1350.000   500.000   179.000   17.341   -108.027
16195.000   1349.000   505.000   130.000   17.278   -108.022
16196.000   1264.000   498.000   189.000   17.216   -108.018
16197.000   1353.000   499.000   179.000   17.154   -108.013
16198.000   1310.000   470.000   163.000   17.091   -108.008
16199.000   1345.000   513.000   156.000   17.029   -108.003
16200.000   1286.000   447.000   160.000   16.967   -107.999
16201.000   1331.000   472.000   158.000   16.904   -107.994
16202.000   1365.000   466.000   117.000   16.842   -107.989
16203.000   1387.000   476.000   129.000   16.780   -107.984
16204.000   1481.000   469.000   189.000   16.717   -107.980
16205.000   1398.000   486.000   154.000   16.655   -107.975
16206.000   1406.000   475.000   174.000   16.593   -107.970
16207.000   1487.000   496.000   150.000   16.530   -107.965
16208.000   1514.000   485.000   141.000   16.468   -107.961
16209.000   1566.000   474.000   166.000   16.406   -107.956
16210.000   1561.000   438.000   150.000   16.343   -107.951
16211.000   1581.000   470.000   148.000   16.281   -107.947
16212.000   1588.000   482.000   132.000   16.219   -107.942
16213.000   1616.000   481.000   136.000   16.156   -107.937
16214.000   7228.000   489.000   159.000   16.094   -107.932
16215.000   7453.000   482.000   159.000   16.032   -107.928
16216.000   7342.000   487.000   146.000   15.969   -107.923
16217.000   7162.000   561.000   145.000   15.907   -107.918
16218.000   7426.000   477.000   158.000   15.845   -107.914
16219.000   7342.000   457.000   154.000   15.782   -107.909
16220.000   7270.000   470.000   147.000   15.720   -107.904
16221.000   7103.000   462.000   146.000   15.658   -107.900
16222.000   6980.000   496.000   129.000   15.595   -107.895
16223.000   6854.000   486.000   134.000   15.533   -107.891
16224.000   6757.000   485.000   140.000   15.471   -107.886
16225.000   6755.000   537.000   141.000   15.408   -107.881
16226.000   6678.000   462.000   153.000   15.346   -107.877
16227.000   6577.000   490.000   148.000   15.284   -107.872
16228.000   6541.000   473.000   157.000   15.221   -107.867
16229.000   6387.000   477.000   134.000   15.159   -107.863
16230.000   6474.000   478.000   143.000   15.097   -107.858
16231.000   6383.000   487.000   141.000   15.034   -107.854
16232.000   6255.000   496.000   154.000   14.972   -107.849
16233.000   6185.000   456.000   153.000   14.910   -107.844
16234.000   6238.000   513.000   151.000   14.847   -107.840
16235.000   6086.000   447.000   143.000   14.785   -107.835
16236.000   6067.000   499.000   122.000   14.723   -107.831
16237.000   6129.000   477.000   139.000   14.660   -107.826
16238.000   5913.000   480.000   134.000   14.598   -107.822
16239.000   5979.000   469.000   145.000   14.535   -107.817
16240.000   6030.000   494.000   152.000   14.473   -107.813
16241.000   5964.000   453.000   152.000   14.411   -107.808
16242.000   5939.000   456.000   141.000   14.348   -107.803
16243.000   5916.000   430.000   147.000   14.286   -107.799
16244.000   5918.000   510.000   164.000   14.224   -107.794
16245.000   6003.000   468.000   128.000   14.161   -107.790
16246.000   5915.000   492.000   135.000   14.099   -107.785
16247.000   5989.000   489.000   127.000   14.037   -107.781
16248.000   5909.000   453.000   148.000   13.974   -107.776
16249.000   6062.000   492.000   136.000   13.912   -107.772
16250.000   6111.000   453.000   135.000   13.850   -107.767
16251.000   5965.000   476.000   145.000   13.787   -107.763
16252.000   6183.000   456.000   138.000   13.725   -107.758
16253.000   6111.000   507.000   137.000   13.663   -107.754
16254.000   6249.000   467.000   138.000   13.600   -107.749
16255.000   6291.000   476.000   144.000   13.538   -107.745
16256.000   6158.000   483.000   126.000   13.476   -107.740
16257.000   6108.000   524.000   138.000   13.413   -107.736
16258.000   6125.000   483.000   142.000   13.351   -107.731
16259.000   6232.000   465.000   130.000   13.288   -107.727
16260.000   6098.000   477.000   128.000   13.226   -107.723
16261.000   6450.000   486.000   146.000   13.164   -107.718
16262.000   6174.000   482.000   163.000   13.101   -107.714
16263.000   6421.000   517.000   159.000   13.039   -107.709
16264.000   6583.000   511.000   142.000   12.977   -107.705
16265.000   6444.000   594.000   136.000   12.914   -107.700
16266.000   6640.000   508.000   142.000   12.852   -107.696
16267.000   6590.000   481.000   139.000   12.790   -107.691
16268.000   6751.000   477.000   152.000   12.727   -107.687
16269.000   6617.000   468.000   128.000   12.665   -107.683
16270.000   6670.000   493.000   124.000   12.603   -107.678
16271.000   6864.000   455.000   110.000   12.540   -107.674
16272.000   6992.000   492.000   142.000   12.478   -107.669
16273.000   7072.000   488.000   120.000   12.415   -107.665
16274.000   1767.000   459.000   130.000   12.353   -107.661
16275.000   1798.000   440.000   145.000   12.291   -107.656
16276.000   1848.000   464.000   147.000   12.228   -107.652
16277.000   1854.000   485.000   132.000   12.166   -107.647
16278.000   1848.000   464.000   123.000   12.104   -107.643
16279.000   1792.000   492.000   133.000   12.041   -107.639
16280.000   1886.000   485.000   123.000   11.979   -107.634
16281.000   1880.000   448.000   126.000   11.917   -107.630
16282.000   1934.000   490.000   124.000   11.854   -107.626
16283.000   1821.000   452.000   147.000   11.792   -107.621
16284.000   1769.000   442.000   127.000   11.729   -107.617
16285.000   1833.000   499.000   138.000   11.667   -107.613
16286.000   1865.000   502.000   147.000   11.605   -107.608
16287.000   1838.000   437.000   157.000   11.542   -107.604
16288.000   1791.000   503.000   151.000   11.480   -107.599
16289.000   1889.000   505.000   155.000   11.418   -107.595
16290.000   1885.000   462.000   138.000   11.355   -107.591
16291.000   1819.000   399.000   119.000   11.293   -107.586
16292.000   1825.000   481.000   124.000   11.231   -107.582
16293.000   1877.000   479.000   130.000   11.168   -107.578
16294.000   1857.000   465.000   135.000   11.106   -107.574
16295.000   1781.000   452.000   111.000   11.043   -107.569
16296.000   1847.000   479.000   129.000   10.981   -107.565
16297.000   1850.000   500.000   150.000   10.919   -107.561
16298.000   1748.000   488.000   127.000   10.856   -107.556
16299.000   1826.000   452.000   155.000   10.794   -107.552
16300.000   1729.000   485.000   133.000   10.732   -107.548
16301.000   1814.000   475.000   159.000   10.669   -107.543
16302.000   1738.000   421.000   138.000   10.607   -107.539
16303.000   1771.000   461.000   144.000   10.545   -107.535
16304.000   1728.000   447.000   146.000   10.482   -107.531
16305.000   1745.000   472.000   148.000   10.420   -107.526
16306.000   1728.000   467.000   142.000   10.357   -107.522
16307.000   1707.000   464.000   128.000   10.295   -107.518
16308.000   1725.000   484.000   123.000   10.233   -107.513
16309.000   1695.000   462.000   134.000   10.170   -107.509
16310.000   1750.000   452.000   124.000   10.108   -107.505
16311.000   1694.000   443.000   131.000   10.046   -107.501
16312.000   1721.000   458.000   143.000   09.983   -107.496
16313.000   1722.000   477.000   144.000   09.921   -107.492
16314.000   1702.000   491.000   122.000   09.858   -107.488
16315.000   1664.000   437.000   149.000   09.796   -107.484
16316.000   1645.000   514.000   121.000   09.734   -107.479
16317.000   1663.000   466.000   147.000   09.671   -107.475
16318.000   1609.000   446.000   106.000   09.609   -107.471
16319.000   1630.000   455.000   98.000   09.547   -107.467
16320.000   17617.000   17293.000   108.000   09.484   -107.462
16321.000   22237.000   21886.000   118.000   09.422   -107.458
16322.000   1896.000   2120.000   132.000   09.360   -107.454
16323.000   23872.000   23579.000   149.000   09.297   -107.450
16324.000   954.000   515.000   148.000   09.235   -107.446
16325.000   966.000   540.000   215.000   09.172   -107.441
16326.000   995.000   471.000   132.000   09.110   -107.437
16327.000   953.000   491.000   103.000   09.048   -107.433
16328.000   980.000   484.000   130.000   08.985   -107.429
16329.000   953.000   473.000   128.000   08.923   -107.425
16330.000   973.000   466.000   130.000   08.861   -107.420
16331.000   893.000   513.000   113.000   08.798   -107.416
16332.000   893.000   503.000   128.000   08.736   -107.412
16333.000   931.000   523.000   119.000   08.673   -107.408
16334.000   10460.000   492.000   132.000   08.611   -107.404
16335.000   10511.000   504.000   135.000   08.549   -107.399
16336.000   10404.000   490.000   122.000   08.486   -107.395
16337.000   10171.000   454.000   115.000   08.424   -107.391
16338.000   10310.000   462.000   115.000   08.362   -107.387
16339.000   9996.000   459.000   133.000   08.299   -107.383
16340.000   9898.000   483.000   125.000   08.237   -107.378
16341.000   9882.000   536.000   113.000   08.174   -107.374
16342.000   9650.000   447.000   97.000   08.112   -107.370
16343.000   9590.000   500.000   130.000   08.050   -107.366
16344.000   9634.000   533.000   104.000   07.987   -107.362
16345.000   9649.000   506.000   123.000   07.925   -107.358
16346.000   9297.000   509.000   109.000   07.863   -107.353
16347.000   9098.000   495.000   120.000   07.800   -107.349
16348.000   9164.000   459.000   138.000   07.738   -107.345
16349.000   8867.000   533.000   210.000   07.675   -107.341
16350.000   8857.000   487.000   116.000   07.613   -107.337
16351.000   9007.000   497.000   96.000   07.551   -107.333
16352.000   8873.000   496.000   121.000   07.488   -107.329
16353.000   8636.000   458.000   123.000   07.426   -107.324
16354.000   8721.000   470.000   108.000   07.364   -107.320
16355.000   8443.000   480.000   132.000   07.301   -107.316
16356.000   8498.000   503.000   118.000   07.239   -107.312
16357.000   8457.000   552.000   113.000   07.177   -107.308
16358.000   8496.000   475.000   121.000   07.114   -107.304
16359.000   8391.000   494.000   102.000   07.052   -107.300
16360.000   8320.000   511.000   123.000   06.989   -107.295
16361.000   8266.000   460.000   136.000   06.927   -107.291
16362.000   8287.000   481.000   140.000   06.865   -107.287
16363.000   8115.000   494.000   115.000   06.802   -107.283
16364.000   8161.000   473.000   100.000   06.740   -107.279
16365.000   8377.000   532.000   115.000   06.678   -107.275
16366.000   8156.000   469.000   131.000   06.615   -107.271
16367.000   8128.000   510.000   98.000   06.553   -107.267
16368.000   8223.000   484.000   114.000   06.490   -107.263
16369.000   7991.000   522.000   104.000   06.428   -107.258
16370.000   8135.000   451.000   119.000   06.366   -107.254
16371.000   8148.000   487.000   125.000   06.303   -107.250
16372.000   8056.000   464.000   111.000   06.241   -107.246
16373.000   8107.000   555.000   215.000   06.179   -107.242
16374.000   8258.000   516.000   124.000   06.116   -107.238
16375.000   8098.000   452.000   103.000   06.054   -107.234
16376.000   8356.000   509.000   122.000   05.991   -107.230
16377.000   8189.000   493.000   109.000   05.929   -107.226
16378.000   8200.000   465.000   119.000   05.867   -107.222
16379.000   8170.000   466.000   119.000   05.804   -107.218
16380.000   8198.000   17272.000   96.000   05.742   -107.213
16381.000   8218.000   21966.000   108.000   05.680   -107.209
16382.000   8313.000   2658.000   112.000   05.617   -107.205
16383.000   8307.000   23576.000   105.000   05.555   -107.201
16384.000   8218.000   480.000   107.000   05.492   -107.197
16385.000   8495.000   490.000   138.000   05.430   -107.193
16386.000   8457.000   458.000   116.000   05.368   -107.189
16387.000   8391.000   407.000   118.000   05.305   -107.185
16388.000   8407.000   445.000   140.000   05.243   -107.181
16389.000   8405.000   478.000   100.000   05.181   -107.177
16390.000   8526.000   423.000   104.000   05.118   -107.173
16391.000   8725.000   478.000   119.000   05.056   -107.169
16392.000   8589.000   435.000   110.000   04.993   -107.165
16393.000   8831.000   426.000   98.000   04.931   -107.160
16394.000   8995.000   449.000   106.000   04.869   -107.156
16395.000   9030.000   448.000   119.000   04.806   -107.152
16396.000   9012.000   419.000   107.000   04.744   -107.148
16397.000   9192.000   493.000   118.000   04.682   -107.144
16398.000   9078.000   445.000   113.000   04.619   -107.140
16399.000   9342.000   459.000   104.000   04.557   -107.136
16400.000   9369.000   440.000   112.000   04.494   -107.132
16401.000   9408.000   439.000   130.000   04.432   -107.128
16402.000   9174.000   446.000   107.000   04.370   -107.124
16403.000   9388.000   467.000   122.000   04.307   -107.120
16404.000   9493.000   480.000   113.000   04.245   -107.116
16405.000   9536.000   438.000   107.000   04.183   -107.112
16406.000   9467.000   410.000   141.000   04.120   -107.108
16407.000   9720.000   428.000   114.000   04.058   -107.104
16408.000   9761.000   430.000   104.000   03.995   -107.100
16409.000   9880.000   427.000   112.000   03.933   -107.096
16410.000   9823.000   454.000   98.000   03.871   -107.092
16411.000   9677.000   452.000   116.000   03.808   -107.088
16412.000   10062.000   410.000   129.000   03.746   -107.084
16413.000   10064.000   423.000   113.000   03.684   -107.080
16414.000   10179.000   427.000   127.000   03.621   -107.076
16415.000   9943.000   421.000   118.000   03.559   -107.071
16416.000   9909.000   417.000   92.000   03.496   -107.067
16417.000   10017.000   452.000   115.000   03.434   -107.063
16418.000   10041.000   407.000   119.000   03.372   -107.059
16419.000   9834.000   464.000   118.000   03.309   -107.055
16420.000   9970.000   453.000   109.000   03.247   -107.051
16421.000   9715.000   413.000   115.000   03.185   -107.047
16422.000   9675.000   446.000   110.000   03.122   -107.043
16423.000   9757.000   433.000   92.000   03.060   -107.039
16424.000   9623.000   457.000   115.000   02.998   -107.035
16425.000   9407.000   387.000   99.000   02.935   -107.031
16426.000   9198.000   386.000   115.000   02.873   -107.027
16427.000   9145.000   379.000   101.000   02.810   -107.023
16428.000   8816.000   401.000   112.000   02.748   -107.019
16429.000   8722.000   414.000   99.000   02.686   -107.015
16430.000   8561.000   408.000   103.000   02.623   -107.011
16431.000   8350.000   429.000   92.000   02.561   -107.007
16432.000   7911.000   415.000   101.000   02.499   -107.003
16433.000   7986.000   438.000   112.000   02.436   -106.999
16434.000   7396.000   434.000   119.000   02.374   -106.995
16435.000   7218.000   456.000   114.000   02.311   -106.991
16436.000   7063.000   397.000   111.000   02.249   -106.987
16437.000   6860.000   436.000   123.000   02.187   -106.983
16438.000   6790.000   430.000   580.000   02.124   -106.979
16439.000   6418.000   443.000   591.000   02.062   -106.975
16440.000   6131.000   411.000   562.000   02.000   -106.971
16441.000   5963.000   409.000   555.000   01.937   -106.967
16442.000   5418.000   371.000   500.000   01.875   -106.963
16443.000   5364.000   427.000   465.000   01.813   -106.959
16444.000   5271.000   381.000   456.000   01.750   -106.955
16445.000   4773.000   395.000   451.000   01.688   -106.951
16446.000   4700.000   423.000   453.000   01.625   -106.947
16447.000   4323.000   382.000   407.000   01.563   -106.943
16448.000   5006.000   441.000   396.000   01.501   -106.939
16449.000   3471.000   390.000   365.000   01.438   -106.935
16450.000   3029.000   442.000   386.000   01.376   -106.931
16451.000   2939.000   428.000   363.000   01.314   -106.927
16452.000   3200.000   421.000   362.000   01.251   -106.923
16453.000   2912.000   428.000   316.000   01.189   -106.919
16454.000   2877.000   394.000   321.000   01.127   -106.915
16455.000   2744.000   418.000   294.000   01.064   -106.911
16456.000   2434.000   429.000   295.000   01.002   -106.907
16457.000   1853.000   411.000   284.000   00.939   -106.903
16458.000   1660.000   430.000   259.000   00.877   -106.899
16459.000   1610.000   449.000   239.000   00.815   -106.895
16460.000   1589.000   412.000   228.000   00.752   -106.891
16461.000   1145.000   425.000   232.000   00.690   -106.887
16462.000   1030.000   423.000   216.000   00.628   -106.883
16463.000   884.000   375.000   227.000   00.565   -106.879
16464.000   845.000   404.000   229.000   00.503   -106.875
16465.000   834.000   405.000   224.000   00.441   -106.871
16466.000   749.000   414.000   200.000   00.378   -106.867
16467.000   780.000   422.000   179.000   00.316   -106.863
16468.000   740.000   375.000   202.000   00.253   -106.859
16469.000   813.000   432.000   177.000   00.191   -106.855
16470.000   816.000   408.000   164.000   00.129   -106.851
16471.000   819.000   427.000   155.000   00.066   -106.847
16472.000   822.000   391.000   179.000   00.004   -106.843
16473.000   782.000   404.000   152.000   -0.058   -106.839
16474.000   822.000   398.000   160.000   -0.121   -106.835
16475.000   822.000   450.000   146.000   -0.183   -106.831
16476.000   831.000   434.000   119.000   -0.245   -106.827
16477.000   838.000   406.000   155.000   -0.308   -106.823
16478.000   849.000   412.000   131.000   -0.370   -106.819
16479.000   830.000   433.000   128.000   -0.433   -106.815
16480.000   810.000   423.000   140.000   -0.495   -106.811
16481.000   911.000   402.000   141.000   -0.557   -106.807
16482.000   763.000   421.000   119.000   -0.620   -106.803
16483.000   840.000   409.000   104.000   -0.682   -106.799
16484.000   764.000   426.000   104.000   -0.744   -106.795
16485.000   797.000   440.000   122.000   -0.807   -106.791
16486.000   770.000   412.000   116.000   -0.869   -106.787
16487.000   851.000   394.000   129.000   -0.931   -106.783
16488.000   784.000   420.000   120.000   -0.994   -106.779
16489.000   860.000   516.000   103.000   -1.056   -106.775
16490.000   808.000   422.000   117.000   -1.118   -106.771
16491.000   718.000   384.000   109.000   -1.181   -106.767
16492.000   814.000   470.000   130.000   -1.243   -106.763
16493.000   771.000   417.000   98.000   -1.305   -106.759
16494.000   834.000   431.000   101.000   -1.368   -106.755
16495.000   799.000   406.000   109.000   -1.430   -106.751
16496.000   789.000   400.000   106.000   -1.493   -106.747
16497.000   743.000   408.000   116.000   -1.555   -106.743
16498.000   748.000   397.000   104.000   -1.617   -106.739
16499.000   815.000   398.000   102.000   -1.680   -106.735
16500.000   819.000   434.000   110.000   -1.742   -106.731
16501.000   808.000   438.000   117.000   -1.804   -106.727
16502.000   798.000   400.000   113.000   -1.867   -106.723
16503.000   808.000   426.000   108.000   -1.929   -106.719
16504.000   793.000   418.000   105.000   -1.991   -106.715
16505.000   833.000   440.000   99.000   -2.054   -106.711
16506.000   789.000   416.000   96.000   -2.116   -106.707
16507.000   761.000   395.000   99.000   -2.178   -106.703
16508.000   773.000   458.000   108.000   -2.241   -106.699
16509.000   833.000   496.000   119.000   -2.303   -106.695
16510.000   770.000   425.000   109.000   -2.365   -106.691
16511.000   747.000   370.000   101.000   -2.428   -106.687
16512.000   800.000   389.000   116.000   -2.490   -106.683
16513.000   832.000   401.000   81.000   -2.552   -106.679
16514.000   851.000   390.000   109.000   -2.615   -106.675
16515.000   819.000   383.000   107.000   -2.677   -106.671
16516.000   770.000   403.000   102.000   -2.739   -106.667
16517.000   817.000   386.000   90.000   -2.802   -106.663
16518.000   912.000   442.000   102.000   -2.864   -106.659
16519.000   803.000   405.000   110.000   -2.926   -106.655
16520.000   799.000   439.000   103.000   -2.989   -106.651
16521.000   778.000   430.000   115.000   -3.051   -106.647
16522.000   815.000   408.000   94.000   -3.114   -106.643
16523.000   837.000   401.000   108.000   -3.176   -106.639
16524.000   834.000   393.000   116.000   -3.238   -106.635
16525.000   858.000   567.000   92.000   -3.301   -106.631
16526.000   861.000   418.000   118.000   -3.363   -106.627
16527.000   810.000   435.000   99.000   -3.425   -106.623
16528.000   818.000   427.000   108.000   -3.488   -106.619
16529.000   798.000   427.000   102.000   -3.550   -106.615
16530.000   824.000   428.000   99.000   -3.612   -106.611
16531.000   777.000   427.000   99.000   -3.675   -106.606
16532.000   765.000   392.000   117.000   -3.737   -106.602
16533.000   802.000   388.000   88.000   -3.799   -106.598
16534.000   799.000   425.000   113.000   -3.862   -106.594
16535.000   740.000   403.000   103.000   -3.924   -106.590
16536.000   768.000   427.000   101.000   -3.986   -106.586
16537.000   776.000   425.000   94.000   -4.049   -106.582
16538.000   872.000   407.000   99.000   -4.111   -106.578
16539.000   800.000   411.000   104.000   -4.173   -106.574
16540.000   806.000   408.000   86.000   -4.236   -106.570
16541.000   800.000   375.000   104.000   -4.298   -106.566
16542.000   835.000   424.000   115.000   -4.360   -106.562
16543.000   809.000   406.000   91.000   -4.423   -106.558
16544.000   818.000   438.000   110.000   -4.485   -106.554
16545.000   822.000   427.000   105.000   -4.547   -106.550
16546.000   808.000   414.000   95.000   -4.610   -106.546
16547.000   778.000   422.000   102.000   -4.672   -106.542
16548.000   801.000   450.000   100.000   -4.734   -106.538
16549.000   787.000   451.000   99.000   -4.797   -106.534
16550.000   829.000   389.000   104.000   -4.859   -106.530
16551.000   790.000   409.000   116.000   -4.921   -106.526
16552.000   787.000   422.000   100.000   -4.984   -106.522
16553.000   866.000   410.000   113.000   -5.046   -106.518
16554.000   781.000   410.000   90.000   -5.108   -106.513
16555.000   826.000   442.000   101.000   -5.170   -106.509
16556.000   801.000   382.000   113.000   -5.233   -106.505
16557.000   857.000   514.000   104.000   -5.295   -106.501
16558.000   837.000   418.000   93.000   -5.357   -106.497
16559.000   857.000   397.000   71.000   -5.420   -106.493
