Time range: [ 00:00:00.000  00:03:09.000 ]
Time range duration: 3.0 min, 9.0 sec
Longitude range: [ 196.0  16470.0 ]
00.000   12075.000   31710.000   16470.000   -76.080   -9.766
01.000   12302.000   31361.000   16437.000   -76.132   -9.631
02.000   12523.000   31863.000   16245.000   -76.184   -9.494
03.000   12570.000   31596.000   16088.000   -76.236   -9.356
04.000   12780.000   31339.000   16035.000   -76.288   -9.217
05.000   13136.000   31511.000   15779.000   -76.340   -9.077
06.000   13363.000   31264.000   15530.000   -76.392   -8.936
07.000   13477.000   31396.000   15324.000   -76.443   -8.793
08.000   14054.000   31114.000   15146.000   -76.495   -8.650
09.000   14427.000   30983.000   14778.000   -76.546   -8.506
10.000   14576.000   30974.000   14319.000   -76.598   -8.360
11.000   14902.000   30341.000   14104.000   -76.649   -8.213
12.000   14871.000   30232.000   13694.000   -76.700   -8.066
13.000   15262.000   29581.000   13560.000   -76.751   -7.917
14.000   15533.000   29374.000   13344.000   -76.802   -7.766
15.000   15719.000   29212.000   12904.000   -76.853   -7.615
16.000   15855.000   29075.000   12696.000   -76.904   -7.463
17.000   15614.000   28593.000   12499.000   -76.955   -7.309
18.000   15776.000   28186.000   12492.000   -77.005   -7.154
19.000   15633.000   27492.000   12503.000   -77.056   -6.998
20.000   14983.000   27575.000   12709.000   -77.106   -6.841
21.000   14937.000   26966.000   12803.000   -77.157   -6.682
22.000   14413.000   26542.000   13023.000   -77.207   -6.522
23.000   14766.000   26734.000   12856.000   -77.257   -6.361
24.000   14636.000   26512.000   12725.000   -77.307   -6.198
25.000   14809.000   26499.000   12332.000   -77.357   -6.035
26.000   14939.000   26376.000   11818.000   -77.407   -5.870
27.000   15073.000   25569.000   11339.000   -77.456   -5.703
28.000   15342.000   24543.000   10725.000   -77.506   -5.536
29.000   15752.000   23721.000   9893.000   -77.555   -5.367
30.000   15999.000   22663.000   8980.000   -77.605   -5.196
31.000   16051.000   21062.000   8147.000   -77.654   -5.025
32.000   16082.000   18888.000   6920.000   -77.703   -4.851
33.000   15736.000   17161.000   5997.000   -77.752   -4.677
34.000   15081.000   15997.000   5611.000   -77.801   -4.501
35.000   14515.000   15671.000   5056.000   -77.850   -4.324
36.000   14336.000   15379.000   5099.000   -77.899   -4.145
37.000   14278.000   15229.000   4825.000   -77.947   -3.965
38.000   14143.000   14864.000   4786.000   -77.996   -3.783
39.000   13689.000   14050.000   4430.000   -78.044   -3.600
40.000   13141.000   13644.000   4545.000   -78.092   -3.415
41.000   12701.000   12312.000   4267.000   -78.140   -3.229
42.000   11904.000   11468.000   3875.000   -78.188   -3.041
43.000   11845.000   10646.000   3745.000   -78.236   -2.852
44.000   11673.000   10138.000   3328.000   -78.284   -2.661
45.000   11336.000   9879.000   3404.000   -78.331   -2.468
46.000   10851.000   9436.000   3103.000   -78.379   -2.274
47.000   10549.000   9220.000   2838.000   -78.426   -2.079
48.000   10024.000   8255.000   2621.000   -78.473   -1.882
49.000   9339.000   7451.000   2526.000   -78.520   -1.683
50.000   9136.000   6853.000   2164.000   -78.567   -1.482
51.000   8823.000   6192.000   2014.000   -78.614   -1.280
52.000   8363.000   5461.000   1709.000   -78.660   -1.076
53.000   7854.000   4868.000   1490.000   -78.706   -0.871
54.000   7964.000   4543.000   1438.000   -78.753   -0.664
55.000   7574.000   4363.000   1393.000   -78.799   -0.455
56.000   7400.000   4326.000   1310.000   -78.845   -0.244
57.000   7254.000   4086.000   1287.000   -78.891   -0.032
58.000   7255.000   3664.000   1101.000   -78.936   00.183
59.000   7053.000   3559.000   1059.000   -78.982   00.399
60.000   7085.000   3267.000   987.000   -79.027   00.616
61.000   6797.000   2966.000   883.000   -79.072   00.836
62.000   6573.000   2511.000   739.000   -79.117   01.057
63.000   6267.000   2147.000   645.000   -79.162   01.281
64.000   5799.000   2000.000   547.000   -79.207   01.506
65.000   5933.000   1877.000   463.000   -79.251   01.733
66.000   5610.000   1722.000   469.000   -79.296   01.962
67.000   5416.000   1597.000   433.000   -79.340   02.193
68.000   5147.000   1441.000   397.000   -79.384   02.425
69.000   5232.000   1331.000   385.000   -79.428   02.660
70.000   4881.000   1265.000   346.000   -79.471   02.897
71.000   4869.000   1171.000   309.000   -79.515   03.135
72.000   4658.000   1059.000   278.000   -79.558   03.376
73.000   4607.000   1038.000   305.000   -79.601   03.618
74.000   4337.000   998.000   301.000   -79.644   03.863
75.000   4397.000   977.000   307.000   -79.686   04.110
76.000   4246.000   841.000   274.000   -79.729   04.359
77.000   4330.000   859.000   285.000   -79.771   04.609
78.000   4031.000   840.000   281.000   -79.813   04.862
79.000   4278.000   864.000   271.000   -79.855   05.117
80.000   4721.000   831.000   275.000   -79.897   05.374
81.000   5319.000   848.000   249.000   -79.938   05.634
82.000   4562.000   874.000   259.000   -79.980   05.895
83.000   4446.000   808.000   211.000   -80.021   06.159
84.000   4292.000   824.000   243.000   -80.062   06.424
85.000   3990.000   771.000   251.000   -80.102   06.692
86.000   3807.000   775.000   256.000   -80.143   06.963
87.000   3595.000   783.000   223.000   -80.183   07.235
88.000   3622.000   719.000   205.000   -80.223   07.510
89.000   3346.000   755.000   205.000   -80.262   07.787
90.000   3392.000   726.000   207.000   -80.302   08.066
91.000   3411.000   673.000   209.000   -80.341   08.347
92.000   3383.000   760.000   230.000   -80.380   08.631
93.000   3485.000   718.000   212.000   -80.419   08.917
94.000   3804.000   761.000   233.000   -80.457   09.206
95.000   4118.000   752.000   213.000   -80.496   09.496
96.000   3969.000   717.000   242.000   -80.534   09.790
97.000   3681.000   681.000   225.000   -80.572   10.085
98.000   3124.000   669.000   197.000   -80.609   10.383
99.000   2822.000   702.000   203.000   -80.646   10.683
100.000   2524.000   701.000   226.000   -80.683   10.986
101.000   2426.000   666.000   232.000   -80.720   11.291
102.000   2461.000   625.000   211.000   -80.757   11.599
103.000   2310.000   675.000   212.000   -80.793   11.909
104.000   2188.000   650.000   221.000   -80.829   12.221
105.000   2119.000   676.000   230.000   -80.864   12.536
106.000   2047.000   690.000   210.000   -80.900   12.853
107.000   1972.000   639.000   250.000   -80.935   13.173
108.000   1960.000   670.000   209.000   -80.970   13.495
109.000   1884.000   661.000   200.000   -81.004   13.820
110.000   1992.000   613.000   214.000   -81.038   14.147
111.000   1936.000   649.000   196.000   -81.072   14.477
112.000   1942.000   624.000   220.000   -81.106   14.810
113.000   2480.000   699.000   203.000   -81.139   15.144
114.000   2106.000   626.000   188.000   -81.172   15.482
115.000   2158.000   634.000   192.000   -81.205   15.822
116.000   1960.000   632.000   221.000   -81.237   16.164
117.000   1932.000   672.000   186.000   -81.269   16.509
118.000   2470.000   695.000   240.000   -81.301   16.857
119.000   2153.000   691.000   214.000   -81.332   17.207
120.000   1886.000   628.000   220.000   -81.363   17.559
121.000   1574.000   658.000   209.000   -81.394   17.914
122.000   1759.000   629.000   213.000   -81.425   18.272
123.000   1655.000   655.000   230.000   -81.455   18.632
124.000   1728.000   650.000   202.000   -81.484   18.995
125.000   1644.000   622.000   201.000   -81.514   19.361
126.000   1449.000   588.000   212.000   -81.543   19.728
127.000   1599.000   670.000   210.000   -81.572   20.099
128.000   1443.000   659.000   192.000   -81.600   20.472
129.000   1386.000   598.000   184.000   -81.628   20.847
130.000   1309.000   635.000   234.000   -81.655   21.225
131.000   1330.000   671.000   212.000   -81.683   21.605
132.000   1340.000   686.000   206.000   -81.710   21.988
133.000   1337.000   662.000   180.000   -81.736   22.374
134.000   1330.000   619.000   195.000   -81.762   22.762
135.000   1319.000   604.000   191.000   -81.788   23.152
136.000   1346.000   581.000   225.000   -81.813   23.545
137.000   1340.000   614.000   200.000   -81.838   23.940
138.000   1290.000   641.000   206.000   -81.863   24.338
139.000   1352.000   627.000   220.000   -81.887   24.738
140.000   1497.000   606.000   199.000   -81.911   25.140
141.000   1376.000   667.000   189.000   -81.934   25.545
142.000   1307.000   587.000   204.000   -81.957   25.952
143.000   1301.000   636.000   202.000   -81.979   26.361
144.000   1359.000   648.000   201.000   -82.002   26.773
145.000   1314.000   628.000   211.000   -82.023   27.187
146.000   1285.000   590.000   185.000   -82.045   27.603
147.000   1374.000   627.000   211.000   -82.065   28.022
148.000   1203.000   619.000   233.000   -82.086   28.442
149.000   1185.000   639.000   193.000   -82.106   28.865
150.000   1153.000   632.000   199.000   -82.125   29.290
151.000   1261.000   605.000   204.000   -82.144   29.717
152.000   1133.000   640.000   223.000   -82.163   30.146
153.000   1289.000   637.000   166.000   -82.181   30.577
154.000   1163.000   629.000   202.000   -82.199   31.011
155.000   1194.000   626.000   193.000   -82.216   31.446
156.000   1139.000   599.000   194.000   -82.233   31.883
157.000   1241.000   641.000   230.000   -82.250   32.322
158.000   1189.000   566.000   189.000   -82.266   32.762
159.000   1215.000   635.000   238.000   -82.281   33.205
160.000   1160.000   592.000   186.000   -82.296   33.649
161.000   1138.000   580.000   205.000   -82.311   34.095
162.000   1041.000   609.000   217.000   -82.325   34.543
163.000   1065.000   619.000   182.000   -82.339   34.992
164.000   1072.000   654.000   174.000   -82.352   35.443
165.000   1033.000   626.000   210.000   -82.364   35.896
166.000   1050.000   656.000   217.000   -82.377   36.350
167.000   1047.000   630.000   229.000   -82.388   36.805
168.000   1063.000   607.000   204.000   -82.400   37.262
169.000   1053.000   615.000   222.000   -82.410   37.720
170.000   1063.000   591.000   207.000   -82.420   38.179
171.000   1063.000   626.000   205.000   -82.430   38.640
172.000   1064.000   630.000   207.000   -82.439   39.101
173.000   1058.000   598.000   201.000   -82.448   39.564
174.000   1077.000   613.000   167.000   -82.457   40.028
175.000   1047.000   593.000   202.000   -82.464   40.493
176.000   1017.000   597.000   211.000   -82.472   40.959
177.000   1062.000   613.000   196.000   -82.478   41.425
178.000   1060.000   602.000   195.000   -82.485   41.893
179.000   981.000   609.000   177.000   -82.490   42.361
180.000   1040.000   663.000   201.000   -82.496   42.830
181.000   991.000   598.000   219.000   -82.500   43.299
182.000   1065.000   626.000   197.000   -82.505   43.770
183.000   1056.000   605.000   184.000   -82.508   44.240
184.000   1027.000   636.000   205.000   -82.512   44.711
185.000   1145.000   606.000   205.000   -82.514   45.183
186.000   1014.000   604.000   198.000   -82.516   45.654
187.000   1039.000   600.000   204.000   -82.518   46.126
188.000   1025.000   590.000   184.000   -82.519   46.599
189.000   1028.000   618.000   196.000   -82.520   47.071
