Time range: [ 23:48:10.000  23:55:59.000 ]
Time range duration: 7.0 min, 49.0 sec
Longitude range: [ 157.0  172.0 ]
85690.000   1060.000   550.000   157.000   82.519   -112.728
85691.000   961.000   554.000   158.000   82.519   -112.252
85692.000   1010.000   554.000   152.000   82.518   -111.775
85693.000   1028.000   539.000   146.000   82.516   -111.299
85694.000   1003.000   523.000   144.000   82.514   -110.823
85695.000   1014.000   543.000   168.000   82.511   -110.347
85696.000   961.000   567.000   144.000   82.508   -109.871
85697.000   1043.000   524.000   160.000   82.504   -109.396
85698.000   1023.000   558.000   152.000   82.499   -108.922
85699.000   996.000   598.000   174.000   82.495   -108.448
85700.000   1034.000   551.000   153.000   82.489   -107.975
85701.000   1008.000   561.000   147.000   82.483   -107.502
85702.000   987.000   540.000   172.000   82.477   -107.030
85703.000   985.000   533.000   177.000   82.470   -106.560
85704.000   1062.000   548.000   142.000   82.463   -106.089
85705.000   1005.000   556.000   138.000   82.455   -105.620
85706.000   1010.000   529.000   174.000   82.447   -105.152
85707.000   1020.000   544.000   151.000   82.438   -104.685
85708.000   1007.000   610.000   141.000   82.428   -104.219
85709.000   924.000   575.000   160.000   82.418   -103.755
85710.000   967.000   566.000   143.000   82.408   -103.291
85711.000   989.000   576.000   173.000   82.397   -102.829
85712.000   980.000   578.000   135.000   82.386   -102.368
85713.000   963.000   584.000   136.000   82.374   -101.909
85714.000   1044.000   595.000   155.000   82.361   -101.451
85715.000   982.000   560.000   179.000   82.348   -100.995
85716.000   1017.000   596.000   143.000   82.335   -100.540
85717.000   1036.000   562.000   156.000   82.321   -100.087
85718.000   988.000   574.000   159.000   82.307   -99.635
85719.000   989.000   627.000   148.000   82.292   -99.186
85720.000   914.000   583.000   144.000   82.277   -98.738
85721.000   1009.000   579.000   157.000   82.261   -98.291
85722.000   994.000   596.000   166.000   82.245   -97.847
85723.000   986.000   542.000   152.000   82.228   -97.404
85724.000   1008.000   603.000   143.000   82.211   -96.964
85725.000   980.000   566.000   119.000   82.193   -96.525
85726.000   988.000   566.000   152.000   82.175   -96.089
85727.000   1024.000   572.000   169.000   82.157   -95.654
85728.000   967.000   597.000   146.000   82.138   -95.222
85729.000   961.000   555.000   158.000   82.118   -94.791
85730.000   1030.000   572.000   142.000   82.098   -94.363
85731.000   995.000   571.000   180.000   82.078   -93.937
85732.000   968.000   508.000   140.000   82.057   -93.514
85733.000   1038.000   594.000   150.000   82.036   -93.092
85734.000   967.000   556.000   184.000   82.014   -92.673
85735.000   976.000   604.000   156.000   81.992   -92.256
85736.000   1012.000   551.000   135.000   81.970   -91.841
85737.000   1003.000   545.000   139.000   81.947   -91.429
85738.000   1002.000   540.000   167.000   81.923   -91.019
85739.000   1058.000   568.000   145.000   81.900   -90.611
85740.000   1007.000   526.000   133.000   81.876   -90.206
85741.000   934.000   564.000   142.000   81.851   -89.803
85742.000   974.000   548.000   157.000   81.826   -89.403
85743.000   974.000   577.000   149.000   81.801   -89.005
85744.000   998.000   626.000   138.000   81.775   -88.610
85745.000   1034.000   553.000   152.000   81.749   -88.217
85746.000   981.000   600.000   156.000   81.722   -87.827
85747.000   1026.000   537.000   143.000   81.695   -87.439
85748.000   985.000   577.000   152.000   81.668   -87.054
85749.000   1036.000   586.000   150.000   81.640   -86.671
85750.000   944.000   554.000   150.000   81.612   -86.291
85751.000   1002.000   570.000   154.000   81.584   -85.914
85752.000   1006.000   566.000   138.000   81.555   -85.539
85753.000   1069.000   536.000   187.000   81.526   -85.166
85754.000   992.000   586.000   150.000   81.496   -84.796
85755.000   1024.000   544.000   132.000   81.466   -84.429
85756.000   926.000   545.000   160.000   81.436   -84.064
85757.000   1026.000   533.000   149.000   81.406   -83.702
85758.000   1037.000   569.000   139.000   81.375   -83.343
85759.000   969.000   543.000   135.000   81.343   -82.986
85760.000   982.000   572.000   175.000   81.312   -82.631
85761.000   1007.000   574.000   147.000   81.280   -82.280
85762.000   1003.000   557.000   158.000   81.248   -81.931
85763.000   999.000   566.000   160.000   81.215   -81.584
85764.000   1121.000   561.000   140.000   81.182   -81.240
85765.000   990.000   585.000   142.000   81.149   -80.899
85766.000   943.000   569.000   155.000   81.116   -80.560
85767.000   1006.000   533.000   152.000   81.082   -80.224
85768.000   1084.000   565.000   140.000   81.048   -79.890
85769.000   967.000   528.000   147.000   81.013   -79.559
85770.000   995.000   602.000   133.000   80.978   -79.230
85771.000   1066.000   554.000   156.000   80.943   -78.904
85772.000   1055.000   549.000   145.000   80.908   -78.581
85773.000   1029.000   579.000   153.000   80.872   -78.260
85774.000   1041.000   583.000   154.000   80.836   -77.941
85775.000   953.000   593.000   142.000   80.800   -77.625
85776.000   967.000   584.000   147.000   80.764   -77.312
85777.000   995.000   542.000   147.000   80.727   -77.001
85778.000   965.000   549.000   163.000   80.690   -76.692
85779.000   950.000   568.000   161.000   80.653   -76.386
85780.000   971.000   570.000   135.000   80.615   -76.083
85781.000   1076.000   526.000   139.000   80.577   -75.782
85782.000   1013.000   565.000   156.000   80.539   -75.483
85783.000   1007.000   563.000   163.000   80.501   -75.187
85784.000   983.000   597.000   158.000   80.462   -74.893
85785.000   978.000   581.000   138.000   80.423   -74.601
85786.000   966.000   555.000   155.000   80.384   -74.312
85787.000   1041.000   610.000   164.000   80.345   -74.026
85788.000   1007.000   533.000   152.000   80.305   -73.741
85789.000   1033.000   539.000   148.000   80.266   -73.459
85790.000   1010.000   543.000   145.000   80.225   -73.179
85791.000   926.000   568.000   158.000   80.185   -72.902
85792.000   1060.000   548.000   149.000   80.145   -72.627
85793.000   986.000   546.000   174.000   80.104   -72.354
85794.000   1016.000   561.000   147.000   80.063   -72.083
85795.000   1009.000   537.000   167.000   80.022   -71.815
85796.000   963.000   548.000   156.000   79.980   -71.549
85797.000   988.000   617.000   141.000   79.939   -71.285
85798.000   1042.000   573.000   151.000   79.897   -71.023
85799.000   1009.000   585.000   160.000   79.855   -70.763
85800.000   1012.000   581.000   142.000   79.812   -70.506
85801.000   969.000   570.000   137.000   79.770   -70.251
85802.000   1027.000   548.000   155.000   79.727   -69.997
85803.000   977.000   535.000   146.000   79.684   -69.746
85804.000   996.000   567.000   155.000   79.641   -69.497
85805.000   947.000   573.000   172.000   79.598   -69.250
85806.000   977.000   570.000   151.000   79.554   -69.006
85807.000   937.000   531.000   137.000   79.511   -68.763
85808.000   988.000   520.000   156.000   79.467   -68.522
85809.000   934.000   544.000   140.000   79.423   -68.283
85810.000   1003.000   569.000   134.000   79.379   -68.047
85811.000   1007.000   581.000   165.000   79.334   -67.812
85812.000   1012.000   572.000   145.000   79.290   -67.579
85813.000   976.000   584.000   154.000   79.245   -67.348
85814.000   949.000   556.000   146.000   79.200   -67.119
85815.000   955.000   574.000   148.000   79.155   -66.892
85816.000   926.000   565.000   162.000   79.110   -66.667
85817.000   916.000   590.000   144.000   79.064   -66.444
85818.000   929.000   572.000   171.000   79.018   -66.223
85819.000   984.000   572.000   174.000   78.973   -66.003
85820.000   1009.000   579.000   143.000   78.927   -65.786
85821.000   992.000   542.000   132.000   78.881   -65.570
85822.000   1019.000   559.000   151.000   78.834   -65.356
85823.000   958.000   589.000   140.000   78.788   -65.143
85824.000   964.000   577.000   146.000   78.741   -64.933
85825.000   980.000   539.000   144.000   78.695   -64.724
85826.000   950.000   524.000   140.000   78.648   -64.517
85827.000   934.000   531.000   137.000   78.601   -64.312
85828.000   993.000   582.000   128.000   78.554   -64.108
85829.000   910.000   593.000   166.000   78.506   -63.906
85830.000   983.000   593.000   150.000   78.459   -63.706
85831.000   966.000   604.000   153.000   78.411   -63.507
85832.000   1000.000   581.000   147.000   78.363   -63.310
85833.000   967.000   589.000   160.000   78.315   -63.115
85834.000   1012.000   555.000   151.000   78.267   -62.921
85835.000   955.000   559.000   145.000   78.219   -62.729
85836.000   1035.000   576.000   128.000   78.171   -62.538
85837.000   976.000   542.000   167.000   78.123   -62.349
85838.000   1033.000   548.000   156.000   78.074   -62.162
85839.000   1000.000   549.000   170.000   78.025   -61.976
85840.000   983.000   530.000   152.000   77.976   -61.792
85841.000   959.000   555.000   145.000   77.928   -61.609
85842.000   1026.000   577.000   157.000   77.878   -61.427
85843.000   962.000   569.000   147.000   77.829   -61.247
85844.000   984.000   525.000   131.000   77.780   -61.069
85845.000   1029.000   581.000   158.000   77.731   -60.892
85846.000   968.000   585.000   156.000   77.681   -60.716
85847.000   962.000   554.000   143.000   77.631   -60.542
85848.000   947.000   588.000   146.000   77.582   -60.369
85849.000   986.000   568.000   145.000   77.532   -60.198
85850.000   980.000   577.000   165.000   77.482   -60.028
85851.000   978.000   537.000   152.000   77.432   -59.859
85852.000   991.000   577.000   151.000   77.381   -59.692
85853.000   991.000   616.000   149.000   77.331   -59.526
85854.000   1020.000   562.000   117.000   77.281   -59.362
85855.000   1011.000   538.000   157.000   77.230   -59.198
85856.000   1013.000   572.000   124.000   77.179   -59.036
85857.000   963.000   601.000   147.000   77.129   -58.875
85858.000   983.000   596.000   157.000   77.078   -58.716
85859.000   981.000   544.000   155.000   77.027   -58.558
85860.000   962.000   555.000   170.000   76.976   -58.401
85861.000   965.000   567.000   136.000   76.925   -58.245
85862.000   981.000   575.000   160.000   76.873   -58.091
85863.000   980.000   596.000   136.000   76.822   -57.938
85864.000   1050.000   605.000   145.000   76.771   -57.785
85865.000   953.000   550.000   169.000   76.719   -57.635
85866.000   1003.000   551.000   145.000   76.667   -57.485
85867.000   1045.000   637.000   135.000   76.616   -57.336
85868.000   897.000   609.000   147.000   76.564   -57.189
85869.000   1044.000   582.000   159.000   76.512   -57.043
85870.000   1063.000   587.000   161.000   76.460   -56.898
85871.000   1087.000   568.000   134.000   76.408   -56.754
85872.000   1008.000   592.000   135.000   76.356   -56.611
85873.000   1020.000   578.000   153.000   76.303   -56.469
85874.000   984.000   590.000   145.000   76.251   -56.329
85875.000   993.000   577.000   160.000   76.199   -56.189
85876.000   1032.000   539.000   149.000   76.146   -56.050
85877.000   1022.000   610.000   144.000   76.094   -55.913
85878.000   1009.000   533.000   149.000   76.041   -55.777
85879.000   1007.000   553.000   144.000   75.988   -55.641
85880.000   974.000   566.000   172.000   75.935   -55.507
85881.000   979.000   578.000   156.000   75.882   -55.373
85882.000   991.000   555.000   163.000   75.829   -55.241
85883.000   1034.000   571.000   153.000   75.776   -55.110
85884.000   995.000   593.000   149.000   75.723   -54.979
85885.000   1030.000   546.000   154.000   75.670   -54.850
85886.000   978.000   581.000   144.000   75.617   -54.722
85887.000   1005.000   622.000   147.000   75.563   -54.594
85888.000   1010.000   565.000   133.000   75.510   -54.468
85889.000   1034.000   582.000   149.000   75.456   -54.342
85890.000   969.000   635.000   141.000   75.403   -54.218
85891.000   974.000   572.000   144.000   75.349   -54.094
85892.000   948.000   557.000   136.000   75.295   -53.971
85893.000   981.000   568.000   168.000   75.242   -53.849
85894.000   1009.000   574.000   152.000   75.188   -53.728
85895.000   957.000   609.000   165.000   75.134   -53.608
85896.000   1003.000   560.000   146.000   75.080   -53.489
85897.000   1002.000   602.000   137.000   75.026   -53.371
85898.000   1032.000   539.000   174.000   74.972   -53.253
85899.000   998.000   582.000   146.000   74.917   -53.136
85900.000   932.000   614.000   151.000   74.863   -53.021
85901.000   967.000   562.000   130.000   74.809   -52.906
85902.000   989.000   545.000   148.000   74.755   -52.792
85903.000   934.000   586.000   155.000   74.700   -52.678
85904.000   1028.000   583.000   156.000   74.646   -52.566
85905.000   978.000   560.000   159.000   74.591   -52.454
85906.000   1038.000   582.000   145.000   74.536   -52.343
85907.000   1054.000   562.000   126.000   74.482   -52.233
85908.000   1005.000   551.000   137.000   74.427   -52.124
85909.000   1047.000   573.000   155.000   74.372   -52.015
85910.000   979.000   568.000   175.000   74.317   -51.908
85911.000   1030.000   561.000   157.000   74.262   -51.801
85912.000   977.000   597.000   161.000   74.207   -51.694
85913.000   989.000   571.000   149.000   74.152   -51.589
85914.000   1008.000   598.000   166.000   74.097   -51.484
85915.000   1042.000   615.000   150.000   74.042   -51.380
85916.000   1035.000   538.000   149.000   73.987   -51.277
85917.000   1020.000   602.000   146.000   73.932   -51.174
85918.000   1044.000   593.000   132.000   73.877   -51.072
85919.000   908.000   564.000   158.000   73.821   -50.971
85920.000   1019.000   607.000   153.000   73.766   -50.871
85921.000   991.000   564.000   162.000   73.710   -50.771
85922.000   955.000   579.000   143.000   73.655   -50.672
85923.000   1016.000   628.000   156.000   73.599   -50.573
85924.000   1024.000   589.000   157.000   73.544   -50.476
85925.000   963.000   596.000   145.000   73.488   -50.378
85926.000   1017.000   525.000   147.000   73.432   -50.282
85927.000   984.000   525.000   153.000   73.377   -50.186
85928.000   971.000   612.000   161.000   73.321   -50.091
85929.000   957.000   564.000   130.000   73.265   -49.997
85930.000   1009.000   586.000   125.000   73.209   -49.903
85931.000   980.000   561.000   165.000   73.153   -49.810
85932.000   995.000   630.000   134.000   73.097   -49.717
85933.000   985.000   574.000   158.000   73.041   -49.625
85934.000   988.000   586.000   155.000   72.985   -49.534
85935.000   1010.000   568.000   166.000   72.929   -49.443
85936.000   980.000   558.000   158.000   72.873   -49.353
85937.000   1009.000   578.000   171.000   72.817   -49.263
85938.000   989.000   597.000   176.000   72.760   -49.175
85939.000   997.000   591.000   141.000   72.704   -49.086
85940.000   1035.000   550.000   139.000   72.648   -48.998
85941.000   993.000   554.000   162.000   72.592   -48.911
85942.000   984.000   583.000   148.000   72.535   -48.825
85943.000   1019.000   577.000   136.000   72.479   -48.739
85944.000   1005.000   597.000   145.000   72.422   -48.653
85945.000   1025.000   536.000   140.000   72.366   -48.568
85946.000   977.000   590.000   149.000   72.309   -48.484
85947.000   986.000   554.000   155.000   72.252   -48.400
85948.000   1037.000   537.000   138.000   72.196   -48.317
85949.000   998.000   535.000   155.000   72.139   -48.234
85950.000   982.000   601.000   161.000   72.082   -48.152
85951.000   977.000   568.000   155.000   72.026   -48.070
85952.000   936.000   584.000   134.000   71.969   -47.989
85953.000   968.000   575.000   162.000   71.912   -47.908
85954.000   975.000   549.000   146.000   71.855   -47.828
85955.000   941.000   584.000   161.000   71.798   -47.748
85956.000   988.000   554.000   117.000   71.741   -47.669
85957.000   925.000   546.000   150.000   71.684   -47.591
85958.000   1019.000   561.000   145.000   71.627   -47.513
85959.000   991.000   595.000   164.000   71.570   -47.435
85960.000   881.000   583.000   181.000   71.513   -47.358
85961.000   944.000   568.000   157.000   71.456   -47.281
85962.000   977.000   591.000   149.000   71.399   -47.205
85963.000   950.000   555.000   140.000   71.342   -47.129
85964.000   990.000   577.000   158.000   71.284   -47.054
85965.000   977.000   601.000   146.000   71.227   -46.979
85966.000   1015.000   594.000   144.000   71.170   -46.905
85967.000   989.000   615.000   155.000   71.113   -46.831
85968.000   941.000   571.000   166.000   71.055   -46.758
85969.000   969.000   610.000   143.000   70.998   -46.685
85970.000   967.000   550.000   140.000   70.940   -46.612
85971.000   1022.000   552.000   151.000   70.883   -46.540
85972.000   972.000   563.000   157.000   70.825   -46.468
85973.000   939.000   572.000   147.000   70.768   -46.397
85974.000   1018.000   558.000   151.000   70.710   -46.327
85975.000   980.000   551.000   162.000   70.653   -46.256
85976.000   1006.000   588.000   166.000   70.595   -46.186
85977.000   983.000   564.000   159.000   70.537   -46.117
85978.000   972.000   569.000   148.000   70.480   -46.048
85979.000   981.000   559.000   135.000   70.422   -45.979
85980.000   1023.000   575.000   145.000   70.364   -45.911
85981.000   961.000   567.000   156.000   70.307   -45.843
85982.000   997.000   558.000   149.000   70.249   -45.776
85983.000   1013.000   608.000   166.000   70.191   -45.709
85984.000   964.000   559.000   157.000   70.133   -45.642
85985.000   990.000   581.000   159.000   70.075   -45.576
85986.000   996.000   536.000   155.000   70.017   -45.510
85987.000   988.000   561.000   155.000   69.959   -45.445
85988.000   961.000   595.000   158.000   69.902   -45.379
85989.000   917.000   597.000   146.000   69.844   -45.315
85990.000   1047.000   579.000   152.000   69.786   -45.251
85991.000   1020.000   614.000   152.000   69.727   -45.187
85992.000   975.000   590.000   159.000   69.669   -45.123
85993.000   982.000   568.000   134.000   69.611   -45.060
85994.000   1004.000   617.000   154.000   69.553   -44.997
85995.000   1021.000   558.000   158.000   69.495   -44.935
85996.000   962.000   569.000   146.000   69.437   -44.872
85997.000   982.000   583.000   157.000   69.379   -44.811
85998.000   993.000   581.000   171.000   69.320   -44.749
85999.000   999.000   559.000   157.000   69.262   -44.688
86000.000   946.000   566.000   140.000   69.204   -44.628
86001.000   995.000   601.000   167.000   69.146   -44.567
86002.000   1016.000   584.000   171.000   69.087   -44.507
86003.000   986.000   576.000   157.000   69.029   -44.448
86004.000   1013.000   569.000   143.000   68.971   -44.388
86005.000   1000.000   573.000   152.000   68.912   -44.329
86006.000   998.000   574.000   154.000   68.854   -44.271
86007.000   998.000   541.000   168.000   68.795   -44.212
86008.000   1035.000   567.000   144.000   68.737   -44.154
86009.000   1032.000   582.000   136.000   68.679   -44.097
86010.000   1006.000   574.000   135.000   68.620   -44.039
86011.000   978.000   620.000   148.000   68.561   -43.982
86012.000   1014.000   608.000   142.000   68.503   -43.926
86013.000   977.000   625.000   143.000   68.444   -43.869
86014.000   1003.000   571.000   144.000   68.386   -43.813
86015.000   990.000   629.000   169.000   68.327   -43.757
86016.000   1016.000   592.000   153.000   68.269   -43.702
86017.000   950.000   573.000   170.000   68.210   -43.647
86018.000   1034.000   570.000   155.000   68.151   -43.592
86019.000   1095.000   553.000   153.000   68.092   -43.537
86020.000   994.000   600.000   154.000   68.034   -43.483
86021.000   955.000   557.000   165.000   67.975   -43.429
86022.000   1007.000   593.000   156.000   67.916   -43.376
86023.000   961.000   623.000   163.000   67.857   -43.322
86024.000   1003.000   589.000   157.000   67.799   -43.269
86025.000   961.000   592.000   172.000   67.740   -43.216
86026.000   1007.000   622.000   152.000   67.681   -43.164
86027.000   977.000   592.000   133.000   67.622   -43.112
86028.000   1032.000   543.000   127.000   67.563   -43.060
86029.000   979.000   571.000   173.000   67.504   -43.008
86030.000   1031.000   579.000   146.000   67.445   -42.957
86031.000   1021.000   586.000   153.000   67.386   -42.906
86032.000   1057.000   572.000   152.000   67.328   -42.855
86033.000   1023.000   545.000   141.000   67.269   -42.804
86034.000   1050.000   593.000   158.000   67.210   -42.754
86035.000   1018.000   608.000   155.000   67.151   -42.704
86036.000   939.000   573.000   142.000   67.091   -42.654
86037.000   1019.000   601.000   166.000   67.032   -42.604
86038.000   986.000   595.000   148.000   66.973   -42.555
86039.000   994.000   619.000   140.000   66.914   -42.506
86040.000   994.000   623.000   140.000   66.855   -42.458
86041.000   958.000   542.000   166.000   66.796   -42.409
86042.000   1045.000   551.000   157.000   66.737   -42.361
86043.000   992.000   553.000   142.000   66.678   -42.313
86044.000   1004.000   569.000   143.000   66.619   -42.265
86045.000   1040.000   613.000   161.000   66.559   -42.218
86046.000   1025.000   665.000   153.000   66.500   -42.170
86047.000   1133.000   615.000   160.000   66.441   -42.123
86048.000   1317.000   625.000   140.000   66.382   -42.077
86049.000   1574.000   529.000   141.000   66.322   -42.030
86050.000   2041.000   624.000   145.000   66.263   -41.984
86051.000   1454.000   545.000   138.000   66.204   -41.938
86052.000   1384.000   549.000   146.000   66.144   -41.892
86053.000   1318.000   595.000   164.000   66.085   -41.846
86054.000   1200.000   571.000   137.000   66.026   -41.801
86055.000   1317.000   631.000   185.000   65.966   -41.756
86056.000   1296.000   656.000   152.000   65.907   -41.711
86057.000   1249.000   618.000   164.000   65.848   -41.666
86058.000   1279.000   677.000   138.000   65.788   -41.622
86059.000   1288.000   651.000   175.000   65.729   -41.578
86060.000   1205.000   644.000   149.000   65.669   -41.534
86061.000   1474.000   722.000   171.000   65.610   -41.490
86062.000   1410.000   764.000   191.000   65.550   -41.447
86063.000   1347.000   700.000   146.000   65.491   -41.403
86064.000   1346.000   678.000   186.000   65.431   -41.360
86065.000   1317.000   727.000   157.000   65.372   -41.317
86066.000   1388.000   645.000   192.000   65.312   -41.275
86067.000   1373.000   723.000   181.000   65.253   -41.232
86068.000   1419.000   733.000   148.000   65.193   -41.190
86069.000   1386.000   686.000   159.000   65.134   -41.148
86070.000   1403.000   704.000   158.000   65.074   -41.106
86071.000   1473.000   733.000   173.000   65.014   -41.064
86072.000   1456.000   738.000   157.000   64.955   -41.023
86073.000   1485.000   741.000   192.000   64.895   -40.982
86074.000   1540.000   714.000   162.000   64.836   -40.941
86075.000   1606.000   739.000   188.000   64.776   -40.900
86076.000   1653.000   756.000   176.000   64.716   -40.859
86077.000   1608.000   749.000   205.000   64.657   -40.819
86078.000   1663.000   777.000   174.000   64.597   -40.778
86079.000   1888.000   819.000   174.000   64.537   -40.738
86080.000   1864.000   865.000   185.000   64.477   -40.699
86081.000   2205.000   909.000   158.000   64.418   -40.659
86082.000   2371.000   906.000   174.000   64.358   -40.619
86083.000   2008.000   933.000   202.000   64.298   -40.580
86084.000   1903.000   896.000   218.000   64.238   -40.541
86085.000   2005.000   975.000   234.000   64.179   -40.502
86086.000   2294.000   972.000   194.000   64.119   -40.463
86087.000   2150.000   908.000   197.000   64.059   -40.425
86088.000   1863.000   960.000   195.000   63.999   -40.386
86089.000   1843.000   969.000   209.000   63.939   -40.348
86090.000   2134.000   969.000   201.000   63.879   -40.310
86091.000   2265.000   1010.000   215.000   63.819   -40.272
86092.000   2114.000   951.000   215.000   63.760   -40.235
86093.000   2531.000   1011.000   200.000   63.700   -40.197
86094.000   2428.000   1015.000   196.000   63.640   -40.160
86095.000   2522.000   1129.000   198.000   63.580   -40.123
86096.000   2529.000   982.000   212.000   63.520   -40.086
86097.000   2422.000   1088.000   213.000   63.460   -40.049
86098.000   2498.000   1096.000   199.000   63.400   -40.013
86099.000   3018.000   1187.000   210.000   63.340   -39.976
86100.000   3116.000   1224.000   223.000   63.280   -39.940
86101.000   3518.000   1313.000   204.000   63.220   -39.904
86102.000   3204.000   1288.000   203.000   63.160   -39.868
86103.000   3163.000   1263.000   212.000   63.100   -39.832
86104.000   3208.000   1325.000   205.000   63.040   -39.797
86105.000   3466.000   1318.000   215.000   62.980   -39.761
86106.000   4281.000   1479.000   227.000   62.920   -39.726
86107.000   4547.000   1557.000   217.000   62.860   -39.691
86108.000   4612.000   1646.000   208.000   62.800   -39.656
86109.000   5910.000   1897.000   215.000   62.740   -39.621
86110.000   5343.000   1937.000   232.000   62.680   -39.586
86111.000   6647.000   1968.000   223.000   62.619   -39.552
86112.000   7661.000   2415.000   263.000   62.559   -39.518
86113.000   8220.000   2518.000   225.000   62.499   -39.484
86114.000   8187.000   2542.000   259.000   62.439   -39.450
86115.000   7346.000   2320.000   242.000   62.379   -39.416
86116.000   6747.000   2248.000   240.000   62.319   -39.382
86117.000   7035.000   2273.000   240.000   62.258   -39.348
86118.000   5840.000   2149.000   251.000   62.198   -39.315
86119.000   4854.000   1831.000   239.000   62.138   -39.282
86120.000   2838.000   1296.000   206.000   62.078   -39.249
86121.000   1490.000   789.000   165.000   62.018   -39.216
86122.000   1491.000   760.000   174.000   61.957   -39.183
86123.000   1592.000   843.000   182.000   61.897   -39.150
86124.000   1962.000   831.000   168.000   61.837   -39.118
86125.000   1863.000   875.000   174.000   61.777   -39.085
86126.000   2089.000   872.000   201.000   61.716   -39.053
86127.000   1958.000   868.000   160.000   61.656   -39.021
86128.000   1441.000   757.000   179.000   61.596   -38.989
86129.000   1325.000   726.000   169.000   61.536   -38.957
86130.000   1871.000   870.000   161.000   61.475   -38.926
86131.000   2215.000   865.000   176.000   61.415   -38.894
86132.000   2150.000   866.000   161.000   61.355   -38.863
86133.000   2121.000   887.000   165.000   61.294   -38.831
86134.000   1754.000   866.000   167.000   61.234   -38.800
86135.000   1413.000   809.000   188.000   61.174   -38.769
86136.000   1357.000   742.000   183.000   61.113   -38.738
86137.000   1497.000   733.000   156.000   61.053   -38.708
86138.000   1426.000   747.000   177.000   60.992   -38.677
86139.000   1395.000   728.000   150.000   60.932   -38.647
86140.000   1325.000   693.000   161.000   60.872   -38.616
86141.000   1259.000   721.000   162.000   60.811   -38.586
86142.000   1243.000   678.000   155.000   60.751   -38.556
86143.000   1212.000   710.000   186.000   60.690   -38.526
86144.000   1224.000   676.000   169.000   60.630   -38.496
86145.000   2558.000   965.000   181.000   60.569   -38.467
86146.000   2599.000   983.000   165.000   60.509   -38.437
86147.000   2585.000   982.000   162.000   60.449   -38.408
86148.000   2237.000   877.000   154.000   60.388   -38.378
86149.000   2014.000   872.000   174.000   60.328   -38.349
86150.000   1757.000   792.000   187.000   60.267   -38.320
86151.000   1613.000   671.000   166.000   60.207   -38.291
86152.000   1831.000   728.000   184.000   60.146   -38.262
86153.000   2539.000   954.000   158.000   60.086   -38.234
86154.000   2154.000   983.000   170.000   60.025   -38.205
86155.000   1823.000   842.000   148.000   59.964   -38.177
86156.000   2377.000   937.000   162.000   59.904   -38.148
86157.000   1911.000   858.000   205.000   59.843   -38.120
86158.000   1616.000   718.000   173.000   59.783   -38.092
86159.000   1446.000   682.000   172.000   59.722   -38.064
