Time range: [ 17:25:15.000  17:31:59.000 ]
Time range duration: 6.0 min, 44.0 sec
Longitude range: [ 154.0  154.0 ]
62715.000   1002.000   586.000   154.000   82.519   -16.892
62716.000   1042.000   646.000   143.000   82.519   -16.415
62717.000   1010.000   589.000   151.000   82.518   -15.939
62718.000   1005.000   579.000   166.000   82.517   -15.462
62719.000   967.000   565.000   140.000   82.515   -14.986
62720.000   1034.000   582.000   154.000   82.513   -14.510
62721.000   1051.000   600.000   146.000   82.510   -14.034
62722.000   933.000   606.000   123.000   82.507   -13.558
62723.000   1009.000   577.000   155.000   82.503   -13.083
62724.000   957.000   600.000   142.000   82.499   -12.609
62725.000   1012.000   570.000   163.000   82.494   -12.135
62726.000   982.000   561.000   148.000   82.488   -11.662
62727.000   953.000   624.000   146.000   82.482   -11.190
62728.000   991.000   589.000   160.000   82.476   -10.718
62729.000   998.000   575.000   173.000   82.469   -10.247
62730.000   1016.000   565.000   147.000   82.461   -9.777
62731.000   1036.000   581.000   151.000   82.454   -9.308
62732.000   1010.000   567.000   173.000   82.445   -8.840
62733.000   1011.000   581.000   182.000   82.436   -8.374
62734.000   978.000   604.000   137.000   82.427   -7.908
62735.000   976.000   608.000   168.000   82.417   -7.443
62736.000   972.000   592.000   158.000   82.406   -6.980
62737.000   948.000   558.000   152.000   82.395   -6.518
62738.000   1002.000   603.000   147.000   82.384   -6.058
62739.000   973.000   564.000   145.000   82.372   -5.599
62740.000   999.000   557.000   162.000   82.359   -5.141
62741.000   981.000   602.000   158.000   82.346   -4.685
62742.000   973.000   613.000   153.000   82.333   -4.230
62743.000   984.000   617.000   154.000   82.319   -3.777
62744.000   991.000   611.000   150.000   82.304   -3.326
62745.000   1018.000   601.000   151.000   82.290   -2.876
62746.000   974.000   579.000   139.000   82.274   -2.429
62747.000   1002.000   596.000   149.000   82.258   -1.983
62748.000   914.000   636.000   157.000   82.242   -1.539
62749.000   986.000   587.000   157.000   82.225   -1.096
62750.000   946.000   587.000   166.000   82.208   -0.656
62751.000   944.000   607.000   142.000   82.190   -0.218
62752.000   926.000   588.000   134.000   82.172   00.218
62753.000   1010.000   570.000   157.000   82.154   00.653
62754.000   970.000   594.000   153.000   82.135   01.085
62755.000   944.000   608.000   161.000   82.115   01.515
62756.000   964.000   635.000   132.000   82.095   01.943
62757.000   1010.000   584.000   143.000   82.075   02.368
62758.000   978.000   594.000   186.000   82.054   02.792
62759.000   924.000   601.000   155.000   82.033   03.213
62760.000   963.000   599.000   160.000   82.011   03.632
62761.000   1044.000   623.000   167.000   81.989   04.049
62762.000   971.000   595.000   147.000   81.966   04.463
62763.000   996.000   621.000   165.000   81.943   04.875
62764.000   992.000   618.000   130.000   81.920   05.285
62765.000   975.000   586.000   142.000   81.896   05.692
62766.000   928.000   585.000   154.000   81.872   06.097
62767.000   967.000   580.000   145.000   81.847   06.499
62768.000   928.000   616.000   162.000   81.822   06.899
62769.000   1025.000   616.000   136.000   81.797   07.296
62770.000   958.000   613.000   164.000   81.771   07.691
62771.000   969.000   578.000   147.000   81.745   08.084
62772.000   1025.000   564.000   176.000   81.718   08.474
62773.000   931.000   552.000   180.000   81.691   08.861
62774.000   1004.000   592.000   143.000   81.664   09.246
62775.000   991.000   640.000   149.000   81.636   09.628
62776.000   898.000   576.000   174.000   81.608   10.008
62777.000   979.000   609.000   156.000   81.579   10.385
62778.000   976.000   604.000   158.000   81.551   10.760
62779.000   986.000   600.000   156.000   81.521   11.132
62780.000   908.000   587.000   165.000   81.492   11.501
62781.000   1013.000   563.000   167.000   81.462   11.868
62782.000   926.000   623.000   154.000   81.432   12.233
62783.000   1008.000   586.000   163.000   81.401   12.594
62784.000   996.000   590.000   133.000   81.370   12.954
62785.000   1000.000   638.000   138.000   81.339   13.310
62786.000   983.000   595.000   141.000   81.307   13.664
62787.000   970.000   585.000   159.000   81.275   14.015
62788.000   1032.000   630.000   174.000   81.243   14.364
62789.000   955.000   579.000   159.000   81.210   14.710
62790.000   997.000   593.000   148.000   81.177   15.054
62791.000   941.000   604.000   165.000   81.144   15.395
62792.000   951.000   629.000   186.000   81.111   15.734
62793.000   1018.000   583.000   142.000   81.077   16.069
62794.000   958.000   608.000   136.000   81.042   16.403
62795.000   969.000   629.000   140.000   81.008   16.733
62796.000   956.000   596.000   142.000   80.973   17.062
62797.000   1000.000   563.000   152.000   80.938   17.387
62798.000   923.000   613.000   154.000   80.903   17.711
62799.000   955.000   559.000   159.000   80.867   18.031
62800.000   969.000   634.000   161.000   80.831   18.349
62801.000   1006.000   581.000   149.000   80.795   18.665
62802.000   935.000   625.000   142.000   80.758   18.978
62803.000   1016.000   553.000   145.000   80.722   19.289
62804.000   994.000   597.000   177.000   80.684   19.597
62805.000   948.000   589.000   145.000   80.647   19.902
62806.000   980.000   630.000   154.000   80.609   20.206
62807.000   973.000   628.000   164.000   80.572   20.506
62808.000   975.000   589.000   130.000   80.533   20.805
62809.000   967.000   589.000   149.000   80.495   21.101
62810.000   964.000   584.000   147.000   80.456   21.394
62811.000   968.000   591.000   149.000   80.418   21.685
62812.000   930.000   617.000   134.000   80.378   21.974
62813.000   997.000   571.000   135.000   80.339   22.261
62814.000   972.000   595.000   128.000   80.299   22.545
62815.000   909.000   608.000   157.000   80.260   22.826
62816.000   939.000   641.000   158.000   80.219   23.106
62817.000   940.000   603.000   168.000   80.179   23.383
62818.000   934.000   618.000   154.000   80.139   23.658
62819.000   997.000   589.000   141.000   80.098   23.930
62820.000   955.000   574.000   154.000   80.057   24.201
62821.000   983.000   576.000   150.000   80.016   24.469
62822.000   997.000   604.000   142.000   79.974   24.735
62823.000   965.000   578.000   168.000   79.932   24.998
62824.000   1016.000   602.000   145.000   79.891   25.260
62825.000   956.000   619.000   179.000   79.848   25.519
62826.000   979.000   573.000   174.000   79.806   25.776
62827.000   1010.000   627.000   120.000   79.764   26.031
62828.000   992.000   601.000   128.000   79.721   26.284
62829.000   905.000   599.000   161.000   79.678   26.535
62830.000   933.000   613.000   145.000   79.635   26.783
62831.000   968.000   599.000   168.000   79.592   27.030
62832.000   959.000   592.000   147.000   79.548   27.275
62833.000   975.000   615.000   157.000   79.504   27.517
62834.000   952.000   638.000   149.000   79.460   27.757
62835.000   968.000   560.000   156.000   79.416   27.996
62836.000   961.000   630.000   169.000   79.372   28.232
62837.000   975.000   584.000   161.000   79.328   28.467
62838.000   989.000   613.000   151.000   79.283   28.699
62839.000   998.000   593.000   136.000   79.238   28.930
62840.000   959.000   642.000   138.000   79.193   29.159
62841.000   905.000   594.000   163.000   79.148   29.385
62842.000   995.000   615.000   147.000   79.103   29.610
62843.000   927.000   553.000   149.000   79.057   29.833
62844.000   937.000   643.000   166.000   79.012   30.054
62845.000   956.000   615.000   163.000   78.966   30.273
62846.000   944.000   592.000   161.000   78.920   30.491
62847.000   889.000   631.000   163.000   78.874   30.707
62848.000   975.000   606.000   125.000   78.828   30.920
62849.000   933.000   585.000   168.000   78.781   31.132
62850.000   981.000   625.000   156.000   78.734   31.343
62851.000   928.000   582.000   152.000   78.688   31.551
62852.000   977.000   592.000   178.000   78.641   31.758
62853.000   940.000   636.000   185.000   78.594   31.963
62854.000   942.000   623.000   166.000   78.547   32.166
62855.000   952.000   620.000   152.000   78.499   32.368
62856.000   937.000   594.000   149.000   78.452   32.568
62857.000   946.000   592.000   141.000   78.404   32.767
62858.000   998.000   588.000   177.000   78.356   32.963
62859.000   995.000   601.000   152.000   78.308   33.158
62860.000   944.000   569.000   170.000   78.260   33.352
62861.000   924.000   593.000   166.000   78.212   33.544
62862.000   992.000   544.000   167.000   78.164   33.734
62863.000   983.000   624.000   147.000   78.115   33.923
62864.000   948.000   573.000   160.000   78.067   34.110
62865.000   975.000   566.000   164.000   78.018   34.296
62866.000   972.000   593.000   152.000   77.969   34.480
62867.000   946.000   600.000   141.000   77.920   34.663
62868.000   959.000   608.000   139.000   77.871   34.844
62869.000   978.000   554.000   162.000   77.822   35.024
62870.000   959.000   597.000   148.000   77.773   35.202
62871.000   922.000   600.000   187.000   77.723   35.379
62872.000   966.000   623.000   167.000   77.674   35.554
62873.000   941.000   605.000   177.000   77.624   35.728
62874.000   967.000   615.000   162.000   77.574   35.901
62875.000   994.000   608.000   155.000   77.524   36.072
62876.000   977.000   606.000   160.000   77.474   36.242
62877.000   947.000   624.000   141.000   77.424   36.410
62878.000   982.000   634.000   140.000   77.374   36.577
62879.000   953.000   606.000   153.000   77.324   36.743
62880.000   912.000   577.000   142.000   77.273   36.908
62881.000   933.000   596.000   138.000   77.223   37.071
62882.000   988.000   594.000   156.000   77.172   37.233
62883.000   967.000   597.000   161.000   77.121   37.393
62884.000   967.000   612.000   151.000   77.070   37.552
62885.000   953.000   622.000   176.000   77.019   37.710
62886.000   975.000   624.000   165.000   76.968   37.867
62887.000   916.000   556.000   170.000   76.917   38.023
62888.000   937.000   608.000   160.000   76.866   38.177
62889.000   987.000   587.000   171.000   76.814   38.330
62890.000   1003.000   613.000   166.000   76.763   38.482
62891.000   950.000   581.000   176.000   76.711   38.633
62892.000   936.000   623.000   166.000   76.660   38.782
62893.000   936.000   576.000   152.000   76.608   38.930
62894.000   937.000   671.000   180.000   76.556   39.078
62895.000   925.000   585.000   174.000   76.504   39.224
62896.000   949.000   616.000   192.000   76.452   39.369
62897.000   945.000   639.000   173.000   76.400   39.512
62898.000   991.000   618.000   166.000   76.348   39.655
62899.000   920.000   587.000   167.000   76.296   39.797
62900.000   960.000   629.000   157.000   76.243   39.937
62901.000   944.000   581.000   176.000   76.191   40.077
62902.000   962.000   575.000   155.000   76.138   40.215
62903.000   964.000   621.000   158.000   76.086   40.352
62904.000   932.000   585.000   152.000   76.033   40.489
62905.000   1001.000   601.000   158.000   75.980   40.624
62906.000   949.000   629.000   158.000   75.927   40.758
62907.000   947.000   586.000   155.000   75.874   40.891
62908.000   889.000   569.000   160.000   75.821   41.023
62909.000   1013.000   606.000   166.000   75.768   41.155
62910.000   962.000   619.000   152.000   75.715   41.285
62911.000   991.000   562.000   147.000   75.662   41.414
62912.000   955.000   612.000   146.000   75.609   41.542
62913.000   971.000   562.000   180.000   75.555   41.670
62914.000   992.000   599.000   172.000   75.502   41.796
62915.000   977.000   664.000   158.000   75.448   41.921
62916.000   1049.000   620.000   173.000   75.395   42.046
62917.000   1056.000   577.000   154.000   75.341   42.170
62918.000   982.000   579.000   167.000   75.287   42.292
62919.000   1001.000   605.000   116.000   75.234   42.414
62920.000   996.000   594.000   148.000   75.180   42.535
62921.000   1060.000   619.000   136.000   75.126   42.655
62922.000   1042.000   571.000   154.000   75.072   42.774
62923.000   1064.000   577.000   161.000   75.018   42.892
62924.000   1052.000   558.000   140.000   74.964   43.009
62925.000   1093.000   631.000   160.000   74.909   43.126
62926.000   1057.000   618.000   125.000   74.855   43.242
62927.000   1059.000   602.000   142.000   74.801   43.357
62928.000   1026.000   602.000   162.000   74.746   43.471
62929.000   1056.000   639.000   158.000   74.692   43.584
62930.000   1087.000   642.000   159.000   74.637   43.696
62931.000   1111.000   638.000   155.000   74.583   43.808
62932.000   1161.000   602.000   160.000   74.528   43.918
62933.000   1402.000   608.000   148.000   74.474   44.028
62934.000   1126.000   597.000   157.000   74.419   44.138
62935.000   1296.000   616.000   180.000   74.364   44.246
62936.000   1287.000   612.000   160.000   74.309   44.354
62937.000   1483.000   661.000   145.000   74.254   44.461
62938.000   1388.000   648.000   156.000   74.199   44.567
62939.000   1385.000   649.000   153.000   74.144   44.672
62940.000   1355.000   650.000   168.000   74.089   44.777
62941.000   1240.000   639.000   169.000   74.034   44.881
62942.000   1252.000   631.000   141.000   73.979   44.984
62943.000   1238.000   624.000   166.000   73.924   45.086
62944.000   1303.000   604.000   148.000   73.868   45.188
62945.000   1291.000   670.000   157.000   73.813   45.289
62946.000   1366.000   666.000   148.000   73.758   45.390
62947.000   1381.000   657.000   168.000   73.702   45.489
62948.000   1549.000   658.000   175.000   73.647   45.588
62949.000   1453.000   666.000   153.000   73.591   45.687
62950.000   1531.000   687.000   164.000   73.535   45.784
62951.000   1485.000   697.000   161.000   73.480   45.881
62952.000   1556.000   642.000   165.000   73.424   45.978
62953.000   1478.000   721.000   182.000   73.368   46.073
62954.000   1510.000   704.000   180.000   73.313   46.168
62955.000   1461.000   660.000   181.000   73.257   46.263
62956.000   1502.000   680.000   166.000   73.201   46.356
62957.000   1495.000   734.000   159.000   73.145   46.450
62958.000   1605.000   739.000   164.000   73.089   46.542
62959.000   1649.000   763.000   182.000   73.033   46.634
62960.000   1614.000   786.000   188.000   72.977   46.725
62961.000   1702.000   790.000   173.000   72.921   46.816
62962.000   1720.000   799.000   195.000   72.865   46.906
62963.000   1735.000   874.000   203.000   72.808   46.995
62964.000   1731.000   860.000   189.000   72.752   47.084
62965.000   1785.000   908.000   186.000   72.696   47.172
62966.000   1752.000   864.000   219.000   72.639   47.260
62967.000   1769.000   852.000   203.000   72.583   47.347
62968.000   1927.000   930.000   188.000   72.527   47.434
62969.000   1807.000   834.000   192.000   72.470   47.520
62970.000   1868.000   762.000   169.000   72.414   47.605
62971.000   1949.000   823.000   173.000   72.357   47.690
62972.000   1658.000   732.000   199.000   72.301   47.774
62973.000   1610.000   731.000   180.000   72.244   47.858
62974.000   1707.000   717.000   182.000   72.187   47.941
62975.000   1842.000   757.000   162.000   72.131   48.024
62976.000   1822.000   739.000   184.000   72.074   48.106
62977.000   1727.000   752.000   192.000   72.017   48.188
62978.000   1879.000   774.000   189.000   71.960   48.269
62979.000   1970.000   788.000   178.000   71.904   48.349
62980.000   1959.000   825.000   166.000   71.847   48.429
62981.000   1994.000   816.000   157.000   71.790   48.509
62982.000   2084.000   824.000   173.000   71.733   48.588
62983.000   2314.000   836.000   158.000   71.676   48.667
62984.000   2286.000   903.000   211.000   71.619   48.745
62985.000   2325.000   889.000   173.000   71.562   48.822
62986.000   2135.000   844.000   184.000   71.505   48.899
62987.000   2135.000   830.000   179.000   71.447   48.976
62988.000   2190.000   880.000   185.000   71.390   49.052
62989.000   2087.000   888.000   167.000   71.333   49.128
62990.000   2024.000   828.000   193.000   71.276   49.203
62991.000   1883.000   816.000   182.000   71.219   49.278
62992.000   1996.000   833.000   166.000   71.161   49.352
62993.000   1946.000   837.000   180.000   71.104   49.426
62994.000   1987.000   847.000   173.000   71.047   49.499
62995.000   2107.000   899.000   176.000   70.989   49.572
62996.000   2121.000   900.000   182.000   70.932   49.644
62997.000   2057.000   876.000   165.000   70.874   49.716
62998.000   2156.000   900.000   166.000   70.817   49.788
62999.000   2282.000   939.000   178.000   70.759   49.859
63000.000   2247.000   939.000   174.000   70.702   49.930
63001.000   2333.000   860.000   202.000   70.644   50.000
63002.000   2413.000   922.000   206.000   70.586   50.070
63003.000   2267.000   892.000   188.000   70.529   50.139
63004.000   2230.000   897.000   197.000   70.471   50.208
63005.000   2211.000   928.000   193.000   70.413   50.277
63006.000   2226.000   924.000   200.000   70.356   50.345
63007.000   2425.000   904.000   180.000   70.298   50.413
63008.000   2269.000   835.000   186.000   70.240   50.480
63009.000   2258.000   904.000   211.000   70.182   50.547
63010.000   2460.000   827.000   157.000   70.124   50.614
63011.000   2400.000   886.000   173.000   70.067   50.680
63012.000   2354.000   926.000   165.000   70.009   50.745
63013.000   2527.000   959.000   167.000   69.951   50.811
63014.000   2441.000   960.000   176.000   69.893   50.876
63015.000   2565.000   970.000   172.000   69.835   50.941
63016.000   2628.000   975.000   159.000   69.777   51.005
63017.000   2477.000   961.000   157.000   69.719   51.069
63018.000   2457.000   999.000   185.000   69.661   51.132
63019.000   2360.000   973.000   181.000   69.603   51.195
63020.000   2461.000   964.000   195.000   69.544   51.258
63021.000   2527.000   1000.000   155.000   69.486   51.320
63022.000   2638.000   1034.000   150.000   69.428   51.382
63023.000   2743.000   979.000   177.000   69.370   51.444
63024.000   2586.000   931.000   189.000   69.312   51.505
63025.000   2743.000   996.000   173.000   69.253   51.566
63026.000   2743.000   1048.000   160.000   69.195   51.627
63027.000   2674.000   1025.000   198.000   69.137   51.687
63028.000   2623.000   944.000   185.000   69.079   51.747
63029.000   2433.000   940.000   181.000   69.020   51.807
63030.000   2417.000   858.000   161.000   68.962   51.866
63031.000   2407.000   891.000   188.000   68.904   51.925
63032.000   2191.000   868.000   178.000   68.845   51.984
63033.000   2125.000   906.000   200.000   68.787   52.042
63034.000   2047.000   845.000   201.000   68.728   52.100
63035.000   2056.000   826.000   160.000   68.670   52.158
63036.000   2115.000   865.000   181.000   68.611   52.215
63037.000   2164.000   892.000   165.000   68.553   52.272
63038.000   2224.000   907.000   161.000   68.494   52.329
63039.000   2316.000   875.000   163.000   68.436   52.385
63040.000   2150.000   905.000   181.000   68.377   52.441
63041.000   2200.000   876.000   168.000   68.318   52.497
63042.000   2272.000   946.000   179.000   68.260   52.552
63043.000   2192.000   886.000   155.000   68.201   52.607
63044.000   2111.000   869.000   158.000   68.142   52.662
63045.000   2188.000   923.000   165.000   68.084   52.716
63046.000   2232.000   884.000   168.000   68.025   52.771
63047.000   2228.000   889.000   169.000   67.966   52.825
63048.000   2286.000   932.000   186.000   67.907   52.878
63049.000   2235.000   867.000   170.000   67.849   52.932
63050.000   2114.000   920.000   163.000   67.790   52.985
63051.000   2201.000   878.000   170.000   67.731   53.037
63052.000   2301.000   883.000   172.000   67.672   53.090
63053.000   2272.000   932.000   156.000   67.613   53.142
63054.000   2338.000   914.000   175.000   67.554   53.194
63055.000   2227.000   891.000   166.000   67.495   53.245
63056.000   2154.000   913.000   184.000   67.437   53.297
63057.000   2229.000   970.000   184.000   67.378   53.348
63058.000   2216.000   910.000   184.000   67.319   53.399
63059.000   2112.000   939.000   179.000   67.260   53.449
63060.000   2113.000   889.000   161.000   67.201   53.500
63061.000   2046.000   886.000   161.000   67.142   53.550
63062.000   1993.000   886.000   185.000   67.083   53.599
63063.000   1922.000   856.000   173.000   67.023   53.649
63064.000   1827.000   888.000   192.000   66.964   53.698
63065.000   1789.000   902.000   188.000   66.905   53.747
63066.000   1750.000   909.000   203.000   66.846   53.796
63067.000   1720.000   863.000   190.000   66.787   53.844
63068.000   1759.000   774.000   193.000   66.728   53.892
63069.000   1671.000   815.000   156.000   66.669   53.940
63070.000   1641.000   808.000   184.000   66.610   53.988
63071.000   1537.000   834.000   182.000   66.550   54.035
63072.000   1487.000   820.000   175.000   66.491   54.083
63073.000   1453.000   789.000   161.000   66.432   54.130
63074.000   1409.000   766.000   167.000   66.373   54.176
63075.000   1383.000   799.000   183.000   66.313   54.223
63076.000   1296.000   802.000   185.000   66.254   54.269
63077.000   1204.000   764.000   175.000   66.195   54.315
63078.000   1290.000   789.000   161.000   66.135   54.361
63079.000   1256.000   772.000   180.000   66.076   54.406
63080.000   1275.000   721.000   181.000   66.017   54.452
63081.000   1124.000   742.000   184.000   65.957   54.497
63082.000   1191.000   746.000   197.000   65.898   54.541
63083.000   1182.000   694.000   158.000   65.839   54.586
63084.000   1060.000   694.000   154.000   65.779   54.630
63085.000   1059.000   718.000   190.000   65.720   54.675
63086.000   1132.000   710.000   182.000   65.660   54.719
63087.000   1088.000   708.000   175.000   65.601   54.762
63088.000   1059.000   720.000   164.000   65.541   54.806
63089.000   979.000   648.000   167.000   65.482   54.849
63090.000   1071.000   694.000   170.000   65.422   54.892
63091.000   1018.000   704.000   154.000   65.363   54.935
63092.000   1015.000   664.000   161.000   65.303   54.978
63093.000   991.000   663.000   165.000   65.244   55.020
63094.000   1005.000   669.000   163.000   65.184   55.062
63095.000   983.000   659.000   178.000   65.125   55.104
63096.000   965.000   661.000   150.000   65.065   55.146
63097.000   1002.000   707.000   172.000   65.005   55.188
63098.000   952.000   666.000   171.000   64.946   55.229
63099.000   931.000   631.000   162.000   64.886   55.271
63100.000   917.000   669.000   165.000   64.827   55.312
63101.000   949.000   683.000   177.000   64.767   55.352
63102.000   957.000   700.000   159.000   64.707   55.393
63103.000   926.000   664.000   152.000   64.647   55.433
63104.000   947.000   656.000   173.000   64.588   55.474
63105.000   969.000   607.000   190.000   64.528   55.514
63106.000   916.000   629.000   166.000   64.468   55.553
63107.000   926.000   641.000   165.000   64.409   55.593
63108.000   904.000   639.000   173.000   64.349   55.632
63109.000   963.000   631.000   170.000   64.289   55.672
63110.000   884.000   670.000   163.000   64.229   55.711
63111.000   984.000   647.000   159.000   64.169   55.750
63112.000   937.000   616.000   159.000   64.110   55.788
63113.000   923.000   670.000   198.000   64.050   55.827
63114.000   955.000   623.000   157.000   63.990   55.865
63115.000   999.000   616.000   165.000   63.930   55.903
63116.000   989.000   651.000   184.000   63.870   55.941
63117.000   960.000   589.000   156.000   63.810   55.979
63118.000   959.000   626.000   172.000   63.750   56.017
63119.000   964.000   559.000   154.000   63.691   56.054
