Time range: [ 23:38:28.000  23:56:01.000 ]
Time range duration: 17.0 min, 33.0 sec
Longitude range: [ 125.0  227.0 ]
85108.000   965.000   661.000   227.000   -82.518   41.878
85109.000   959.000   617.000   197.000   -82.518   42.351
85110.000   906.000   659.000   238.000   -82.517   42.823
85111.000   907.000   606.000   221.000   -82.516   43.296
85112.000   961.000   591.000   229.000   -82.514   43.768
85113.000   979.000   614.000   209.000   -82.512   44.240
85114.000   977.000   614.000   217.000   -82.509   44.712
85115.000   981.000   606.000   231.000   -82.506   45.183
85116.000   965.000   607.000   197.000   -82.502   45.654
85117.000   972.000   660.000   221.000   -82.497   46.125
85118.000   985.000   606.000   226.000   -82.493   46.594
85119.000   931.000   654.000   245.000   -82.487   47.064
85120.000   969.000   610.000   231.000   -82.481   47.532
85121.000   912.000   657.000   210.000   -82.475   48.000
85122.000   941.000   645.000   208.000   -82.468   48.467
85123.000   995.000   624.000   249.000   -82.461   48.933
85124.000   910.000   642.000   212.000   -82.453   49.398
85125.000   932.000   624.000   239.000   -82.445   49.862
85126.000   933.000   621.000   218.000   -82.436   50.325
85127.000   964.000   603.000   230.000   -82.426   50.787
85128.000   959.000   645.000   193.000   -82.417   51.248
85129.000   964.000   661.000   192.000   -82.406   51.707
85130.000   923.000   681.000   229.000   -82.395   52.165
85131.000   955.000   638.000   244.000   -82.384   52.622
85132.000   946.000   611.000   226.000   -82.372   53.078
85133.000   973.000   639.000   220.000   -82.360   53.532
85134.000   961.000   616.000   223.000   -82.347   53.984
85135.000   944.000   652.000   219.000   -82.334   54.435
85136.000   897.000   604.000   198.000   -82.320   54.885
85137.000   952.000   644.000   231.000   -82.306   55.333
85138.000   967.000   635.000   239.000   -82.291   55.779
85139.000   939.000   640.000   215.000   -82.276   56.223
85140.000   952.000   597.000   235.000   -82.261   56.666
85141.000   951.000   633.000   218.000   -82.245   57.107
85142.000   893.000   605.000   215.000   -82.228   57.546
85143.000   949.000   597.000   214.000   -82.211   57.983
85144.000   909.000   610.000   214.000   -82.194   58.418
85145.000   962.000   655.000   229.000   -82.176   58.851
85146.000   882.000   650.000   204.000   -82.157   59.282
85147.000   949.000   617.000   234.000   -82.139   59.711
85148.000   971.000   626.000   232.000   -82.119   60.138
85149.000   956.000   622.000   235.000   -82.100   60.563
85150.000   981.000   639.000   240.000   -82.080   60.986
85151.000   1010.000   633.000   234.000   -82.059   61.407
85152.000   990.000   661.000   230.000   -82.038   61.825
85153.000   933.000   623.000   220.000   -82.017   62.242
85154.000   973.000   626.000   217.000   -81.995   62.656
85155.000   945.000   689.000   194.000   -81.973   63.067
85156.000   961.000   628.000   234.000   -81.950   63.477
85157.000   886.000   631.000   228.000   -81.927   63.884
85158.000   947.000   597.000   232.000   -81.904   64.288
85159.000   920.000   661.000   228.000   -81.880   64.691
85160.000   920.000   641.000   225.000   -81.855   65.091
85161.000   904.000   605.000   224.000   -81.831   65.488
85162.000   895.000   636.000   238.000   -81.806   65.883
85163.000   982.000   597.000   218.000   -81.780   66.276
85164.000   914.000   662.000   242.000   -81.754   66.666
85165.000   928.000   656.000   226.000   -81.728   67.054
85166.000   938.000   677.000   230.000   -81.702   67.440
85167.000   921.000   604.000   247.000   -81.675   67.822
85168.000   950.000   629.000   237.000   -81.647   68.203
85169.000   900.000   657.000   239.000   -81.619   68.581
85170.000   998.000   628.000   240.000   -81.591   68.956
85171.000   941.000   576.000   215.000   -81.563   69.329
85172.000   961.000   646.000   194.000   -81.534   69.699
85173.000   965.000   657.000   250.000   -81.505   70.067
85174.000   924.000   616.000   221.000   -81.475   70.432
85175.000   953.000   627.000   189.000   -81.446   70.795
85176.000   951.000   612.000   246.000   -81.415   71.155
85177.000   944.000   652.000   214.000   -81.385   71.512
85178.000   891.000   610.000   234.000   -81.354   71.867
85179.000   909.000   619.000   217.000   -81.323   72.220
85180.000   980.000   622.000   202.000   -81.291   72.570
85181.000   968.000   641.000   237.000   -81.259   72.917
85182.000   986.000   661.000   205.000   -81.227   73.262
85183.000   992.000   624.000   237.000   -81.195   73.604
85184.000   933.000   662.000   248.000   -81.162   73.944
85185.000   997.000   601.000   218.000   -81.129   74.281
85186.000   979.000   667.000   214.000   -81.095   74.616
85187.000   998.000   625.000   214.000   -81.062   74.948
85188.000   882.000   590.000   215.000   -81.028   75.278
85189.000   984.000   629.000   213.000   -80.993   75.605
85190.000   961.000   629.000   223.000   -80.959   75.929
85191.000   985.000   661.000   226.000   -80.924   76.251
85192.000   949.000   612.000   215.000   -80.889   76.571
85193.000   914.000   647.000   196.000   -80.853   76.888
85194.000   936.000   643.000   217.000   -80.817   77.203
85195.000   930.000   624.000   223.000   -80.781   77.515
85196.000   928.000   620.000   215.000   -80.745   77.825
85197.000   961.000   637.000   226.000   -80.708   78.132
85198.000   882.000   641.000   205.000   -80.671   78.437
85199.000   919.000   619.000   196.000   -80.634   78.740
85200.000   946.000   599.000   204.000   -80.597   79.040
85201.000   978.000   600.000   226.000   -80.559   79.337
85202.000   908.000   660.000   230.000   -80.521   79.633
85203.000   933.000   612.000   244.000   -80.483   79.926
85204.000   967.000   683.000   225.000   -80.445   80.216
85205.000   941.000   633.000   207.000   -80.406   80.504
85206.000   982.000   592.000   213.000   -80.367   80.790
85207.000   972.000   601.000   237.000   -80.328   81.074
85208.000   929.000   602.000   191.000   -80.289   81.355
85209.000   988.000   686.000   235.000   -80.249   81.634
85210.000   970.000   644.000   223.000   -80.209   81.911
85211.000   933.000   644.000   213.000   -80.169   82.185
85212.000   981.000   606.000   221.000   -80.129   82.458
85213.000   934.000   613.000   201.000   -80.088   82.728
85214.000   928.000   652.000   212.000   -80.048   82.995
85215.000   919.000   559.000   236.000   -80.007   83.261
85216.000   905.000   654.000   220.000   -79.965   83.524
85217.000   935.000   624.000   199.000   -79.924   83.786
85218.000   986.000   654.000   218.000   -79.882   84.045
85219.000   954.000   666.000   219.000   -79.841   84.302
85220.000   909.000   660.000   225.000   -79.799   84.556
85221.000   917.000   643.000   221.000   -79.756   84.809
85222.000   956.000   647.000   241.000   -79.714   85.060
85223.000   959.000   642.000   216.000   -79.671   85.308
85224.000   945.000   637.000   213.000   -79.629   85.555
85225.000   994.000   651.000   243.000   -79.586   85.799
85226.000   985.000   636.000   228.000   -79.542   86.042
85227.000   943.000   641.000   234.000   -79.499   86.282
85228.000   1010.000   649.000   225.000   -79.455   86.520
85229.000   948.000   621.000   213.000   -79.412   86.757
85230.000   924.000   636.000   209.000   -79.368   86.991
85231.000   960.000   613.000   221.000   -79.324   87.224
85232.000   973.000   618.000   248.000   -79.279   87.454
85233.000   962.000   614.000   193.000   -79.235   87.683
85234.000   934.000   643.000   194.000   -79.190   87.910
85235.000   967.000   631.000   202.000   -79.145   88.135
85236.000   948.000   615.000   196.000   -79.100   88.358
85237.000   950.000   622.000   214.000   -79.055   88.579
85238.000   911.000   631.000   223.000   -79.010   88.799
85239.000   965.000   633.000   208.000   -78.965   89.016
85240.000   946.000   648.000   219.000   -78.919   89.232
85241.000   960.000   608.000   202.000   -78.873   89.446
85242.000   993.000   629.000   232.000   -78.827   89.658
85243.000   938.000   653.000   212.000   -78.781   89.869
85244.000   958.000   618.000   213.000   -78.735   90.077
85245.000   928.000   599.000   245.000   -78.688   90.284
85246.000   914.000   629.000   246.000   -78.642   90.490
85247.000   874.000   643.000   191.000   -78.595   90.693
85248.000   952.000   667.000   208.000   -78.548   90.895
85249.000   929.000   634.000   223.000   -78.501   91.095
85250.000   963.000   647.000   217.000   -78.454   91.294
85251.000   926.000   661.000   250.000   -78.407   91.491
85252.000   940.000   615.000   186.000   -78.360   91.686
85253.000   1019.000   623.000   211.000   -78.312   91.880
85254.000   950.000   605.000   206.000   -78.264   92.072
85255.000   957.000   596.000   242.000   -78.217   92.263
85256.000   951.000   591.000   225.000   -78.169   92.452
85257.000   931.000   634.000   242.000   -78.120   92.640
85258.000   981.000   607.000   227.000   -78.072   92.826
85259.000   992.000   626.000   223.000   -78.024   93.010
85260.000   960.000   591.000   211.000   -77.976   93.193
85261.000   978.000   618.000   215.000   -77.927   93.375
85262.000   933.000   691.000   228.000   -77.878   93.555
85263.000   987.000   625.000   227.000   -77.829   93.734
85264.000   922.000   604.000   199.000   -77.780   93.911
85265.000   973.000   640.000   209.000   -77.731   94.087
85266.000   932.000   605.000   231.000   -77.682   94.261
85267.000   980.000   650.000   201.000   -77.633   94.434
85268.000   952.000   592.000   256.000   -77.584   94.606
85269.000   1033.000   637.000   209.000   -77.534   94.776
85270.000   938.000   625.000   215.000   -77.484   94.945
85271.000   932.000   636.000   217.000   -77.435   95.112
85272.000   989.000   598.000   219.000   -77.385   95.278
85273.000   970.000   632.000   220.000   -77.335   95.443
85274.000   972.000   630.000   221.000   -77.285   95.607
85275.000   962.000   575.000   202.000   -77.235   95.769
85276.000   907.000   641.000   231.000   -77.184   95.930
85277.000   938.000   649.000   231.000   -77.134   96.090
85278.000   967.000   624.000   203.000   -77.083   96.248
85279.000   954.000   566.000   228.000   -77.033   96.405
85280.000   929.000   602.000   247.000   -76.982   96.561
85281.000   918.000   599.000   207.000   -76.931   96.716
85282.000   974.000   610.000   226.000   -76.881   96.869
85283.000   981.000   651.000   230.000   -76.830   97.022
85284.000   959.000   601.000   223.000   -76.779   97.173
85285.000   905.000   622.000   229.000   -76.727   97.323
85286.000   1000.000   635.000   209.000   -76.676   97.472
85287.000   999.000   598.000   225.000   -76.625   97.619
85288.000   899.000   598.000   229.000   -76.573   97.766
85289.000   1063.000   628.000   228.000   -76.522   97.911
85290.000   992.000   601.000   204.000   -76.470   98.056
85291.000   982.000   578.000   212.000   -76.419   98.199
85292.000   996.000   657.000   224.000   -76.367   98.341
85293.000   997.000   589.000   200.000   -76.315   98.482
85294.000   970.000   642.000   212.000   -76.263   98.622
85295.000   951.000   636.000   200.000   -76.211   98.761
85296.000   984.000   626.000   205.000   -76.159   98.898
85297.000   934.000   635.000   182.000   -76.107   99.035
85298.000   934.000   635.000   234.000   -76.054   99.171
85299.000   988.000   603.000   251.000   -76.002   99.306
85300.000   984.000   592.000   210.000   -75.950   99.439
85301.000   962.000   635.000   244.000   -75.897   99.572
85302.000   947.000   638.000   222.000   -75.844   99.704
85303.000   970.000   596.000   239.000   -75.792   99.834
85304.000   975.000   664.000   217.000   -75.739   99.964
85305.000   963.000   654.000   215.000   -75.686   100.093
85306.000   975.000   624.000   220.000   -75.633   100.221
85307.000   966.000   647.000   226.000   -75.580   100.347
85308.000   982.000   603.000   182.000   -75.527   100.473
85309.000   961.000   596.000   241.000   -75.474   100.598
85310.000   973.000   647.000   225.000   -75.421   100.722
85311.000   1022.000   662.000   209.000   -75.368   100.846
85312.000   1014.000   636.000   206.000   -75.314   100.968
85313.000   1014.000   586.000   203.000   -75.261   101.089
85314.000   1000.000   598.000   204.000   -75.208   101.210
85315.000   1016.000   625.000   224.000   -75.154   101.329
85316.000   919.000   609.000   215.000   -75.100   101.448
85317.000   998.000   615.000   236.000   -75.047   101.566
85318.000   893.000   607.000   202.000   -74.993   101.683
85319.000   1085.000   646.000   206.000   -74.939   101.799
85320.000   966.000   626.000   210.000   -74.885   101.914
85321.000   959.000   670.000   201.000   -74.832   102.029
85322.000   948.000   634.000   228.000   -74.778   102.142
85323.000   966.000   592.000   215.000   -74.724   102.255
85324.000   1047.000   652.000   216.000   -74.669   102.367
85325.000   978.000   635.000   200.000   -74.615   102.479
85326.000   949.000   603.000   234.000   -74.561   102.589
85327.000   989.000   616.000   228.000   -74.507   102.699
85328.000   959.000   620.000   234.000   -74.452   102.808
85329.000   965.000   591.000   220.000   -74.398   102.916
85330.000   1000.000   587.000   235.000   -74.344   103.023
85331.000   1034.000   633.000   185.000   -74.289   103.130
85332.000   967.000   577.000   196.000   -74.235   103.236
85333.000   1006.000   653.000   230.000   -74.180   103.341
85334.000   977.000   626.000   202.000   -74.125   103.445
85335.000   1026.000   675.000   206.000   -74.071   103.549
85336.000   1018.000   588.000   219.000   -74.016   103.652
85337.000   981.000   632.000   219.000   -73.961   103.754
85338.000   1015.000   638.000   182.000   -73.906   103.856
85339.000   997.000   663.000   221.000   -73.851   103.957
85340.000   1003.000   641.000   209.000   -73.796   104.057
85341.000   1044.000   624.000   223.000   -73.741   104.156
85342.000   997.000   653.000   211.000   -73.686   104.255
85343.000   992.000   639.000   187.000   -73.631   104.353
85344.000   978.000   604.000   216.000   -73.576   104.451
85345.000   968.000   641.000   209.000   -73.520   104.548
85346.000   989.000   603.000   217.000   -73.465   104.644
85347.000   986.000   568.000   202.000   -73.410   104.739
85348.000   977.000   591.000   212.000   -73.354   104.834
85349.000   990.000   609.000   221.000   -73.299   104.928
85350.000   947.000   645.000   230.000   -73.244   105.022
85351.000   1005.000   607.000   228.000   -73.188   105.115
85352.000   1031.000   604.000   212.000   -73.132   105.207
85353.000   1021.000   595.000   199.000   -73.077   105.299
85354.000   1016.000   610.000   222.000   -73.021   105.390
85355.000   946.000   650.000   225.000   -72.965   105.481
85356.000   951.000   656.000   210.000   -72.910   105.570
85357.000   1018.000   631.000   220.000   -72.854   105.660
85358.000   962.000   614.000   207.000   -72.798   105.748
85359.000   994.000   597.000   189.000   -72.742   105.837
85360.000   1040.000   623.000   214.000   -72.686   105.924
85361.000   1017.000   641.000   244.000   -72.630   106.011
85362.000   996.000   605.000   196.000   -72.574   106.098
85363.000   1065.000   602.000   217.000   -72.518   106.184
85364.000   967.000   665.000   219.000   -72.462   106.269
85365.000   985.000   650.000   213.000   -72.406   106.354
85366.000   974.000   647.000   214.000   -72.350   106.438
85367.000   1018.000   603.000   218.000   -72.294   106.521
85368.000   1017.000   623.000   231.000   -72.237   106.605
85369.000   960.000   641.000   198.000   -72.181   106.687
85370.000   977.000   621.000   216.000   -72.125   106.769
85371.000   974.000   575.000   198.000   -72.068   106.851
85372.000   972.000   685.000   204.000   -72.012   106.932
85373.000   1047.000   632.000   225.000   -71.956   107.012
85374.000   984.000   655.000   223.000   -71.899   107.092
85375.000   998.000   623.000   200.000   -71.843   107.172
85376.000   971.000   651.000   211.000   -71.786   107.251
85377.000   948.000   622.000   252.000   -71.729   107.329
85378.000   1011.000   592.000   207.000   -71.673   107.407
85379.000   988.000   645.000   228.000   -71.616   107.485
85380.000   1003.000   668.000   229.000   -71.559   107.562
85381.000   1031.000   611.000   195.000   -71.503   107.639
85382.000   1027.000   623.000   200.000   -71.446   107.715
85383.000   982.000   635.000   210.000   -71.389   107.790
85384.000   992.000   635.000   224.000   -71.332   107.865
85385.000   1028.000   628.000   244.000   -71.275   107.940
85386.000   1001.000   597.000   235.000   -71.219   108.014
85387.000   969.000   581.000   232.000   -71.162   108.088
85388.000   980.000   616.000   209.000   -71.105   108.161
85389.000   1012.000   633.000   207.000   -71.048   108.234
85390.000   998.000   626.000   229.000   -70.991   108.307
85391.000   990.000   611.000   221.000   -70.934   108.379
85392.000   980.000   647.000   214.000   -70.876   108.450
85393.000   1000.000   616.000   240.000   -70.819   108.521
85394.000   992.000   661.000   188.000   -70.762   108.592
85395.000   997.000   639.000   200.000   -70.705   108.662
85396.000   1039.000   637.000   208.000   -70.648   108.732
85397.000   1018.000   611.000   205.000   -70.590   108.801
85398.000   1021.000   629.000   228.000   -70.533   108.870
85399.000   974.000   568.000   223.000   -70.476   108.939
85400.000   1040.000   635.000   214.000   -70.419   109.007
85401.000   981.000   614.000   221.000   -70.361   109.075
85402.000   1001.000   586.000   209.000   -70.304   109.142
85403.000   973.000   644.000   220.000   -70.246   109.209
85404.000   1006.000   636.000   209.000   -70.189   109.276
85405.000   1028.000   597.000   195.000   -70.131   109.342
85406.000   1034.000   618.000   241.000   -70.074   109.408
85407.000   972.000   597.000   203.000   -70.016   109.473
85408.000   998.000   616.000   208.000   -69.959   109.538
85409.000   1041.000   650.000   200.000   -69.901   109.603
85410.000   977.000   655.000   190.000   -69.844   109.667
85411.000   929.000   621.000   210.000   -69.786   109.731
85412.000   981.000   596.000   237.000   -69.728   109.795
85413.000   1037.000   633.000   201.000   -69.671   109.858
85414.000   997.000   661.000   214.000   -69.613   109.921
85415.000   1023.000   639.000   217.000   -69.555   109.983
85416.000   939.000   611.000   212.000   -69.497   110.045
85417.000   987.000   593.000   198.000   -69.439   110.107
85418.000   1028.000   601.000   199.000   -69.382   110.168
85419.000   1024.000   630.000   232.000   -69.324   110.229
85420.000   1015.000   651.000   213.000   -69.266   110.290
85421.000   1060.000   619.000   198.000   -69.208   110.350
85422.000   963.000   618.000   197.000   -69.150   110.410
85423.000   1012.000   634.000   187.000   -69.092   110.470
85424.000   1004.000   636.000   204.000   -69.034   110.529
85425.000   989.000   585.000   203.000   -68.976   110.588
85426.000   1026.000   644.000   235.000   -68.918   110.647
85427.000   984.000   599.000   200.000   -68.860   110.705
85428.000   1002.000   653.000   206.000   -68.802   110.763
85429.000   965.000   563.000   221.000   -68.744   110.821
85430.000   1015.000   586.000   210.000   -68.686   110.878
85431.000   982.000   652.000   208.000   -68.628   110.935
85432.000   990.000   650.000   203.000   -68.569   110.992
85433.000   946.000   615.000   187.000   -68.511   111.048
85434.000   994.000   655.000   205.000   -68.453   111.104
85435.000   960.000   687.000   232.000   -68.395   111.160
85436.000   953.000   640.000   205.000   -68.336   111.215
85437.000   1001.000   595.000   206.000   -68.278   111.271
85438.000   1016.000   597.000   189.000   -68.220   111.325
85439.000   1011.000   663.000   232.000   -68.162   111.380
85440.000   968.000   595.000   200.000   -68.103   111.434
85441.000   1063.000   620.000   223.000   -68.045   111.488
85442.000   1012.000   619.000   216.000   -67.986   111.542
85443.000   923.000   614.000   189.000   -67.928   111.595
85444.000   949.000   625.000   194.000   -67.870   111.648
85445.000   979.000   622.000   190.000   -67.811   111.701
85446.000   1049.000   614.000   212.000   -67.753   111.754
85447.000   1013.000   650.000   211.000   -67.694   111.806
85448.000   1046.000   628.000   210.000   -67.636   111.858
85449.000   961.000   652.000   194.000   -67.577   111.910
85450.000   1042.000   672.000   238.000   -67.519   111.961
85451.000   1044.000   624.000   213.000   -67.460   112.012
85452.000   925.000   602.000   200.000   -67.401   112.063
85453.000   1043.000   643.000   236.000   -67.343   112.114
85454.000   1039.000   614.000   210.000   -67.284   112.164
85455.000   1048.000   601.000   223.000   -67.225   112.214
85456.000   1007.000   623.000   233.000   -67.167   112.264
85457.000   1021.000   611.000   205.000   -67.108   112.313
85458.000   970.000   586.000   191.000   -67.049   112.363
85459.000   993.000   627.000   215.000   -66.991   112.412
85460.000   958.000   610.000   180.000   -66.932   112.461
85461.000   1027.000   613.000   221.000   -66.873   112.509
85462.000   972.000   646.000   221.000   -66.814   112.557
85463.000   989.000   597.000   224.000   -66.756   112.605
85464.000   962.000   620.000   194.000   -66.697   112.653
85465.000   939.000   633.000   215.000   -66.638   112.701
85466.000   966.000   651.000   221.000   -66.579   112.748
85467.000   959.000   627.000   230.000   -66.520   112.795
85468.000   1018.000   608.000   219.000   -66.461   112.842
85469.000   962.000   589.000   211.000   -66.402   112.888
85470.000   1009.000   591.000   234.000   -66.344   112.935
85471.000   985.000   665.000   184.000   -66.285   112.981
85472.000   943.000   635.000   222.000   -66.226   113.027
85473.000   983.000   582.000   234.000   -66.167   113.072
85474.000   984.000   614.000   190.000   -66.108   113.118
85475.000   1038.000   616.000   220.000   -66.049   113.163
85476.000   989.000   671.000   190.000   -65.990   113.208
85477.000   1032.000   601.000   227.000   -65.931   113.252
85478.000   978.000   637.000   223.000   -65.872   113.297
85479.000   997.000   590.000   210.000   -65.812   113.341
85480.000   1001.000   611.000   210.000   -65.753   113.385
85481.000   1021.000   629.000   253.000   -65.694   113.429
85482.000   1046.000   594.000   190.000   -65.635   113.473
85483.000   1037.000   635.000   236.000   -65.576   113.516
85484.000   1004.000   588.000   220.000   -65.517   113.559
85485.000   1037.000   629.000   204.000   -65.458   113.602
85486.000   983.000   593.000   238.000   -65.398   113.645
85487.000   940.000   649.000   185.000   -65.339   113.687
85488.000   971.000   666.000   220.000   -65.280   113.730
85489.000   964.000   614.000   208.000   -65.221   113.772
85490.000   991.000   582.000   203.000   -65.162   113.814
85491.000   948.000   616.000   207.000   -65.102   113.855
85492.000   1003.000   623.000   190.000   -65.043   113.897
85493.000   1027.000   647.000   201.000   -64.984   113.938
85494.000   1013.000   649.000   204.000   -64.924   113.979
85495.000   1011.000   619.000   222.000   -64.865   114.020
85496.000   1011.000   597.000   201.000   -64.806   114.061
85497.000   1005.000   642.000   213.000   -64.746   114.101
85498.000   921.000   629.000   208.000   -64.687   114.142
85499.000   1057.000   619.000   184.000   -64.628   114.182
85500.000   925.000   636.000   191.000   -64.568   114.222
85501.000   992.000   640.000   203.000   -64.509   114.261
85502.000   998.000   630.000   218.000   -64.450   114.301
85503.000   1017.000   606.000   213.000   -64.390   114.340
85504.000   1028.000   609.000   191.000   -64.331   114.379
85505.000   1015.000   599.000   210.000   -64.271   114.418
85506.000   1049.000   628.000   182.000   -64.212   114.457
85507.000   959.000   612.000   201.000   -64.152   114.496
85508.000   977.000   615.000   226.000   -64.093   114.534
85509.000   1026.000   633.000   187.000   -64.033   114.573
85510.000   1017.000   633.000   215.000   -63.974   114.611
85511.000   988.000   652.000   193.000   -63.914   114.648
85512.000   1044.000   647.000   210.000   -63.855   114.686
85513.000   1025.000   571.000   213.000   -63.795   114.724
85514.000   999.000   631.000   207.000   -63.735   114.761
85515.000   1037.000   677.000   202.000   -63.676   114.798
85516.000   1057.000   603.000   203.000   -63.616   114.835
85517.000   1013.000   596.000   214.000   -63.557   114.872
85518.000   1011.000   638.000   202.000   -63.497   114.909
85519.000   1029.000   597.000   203.000   -63.437   114.945
85520.000   1015.000   592.000   200.000   -63.378   114.982
85521.000   1045.000   614.000   206.000   -63.318   115.018
85522.000   1005.000   621.000   198.000   -63.258   115.054
85523.000   1001.000   633.000   221.000   -63.199   115.090
85524.000   996.000   610.000   222.000   -63.139   115.125
85525.000   980.000   605.000   191.000   -63.079   115.161
85526.000   1082.000   652.000   198.000   -63.020   115.196
85527.000   1011.000   617.000   225.000   -62.960   115.231
85528.000   971.000   647.000   202.000   -62.900   115.266
85529.000   1045.000   606.000   207.000   -62.840   115.301
85530.000   997.000   598.000   191.000   -62.781   115.336
85531.000   999.000   590.000   208.000   -62.721   115.370
85532.000   961.000   633.000   232.000   -62.661   115.405
85533.000   1029.000   648.000   215.000   -62.601   115.439
85534.000   1017.000   591.000   202.000   -62.541   115.473
85535.000   979.000   657.000   202.000   -62.481   115.507
85536.000   984.000   596.000   208.000   -62.422   115.541
85537.000   970.000   617.000   204.000   -62.362   115.574
85538.000   960.000   579.000   177.000   -62.302   115.608
85539.000   1022.000   617.000   214.000   -62.242   115.641
85540.000   1005.000   595.000   221.000   -62.182   115.674
85541.000   1031.000   634.000   201.000   -62.122   115.707
85542.000   988.000   622.000   229.000   -62.062   115.740
85543.000   1051.000   587.000   210.000   -62.002   115.773
85544.000   958.000   602.000   205.000   -61.942   115.806
85545.000   937.000   607.000   196.000   -61.883   115.838
85546.000   992.000   622.000   204.000   -61.823   115.870
85547.000   979.000   653.000   209.000   -61.763   115.903
85548.000   1008.000   627.000   198.000   -61.703   115.935
85549.000   956.000   639.000   203.000   -61.643   115.966
85550.000   1023.000   585.000   231.000   -61.583   115.998
85551.000   1018.000   565.000   236.000   -61.523   116.030
85552.000   1032.000   617.000   224.000   -61.463   116.061
85553.000   971.000   630.000   197.000   -61.403   116.093
85554.000   988.000   612.000   218.000   -61.343   116.124
85555.000   1033.000   574.000   222.000   -61.283   116.155
85556.000   983.000   611.000   182.000   -61.223   116.186
85557.000   1073.000   579.000   224.000   -61.162   116.217
85558.000   962.000   605.000   209.000   -61.102   116.247
85559.000   1070.000   647.000   208.000   -61.042   116.278
85560.000   1035.000   623.000   207.000   -60.982   116.308
85561.000   1013.000   599.000   184.000   -60.922   116.338
85562.000   1050.000   609.000   218.000   -60.862   116.369
85563.000   1069.000   583.000   224.000   -60.802   116.399
85564.000   968.000   621.000   220.000   -60.742   116.429
85565.000   989.000   610.000   223.000   -60.682   116.458
85566.000   1045.000   590.000   201.000   -60.621   116.488
85567.000   1048.000   623.000   193.000   -60.561   116.517
85568.000   984.000   588.000   195.000   -60.501   116.547
85569.000   1003.000   639.000   189.000   -60.441   116.576
85570.000   989.000   591.000   240.000   -60.381   116.605
85571.000   963.000   598.000   214.000   -60.321   116.634
85572.000   973.000   644.000   198.000   -60.260   116.663
85573.000   967.000   646.000   209.000   -60.200   116.692
85574.000   992.000   628.000   225.000   -60.140   116.721
85575.000   1025.000   635.000   227.000   -60.080   116.749
85576.000   1021.000   656.000   204.000   -60.019   116.777
85577.000   1005.000   554.000   194.000   -59.959   116.806
85578.000   1033.000   622.000   228.000   -59.899   116.834
85579.000   1023.000   569.000   204.000   -59.839   116.862
85580.000   1052.000   597.000   182.000   -59.778   116.890
85581.000   1004.000   588.000   208.000   -59.718   116.918
85582.000   996.000   630.000   201.000   -59.658   116.946
85583.000   1043.000   619.000   220.000   -59.597   116.973
85584.000   1017.000   572.000   219.000   -59.537   117.001
85585.000   967.000   617.000   212.000   -59.477   117.028
85586.000   954.000   648.000   200.000   -59.416   117.055
85587.000   1017.000   647.000   191.000   -59.356   117.082
85588.000   993.000   631.000   217.000   -59.296   117.109
85589.000   1061.000   659.000   205.000   -59.235   117.136
85590.000   986.000   633.000   225.000   -59.175   117.163
85591.000   930.000   627.000   205.000   -59.115   117.190
85592.000   1023.000   596.000   209.000   -59.054   117.216
85593.000   1020.000   609.000   228.000   -58.994   117.243
85594.000   1052.000   606.000   217.000   -58.933   117.269
85595.000   1024.000   632.000   209.000   -58.873   117.296
85596.000   987.000   621.000   236.000   -58.813   117.322
85597.000   995.000   609.000   219.000   -58.752   117.348
85598.000   973.000   613.000   196.000   -58.692   117.374
85599.000   1039.000   612.000   223.000   -58.631   117.400
85600.000   1027.000   617.000   207.000   -58.571   117.426
85601.000   1003.000   608.000   226.000   -58.510   117.451
85602.000   942.000   621.000   209.000   -58.450   117.477
85603.000   971.000   614.000   209.000   -58.390   117.502
85604.000   1012.000   608.000   207.000   -58.329   117.528
85605.000   1019.000   610.000   210.000   -58.269   117.553
85606.000   978.000   585.000   188.000   -58.208   117.578
85607.000   1020.000   609.000   214.000   -58.148   117.603
85608.000   984.000   634.000   189.000   -58.087   117.628
85609.000   990.000   634.000   219.000   -58.027   117.653
85610.000   999.000   598.000   185.000   -57.966   117.678
85611.000   1010.000   588.000   213.000   -57.905   117.702
85612.000   1058.000   621.000   185.000   -57.845   117.727
85613.000   1059.000   593.000   208.000   -57.784   117.751
85614.000   1065.000   619.000   194.000   -57.724   117.776
85615.000   986.000   612.000   195.000   -57.663   117.800
85616.000   1079.000   603.000   235.000   -57.603   117.824
85617.000   1098.000   603.000   224.000   -57.542   117.848
85618.000   1056.000   614.000   198.000   -57.482   117.872
85619.000   1002.000   612.000   207.000   -57.421   117.896
85620.000   1002.000   645.000   189.000   -57.360   117.920
85621.000   1050.000   574.000   186.000   -57.300   117.944
85622.000   1010.000   607.000   206.000   -57.239   117.967
85623.000   1097.000   632.000   218.000   -57.178   117.991
85624.000   1042.000   616.000   232.000   -57.118   118.014
85625.000   978.000   615.000   185.000   -57.057   118.038
85626.000   998.000   653.000   207.000   -56.997   118.061
85627.000   1049.000   600.000   219.000   -56.936   118.084
85628.000   1060.000   634.000   198.000   -56.875   118.107
85629.000   1096.000   602.000   215.000   -56.815   118.130
85630.000   1064.000   605.000   235.000   -56.754   118.153
85631.000   1058.000   654.000   218.000   -56.693   118.176
85632.000   1090.000   631.000   218.000   -56.633   118.199
85633.000   1078.000   623.000   238.000   -56.572   118.221
85634.000   1113.000   643.000   213.000   -56.511   118.244
85635.000   1228.000   636.000   210.000   -56.450   118.266
85636.000   1257.000   640.000   194.000   -56.390   118.289
85637.000   1380.000   686.000   224.000   -56.329   118.311
85638.000   1402.000   655.000   242.000   -56.268   118.333
85639.000   1484.000   655.000   213.000   -56.208   118.355
85640.000   1584.000   663.000   210.000   -56.147   118.377
85641.000   1685.000   730.000   202.000   -56.086   118.399
85642.000   1682.000   705.000   211.000   -56.025   118.421
85643.000   1705.000   662.000   214.000   -55.965   118.443
85644.000   1694.000   692.000   231.000   -55.904   118.465
85645.000   1688.000   668.000   200.000   -55.843   118.487
85646.000   1811.000   696.000   205.000   -55.782   118.508
85647.000   1836.000   733.000   217.000   -55.721   118.530
85648.000   1812.000   753.000   201.000   -55.661   118.551
85649.000   1953.000   733.000   218.000   -55.600   118.572
85650.000   1896.000   681.000   210.000   -55.539   118.594
85651.000   1950.000   758.000   222.000   -55.478   118.615
85652.000   2058.000   738.000   204.000   -55.417   118.636
85653.000   2110.000   709.000   194.000   -55.357   118.657
85654.000   2176.000   812.000   204.000   -55.296   118.678
85655.000   2232.000   780.000   212.000   -55.235   118.699
85656.000   2292.000   831.000   237.000   -55.174   118.720
85657.000   2406.000   856.000   214.000   -55.113   118.740
85658.000   2691.000   1020.000   219.000   -55.052   118.761
85659.000   2864.000   1058.000   270.000   -54.992   118.782
85660.000   2855.000   1020.000   221.000   -54.931   118.802
85661.000   2973.000   930.000   258.000   -54.870   118.822
85662.000   3138.000   959.000   211.000   -54.809   118.843
85663.000   2947.000   953.000   232.000   -54.748   118.863
85664.000   3056.000   948.000   201.000   -54.687   118.883
85665.000   3103.000   964.000   223.000   -54.626   118.903
85666.000   3074.000   948.000   195.000   -54.565   118.924
85667.000   3332.000   983.000   213.000   -54.504   118.943
85668.000   3128.000   1000.000   224.000   -54.444   118.963
85669.000   3234.000   1026.000   206.000   -54.383   118.983
85670.000   3239.000   971.000   245.000   -54.322   119.003
85671.000   3300.000   1070.000   246.000   -54.261   119.023
85672.000   3450.000   1054.000   237.000   -54.200   119.042
85673.000   3360.000   1077.000   212.000   -54.139   119.062
85674.000   3509.000   1074.000   212.000   -54.078   119.081
85675.000   3422.000   1096.000   209.000   -54.017   119.101
85676.000   3748.000   1223.000   215.000   -53.956   119.120
85677.000   3748.000   1180.000   233.000   -53.895   119.139
85678.000   3715.000   1173.000   203.000   -53.834   119.159
85679.000   3701.000   1201.000   206.000   -53.773   119.178
85680.000   3893.000   1205.000   207.000   -53.712   119.197
85681.000   4097.000   1185.000   212.000   -53.651   119.216
85682.000   4207.000   1185.000   222.000   -53.590   119.235
85683.000   4081.000   1179.000   242.000   -53.529   119.254
85684.000   4126.000   1165.000   197.000   -53.468   119.273
85685.000   3781.000   1168.000   203.000   -53.407   119.291
85686.000   3606.000   1024.000   228.000   -53.346   119.310
85687.000   3733.000   1086.000   209.000   -53.285   119.329
85688.000   3876.000   1130.000   221.000   -53.224   119.347
85689.000   3962.000   1110.000   199.000   -53.163   119.366
85690.000   4105.000   1239.000   207.000   -53.102   119.384
85691.000   4144.000   1261.000   197.000   -53.041   119.403
85692.000   4173.000   1173.000   196.000   -52.980   119.421
85693.000   4159.000   1199.000   225.000   -52.919   119.439
85694.000   4190.000   1172.000   215.000   -52.858   119.457
85695.000   4095.000   1170.000   202.000   -52.797   119.475
85696.000   4046.000   1156.000   211.000   -52.736   119.493
85697.000   4139.000   1208.000   224.000   -52.675   119.511
85698.000   3891.000   1162.000   210.000   -52.614   119.529
85699.000   3964.000   1104.000   184.000   -52.552   119.547
85700.000   3852.000   1118.000   201.000   -52.491   119.565
85701.000   3818.000   1000.000   193.000   -52.430   119.583
85702.000   3748.000   1035.000   172.000   -52.369   119.600
85703.000   3722.000   1104.000   201.000   -52.308   119.618
85704.000   3602.000   1025.000   232.000   -52.247   119.636
85705.000   3708.000   1054.000   196.000   -52.186   119.653
85706.000   3729.000   1013.000   234.000   -52.125   119.671
85707.000   3741.000   1060.000   217.000   -52.064   119.688
85708.000   3823.000   1139.000   199.000   -52.002   119.705
85709.000   3824.000   1123.000   178.000   -51.941   119.723
85710.000   4005.000   1169.000   226.000   -51.880   119.740
85711.000   3859.000   1173.000   218.000   -51.819   119.757
85712.000   4182.000   1226.000   214.000   -51.758   119.774
85713.000   4060.000   1223.000   208.000   -51.697   119.791
85714.000   4088.000   1173.000   214.000   -51.636   119.808
85715.000   4291.000   1176.000   181.000   -51.574   119.825
85716.000   4405.000   1245.000   189.000   -51.513   119.842
85717.000   4371.000   1329.000   206.000   -51.452   119.859
85718.000   4541.000   1231.000   208.000   -51.391   119.875
85719.000   4522.000   1273.000   222.000   -51.330   119.892
85720.000   4580.000   1260.000   208.000   -51.269   119.909
85721.000   4732.000   1377.000   206.000   -51.207   119.925
85722.000   4754.000   1386.000   193.000   -51.146   119.942
85723.000   4814.000   1400.000   208.000   -51.085   119.958
85724.000   4913.000   1429.000   203.000   -51.024   119.975
85725.000   4993.000   1344.000   209.000   -50.962   119.991
85726.000   4915.000   1378.000   203.000   -50.901   120.008
85727.000   5012.000   1442.000   223.000   -50.840   120.024
85728.000   4893.000   1500.000   165.000   -50.779   120.040
85729.000   5066.000   1394.000   221.000   -50.718   120.056
85730.000   4957.000   1443.000   207.000   -50.656   120.072
85731.000   4947.000   1411.000   193.000   -50.595   120.088
85732.000   4953.000   1456.000   208.000   -50.534   120.104
85733.000   4869.000   1370.000   199.000   -50.473   120.120
85734.000   4780.000   1436.000   222.000   -50.411   120.136
85735.000   4896.000   1455.000   203.000   -50.350   120.152
85736.000   4767.000   1430.000   208.000   -50.289   120.168
85737.000   4634.000   1410.000   201.000   -50.228   120.184
85738.000   4614.000   1319.000   214.000   -50.166   120.199
85739.000   4540.000   1311.000   209.000   -50.105   120.215
85740.000   4297.000   1309.000   207.000   -50.044   120.231
85741.000   4037.000   1310.000   209.000   -49.982   120.246
85742.000   3769.000   1217.000   227.000   -49.921   120.262
85743.000   3600.000   1244.000   193.000   -49.860   120.277
85744.000   3618.000   1131.000   222.000   -49.799   120.292
85745.000   3616.000   1185.000   226.000   -49.737   120.308
85746.000   3501.000   1157.000   209.000   -49.676   120.323
85747.000   3231.000   1119.000   195.000   -49.615   120.338
85748.000   3362.000   1107.000   206.000   -49.553   120.354
85749.000   3065.000   1107.000   201.000   -49.492   120.369
85750.000   3014.000   1099.000   200.000   -49.431   120.384
85751.000   2911.000   1107.000   216.000   -49.369   120.399
85752.000   2919.000   1087.000   192.000   -49.308   120.414
85753.000   2745.000   1101.000   188.000   -49.247   120.429
85754.000   2805.000   1047.000   216.000   -49.185   120.444
85755.000   2731.000   1054.000   220.000   -49.124   120.459
85756.000   2626.000   1014.000   216.000   -49.063   120.473
85757.000   2620.000   974.000   186.000   -49.001   120.488
85758.000   2497.000   1006.000   202.000   -48.940   120.503
85759.000   2415.000   949.000   204.000   -48.879   120.518
85760.000   2342.000   969.000   195.000   -48.817   120.532
85761.000   2287.000   1002.000   215.000   -48.756   120.547
85762.000   2201.000   964.000   231.000   -48.694   120.561
85763.000   2137.000   952.000   211.000   -48.633   120.576
85764.000   1987.000   932.000   218.000   -48.572   120.590
85765.000   1975.000   906.000   229.000   -48.510   120.605
85766.000   1904.000   862.000   199.000   -48.449   120.619
85767.000   1865.000   922.000   225.000   -48.387   120.633
85768.000   1893.000   894.000   228.000   -48.326   120.648
85769.000   1675.000   842.000   208.000   -48.265   120.662
85770.000   1676.000   857.000   181.000   -48.203   120.676
85771.000   1595.000   827.000   187.000   -48.142   120.690
85772.000   1601.000   808.000   220.000   -48.080   120.704
85773.000   1501.000   816.000   199.000   -48.019   120.718
85774.000   1462.000   835.000   211.000   -47.958   120.732
85775.000   1511.000   831.000   200.000   -47.896   120.746
85776.000   1385.000   798.000   199.000   -47.835   120.760
85777.000   1366.000   796.000   224.000   -47.773   120.774
85778.000   1352.000   755.000   223.000   -47.712   120.788
85779.000   1297.000   782.000   219.000   -47.650   120.802
85780.000   1264.000   764.000   230.000   -47.589   120.816
85781.000   1261.000   721.000   198.000   -47.527   120.829
85782.000   1277.000   720.000   214.000   -47.466   120.843
85783.000   1198.000   740.000   196.000   -47.405   120.857
85784.000   1186.000   707.000   192.000   -47.343   120.870
85785.000   1135.000   698.000   202.000   -47.282   120.884
85786.000   1117.000   715.000   205.000   -47.220   120.897
85787.000   1102.000   691.000   206.000   -47.159   120.911
85788.000   1054.000   645.000   221.000   -47.097   120.924
85789.000   1080.000   635.000   200.000   -47.036   120.938
85790.000   1018.000   637.000   187.000   -46.974   120.951
85791.000   1029.000   648.000   233.000   -46.913   120.964
85792.000   1032.000   651.000   213.000   -46.851   120.978
85793.000   1035.000   624.000   218.000   -46.790   120.991
85794.000   991.000   633.000   218.000   -46.728   121.004
85795.000   1017.000   623.000   209.000   -46.667   121.017
85796.000   1048.000   594.000   214.000   -46.605   121.030
85797.000   1007.000   614.000   194.000   -46.544   121.043
85798.000   1036.000   600.000   184.000   -46.482   121.056
85799.000   1014.000   639.000   192.000   -46.421   121.069
85800.000   1036.000   609.000   188.000   -46.359   121.082
85801.000   999.000   595.000   218.000   -46.298   121.095
85802.000   1036.000   649.000   227.000   -46.236   121.108
85803.000   1029.000   598.000   234.000   -46.174   121.121
85804.000   1076.000   642.000   195.000   -46.113   121.134
85805.000   1024.000   634.000   197.000   -46.051   121.147
85806.000   984.000   584.000   189.000   -45.990   121.159
85807.000   981.000   596.000   211.000   -45.928   121.172
85808.000   1031.000   659.000   213.000   -45.867   121.185
85809.000   1013.000   583.000   213.000   -45.805   121.197
85810.000   1032.000   618.000   209.000   -45.744   121.210
85811.000   1017.000   603.000   218.000   -45.682   121.222
85812.000   976.000   605.000   214.000   -45.620   121.235
85813.000   1018.000   621.000   206.000   -45.559   121.247
85814.000   1026.000   610.000   209.000   -45.497   121.260
85815.000   991.000   577.000   205.000   -45.436   121.272
85816.000   983.000   590.000   202.000   -45.374   121.285
85817.000   1012.000   648.000   237.000   -45.313   121.297
85818.000   1018.000   603.000   212.000   -45.251   121.309
85819.000   1019.000   556.000   221.000   -45.189   121.321
85820.000   1013.000   601.000   190.000   -45.128   121.334
85821.000   990.000   618.000   207.000   -45.066   121.346
85822.000   1058.000   560.000   206.000   -45.005   121.358
85823.000   1065.000   595.000   193.000   -44.943   121.370
85824.000   1000.000   612.000   223.000   -44.881   121.382
85825.000   928.000   609.000   201.000   -44.820   121.394
85826.000   1066.000   594.000   184.000   -44.758   121.406
85827.000   1041.000   593.000   191.000   -44.696   121.418
85828.000   1018.000   597.000   205.000   -44.635   121.430
85829.000   1036.000   566.000   219.000   -44.573   121.442
85830.000   1029.000   602.000   201.000   -44.512   121.454
85831.000   1026.000   579.000   175.000   -44.450   121.466
85832.000   1015.000   623.000   212.000   -44.388   121.478
85833.000   1128.000   590.000   194.000   -44.327   121.489
85834.000   1035.000   618.000   217.000   -44.265   121.501
85835.000   1017.000   629.000   204.000   -44.203   121.513
85836.000   1037.000   587.000   204.000   -44.142   121.525
85837.000   1036.000   603.000   196.000   -44.080   121.536
85838.000   1064.000   605.000   210.000   -44.018   121.548
85839.000   972.000   590.000   215.000   -43.957   121.559
85840.000   1096.000   587.000   206.000   -43.895   121.571
85841.000   975.000   599.000   211.000   -43.833   121.583
85842.000   1040.000   625.000   191.000   -43.772   121.594
85843.000   1020.000   604.000   193.000   -43.710   121.605
85844.000   988.000   573.000   203.000   -43.648   121.617
85845.000   1031.000   632.000   203.000   -43.587   121.628
85846.000   998.000   549.000   185.000   -43.525   121.640
85847.000   1092.000   637.000   190.000   -43.463   121.651
85848.000   1074.000   563.000   167.000   -43.402   121.662
85849.000   1067.000   590.000   203.000   -43.340   121.674
85850.000   1046.000   567.000   197.000   -43.278   121.685
85851.000   1061.000   572.000   187.000   -43.217   121.696
85852.000   1094.000   568.000   201.000   -43.155   121.707
85853.000   1137.000   618.000   212.000   -43.093   121.718
85854.000   1042.000   588.000   189.000   -43.031   121.729
85855.000   1018.000   563.000   193.000   -42.970   121.740
85856.000   1026.000   582.000   179.000   -42.908   121.752
85857.000   1057.000   607.000   198.000   -42.846   121.763
85858.000   1099.000   570.000   194.000   -42.784   121.774
85859.000   1064.000   616.000   179.000   -42.723   121.784
85860.000   1031.000   592.000   200.000   -42.661   121.795
85861.000   1051.000   580.000   203.000   -42.599   121.806
85862.000   1042.000   569.000   179.000   -42.538   121.817
85863.000   1008.000   639.000   215.000   -42.476   121.828
85864.000   1034.000   600.000   191.000   -42.414   121.839
85865.000   1042.000   602.000   209.000   -42.352   121.850
85866.000   1043.000   563.000   196.000   -42.291   121.860
85867.000   1037.000   567.000   186.000   -42.229   121.871
85868.000   1049.000   595.000   182.000   -42.167   121.882
85869.000   998.000   606.000   228.000   -42.105   121.892
85870.000   1047.000   606.000   194.000   -42.044   121.903
85871.000   1010.000   623.000   211.000   -41.982   121.914
85872.000   963.000   523.000   215.000   -41.920   121.924
85873.000   1086.000   620.000   218.000   -41.858   121.935
85874.000   1018.000   566.000   171.000   -41.796   121.945
85875.000   1086.000   598.000   195.000   -41.735   121.956
85876.000   1050.000   578.000   223.000   -41.673   121.966
85877.000   1076.000   583.000   184.000   -41.611   121.977
85878.000   1017.000   569.000   205.000   -41.549   121.987
85879.000   1034.000   594.000   190.000   -41.488   121.998
85880.000   1028.000   592.000   192.000   -41.426   122.008
85881.000   1076.000   566.000   209.000   -41.364   122.018
85882.000   1048.000   553.000   201.000   -41.302   122.029
85883.000   974.000   559.000   186.000   -41.240   122.039
85884.000   1065.000   589.000   183.000   -41.179   122.049
85885.000   1036.000   605.000   202.000   -41.117   122.059
85886.000   1050.000   607.000   203.000   -41.055   122.069
85887.000   950.000   583.000   177.000   -40.993   122.080
85888.000   1021.000   570.000   186.000   -40.931   122.090
85889.000   999.000   582.000   179.000   -40.869   122.100
85890.000   1041.000   540.000   193.000   -40.808   122.110
85891.000   1020.000   528.000   175.000   -40.746   122.120
85892.000   1019.000   569.000   191.000   -40.684   122.130
85893.000   986.000   561.000   199.000   -40.622   122.140
85894.000   1032.000   549.000   197.000   -40.560   122.150
85895.000   965.000   609.000   199.000   -40.499   122.160
85896.000   1035.000   532.000   182.000   -40.437   122.170
85897.000   1005.000   589.000   215.000   -40.375   122.180
85898.000   1000.000   530.000   204.000   -40.313   122.190
85899.000   984.000   579.000   195.000   -40.251   122.200
85900.000   956.000   615.000   166.000   -40.189   122.209
85901.000   1002.000   586.000   212.000   -40.127   122.219
85902.000   948.000   544.000   194.000   -40.066   122.229
85903.000   945.000   617.000   206.000   -40.004   122.239
85904.000   1022.000   493.000   184.000   -39.942   122.249
85905.000   956.000   581.000   200.000   -39.880   122.258
85906.000   990.000   534.000   199.000   -39.818   122.268
85907.000   1015.000   560.000   205.000   -39.756   122.278
85908.000   992.000   603.000   184.000   -39.694   122.287
85909.000   992.000   559.000   210.000   -39.632   122.297
85910.000   939.000   549.000   208.000   -39.571   122.306
85911.000   953.000   539.000   218.000   -39.509   122.316
85912.000   986.000   583.000   173.000   -39.447   122.325
85913.000   970.000   556.000   182.000   -39.385   122.335
85914.000   963.000   583.000   225.000   -39.323   122.344
85915.000   994.000   558.000   182.000   -39.261   122.354
85916.000   1008.000   548.000   188.000   -39.199   122.363
85917.000   1012.000   529.000   205.000   -39.137   122.373
85918.000   984.000   489.000   167.000   -39.075   122.382
85919.000   918.000   573.000   182.000   -39.014   122.392
85920.000   945.000   546.000   185.000   -38.952   122.401
85921.000   996.000   565.000   188.000   -38.890   122.410
85922.000   983.000   598.000   176.000   -38.828   122.419
85923.000   1033.000   585.000   209.000   -38.766   122.429
85924.000   1004.000   538.000   179.000   -38.704   122.438
85925.000   1047.000   560.000   187.000   -38.642   122.447
85926.000   1009.000   540.000   187.000   -38.580   122.456
85927.000   1030.000   547.000   186.000   -38.518   122.466
85928.000   1014.000   576.000   186.000   -38.456   122.475
85929.000   956.000   555.000   211.000   -38.394   122.484
85930.000   1044.000   547.000   180.000   -38.332   122.493
85931.000   1041.000   549.000   187.000   -38.271   122.502
85932.000   1020.000   541.000   207.000   -38.209   122.511
85933.000   1020.000   549.000   164.000   -38.147   122.520
85934.000   998.000   548.000   182.000   -38.085   122.529
85935.000   999.000   557.000   196.000   -38.023   122.538
85936.000   1039.000   546.000   205.000   -37.961   122.547
85937.000   981.000   560.000   210.000   -37.899   122.556
85938.000   968.000   563.000   178.000   -37.837   122.565
85939.000   1008.000   558.000   163.000   -37.775   122.574
85940.000   1040.000   574.000   177.000   -37.713   122.583
85941.000   992.000   549.000   178.000   -37.651   122.592
85942.000   1007.000   590.000   165.000   -37.589   122.601
85943.000   1016.000   488.000   181.000   -37.527   122.609
85944.000   1026.000   529.000   156.000   -37.465   122.618
85945.000   1049.000   555.000   158.000   -37.403   122.627
85946.000   1055.000   560.000   172.000   -37.341   122.636
85947.000   1012.000   528.000   174.000   -37.279   122.645
85948.000   1021.000   525.000   190.000   -37.217   122.653
85949.000   963.000   533.000   184.000   -37.155   122.662
85950.000   1040.000   541.000   173.000   -37.093   122.671
85951.000   986.000   528.000   180.000   -37.031   122.679
85952.000   948.000   531.000   190.000   -36.969   122.688
85953.000   1005.000   513.000   179.000   -36.907   122.697
85954.000   956.000   572.000   173.000   -36.845   122.705
85955.000   973.000   526.000   173.000   -36.783   122.714
85956.000   1045.000   508.000   191.000   -36.721   122.722
85957.000   1008.000   531.000   159.000   -36.659   122.731
85958.000   991.000   527.000   171.000   -36.597   122.739
85959.000   1007.000   537.000   177.000   -36.535   122.748
85960.000   951.000   533.000   171.000   -36.473   122.756
85961.000   1008.000   524.000   203.000   -36.411   122.765
85962.000   947.000   487.000   168.000   -36.349   122.773
85963.000   956.000   538.000   186.000   -36.287   122.782
85964.000   1023.000   508.000   187.000   -36.225   122.790
85965.000   1008.000   535.000   175.000   -36.163   122.798
85966.000   965.000   517.000   207.000   -36.101   122.807
85967.000   1011.000   513.000   162.000   -36.039   122.815
85968.000   961.000   518.000   194.000   -35.977   122.823
85969.000   1024.000   545.000   176.000   -35.915   122.832
85970.000   980.000   538.000   183.000   -35.853   122.840
85971.000   1005.000   555.000   172.000   -35.791   122.848
85972.000   1032.000   587.000   196.000   -35.729   122.856
85973.000   1011.000   525.000   199.000   -35.667   122.865
85974.000   951.000   512.000   189.000   -35.605   122.873
85975.000   978.000   449.000   200.000   -35.543   122.881
85976.000   947.000   519.000   177.000   -35.481   122.889
85977.000   946.000   522.000   147.000   -35.419   122.897
85978.000   1005.000   524.000   172.000   -35.357   122.906
85979.000   946.000   512.000   166.000   -35.295   122.914
85980.000   945.000   492.000   172.000   -35.233   122.922
85981.000   974.000   510.000   148.000   -35.171   122.930
85982.000   994.000   518.000   168.000   -35.108   122.938
85983.000   982.000   519.000   152.000   -35.046   122.946
85984.000   938.000   525.000   179.000   -34.984   122.954
85985.000   991.000   503.000   185.000   -34.922   122.962
85986.000   952.000   544.000   183.000   -34.860   122.970
85987.000   973.000   534.000   169.000   -34.798   122.978
85988.000   1004.000   516.000   194.000   -34.736   122.986
85989.000   1018.000   511.000   160.000   -34.674   122.994
85990.000   938.000   516.000   180.000   -34.612   123.002
85991.000   926.000   500.000   179.000   -34.550   123.010
85992.000   954.000   525.000   159.000   -34.488   123.017
85993.000   910.000   489.000   174.000   -34.426   123.025
85994.000   979.000   540.000   162.000   -34.364   123.033
85995.000   951.000   520.000   159.000   -34.301   123.041
85996.000   969.000   502.000   156.000   -34.239   123.049
85997.000   945.000   516.000   193.000   -34.177   123.056
85998.000   974.000   483.000   172.000   -34.115   123.064
85999.000   939.000   527.000   169.000   -34.053   123.072
86000.000   931.000   546.000   179.000   -33.991   123.080
86001.000   953.000   531.000   162.000   -33.929   123.087
86002.000   973.000   529.000   159.000   -33.867   123.095
86003.000   963.000   500.000   172.000   -33.805   123.103
86004.000   999.000   491.000   156.000   -33.743   123.110
86005.000   952.000   504.000   179.000   -33.680   123.118
86006.000   946.000   510.000   154.000   -33.618   123.126
86007.000   965.000   492.000   186.000   -33.556   123.133
86008.000   932.000   491.000   151.000   -33.494   123.141
86009.000   909.000   502.000   155.000   -33.432   123.149
86010.000   981.000   515.000   138.000   -33.370   123.156
86011.000   953.000   492.000   152.000   -33.308   123.164
86012.000   927.000   534.000   167.000   -33.246   123.171
86013.000   944.000   466.000   152.000   -33.183   123.179
86014.000   963.000   501.000   160.000   -33.121   123.186
86015.000   943.000   495.000   172.000   -33.059   123.194
86016.000   957.000   488.000   139.000   -32.997   123.201
86017.000   957.000   523.000   152.000   -32.935   123.209
86018.000   935.000   526.000   168.000   -32.873   123.216
86019.000   981.000   485.000   169.000   -32.811   123.223
86020.000   889.000   516.000   189.000   -32.748   123.231
86021.000   888.000   497.000   172.000   -32.686   123.238
86022.000   934.000   473.000   161.000   -32.624   123.246
86023.000   927.000   526.000   177.000   -32.562   123.253
86024.000   977.000   486.000   176.000   -32.500   123.260
86025.000   891.000   480.000   150.000   -32.438   123.268
86026.000   974.000   466.000   187.000   -32.376   123.275
86027.000   879.000   477.000   154.000   -32.313   123.282
86028.000   1010.000   475.000   151.000   -32.251   123.289
86029.000   904.000   464.000   167.000   -32.189   123.297
86030.000   957.000   517.000   171.000   -32.127   123.304
86031.000   898.000   485.000   156.000   -32.065   123.311
86032.000   906.000   468.000   178.000   -32.002   123.318
86033.000   902.000   507.000   156.000   -31.940   123.326
86034.000   857.000   426.000   158.000   -31.878   123.333
86035.000   950.000   479.000   178.000   -31.816   123.340
86036.000   917.000   520.000   161.000   -31.754   123.347
86037.000   910.000   485.000   140.000   -31.692   123.354
86038.000   963.000   520.000   149.000   -31.629   123.361
86039.000   942.000   467.000   161.000   -31.567   123.368
86040.000   928.000   517.000   179.000   -31.505   123.375
86041.000   932.000   491.000   164.000   -31.443   123.383
86042.000   897.000   496.000   187.000   -31.381   123.390
86043.000   924.000   504.000   144.000   -31.318   123.397
86044.000   872.000   526.000   144.000   -31.256   123.404
86045.000   907.000   535.000   145.000   -31.194   123.411
86046.000   948.000   484.000   164.000   -31.132   123.418
86047.000   902.000   476.000   164.000   -31.070   123.425
86048.000   930.000   517.000   154.000   -31.007   123.432
86049.000   942.000   460.000   165.000   -30.945   123.439
86050.000   956.000   452.000   169.000   -30.883   123.446
86051.000   902.000   506.000   155.000   -30.821   123.453
86052.000   945.000   498.000   143.000   -30.759   123.459
86053.000   861.000   452.000   150.000   -30.696   123.466
86054.000   895.000   516.000   178.000   -30.634   123.473
86055.000   918.000   477.000   152.000   -30.572   123.480
86056.000   885.000   466.000   138.000   -30.510   123.487
86057.000   908.000   471.000   131.000   -30.448   123.494
86058.000   930.000   464.000   177.000   -30.385   123.501
86059.000   908.000   487.000   155.000   -30.323   123.507
86060.000   908.000   475.000   154.000   -30.261   123.514
86061.000   938.000   467.000   142.000   -30.199   123.521
86062.000   904.000   454.000   146.000   -30.136   123.528
86063.000   964.000   450.000   135.000   -30.074   123.535
86064.000   953.000   477.000   172.000   -30.012   123.541
86065.000   896.000   488.000   174.000   -29.950   123.548
86066.000   933.000   488.000   165.000   -29.887   123.555
86067.000   896.000   481.000   149.000   -29.825   123.562
86068.000   904.000   436.000   151.000   -29.763   123.568
86069.000   905.000   469.000   157.000   -29.701   123.575
86070.000   852.000   452.000   167.000   -29.638   123.582
86071.000   956.000   451.000   154.000   -29.576   123.588
86072.000   902.000   445.000   179.000   -29.514   123.595
86073.000   888.000   461.000   140.000   -29.452   123.601
86074.000   926.000   470.000   146.000   -29.389   123.608
86075.000   977.000   465.000   150.000   -29.327   123.615
86076.000   861.000   444.000   141.000   -29.265   123.621
86077.000   864.000   505.000   142.000   -29.203   123.628
86078.000   940.000   468.000   139.000   -29.140   123.634
86079.000   935.000   499.000   141.000   -29.078   123.641
86080.000   847.000   461.000   157.000   -29.016   123.648
86081.000   900.000   498.000   150.000   -28.954   123.654
86082.000   903.000   450.000   157.000   -28.891   123.661
86083.000   884.000   435.000   165.000   -28.829   123.667
86084.000   894.000   470.000   153.000   -28.767   123.674
86085.000   929.000   479.000   171.000   -28.704   123.680
86086.000   897.000   455.000   174.000   -28.642   123.687
86087.000   885.000   429.000   156.000   -28.580   123.693
86088.000   911.000   479.000   141.000   -28.518   123.699
86089.000   955.000   462.000   153.000   -28.455   123.706
86090.000   911.000   425.000   142.000   -28.393   123.712
86091.000   914.000   437.000   152.000   -28.331   123.719
86092.000   919.000   484.000   157.000   -28.268   123.725
86093.000   880.000   434.000   146.000   -28.206   123.731
86094.000   942.000   509.000   148.000   -28.144   123.738
86095.000   983.000   495.000   156.000   -28.082   123.744
86096.000   979.000   455.000   167.000   -28.019   123.750
86097.000   996.000   451.000   155.000   -27.957   123.757
86098.000   938.000   433.000   133.000   -27.895   123.763
86099.000   933.000   488.000   167.000   -27.832   123.769
86100.000   915.000   441.000   169.000   -27.770   123.776
86101.000   943.000   461.000   165.000   -27.708   123.782
86102.000   1036.000   492.000   126.000   -27.645   123.788
86103.000   888.000   502.000   147.000   -27.583   123.795
86104.000   904.000   453.000   120.000   -27.521   123.801
86105.000   911.000   442.000   159.000   -27.459   123.807
86106.000   917.000   494.000   124.000   -27.396   123.813
86107.000   996.000   420.000   157.000   -27.334   123.819
86108.000   947.000   461.000   141.000   -27.272   123.826
86109.000   847.000   474.000   163.000   -27.209   123.832
86110.000   940.000   473.000   160.000   -27.147   123.838
86111.000   889.000   475.000   120.000   -27.085   123.844
86112.000   910.000   467.000   143.000   -27.022   123.850
86113.000   952.000   431.000   149.000   -26.960   123.856
86114.000   965.000   443.000   137.000   -26.898   123.863
86115.000   899.000   429.000   133.000   -26.835   123.869
86116.000   911.000   447.000   129.000   -26.773   123.875
86117.000   888.000   457.000   146.000   -26.711   123.881
86118.000   862.000   463.000   164.000   -26.648   123.887
86119.000   955.000   403.000   155.000   -26.586   123.893
86120.000   885.000   466.000   134.000   -26.524   123.899
86121.000   925.000   434.000   154.000   -26.461   123.905
86122.000   908.000   418.000   152.000   -26.399   123.911
86123.000   904.000   437.000   144.000   -26.337   123.917
86124.000   893.000   431.000   154.000   -26.274   123.923
86125.000   912.000   446.000   160.000   -26.212   123.929
86126.000   850.000   461.000   150.000   -26.150   123.935
86127.000   867.000   456.000   136.000   -26.087   123.941
86128.000   929.000   427.000   140.000   -26.025   123.947
86129.000   842.000   412.000   150.000   -25.963   123.953
86130.000   931.000   437.000   138.000   -25.900   123.959
86131.000   922.000   465.000   143.000   -25.838   123.965
86132.000   885.000   427.000   130.000   -25.775   123.971
86133.000   921.000   433.000   149.000   -25.713   123.977
86134.000   928.000   432.000   151.000   -25.651   123.983
86135.000   863.000   442.000   119.000   -25.588   123.989
86136.000   873.000   437.000   143.000   -25.526   123.995
86137.000   887.000   404.000   144.000   -25.464   124.001
86138.000   864.000   428.000   144.000   -25.401   124.006
86139.000   855.000   391.000   133.000   -25.339   124.012
86140.000   882.000   435.000   145.000   -25.276   124.018
86141.000   898.000   463.000   161.000   -25.214   124.024
86142.000   844.000   465.000   151.000   -25.152   124.030
86143.000   908.000   434.000   132.000   -25.089   124.036
86144.000   892.000   395.000   132.000   -25.027   124.042
86145.000   896.000   415.000   136.000   -24.965   124.047
86146.000   883.000   419.000   119.000   -24.902   124.053
86147.000   930.000   448.000   149.000   -24.840   124.059
86148.000   927.000   439.000   129.000   -24.777   124.065
86149.000   909.000   437.000   157.000   -24.715   124.070
86150.000   908.000   434.000   138.000   -24.653   124.076
86151.000   852.000   461.000   138.000   -24.590   124.082
86152.000   929.000   434.000   143.000   -24.528   124.088
86153.000   820.000   423.000   141.000   -24.466   124.093
86154.000   858.000   426.000   151.000   -24.403   124.099
86155.000   884.000   434.000   146.000   -24.341   124.105
86156.000   885.000   449.000   132.000   -24.278   124.110
86157.000   926.000   410.000   141.000   -24.216   124.116
86158.000   902.000   423.000   120.000   -24.154   124.122
86159.000   889.000   424.000   151.000   -24.091   124.128
86160.000   856.000   449.000   126.000   -24.029   124.133
86161.000   900.000   433.000   125.000   -23.966   124.139
