Time range: [ 15:40:00.000  16:20:00.000 ]
Time range duration: 40.0 min, 0.0 sec
Longitude range: [ 149.0  149.0 ]
56400.000   891.000   507.000   149.000   32.633   83.023
56401.000   836.000   447.000   119.000   32.571   83.030
56402.000   828.000   427.000   119.000   32.509   83.037
56403.000   867.000   494.000   121.000   32.446   83.044
56404.000   823.000   463.000   128.000   32.384   83.052
56405.000   881.000   446.000   126.000   32.322   83.059
56406.000   859.000   483.000   112.000   32.260   83.066
56407.000   809.000   492.000   121.000   32.198   83.074
56408.000   886.000   444.000   133.000   32.136   83.081
56409.000   851.000   465.000   134.000   32.074   83.088
56410.000   865.000   467.000   125.000   32.012   83.095
56411.000   895.000   426.000   112.000   31.950   83.102
56412.000   853.000   512.000   136.000   31.888   83.110
56413.000   840.000   453.000   144.000   31.825   83.117
56414.000   873.000   479.000   130.000   31.763   83.124
56415.000   831.000   515.000   124.000   31.701   83.131
56416.000   820.000   476.000   112.000   31.639   83.138
56417.000   899.000   494.000   106.000   31.577   83.145
56418.000   870.000   446.000   109.000   31.515   83.152
56419.000   874.000   448.000   115.000   31.453   83.159
56420.000   858.000   452.000   102.000   31.391   83.166
56421.000   822.000   470.000   116.000   31.329   83.173
56422.000   811.000   489.000   123.000   31.266   83.180
56423.000   843.000   496.000   132.000   31.204   83.187
56424.000   857.000   443.000   97.000   31.142   83.194
56425.000   830.000   499.000   108.000   31.080   83.201
56426.000   878.000   482.000   116.000   31.018   83.208
56427.000   833.000   504.000   110.000   30.956   83.215
56428.000   825.000   501.000   116.000   30.894   83.222
56429.000   821.000   499.000   112.000   30.832   83.229
56430.000   856.000   455.000   128.000   30.769   83.236
56431.000   876.000   500.000   117.000   30.707   83.243
56432.000   842.000   439.000   117.000   30.645   83.250
56433.000   896.000   484.000   121.000   30.583   83.257
56434.000   770.000   471.000   126.000   30.521   83.263
56435.000   788.000   478.000   124.000   30.459   83.270
56436.000   878.000   461.000   107.000   30.397   83.277
56437.000   792.000   490.000   121.000   30.334   83.284
56438.000   869.000   486.000   123.000   30.272   83.291
56439.000   842.000   463.000   115.000   30.210   83.297
56440.000   866.000   480.000   110.000   30.148   83.304
56441.000   806.000   487.000   106.000   30.086   83.311
56442.000   769.000   475.000   100.000   30.024   83.318
56443.000   835.000   470.000   118.000   29.962   83.324
56444.000   847.000   468.000   109.000   29.899   83.331
56445.000   813.000   499.000   108.000   29.837   83.338
56446.000   792.000   456.000   93.000   29.775   83.345
56447.000   859.000   433.000   113.000   29.713   83.351
56448.000   773.000   459.000   104.000   29.651   83.358
56449.000   837.000   463.000   91.000   29.589   83.364
56450.000   775.000   476.000   97.000   29.526   83.371
56451.000   839.000   441.000   109.000   29.464   83.378
56452.000   893.000   492.000   120.000   29.402   83.384
56453.000   829.000   489.000   117.000   29.340   83.391
56454.000   827.000   467.000   103.000   29.278   83.397
56455.000   860.000   471.000   108.000   29.216   83.404
56456.000   798.000   449.000   111.000   29.154   83.411
56457.000   766.000   475.000   103.000   29.091   83.417
56458.000   800.000   477.000   116.000   29.029   83.424
56459.000   848.000   499.000   115.000   28.967   83.430
56460.000   770.000   475.000   89.000   28.905   83.437
56461.000   829.000   506.000   102.000   28.843   83.443
56462.000   815.000   454.000   98.000   28.780   83.450
56463.000   827.000   478.000   114.000   28.718   83.456
56464.000   791.000   467.000   99.000   28.656   83.462
56465.000   809.000   483.000   93.000   28.594   83.469
56466.000   826.000   482.000   105.000   28.532   83.475
56467.000   759.000   470.000   109.000   28.470   83.482
56468.000   819.000   473.000   99.000   28.407   83.488
56469.000   830.000   485.000   96.000   28.345   83.495
56470.000   800.000   485.000   122.000   28.283   83.501
56471.000   832.000   463.000   95.000   28.221   83.507
56472.000   799.000   445.000   95.000   28.159   83.514
56473.000   805.000   457.000   112.000   28.097   83.520
56474.000   833.000   523.000   127.000   28.034   83.526
56475.000   807.000   520.000   96.000   27.972   83.533
56476.000   822.000   503.000   113.000   27.910   83.539
56477.000   849.000   546.000   119.000   27.848   83.545
56478.000   799.000   489.000   90.000   27.786   83.551
56479.000   839.000   451.000   114.000   27.723   83.558
56480.000   806.000   518.000   108.000   27.661   83.564
56481.000   849.000   509.000   80.000   27.599   83.570
56482.000   839.000   496.000   113.000   27.537   83.576
56483.000   795.000   514.000   95.000   27.475   83.583
56484.000   761.000   485.000   110.000   27.412   83.589
56485.000   812.000   474.000   83.000   27.350   83.595
56486.000   861.000   543.000   121.000   27.288   83.601
56487.000   807.000   495.000   119.000   27.226   83.607
56488.000   760.000   479.000   105.000   27.164   83.614
56489.000   818.000   499.000   104.000   27.101   83.620
56490.000   807.000   493.000   108.000   27.039   83.626
56491.000   791.000   560.000   109.000   26.977   83.632
56492.000   825.000   488.000   107.000   26.915   83.638
56493.000   804.000   520.000   95.000   26.853   83.644
56494.000   829.000   495.000   109.000   26.790   83.650
56495.000   828.000   531.000   84.000   26.728   83.656
56496.000   857.000   487.000   99.000   26.666   83.662
56497.000   768.000   517.000   101.000   26.604   83.668
56498.000   856.000   511.000   112.000   26.542   83.674
56499.000   804.000   545.000   87.000   26.479   83.680
56500.000   783.000   507.000   96.000   26.417   83.687
56501.000   863.000   517.000   106.000   26.355   83.693
56502.000   847.000   538.000   84.000   26.293   83.699
56503.000   847.000   513.000   109.000   26.230   83.705
56504.000   782.000   493.000   102.000   26.168   83.710
56505.000   814.000   476.000   111.000   26.106   83.716
56506.000   859.000   524.000   101.000   26.044   83.722
56507.000   814.000   475.000   96.000   25.982   83.728
56508.000   828.000   477.000   98.000   25.919   83.734
56509.000   848.000   494.000   91.000   25.857   83.740
56510.000   836.000   512.000   105.000   25.795   83.746
56511.000   799.000   482.000   94.000   25.733   83.752
56512.000   849.000   513.000   103.000   25.670   83.758
56513.000   834.000   517.000   107.000   25.608   83.764
56514.000   842.000   499.000   101.000   25.546   83.770
56515.000   817.000   504.000   80.000   25.484   83.776
56516.000   854.000   510.000   82.000   25.422   83.781
56517.000   804.000   552.000   111.000   25.359   83.787
56518.000   814.000   518.000   108.000   25.297   83.793
56519.000   779.000   513.000   104.000   25.235   83.799
56520.000   807.000   486.000   104.000   25.173   83.805
56521.000   844.000   507.000   95.000   25.110   83.811
56522.000   808.000   528.000   86.000   25.048   83.816
56523.000   775.000   513.000   103.000   24.986   83.822
56524.000   813.000   484.000   80.000   24.924   83.828
56525.000   820.000   508.000   91.000   24.861   83.834
56526.000   840.000   524.000   108.000   24.799   83.839
56527.000   779.000   463.000   106.000   24.737   83.845
56528.000   789.000   495.000   97.000   24.675   83.851
56529.000   822.000   546.000   98.000   24.612   83.857
56530.000   775.000   599.000   113.000   24.550   83.862
56531.000   801.000   604.000   99.000   24.488   83.868
56532.000   864.000   614.000   108.000   24.426   83.874
56533.000   846.000   653.000   87.000   24.363   83.879
56534.000   833.000   614.000   88.000   24.301   83.885
56535.000   821.000   618.000   78.000   24.239   83.891
56536.000   782.000   598.000   108.000   24.177   83.896
56537.000   834.000   569.000   94.000   24.114   83.902
56538.000   842.000   652.000   94.000   24.052   83.908
56539.000   834.000   636.000   99.000   23.990   83.913
56540.000   780.000   627.000   95.000   23.928   83.919
56541.000   788.000   651.000   93.000   23.865   83.924
56542.000   812.000   614.000   88.000   23.803   83.930
56543.000   810.000   646.000   94.000   23.741   83.936
56544.000   769.000   669.000   85.000   23.679   83.941
56545.000   875.000   695.000   93.000   23.616   83.947
56546.000   769.000   759.000   100.000   23.554   83.952
56547.000   870.000   797.000   88.000   23.492   83.958
56548.000   825.000   897.000   91.000   23.430   83.963
56549.000   852.000   951.000   97.000   23.367   83.969
56550.000   801.000   1068.000   116.000   23.305   83.974
56551.000   782.000   1213.000   99.000   23.243   83.980
56552.000   768.000   1288.000   99.000   23.181   83.986
56553.000   874.000   1345.000   106.000   23.118   83.991
56554.000   838.000   1514.000   103.000   23.056   83.996
56555.000   764.000   1535.000   113.000   22.994   84.002
56556.000   808.000   1996.000   120.000   22.931   84.007
56557.000   857.000   2002.000   105.000   22.869   84.013
56558.000   815.000   2120.000   126.000   22.807   84.018
56559.000   762.000   2376.000   112.000   22.745   84.024
56560.000   831.000   2454.000   105.000   22.682   84.029
56561.000   771.000   2613.000   122.000   22.620   84.035
56562.000   816.000   2865.000   125.000   22.558   84.040
56563.000   792.000   2993.000   106.000   22.496   84.045
56564.000   802.000   3285.000   125.000   22.433   84.051
56565.000   812.000   3584.000   119.000   22.371   84.056
56566.000   864.000   3825.000   138.000   22.309   84.062
56567.000   821.000   3966.000   142.000   22.246   84.067
56568.000   781.000   4306.000   126.000   22.184   84.072
56569.000   819.000   4700.000   144.000   22.122   84.078
56570.000   827.000   4950.000   117.000   22.060   84.083
56571.000   803.000   5108.000   126.000   21.997   84.088
56572.000   792.000   5538.000   144.000   21.935   84.094
56573.000   810.000   5785.000   132.000   21.873   84.099
56574.000   837.000   6043.000   156.000   21.811   84.104
56575.000   776.000   6250.000   151.000   21.748   84.110
56576.000   832.000   6617.000   149.000   21.686   84.115
56577.000   795.000   7028.000   135.000   21.624   84.120
56578.000   827.000   7349.000   158.000   21.561   84.126
56579.000   807.000   7500.000   172.000   21.499   84.131
56580.000   794.000   7866.000   155.000   21.437   84.136
56581.000   813.000   7912.000   158.000   21.374   84.141
56582.000   843.000   8234.000   146.000   21.312   84.147
56583.000   805.000   8471.000   175.000   21.250   84.152
56584.000   827.000   8665.000   171.000   21.188   84.157
56585.000   799.000   8918.000   153.000   21.125   84.162
56586.000   826.000   9227.000   180.000   21.063   84.168
56587.000   792.000   9527.000   173.000   21.001   84.173
56588.000   787.000   9544.000   176.000   20.938   84.178
56589.000   800.000   9860.000   166.000   20.876   84.183
56590.000   806.000   10149.000   183.000   20.814   84.188
56591.000   832.000   10220.000   185.000   20.752   84.194
56592.000   855.000   10490.000   190.000   20.689   84.199
56593.000   789.000   10465.000   177.000   20.627   84.204
56594.000   767.000   10716.000   220.000   20.565   84.209
56595.000   766.000   10788.000   246.000   20.502   84.214
56596.000   668.000   10980.000   219.000   20.440   84.219
56597.000   707.000   11137.000   237.000   20.378   84.224
56598.000   736.000   11194.000   238.000   20.315   84.230
56599.000   777.000   11565.000   273.000   20.253   84.235
56600.000   724.000   11488.000   244.000   20.191   84.240
56601.000   689.000   11693.000   247.000   20.129   84.245
56602.000   634.000   11530.000   288.000   20.066   84.250
56603.000   612.000   11552.000   298.000   20.004   84.255
56604.000   596.000   11910.000   283.000   19.942   84.260
56605.000   580.000   11891.000   295.000   19.879   84.265
56606.000   582.000   12105.000   308.000   19.817   84.270
56607.000   584.000   11941.000   326.000   19.755   84.275
56608.000   585.000   11888.000   6005.000   19.692   84.280
56609.000   592.000   12188.000   5805.000   19.630   84.285
56610.000   567.000   12409.000   5234.000   19.568   84.290
56611.000   613.000   12568.000   5576.000   19.505   84.296
56612.000   604.000   12610.000   5963.000   19.443   84.301
56613.000   605.000   12796.000   6351.000   19.381   84.306
56614.000   591.000   12721.000   7022.000   19.319   84.311
56615.000   608.000   12984.000   7711.000   19.256   84.316
56616.000   625.000   12857.000   8463.000   19.194   84.321
56617.000   610.000   13125.000   9273.000   19.132   84.326
56618.000   616.000   13311.000   10347.000   19.069   84.331
56619.000   580.000   13342.000   11337.000   19.007   84.336
56620.000   604.000   13527.000   12364.000   18.945   84.340
56621.000   612.000   13640.000   12999.000   18.882   84.345
56622.000   631.000   13980.000   13974.000   18.820   84.350
56623.000   661.000   14081.000   14479.000   18.758   84.355
56624.000   584.000   14245.000   15832.000   18.695   84.360
56625.000   589.000   14369.000   17295.000   18.633   84.365
56626.000   659.000   14648.000   18452.000   18.571   84.370
56627.000   568.000   14880.000   19528.000   18.508   84.375
56628.000   585.000   14771.000   19794.000   18.446   84.380
56629.000   627.000   15127.000   19688.000   18.384   84.385
56630.000   621.000   15388.000   19372.000   18.321   84.390
56631.000   606.000   15509.000   18852.000   18.259   84.395
56632.000   619.000   15731.000   17671.000   18.197   84.400
56633.000   598.000   15983.000   17115.000   18.135   84.404
56634.000   622.000   16434.000   15457.000   18.072   84.409
56635.000   634.000   16362.000   14447.000   18.010   84.414
56636.000   656.000   16393.000   12887.000   17.948   84.419
56637.000   608.000   16811.000   11718.000   17.885   84.424
56638.000   627.000   16852.000   9400.000   17.823   84.429
56639.000   652.000   17274.000   8565.000   17.761   84.434
56640.000   608.000   34155.000   7731.000   17.698   84.438
56641.000   664.000   38883.000   6464.000   17.636   84.443
56642.000   593.000   19654.000   5214.000   17.574   84.448
56643.000   586.000   40877.000   3728.000   17.511   84.453
56644.000   577.000   17546.000   1679.000   17.449   84.458
56645.000   572.000   17588.000   755.000   17.387   84.463
56646.000   610.000   17659.000   76.000   17.324   84.467
56647.000   602.000   17504.000   20.000   17.262   84.472
56648.000   625.000   17596.000   04.000   17.200   84.477
56649.000   611.000   17463.000   01.000   17.137   84.482
56650.000   612.000   17656.000   00.000   17.075   84.487
56651.000   603.000   17467.000   00.000   17.013   84.491
56652.000   611.000   17223.000   00.000   16.950   84.496
56653.000   595.000   17424.000   00.000   16.888   84.501
56654.000   628.000   17218.000   00.000   16.826   84.506
56655.000   593.000   17101.000   00.000   16.763   84.510
56656.000   582.000   16788.000   00.000   16.701   84.515
56657.000   642.000   16751.000   00.000   16.639   84.520
56658.000   619.000   17067.000   00.000   16.576   84.525
56659.000   611.000   16538.000   00.000   16.514   84.529
56660.000   591.000   16560.000   00.000   16.452   84.534
56661.000   580.000   16222.000   00.000   16.389   84.539
56662.000   602.000   15753.000   00.000   16.327   84.543
56663.000   567.000   15435.000   00.000   16.265   84.548
56664.000   569.000   15121.000   00.000   16.202   84.553
56665.000   573.000   15078.000   00.000   16.140   84.557
56666.000   569.000   14820.000   00.000   16.078   84.562
56667.000   604.000   14450.000   00.000   16.015   84.567
56668.000   591.000   14247.000   00.000   15.953   84.572
56669.000   637.000   13914.000   00.000   15.890   84.576
56670.000   605.000   13609.000   00.000   15.828   84.581
56671.000   633.000   13194.000   00.000   15.766   84.586
56672.000   620.000   12874.000   00.000   15.703   84.590
56673.000   580.000   12640.000   00.000   15.641   84.595
56674.000   576.000   12187.000   00.000   15.579   84.599
56675.000   566.000   11811.000   00.000   15.516   84.604
56676.000   588.000   11615.000   00.000   15.454   84.609
56677.000   614.000   11395.000   00.000   15.392   84.613
56678.000   642.000   10914.000   00.000   15.329   84.618
56679.000   642.000   10671.000   00.000   15.267   84.623
56680.000   592.000   10355.000   00.000   15.205   84.627
56681.000   583.000   10118.000   00.000   15.142   84.632
56682.000   573.000   9828.000   00.000   15.080   84.636
56683.000   583.000   9758.000   00.000   15.018   84.641
56684.000   568.000   9355.000   00.000   14.955   84.646
56685.000   640.000   9244.000   00.000   14.893   84.650
56686.000   589.000   8867.000   00.000   14.831   84.655
56687.000   612.000   8561.000   00.000   14.768   84.659
56688.000   598.000   8638.000   00.000   14.706   84.664
56689.000   613.000   8329.000   00.000   14.644   84.668
56690.000   588.000   8094.000   00.000   14.581   84.673
56691.000   590.000   8126.000   00.000   14.519   84.678
56692.000   596.000   7654.000   00.000   14.456   84.682
56693.000   574.000   7558.000   00.000   14.394   84.687
56694.000   577.000   7250.000   00.000   14.332   84.691
56695.000   595.000   7069.000   00.000   14.269   84.696
56696.000   588.000   7041.000   00.000   14.207   84.700
56697.000   580.000   6711.000   00.000   14.145   84.705
56698.000   627.000   6382.000   00.000   14.082   84.709
56699.000   616.000   6336.000   00.000   14.020   84.714
56700.000   17341.000   34017.000   16967.000   13.958   84.718
56701.000   21960.000   43245.000   21576.000   13.895   84.723
56702.000   1680.000   3949.000   2577.000   13.833   84.727
56703.000   23590.000   46383.000   23145.000   13.771   84.732
56704.000   639.000   394.000   97.000   13.708   84.736
56705.000   585.000   387.000   82.000   13.646   84.741
56706.000   554.000   399.000   88.000   13.583   84.745
56707.000   556.000   443.000   82.000   13.521   84.750
56708.000   615.000   415.000   84.000   13.459   84.754
56709.000   566.000   405.000   65.000   13.396   84.759
56710.000   626.000   430.000   80.000   13.334   84.763
56711.000   603.000   437.000   93.000   13.272   84.768
56712.000   557.000   379.000   77.000   13.209   84.772
56713.000   637.000   434.000   90.000   13.147   84.777
56714.000   586.000   461.000   84.000   13.085   84.781
56715.000   602.000   398.000   77.000   13.022   84.785
56716.000   597.000   412.000   75.000   12.960   84.790
56717.000   634.000   371.000   72.000   12.898   84.794
56718.000   601.000   426.000   88.000   12.835   84.799
56719.000   621.000   450.000   76.000   12.773   84.803
56720.000   519.000   387.000   87.000   12.710   84.808
56721.000   554.000   411.000   90.000   12.648   84.812
56722.000   596.000   378.000   92.000   12.586   84.816
56723.000   644.000   381.000   89.000   12.523   84.821
56724.000   564.000   350.000   81.000   12.461   84.825
56725.000   547.000   432.000   84.000   12.399   84.830
56726.000   547.000   417.000   75.000   12.336   84.834
56727.000   574.000   397.000   71.000   12.274   84.838
56728.000   588.000   403.000   80.000   12.212   84.843
56729.000   562.000   453.000   72.000   12.149   84.847
56730.000   603.000   398.000   72.000   12.087   84.852
56731.000   551.000   376.000   89.000   12.024   84.856
56732.000   549.000   428.000   74.000   11.962   84.860
56733.000   550.000   401.000   84.000   11.900   84.865
56734.000   599.000   422.000   72.000   11.837   84.869
56735.000   617.000   411.000   77.000   11.775   84.873
56736.000   573.000   391.000   78.000   11.713   84.878
56737.000   560.000   392.000   78.000   11.650   84.882
56738.000   542.000   411.000   78.000   11.588   84.886
56739.000   593.000   405.000   88.000   11.525   84.891
56740.000   614.000   430.000   88.000   11.463   84.895
56741.000   578.000   412.000   81.000   11.401   84.899
56742.000   555.000   417.000   78.000   11.338   84.904
56743.000   577.000   450.000   78.000   11.276   84.908
56744.000   597.000   372.000   86.000   11.214   84.912
56745.000   552.000   431.000   66.000   11.151   84.917
56746.000   567.000   420.000   84.000   11.089   84.921
56747.000   594.000   428.000   90.000   11.027   84.925
56748.000   598.000   433.000   76.000   10.964   84.930
56749.000   602.000   451.000   81.000   10.902   84.934
56750.000   563.000   428.000   83.000   10.839   84.938
56751.000   589.000   368.000   75.000   10.777   84.943
56752.000   576.000   432.000   75.000   10.715   84.947
56753.000   569.000   412.000   66.000   10.652   84.951
56754.000   602.000   397.000   83.000   10.590   84.956
56755.000   571.000   448.000   82.000   10.528   84.960
56756.000   581.000   397.000   63.000   10.465   84.964
56757.000   562.000   449.000   70.000   10.403   84.968
56758.000   567.000   403.000   76.000   10.340   84.973
56759.000   568.000   424.000   65.000   10.278   84.977
56760.000   586.000   401.000   91.000   10.216   84.981
56761.000   568.000   453.000   77.000   10.153   84.985
56762.000   590.000   429.000   80.000   10.091   84.990
56763.000   593.000   393.000   68.000   10.029   84.994
56764.000   573.000   449.000   65.000   09.966   84.998
56765.000   588.000   427.000   83.000   09.904   85.002
56766.000   587.000   433.000   75.000   09.841   85.007
56767.000   585.000   452.000   66.000   09.779   85.011
56768.000   557.000   413.000   62.000   09.717   85.015
56769.000   540.000   444.000   68.000   09.654   85.019
56770.000   601.000   477.000   66.000   09.592   85.024
56771.000   592.000   455.000   66.000   09.530   85.028
56772.000   575.000   441.000   66.000   09.467   85.032
56773.000   555.000   413.000   79.000   09.405   85.036
56774.000   565.000   449.000   64.000   09.342   85.041
56775.000   589.000   443.000   71.000   09.280   85.045
56776.000   604.000   403.000   76.000   09.218   85.049
56777.000   604.000   407.000   68.000   09.155   85.053
56778.000   549.000   440.000   59.000   09.093   85.057
56779.000   597.000   411.000   62.000   09.031   85.062
56780.000   547.000   451.000   77.000   08.968   85.066
56781.000   591.000   404.000   77.000   08.906   85.070
56782.000   577.000   446.000   58.000   08.843   85.074
56783.000   577.000   429.000   74.000   08.781   85.079
56784.000   582.000   477.000   61.000   08.719   85.083
56785.000   654.000   465.000   81.000   08.656   85.087
56786.000   573.000   458.000   83.000   08.594   85.091
56787.000   522.000   463.000   72.000   08.532   85.095
56788.000   566.000   428.000   72.000   08.469   85.099
56789.000   541.000   432.000   79.000   08.407   85.104
56790.000   571.000   412.000   85.000   08.344   85.108
56791.000   574.000   431.000   62.000   08.282   85.112
56792.000   553.000   412.000   86.000   08.220   85.116
56793.000   608.000   474.000   75.000   08.157   85.120
56794.000   552.000   450.000   82.000   08.095   85.125
56795.000   527.000   412.000   82.000   08.033   85.129
56796.000   557.000   401.000   61.000   07.970   85.133
56797.000   595.000   450.000   57.000   07.908   85.137
56798.000   583.000   421.000   68.000   07.845   85.141
56799.000   540.000   434.000   68.000   07.783   85.145
56800.000   574.000   408.000   68.000   07.721   85.149
56801.000   628.000   476.000   76.000   07.658   85.154
56802.000   559.000   459.000   69.000   07.596   85.158
56803.000   549.000   412.000   62.000   07.533   85.162
56804.000   553.000   424.000   65.000   07.471   85.166
56805.000   584.000   446.000   77.000   07.409   85.170
56806.000   610.000   429.000   60.000   07.346   85.174
56807.000   595.000   425.000   58.000   07.284   85.178
56808.000   609.000   470.000   68.000   07.222   85.183
56809.000   614.000   466.000   66.000   07.159   85.187
56810.000   558.000   509.000   69.000   07.097   85.191
56811.000   548.000   447.000   60.000   07.034   85.195
56812.000   563.000   481.000   62.000   06.972   85.199
56813.000   575.000   447.000   60.000   06.910   85.203
56814.000   581.000   444.000   72.000   06.847   85.207
56815.000   560.000   467.000   57.000   06.785   85.211
56816.000   580.000   436.000   63.000   06.723   85.216
56817.000   619.000   484.000   49.000   06.660   85.220
56818.000   557.000   454.000   75.000   06.598   85.224
56819.000   552.000   403.000   66.000   06.535   85.228
56820.000   543.000   435.000   54.000   06.473   85.232
56821.000   598.000   411.000   67.000   06.411   85.236
56822.000   570.000   436.000   51.000   06.348   85.240
56823.000   537.000   454.000   66.000   06.286   85.244
56824.000   560.000   488.000   59.000   06.224   85.248
56825.000   582.000   430.000   68.000   06.161   85.253
56826.000   608.000   6834.000   64.000   06.099   85.257
56827.000   556.000   7038.000   56.000   06.036   85.261
56828.000   553.000   7368.000   58.000   05.974   85.265
56829.000   577.000   7443.000   67.000   05.912   85.269
56830.000   559.000   7514.000   81.000   05.849   85.273
56831.000   580.000   7763.000   56.000   05.787   85.277
56832.000   578.000   7650.000   68.000   05.725   85.281
56833.000   632.000   7797.000   75.000   05.662   85.285
56834.000   563.000   8103.000   67.000   05.600   85.289
56835.000   559.000   8288.000   64.000   05.537   85.293
56836.000   561.000   8372.000   68.000   05.475   85.298
56837.000   590.000   8387.000   86.000   05.413   85.302
56838.000   582.000   8438.000   68.000   05.350   85.306
56839.000   566.000   8604.000   62.000   05.288   85.310
56840.000   579.000   8822.000   63.000   05.225   85.314
56841.000   552.000   9069.000   47.000   05.163   85.318
56842.000   548.000   8957.000   59.000   05.101   85.322
56843.000   588.000   9141.000   59.000   05.038   85.326
56844.000   547.000   9310.000   63.000   04.976   85.330
56845.000   591.000   9386.000   70.000   04.914   85.334
56846.000   569.000   9344.000   54.000   04.851   85.338
56847.000   562.000   9240.000   73.000   04.789   85.342
56848.000   594.000   9495.000   60.000   04.726   85.346
56849.000   587.000   9258.000   51.000   04.664   85.350
56850.000   592.000   9282.000   59.000   04.602   85.354
56851.000   584.000   9341.000   68.000   04.539   85.358
56852.000   560.000   9582.000   58.000   04.477   85.363
56853.000   576.000   9469.000   68.000   04.415   85.367
56854.000   582.000   9528.000   69.000   04.352   85.371
56855.000   555.000   9551.000   54.000   04.290   85.375
56856.000   577.000   9478.000   77.000   04.227   85.379
56857.000   578.000   9609.000   62.000   04.165   85.383
56858.000   556.000   9545.000   66.000   04.103   85.387
56859.000   580.000   9672.000   67.000   04.040   85.391
56860.000   565.000   9756.000   62.000   03.978   85.395
56861.000   584.000   9882.000   60.000   03.916   85.399
56862.000   593.000   9508.000   71.000   03.853   85.403
56863.000   571.000   9974.000   63.000   03.791   85.407
56864.000   590.000   9609.000   62.000   03.728   85.411
56865.000   583.000   9662.000   68.000   03.666   85.415
56866.000   591.000   9615.000   55.000   03.604   85.419
56867.000   588.000   9587.000   64.000   03.541   85.423
56868.000   564.000   9781.000   72.000   03.479   85.427
56869.000   589.000   9675.000   57.000   03.417   85.431
56870.000   635.000   9798.000   69.000   03.354   85.435
56871.000   582.000   9679.000   61.000   03.292   85.439
56872.000   537.000   9869.000   61.000   03.229   85.443
56873.000   614.000   9915.000   63.000   03.167   85.447
56874.000   597.000   10058.000   62.000   03.105   85.451
56875.000   558.000   10216.000   72.000   03.042   85.455
56876.000   594.000   10295.000   65.000   02.980   85.459
56877.000   614.000   10542.000   47.000   02.918   85.463
56878.000   557.000   10538.000   59.000   02.855   85.467
56879.000   558.000   10754.000   73.000   02.793   85.471
56880.000   819.000   473.000   149.000   02.730   85.475
56881.000   795.000   430.000   119.000   02.668   85.479
56882.000   804.000   403.000   119.000   02.606   85.484
56883.000   803.000   460.000   121.000   02.543   85.488
56884.000   815.000   444.000   128.000   02.481   85.492
56885.000   822.000   441.000   126.000   02.419   85.496
56886.000   821.000   468.000   112.000   02.356   85.500
56887.000   764.000   466.000   121.000   02.294   85.504
56888.000   826.000   440.000   133.000   02.231   85.508
56889.000   828.000   458.000   134.000   02.169   85.512
56890.000   810.000   431.000   125.000   02.107   85.516
56891.000   853.000   401.000   112.000   02.044   85.520
56892.000   785.000   491.000   136.000   01.982   85.524
56893.000   788.000   521.000   144.000   01.920   85.528
56894.000   834.000   430.000   130.000   01.857   85.532
56895.000   800.000   488.000   124.000   01.795   85.536
56896.000   775.000   418.000   112.000   01.732   85.540
56897.000   829.000   503.000   106.000   01.670   85.544
56898.000   801.000   414.000   109.000   01.608   85.548
56899.000   841.000   449.000   115.000   01.545   85.552
56900.000   781.000   432.000   102.000   01.483   85.556
56901.000   792.000   459.000   116.000   01.421   85.560
56902.000   771.000   440.000   123.000   01.358   85.564
56903.000   811.000   452.000   132.000   01.296   85.568
56904.000   837.000   411.000   97.000   01.233   85.572
56905.000   785.000   463.000   108.000   01.171   85.576
56906.000   839.000   447.000   116.000   01.109   85.580
56907.000   808.000   476.000   110.000   01.046   85.584
56908.000   783.000   456.000   116.000   00.984   85.588
56909.000   782.000   498.000   112.000   00.922   85.592
56910.000   818.000   441.000   128.000   00.859   85.596
56911.000   804.000   442.000   117.000   00.797   85.600
56912.000   816.000   411.000   117.000   00.735   85.604
56913.000   833.000   448.000   121.000   00.672   85.608
56914.000   742.000   429.000   126.000   00.610   85.612
56915.000   747.000   422.000   124.000   00.547   85.616
56916.000   856.000   430.000   107.000   00.485   85.620
56917.000   742.000   540.000   121.000   00.423   85.624
56918.000   811.000   439.000   123.000   00.360   85.628
56919.000   814.000   423.000   115.000   00.298   85.632
56920.000   796.000   449.000   110.000   00.236   85.636
56921.000   774.000   441.000   106.000   00.173   85.640
56922.000   755.000   459.000   100.000   00.111   85.644
56923.000   777.000   430.000   118.000   00.049   85.648
56924.000   803.000   436.000   109.000   -0.014   85.652
56925.000   772.000   419.000   108.000   -0.076   85.656
56926.000   754.000   418.000   93.000   -0.139   85.660
56927.000   812.000   411.000   113.000   -0.201   85.664
56928.000   755.000   418.000   104.000   -0.263   85.668
56929.000   780.000   438.000   91.000   -0.326   85.672
56930.000   709.000   458.000   97.000   -0.388   85.676
56931.000   828.000   408.000   109.000   -0.450   85.680
56932.000   837.000   442.000   120.000   -0.513   85.684
56933.000   772.000   439.000   117.000   -0.575   85.688
56934.000   782.000   447.000   103.000   -0.637   85.692
56935.000   838.000   451.000   108.000   -0.700   85.696
56936.000   755.000   449.000   111.000   -0.762   85.700
56937.000   715.000   449.000   103.000   -0.825   85.704
56938.000   776.000   461.000   116.000   -0.887   85.708
56939.000   799.000   459.000   115.000   -0.949   85.712
56940.000   756.000   429.000   89.000   -1.012   85.716
56941.000   793.000   450.000   102.000   -1.074   85.720
56942.000   803.000   415.000   98.000   -1.136   85.724
56943.000   781.000   457.000   114.000   -1.199   85.728
56944.000   769.000   429.000   99.000   -1.261   85.732
56945.000   765.000   478.000   93.000   -1.323   85.736
56946.000   798.000   437.000   105.000   -1.386   85.740
56947.000   730.000   451.000   109.000   -1.448   85.744
56948.000   782.000   437.000   99.000   -1.510   85.748
56949.000   783.000   453.000   96.000   -1.573   85.752
56950.000   756.000   417.000   122.000   -1.635   85.756
56951.000   761.000   416.000   95.000   -1.698   85.760
56952.000   756.000   373.000   95.000   -1.760   85.764
56953.000   772.000   430.000   112.000   -1.822   85.768
56954.000   811.000   438.000   127.000   -1.885   85.772
56955.000   794.000   458.000   96.000   -1.947   85.776
56956.000   769.000   436.000   113.000   -2.009   85.780
56957.000   797.000   464.000   119.000   -2.072   85.784
56958.000   760.000   426.000   90.000   -2.134   85.788
56959.000   813.000   399.000   114.000   -2.196   85.792
56960.000   785.000   483.000   108.000   -2.259   85.796
56961.000   807.000   474.000   80.000   -2.321   85.800
56962.000   761.000   441.000   113.000   -2.383   85.804
56963.000   775.000   444.000   95.000   -2.446   85.808
56964.000   725.000   415.000   110.000   -2.508   85.812
56965.000   808.000   405.000   83.000   -2.570   85.816
56966.000   848.000   499.000   121.000   -2.633   85.820
56967.000   790.000   443.000   119.000   -2.695   85.824
56968.000   768.000   443.000   105.000   -2.757   85.828
56969.000   789.000   407.000   104.000   -2.820   85.832
56970.000   777.000   414.000   108.000   -2.882   85.836
56971.000   791.000   471.000   109.000   -2.945   85.840
56972.000   780.000   410.000   107.000   -3.007   85.844
56973.000   760.000   445.000   95.000   -3.069   85.848
56974.000   781.000   426.000   109.000   -3.132   85.852
56975.000   771.000   465.000   84.000   -3.194   85.856
56976.000   788.000   411.000   99.000   -3.256   85.860
56977.000   747.000   446.000   101.000   -3.319   85.864
56978.000   834.000   444.000   112.000   -3.381   85.868
56979.000   806.000   477.000   87.000   -3.443   85.872
56980.000   764.000   444.000   96.000   -3.506   85.876
56981.000   790.000   485.000   106.000   -3.568   85.880
56982.000   795.000   492.000   84.000   -3.630   85.884
56983.000   793.000   449.000   109.000   -3.693   85.888
56984.000   732.000   406.000   102.000   -3.755   85.892
56985.000   786.000   419.000   111.000   -3.817   85.896
56986.000   801.000   461.000   101.000   -3.880   85.900
56987.000   770.000   431.000   96.000   -3.942   85.904
56988.000   768.000   427.000   98.000   -4.004   85.908
56989.000   765.000   440.000   91.000   -4.067   85.912
56990.000   808.000   479.000   105.000   -4.129   85.916
56991.000   754.000   425.000   94.000   -4.191   85.920
56992.000   779.000   470.000   103.000   -4.254   85.925
56993.000   823.000   481.000   107.000   -4.316   85.929
56994.000   816.000   436.000   101.000   -4.378   85.933
56995.000   800.000   443.000   80.000   -4.441   85.937
56996.000   819.000   447.000   82.000   -4.503   85.941
56997.000   787.000   496.000   111.000   -4.565   85.945
56998.000   757.000   460.000   108.000   -4.628   85.949
56999.000   798.000   464.000   104.000   -4.690   85.953
57000.000   782.000   437.000   104.000   -4.752   85.957
57001.000   790.000   415.000   95.000   -4.815   85.961
57002.000   752.000   467.000   86.000   -4.877   85.965
57003.000   734.000   460.000   103.000   -4.939   85.969
57004.000   794.000   451.000   80.000   -5.002   85.973
57005.000   785.000   446.000   91.000   -5.064   85.977
57006.000   809.000   439.000   108.000   -5.126   85.981
57007.000   750.000   439.000   106.000   -5.189   85.985
57008.000   779.000   434.000   97.000   -5.251   85.989
57009.000   791.000   460.000   98.000   -5.313   85.993
57010.000   772.000   537.000   113.000   -5.376   85.997
57011.000   769.000   549.000   99.000   -5.438   86.002
57012.000   841.000   506.000   108.000   -5.500   86.006
57013.000   818.000   563.000   87.000   -5.563   86.010
57014.000   794.000   525.000   88.000   -5.625   86.014
57015.000   783.000   541.000   78.000   -5.687   86.018
57016.000   775.000   523.000   108.000   -5.750   86.022
57017.000   777.000   499.000   94.000   -5.812   86.026
57018.000   831.000   554.000   94.000   -5.874   86.030
57019.000   779.000   549.000   99.000   -5.937   86.034
57020.000   757.000   506.000   95.000   -5.999   86.038
57021.000   794.000   556.000   93.000   -6.061   86.042
57022.000   766.000   563.000   88.000   -6.124   86.046
57023.000   800.000   586.000   94.000   -6.186   86.051
57024.000   758.000   588.000   85.000   -6.248   86.055
57025.000   852.000   620.000   93.000   -6.310   86.059
57026.000   727.000   684.000   100.000   -6.373   86.063
57027.000   801.000   737.000   88.000   -6.435   86.067
57028.000   778.000   814.000   91.000   -6.497   86.071
57029.000   785.000   897.000   97.000   -6.560   86.075
57030.000   774.000   995.000   116.000   -6.622   86.079
57031.000   770.000   1118.000   99.000   -6.684   86.083
57032.000   762.000   1201.000   99.000   -6.747   86.087
57033.000   826.000   1256.000   106.000   -6.809   86.091
57034.000   807.000   1416.000   103.000   -6.871   86.096
57035.000   750.000   1458.000   113.000   -6.934   86.100
57036.000   766.000   1897.000   120.000   -6.996   86.104
57037.000   810.000   1897.000   105.000   -7.058   86.108
57038.000   778.000   2034.000   126.000   -7.121   86.112
57039.000   722.000   2275.000   112.000   -7.183   86.116
57040.000   794.000   2379.000   105.000   -7.245   86.120
57041.000   746.000   2478.000   122.000   -7.307   86.124
57042.000   780.000   2777.000   125.000   -7.370   86.129
57043.000   802.000   2902.000   106.000   -7.432   86.133
57044.000   754.000   3171.000   125.000   -7.494   86.137
57045.000   780.000   3492.000   119.000   -7.557   86.141
57046.000   792.000   3691.000   138.000   -7.619   86.145
57047.000   762.000   3832.000   142.000   -7.681   86.149
57048.000   766.000   4198.000   126.000   -7.744   86.153
57049.000   798.000   4558.000   144.000   -7.806   86.158
57050.000   797.000   4837.000   117.000   -7.868   86.162
57051.000   763.000   5002.000   126.000   -7.931   86.166
57052.000   799.000   5378.000   144.000   -7.993   86.170
57053.000   793.000   5643.000   132.000   -8.055   86.174
57054.000   793.000   5885.000   156.000   -8.117   86.178
57055.000   753.000   6095.000   151.000   -8.180   86.182
57056.000   785.000   6441.000   149.000   -8.242   86.187
57057.000   796.000   6829.000   135.000   -8.304   86.191
57058.000   781.000   7159.000   158.000   -8.367   86.195
57059.000   789.000   7299.000   172.000   -8.429   86.199
57060.000   770.000   7679.000   155.000   -8.491   86.203
57061.000   765.000   7748.000   158.000   -8.554   86.207
57062.000   834.000   7970.000   146.000   -8.616   86.212
57063.000   799.000   8211.000   175.000   -8.678   86.216
57064.000   779.000   8413.000   171.000   -8.740   86.220
57065.000   798.000   8657.000   153.000   -8.803   86.224
57066.000   769.000   8938.000   180.000   -8.865   86.228
57067.000   809.000   9170.000   173.000   -8.927   86.233
57068.000   758.000   9191.000   176.000   -8.990   86.237
57069.000   795.000   9467.000   166.000   -9.052   86.241
57070.000   783.000   9694.000   183.000   -9.114   86.245
57071.000   811.000   9769.000   185.000   -9.176   86.249
57072.000   807.000   9952.000   190.000   -9.239   86.254
57073.000   772.000   9902.000   177.000   -9.301   86.258
57074.000   818.000   10180.000   220.000   -9.363   86.262
57075.000   820.000   10120.000   246.000   -9.426   86.266
57076.000   759.000   10163.000   219.000   -9.488   86.270
57077.000   752.000   10241.000   237.000   -9.550   86.275
57078.000   774.000   10306.000   238.000   -9.612   86.279
57079.000   818.000   10580.000   273.000   -9.675   86.283
57080.000   800.000   10439.000   244.000   -9.737   86.287
57081.000   757.000   10611.000   247.000   -9.799   86.292
57082.000   682.000   10463.000   288.000   -9.862   86.296
57083.000   687.000   10394.000   298.000   -9.924   86.300
57084.000   665.000   10650.000   283.000   -9.986   86.304
57085.000   641.000   10599.000   295.000   -10.048   86.309
57086.000   663.000   10696.000   308.000   -10.111   86.313
57087.000   644.000   10463.000   326.000   -10.173   86.317
57088.000   654.000   10254.000   6005.000   -10.235   86.321
57089.000   653.000   10501.000   5805.000   -10.297   86.326
57090.000   624.000   10525.000   5234.000   -10.360   86.330
57091.000   655.000   10553.000   5576.000   -10.422   86.334
57092.000   655.000   10439.000   5963.000   -10.484   86.338
57093.000   668.000   10503.000   6351.000   -10.547   86.343
57094.000   628.000   10381.000   7022.000   -10.609   86.347
57095.000   650.000   10516.000   7711.000   -10.671   86.351
57096.000   666.000   10281.000   8463.000   -10.733   86.355
57097.000   675.000   10498.000   9273.000   -10.796   86.360
57098.000   686.000   10522.000   10347.000   -10.858   86.364
57099.000   671.000   10434.000   11337.000   -10.920   86.368
57100.000   663.000   10461.000   12364.000   -10.982   86.373
57101.000   672.000   10343.000   12999.000   -11.045   86.377
57102.000   701.000   10513.000   13974.000   -11.107   86.381
57103.000   745.000   10455.000   14479.000   -11.169   86.385
57104.000   659.000   10521.000   15832.000   -11.231   86.390
57105.000   671.000   10473.000   17295.000   -11.294   86.394
57106.000   694.000   10509.000   18452.000   -11.356   86.398
57107.000   618.000   10541.000   19528.000   -11.418   86.403
57108.000   657.000   10303.000   19794.000   -11.481   86.407
57109.000   674.000   10448.000   19688.000   -11.543   86.411
57110.000   714.000   10561.000   19372.000   -11.605   86.416
57111.000   680.000   10491.000   18852.000   -11.667   86.420
57112.000   671.000   10508.000   17671.000   -11.730   86.424
57113.000   658.000   10608.000   17115.000   -11.792   86.429
57114.000   688.000   10703.000   15457.000   -11.854   86.433
57115.000   694.000   10566.000   14447.000   -11.916   86.437
57116.000   725.000   10573.000   12887.000   -11.979   86.442
57117.000   682.000   10585.000   11718.000   -12.041   86.446
57118.000   685.000   10561.000   9400.000   -12.103   86.450
57119.000   720.000   10713.000   8565.000   -12.165   86.455
57120.000   660.000   27667.000   7731.000   -12.228   86.459
57121.000   706.000   32127.000   6464.000   -12.290   86.464
57122.000   659.000   12819.000   5214.000   -12.352   86.468
57123.000   652.000   33868.000   3728.000   -12.414   86.472
57124.000   649.000   10546.000   1679.000   -12.477   86.477
57125.000   659.000   10390.000   755.000   -12.539   86.481
57126.000   668.000   10398.000   76.000   -12.601   86.486
57127.000   709.000   10166.000   20.000   -12.663   86.490
57128.000   709.000   10073.000   04.000   -12.725   86.494
57129.000   662.000   9906.000   01.000   -12.788   86.499
57130.000   672.000   9929.000   00.000   -12.850   86.503
57131.000   646.000   9760.000   00.000   -12.912   86.508
57132.000   670.000   9523.000   00.000   -12.974   86.512
57133.000   661.000   9368.000   00.000   -13.037   86.516
57134.000   674.000   9150.000   00.000   -13.099   86.521
57135.000   641.000   8972.000   00.000   -13.161   86.525
57136.000   670.000   8608.000   00.000   -13.223   86.530
57137.000   722.000   8384.000   00.000   -13.286   86.534
57138.000   674.000   8405.000   00.000   -13.348   86.539
57139.000   660.000   7977.000   00.000   -13.410   86.543
57140.000   702.000   7706.000   00.000   -13.472   86.547
57141.000   681.000   7475.000   00.000   -13.535   86.552
57142.000   643.000   7046.000   00.000   -13.597   86.556
57143.000   664.000   6686.000   00.000   -13.659   86.561
57144.000   649.000   6484.000   00.000   -13.721   86.565
57145.000   672.000   6259.000   00.000   -13.783   86.570
57146.000   632.000   6014.000   00.000   -13.846   86.574
57147.000   684.000   5644.000   00.000   -13.908   86.579
57148.000   686.000   5386.000   00.000   -13.970   86.583
57149.000   733.000   5110.000   00.000   -14.032   86.588
57150.000   673.000   4835.000   00.000   -14.095   86.592
57151.000   705.000   4419.000   00.000   -14.157   86.597
57152.000   684.000   4180.000   00.000   -14.219   86.601
57153.000   623.000   4028.000   00.000   -14.281   86.606
57154.000   675.000   3572.000   00.000   -14.343   86.610
57155.000   660.000   3324.000   00.000   -14.406   86.615
57156.000   639.000   3185.000   00.000   -14.468   86.619
57157.000   700.000   3003.000   00.000   -14.530   86.624
57158.000   686.000   2737.000   00.000   -14.592   86.628
57159.000   719.000   2500.000   00.000   -14.654   86.633
57160.000   643.000   2331.000   00.000   -14.717   86.637
57161.000   684.000   2131.000   00.000   -14.779   86.642
57162.000   676.000   1991.000   00.000   -14.841   86.647
57163.000   660.000   1834.000   00.000   -14.903   86.651
57164.000   638.000   1641.000   00.000   -14.966   86.656
57165.000   736.000   1549.000   00.000   -15.028   86.660
57166.000   659.000   1438.000   00.000   -15.090   86.665
57167.000   699.000   1396.000   00.000   -15.152   86.669
57168.000   659.000   1277.000   00.000   -15.214   86.674
57169.000   679.000   1214.000   00.000   -15.277   86.679
57170.000   666.000   1124.000   00.000   -15.339   86.683
57171.000   696.000   1127.000   00.000   -15.401   86.688
57172.000   653.000   1028.000   00.000   -15.463   86.692
57173.000   683.000   989.000   00.000   -15.525   86.697
57174.000   628.000   922.000   00.000   -15.588   86.702
57175.000   686.000   924.000   00.000   -15.650   86.706
57176.000   659.000   833.000   00.000   -15.712   86.711
57177.000   643.000   823.000   00.000   -15.774   86.715
57178.000   694.000   798.000   00.000   -15.836   86.720
57179.000   681.000   728.000   00.000   -15.899   86.725
57180.000   17429.000   17194.000   16967.000   -15.961   86.729
57181.000   22082.000   21821.000   21576.000   -16.023   86.734
57182.000   1760.000   2030.000   2577.000   -16.085   86.739
57183.000   23676.000   23397.000   23145.000   -16.147   86.743
57184.000   700.000   439.000   97.000   -16.209   86.748
57185.000   700.000   437.000   82.000   -16.272   86.753
57186.000   662.000   359.000   88.000   -16.334   86.757
57187.000   614.000   371.000   82.000   -16.396   86.762
57188.000   668.000   364.000   84.000   -16.458   86.767
57189.000   677.000   372.000   65.000   -16.520   86.771
57190.000   737.000   394.000   80.000   -16.583   86.776
57191.000   695.000   406.000   93.000   -16.645   86.781
57192.000   667.000   340.000   77.000   -16.707   86.786
57193.000   694.000   381.000   90.000   -16.769   86.790
57194.000   578.000   398.000   84.000   -16.831   86.795
57195.000   587.000   372.000   77.000   -16.893   86.800
57196.000   586.000   386.000   75.000   -16.956   86.805
57197.000   615.000   349.000   72.000   -17.018   86.809
57198.000   599.000   385.000   88.000   -17.080   86.814
57199.000   589.000   410.000   76.000   -17.142   86.819
57200.000   526.000   366.000   87.000   -17.204   86.824
57201.000   577.000   374.000   90.000   -17.266   86.828
57202.000   545.000   336.000   92.000   -17.329   86.833
57203.000   593.000   360.000   89.000   -17.391   86.838
57204.000   538.000   327.000   81.000   -17.453   86.843
57205.000   527.000   386.000   84.000   -17.515   86.847
57206.000   516.000   388.000   75.000   -17.577   86.852
57207.000   581.000   366.000   71.000   -17.639   86.857
57208.000   553.000   385.000   80.000   -17.702   86.862
57209.000   523.000   398.000   72.000   -17.764   86.867
57210.000   574.000   384.000   72.000   -17.826   86.871
57211.000   540.000   347.000   89.000   -17.888   86.876
57212.000   550.000   378.000   74.000   -17.950   86.881
57213.000   525.000   349.000   84.000   -18.012   86.886
57214.000   563.000   400.000   72.000   -18.075   86.891
57215.000   590.000   388.000   77.000   -18.137   86.896
57216.000   556.000   378.000   78.000   -18.199   86.900
57217.000   556.000   374.000   78.000   -18.261   86.905
57218.000   520.000   375.000   78.000   -18.323   86.910
57219.000   567.000   385.000   88.000   -18.385   86.915
57220.000   570.000   385.000   88.000   -18.447   86.920
57221.000   583.000   382.000   81.000   -18.510   86.925
57222.000   549.000   387.000   78.000   -18.572   86.930
57223.000   552.000   415.000   78.000   -18.634   86.935
57224.000   549.000   343.000   86.000   -18.696   86.940
57225.000   537.000   397.000   66.000   -18.758   86.945
57226.000   549.000   378.000   84.000   -18.820   86.949
57227.000   561.000   394.000   90.000   -18.882   86.954
57228.000   575.000   376.000   76.000   -18.945   86.959
57229.000   573.000   400.000   81.000   -19.007   86.964
57230.000   532.000   396.000   83.000   -19.069   86.969
57231.000   579.000   332.000   75.000   -19.131   86.974
57232.000   553.000   379.000   75.000   -19.193   86.979
57233.000   554.000   390.000   66.000   -19.255   86.984
57234.000   568.000   369.000   83.000   -19.317   86.989
57235.000   539.000   386.000   82.000   -19.379   86.994
57236.000   560.000   355.000   63.000   -19.442   86.999
57237.000   557.000   406.000   70.000   -19.504   87.004
57238.000   565.000   389.000   76.000   -19.566   87.009
57239.000   553.000   386.000   65.000   -19.628   87.014
57240.000   536.000   389.000   91.000   -19.690   87.019
57241.000   546.000   408.000   77.000   -19.752   87.024
57242.000   574.000   387.000   80.000   -19.814   87.029
57243.000   561.000   358.000   68.000   -19.876   87.034
57244.000   545.000   414.000   65.000   -19.939   87.039
57245.000   574.000   408.000   83.000   -20.001   87.044
57246.000   563.000   385.000   75.000   -20.063   87.049
57247.000   567.000   337.000   66.000   -20.125   87.054
57248.000   568.000   393.000   62.000   -20.187   87.059
57249.000   534.000   387.000   68.000   -20.249   87.065
57250.000   560.000   432.000   66.000   -20.311   87.070
57251.000   559.000   407.000   66.000   -20.373   87.075
57252.000   566.000   373.000   66.000   -20.435   87.080
57253.000   542.000   372.000   79.000   -20.498   87.085
57254.000   544.000   393.000   64.000   -20.560   87.090
57255.000   550.000   375.000   71.000   -20.622   87.095
57256.000   585.000   340.000   76.000   -20.684   87.100
57257.000   556.000   349.000   68.000   -20.746   87.105
57258.000   517.000   403.000   59.000   -20.808   87.111
57259.000   572.000   376.000   62.000   -20.870   87.116
57260.000   516.000   406.000   77.000   -20.932   87.121
57261.000   578.000   368.000   77.000   -20.994   87.126
57262.000   543.000   421.000   58.000   -21.056   87.131
57263.000   545.000   340.000   74.000   -21.119   87.136
57264.000   553.000   432.000   61.000   -21.181   87.142
57265.000   623.000   429.000   81.000   -21.243   87.147
57266.000   554.000   398.000   83.000   -21.305   87.152
57267.000   518.000   392.000   72.000   -21.367   87.157
57268.000   501.000   383.000   72.000   -21.429   87.163
57269.000   519.000   407.000   79.000   -21.491   87.168
57270.000   543.000   381.000   85.000   -21.553   87.173
57271.000   540.000   383.000   62.000   -21.615   87.178
57272.000   536.000   359.000   86.000   -21.677   87.184
57273.000   612.000   406.000   75.000   -21.739   87.189
57274.000   535.000   402.000   82.000   -21.801   87.194
57275.000   490.000   366.000   82.000   -21.864   87.199
57276.000   513.000   343.000   61.000   -21.926   87.205
57277.000   578.000   410.000   57.000   -21.988   87.210
57278.000   575.000   376.000   68.000   -22.050   87.215
57279.000   508.000   340.000   68.000   -22.112   87.221
57280.000   551.000   362.000   68.000   -22.174   87.226
57281.000   627.000   411.000   76.000   -22.236   87.231
57282.000   535.000   391.000   69.000   -22.298   87.237
57283.000   524.000   378.000   62.000   -22.360   87.242
57284.000   535.000   376.000   65.000   -22.422   87.247
57285.000   547.000   399.000   77.000   -22.484   87.253
57286.000   564.000   385.000   60.000   -22.546   87.258
57287.000   578.000   382.000   58.000   -22.608   87.263
57288.000   586.000   406.000   68.000   -22.670   87.269
57289.000   605.000   402.000   66.000   -22.732   87.274
57290.000   563.000   442.000   69.000   -22.795   87.280
57291.000   545.000   377.000   60.000   -22.857   87.285
57292.000   533.000   406.000   62.000   -22.919   87.290
57293.000   569.000   394.000   60.000   -22.981   87.296
57294.000   558.000   403.000   72.000   -23.043   87.301
57295.000   529.000   413.000   57.000   -23.105   87.307
57296.000   525.000   419.000   63.000   -23.167   87.312
57297.000   609.000   434.000   49.000   -23.229   87.318
57298.000   535.000   415.000   75.000   -23.291   87.323
57299.000   490.000   382.000   66.000   -23.353   87.329
57300.000   525.000   368.000   54.000   -23.415   87.334
57301.000   558.000   364.000   67.000   -23.477   87.340
57302.000   553.000   373.000   51.000   -23.539   87.345
57303.000   521.000   393.000   66.000   -23.601   87.351
57304.000   558.000   430.000   59.000   -23.663   87.356
57305.000   583.000   378.000   68.000   -23.725   87.362
57306.000   586.000   421.000   64.000   -23.787   87.367
57307.000   564.000   399.000   56.000   -23.849   87.373
57308.000   511.000   389.000   58.000   -23.911   87.378
57309.000   531.000   442.000   67.000   -23.973   87.384
57310.000   544.000   395.000   81.000   -24.035   87.390
57311.000   545.000   443.000   56.000   -24.097   87.395
57312.000   564.000   416.000   68.000   -24.159   87.401
57313.000   597.000   387.000   75.000   -24.221   87.406
57314.000   620.000   423.000   67.000   -24.283   87.412
57315.000   563.000   394.000   64.000   -24.345   87.418
57316.000   569.000   414.000   68.000   -24.407   87.423
57317.000   616.000   374.000   86.000   -24.470   87.429
57318.000   590.000   418.000   68.000   -24.532   87.435
57319.000   573.000   403.000   62.000   -24.594   87.440
57320.000   609.000   415.000   63.000   -24.656   87.446
57321.000   572.000   410.000   47.000   -24.718   87.452
57322.000   545.000   397.000   59.000   -24.780   87.457
57323.000   592.000   430.000   59.000   -24.842   87.463
57324.000   564.000   430.000   63.000   -24.904   87.469
57325.000   593.000   437.000   70.000   -24.966   87.474
57326.000   546.000   420.000   54.000   -25.028   87.480
57327.000   567.000   388.000   73.000   -25.090   87.486
57328.000   622.000   460.000   60.000   -25.152   87.492
57329.000   614.000   403.000   51.000   -25.214   87.498
57330.000   607.000   413.000   59.000   -25.276   87.503
57331.000   593.000   436.000   68.000   -25.338   87.509
57332.000   559.000   528.000   58.000   -25.400   87.515
57333.000   577.000   517.000   68.000   -25.462   87.521
57334.000   595.000   647.000   69.000   -25.524   87.527
57335.000   587.000   613.000   54.000   -25.586   87.532
57336.000   588.000   718.000   77.000   -25.648   87.538
57337.000   585.000   808.000   62.000   -25.710   87.544
57338.000   552.000   791.000   66.000   -25.772   87.550
57339.000   567.000   928.000   67.000   -25.834   87.556
57340.000   614.000   1110.000   62.000   -25.896   87.562
57341.000   614.000   1175.000   60.000   -25.957   87.568
57342.000   585.000   1229.000   71.000   -26.019   87.573
57343.000   574.000   1404.000   63.000   -26.081   87.579
57344.000   599.000   1402.000   62.000   -26.143   87.585
57345.000   598.000   1476.000   68.000   -26.205   87.591
57346.000   599.000   1655.000   55.000   -26.267   87.597
57347.000   595.000   1825.000   64.000   -26.329   87.603
57348.000   567.000   1996.000   72.000   -26.391   87.609
57349.000   602.000   2152.000   57.000   -26.453   87.615
57350.000   587.000   2350.000   69.000   -26.515   87.621
57351.000   595.000   2549.000   61.000   -26.577   87.627
57352.000   515.000   2803.000   61.000   -26.639   87.633
57353.000   642.000   3140.000   63.000   -26.701   87.639
57354.000   571.000   3411.000   62.000   -26.763   87.645
57355.000   563.000   3603.000   72.000   -26.825   87.651
57356.000   633.000   3828.000   65.000   -26.887   87.657
57357.000   623.000   4206.000   47.000   -26.949   87.663
57358.000   578.000   4464.000   59.000   -27.011   87.669
57359.000   542.000   4748.000   73.000   -27.073   87.675
57360.000   817.000   507.000   149.000   -27.135   87.682
57361.000   807.000   444.000   119.000   -27.197   87.688
57362.000   817.000   425.000   119.000   -27.259   87.694
57363.000   834.000   517.000   121.000   -27.321   87.700
57364.000   857.000   505.000   128.000   -27.383   87.706
57365.000   815.000   461.000   126.000   -27.445   87.712
57366.000   855.000   493.000   112.000   -27.506   87.718
57367.000   821.000   508.000   121.000   -27.568   87.725
57368.000   869.000   478.000   133.000   -27.630   87.731
57369.000   887.000   481.000   134.000   -27.692   87.737
57370.000   839.000   499.000   125.000   -27.754   87.743
57371.000   903.000   430.000   112.000   -27.816   87.749
57372.000   800.000   520.000   136.000   -27.878   87.756
57373.000   827.000   461.000   144.000   -27.940   87.762
57374.000   874.000   480.000   130.000   -28.002   87.768
57375.000   810.000   501.000   124.000   -28.064   87.774
57376.000   786.000   480.000   112.000   -28.126   87.781
57377.000   880.000   520.000   106.000   -28.188   87.787
57378.000   1044.000   458.000   109.000   -28.250   87.793
57379.000   1077.000   503.000   115.000   -28.312   87.800
57380.000   1046.000   447.000   102.000   -28.374   87.806
57381.000   1042.000   504.000   116.000   -28.435   87.812
57382.000   1020.000   480.000   123.000   -28.497   87.819
57383.000   1083.000   496.000   132.000   -28.559   87.825
57384.000   1032.000   458.000   97.000   -28.621   87.831
57385.000   1037.000   512.000   108.000   -28.683   87.838
57386.000   1051.000   467.000   116.000   -28.745   87.844
57387.000   1034.000   539.000   110.000   -28.807   87.851
57388.000   1059.000   490.000   116.000   -28.869   87.857
57389.000   1012.000   535.000   112.000   -28.931   87.863
57390.000   1093.000   483.000   128.000   -28.993   87.870
57391.000   1050.000   515.000   117.000   -29.054   87.876
57392.000   1037.000   482.000   117.000   -29.116   87.883
57393.000   1058.000   478.000   121.000   -29.178   87.889
57394.000   998.000   481.000   126.000   -29.240   87.896
57395.000   1010.000   462.000   124.000   -29.302   87.902
57396.000   1102.000   481.000   107.000   -29.364   87.909
57397.000   969.000   484.000   121.000   -29.426   87.915
57398.000   1117.000   506.000   123.000   -29.488   87.922
57399.000   1057.000   513.000   115.000   -29.550   87.929
57400.000   1084.000   514.000   110.000   -29.611   87.935
57401.000   1064.000   482.000   106.000   -29.673   87.942
57402.000   992.000   518.000   100.000   -29.735   87.948
57403.000   1054.000   473.000   118.000   -29.797   87.955
57404.000   1075.000   469.000   109.000   -29.859   87.962
57405.000   1079.000   499.000   108.000   -29.921   87.968
57406.000   1022.000   473.000   93.000   -29.983   87.975
57407.000   1123.000   440.000   113.000   -30.045   87.982
57408.000   1062.000   510.000   104.000   -30.106   87.988
57409.000   1082.000   481.000   91.000   -30.168   87.995
57410.000   1042.000   524.000   97.000   -30.230   88.002
57411.000   1126.000   443.000   109.000   -30.292   88.008
57412.000   1095.000   505.000   120.000   -30.354   88.015
57413.000   1056.000   522.000   117.000   -30.416   88.022
57414.000   1130.000   497.000   103.000   -30.478   88.029
57415.000   1200.000   497.000   108.000   -30.540   88.036
57416.000   1162.000   497.000   111.000   -30.601   88.042
57417.000   1141.000   499.000   103.000   -30.663   88.049
57418.000   1175.000   515.000   116.000   -30.725   88.056
57419.000   1272.000   493.000   115.000   -30.787   88.063
57420.000   1260.000   481.000   89.000   -30.849   88.070
57421.000   1245.000   506.000   102.000   -30.911   88.077
57422.000   1303.000   473.000   98.000   -30.972   88.083
57423.000   1321.000   482.000   114.000   -31.034   88.090
57424.000   1332.000   470.000   99.000   -31.096   88.097
57425.000   1324.000   487.000   93.000   -31.158   88.104
57426.000   1456.000   515.000   105.000   -31.220   88.111
57427.000   1378.000   511.000   109.000   -31.282   88.118
57428.000   1442.000   497.000   99.000   -31.343   88.125
57429.000   1401.000   510.000   96.000   -31.405   88.132
57430.000   1434.000   459.000   122.000   -31.467   88.139
57431.000   1465.000   495.000   95.000   -31.529   88.146
57432.000   1543.000   470.000   95.000   -31.591   88.153
57433.000   1646.000   510.000   112.000   -31.653   88.160
57434.000   1739.000   552.000   127.000   -31.714   88.167
57435.000   1755.000   520.000   96.000   -31.776   88.174
57436.000   1826.000   495.000   113.000   -31.838   88.181
57437.000   1919.000   536.000   119.000   -31.900   88.188
57438.000   8688.000   488.000   90.000   -31.962   88.195
57439.000   8880.000   474.000   114.000   -32.024   88.203
57440.000   8623.000   541.000   108.000   -32.085   88.210
57441.000   8674.000   519.000   80.000   -32.147   88.217
57442.000   8726.000   547.000   113.000   -32.209   88.224
57443.000   8525.000   552.000   95.000   -32.271   88.231
57444.000   8555.000   461.000   110.000   -32.333   88.239
57445.000   8648.000   496.000   83.000   -32.394   88.246
57446.000   8669.000   572.000   121.000   -32.456   88.253
57447.000   8667.000   524.000   119.000   -32.518   88.260
57448.000   8506.000   507.000   105.000   -32.580   88.267
57449.000   8594.000   512.000   104.000   -32.642   88.275
57450.000   8534.000   532.000   108.000   -32.703   88.282
57451.000   8537.000   567.000   109.000   -32.765   88.289
57452.000   8671.000   512.000   107.000   -32.827   88.297
57453.000   8530.000   528.000   95.000   -32.889   88.304
57454.000   8430.000   505.000   109.000   -32.950   88.311
57455.000   8501.000   540.000   84.000   -33.012   88.319
57456.000   8622.000   495.000   99.000   -33.074   88.326
57457.000   8287.000   504.000   101.000   -33.136   88.334
57458.000   8014.000   524.000   112.000   -33.198   88.341
57459.000   8135.000   544.000   87.000   -33.259   88.349
57460.000   8312.000   519.000   96.000   -33.321   88.356
57461.000   8634.000   578.000   106.000   -33.383   88.363
57462.000   8643.000   572.000   84.000   -33.445   88.371
57463.000   9097.000   513.000   109.000   -33.506   88.378
57464.000   8852.000   515.000   102.000   -33.568   88.386
57465.000   9187.000   485.000   111.000   -33.630   88.394
57466.000   9039.000   522.000   101.000   -33.692   88.401
57467.000   9276.000   539.000   96.000   -33.753   88.409
57468.000   9315.000   498.000   98.000   -33.815   88.416
57469.000   9151.000   511.000   91.000   -33.877   88.424
57470.000   9344.000   542.000   105.000   -33.939   88.431
57471.000   9380.000   517.000   94.000   -34.000   88.439
57472.000   9386.000   508.000   103.000   -34.062   88.447
57473.000   9390.000   536.000   107.000   -34.124   88.454
57474.000   9426.000   553.000   101.000   -34.186   88.462
57475.000   9380.000   549.000   80.000   -34.247   88.470
57476.000   9435.000   498.000   82.000   -34.309   88.478
57477.000   9269.000   592.000   111.000   -34.371   88.485
57478.000   9232.000   536.000   108.000   -34.433   88.493
57479.000   9419.000   535.000   104.000   -34.494   88.501
57480.000   9231.000   542.000   104.000   -34.556   88.509
57481.000   8864.000   515.000   95.000   -34.618   88.517
57482.000   8802.000   545.000   86.000   -34.680   88.524
57483.000   8421.000   549.000   103.000   -34.741   88.532
57484.000   8198.000   507.000   80.000   -34.803   88.540
57485.000   7893.000   556.000   91.000   -34.865   88.548
57486.000   8092.000   521.000   108.000   -34.926   88.556
57487.000   7677.000   487.000   106.000   -34.988   88.564
57488.000   7392.000   541.000   97.000   -35.050   88.572
57489.000   6734.000   550.000   98.000   -35.112   88.580
57490.000   6447.000   621.000   113.000   -35.173   88.588
57491.000   6202.000   599.000   99.000   -35.235   88.596
57492.000   5845.000   593.000   108.000   -35.297   88.604
57493.000   5646.000   653.000   87.000   -35.358   88.612
57494.000   5385.000   618.000   88.000   -35.420   88.620
57495.000   5150.000   647.000   78.000   -35.482   88.628
57496.000   4835.000   617.000   108.000   -35.543   88.636
57497.000   4501.000   599.000   94.000   -35.605   88.644
57498.000   844.000   656.000   94.000   -35.667   88.652
57499.000   843.000   636.000   99.000   -35.729   88.660
57500.000   852.000   620.000   95.000   -35.790   88.668
57501.000   830.000   665.000   93.000   -35.852   88.677
57502.000   808.000   639.000   88.000   -35.914   88.685
57503.000   821.000   666.000   94.000   -35.975   88.693
57504.000   800.000   684.000   85.000   -36.037   88.701
57505.000   916.000   689.000   93.000   -36.099   88.710
57506.000   763.000   762.000   100.000   -36.160   88.718
57507.000   825.000   803.000   88.000   -36.222   88.726
57508.000   790.000   884.000   91.000   -36.284   88.735
57509.000   831.000   970.000   97.000   -36.345   88.743
57510.000   829.000   1054.000   116.000   -36.407   88.751
57511.000   834.000   1197.000   99.000   -36.469   88.760
57512.000   818.000   1307.000   99.000   -36.530   88.768
57513.000   862.000   1376.000   106.000   -36.592   88.776
57514.000   837.000   1480.000   103.000   -36.654   88.785
57515.000   797.000   1520.000   113.000   -36.715   88.793
57516.000   803.000   1977.000   120.000   -36.777   88.802
57517.000   825.000   1986.000   105.000   -36.839   88.810
57518.000   831.000   2142.000   126.000   -36.900   88.819
57519.000   786.000   2371.000   112.000   -36.962   88.827
57520.000   843.000   2454.000   105.000   -37.023   88.836
57521.000   914.000   2579.000   122.000   -37.085   88.844
57522.000   819.000   2858.000   125.000   -37.147   88.853
57523.000   841.000   2996.000   106.000   -37.208   88.862
57524.000   833.000   3269.000   125.000   -37.270   88.870
57525.000   821.000   3562.000   119.000   -37.332   88.879
57526.000   845.000   3794.000   138.000   -37.393   88.888
57527.000   814.000   3950.000   142.000   -37.455   88.896
57528.000   873.000   4281.000   126.000   -37.517   88.905
57529.000   821.000   4632.000   144.000   -37.578   88.914
57530.000   845.000   4929.000   117.000   -37.640   88.923
57531.000   843.000   5076.000   126.000   -37.701   88.931
57532.000   857.000   5495.000   144.000   -37.763   88.940
57533.000   870.000   5706.000   132.000   -37.825   88.949
57534.000   846.000   5970.000   156.000   -37.886   88.958
57535.000   795.000   6207.000   151.000   -37.948   88.967
57536.000   831.000   6530.000   149.000   -38.009   88.976
57537.000   941.000   6919.000   135.000   -38.071   88.985
57538.000   821.000   7250.000   158.000   -38.133   88.994
57539.000   869.000   7386.000   172.000   -38.194   89.003
57540.000   850.000   7761.000   155.000   -38.256   89.011
57541.000   799.000   7836.000   158.000   -38.317   89.020
57542.000   838.000   8072.000   146.000   -38.379   89.030
57543.000   845.000   8324.000   175.000   -38.441   89.039
57544.000   856.000   8512.000   171.000   -38.502   89.048
57545.000   898.000   8741.000   153.000   -38.564   89.057
57546.000   864.000   9000.000   180.000   -38.625   89.066
57547.000   859.000   9274.000   173.000   -38.687   89.075
57548.000   823.000   9274.000   176.000   -38.748   89.084
57549.000   826.000   9542.000   166.000   -38.810   89.093
57550.000   851.000   9762.000   183.000   -38.872   89.103
57551.000   884.000   9859.000   185.000   -38.933   89.112
57552.000   841.000   10037.000   190.000   -38.995   89.121
57553.000   911.000   10096.000   177.000   -39.056   89.130
57554.000   906.000   10276.000   220.000   -39.118   89.140
57555.000   843.000   10172.000   246.000   -39.179   89.149
57556.000   855.000   10269.000   219.000   -39.241   89.158
57557.000   825.000   10326.000   237.000   -39.303   89.168
57558.000   838.000   10406.000   238.000   -39.364   89.177
57559.000   910.000   10659.000   273.000   -39.426   89.187
57560.000   916.000   10526.000   244.000   -39.487   89.196
57561.000   851.000   10679.000   247.000   -39.549   89.205
57562.000   732.000   10551.000   288.000   -39.610   89.215
57563.000   784.000   10488.000   298.000   -39.672   89.224
57564.000   753.000   10776.000   283.000   -39.733   89.234
57565.000   712.000   10682.000   295.000   -39.795   89.244
57566.000   766.000   10797.000   308.000   -39.856   89.253
57567.000   740.000   10497.000   326.000   -39.918   89.263
57568.000   735.000   10344.000   6005.000   -39.979   89.272
57569.000   738.000   10595.000   5805.000   -40.041   89.282
57570.000   712.000   10623.000   5234.000   -40.102   89.292
57571.000   739.000   10638.000   5576.000   -40.164   89.301
57572.000   730.000   10487.000   5963.000   -40.225   89.311
57573.000   741.000   10583.000   6351.000   -40.287   89.321
57574.000   711.000   10485.000   7022.000   -40.349   89.331
57575.000   730.000   10614.000   7711.000   -40.410   89.341
57576.000   741.000   10384.000   8463.000   -40.472   89.350
57577.000   749.000   10524.000   9273.000   -40.533   89.360
57578.000   746.000   10618.000   10347.000   -40.595   89.370
57579.000   766.000   10532.000   11337.000   -40.656   89.380
57580.000   699.000   10563.000   12364.000   -40.717   89.390
57581.000   736.000   10488.000   12999.000   -40.779   89.400
57582.000   768.000   10599.000   13974.000   -40.840   89.410
57583.000   766.000   10548.000   14479.000   -40.902   89.420
57584.000   781.000   10601.000   15832.000   -40.963   89.430
57585.000   757.000   10503.000   17295.000   -41.025   89.440
57586.000   749.000   10564.000   18452.000   -41.086   89.450
57587.000   693.000   10644.000   19528.000   -41.148   89.460
57588.000   718.000   10435.000   19794.000   -41.209   89.471
57589.000   748.000   10578.000   19688.000   -41.271   89.481
57590.000   787.000   10682.000   19372.000   -41.332   89.491
57591.000   793.000   10610.000   18852.000   -41.394   89.501
57592.000   737.000   10629.000   17671.000   -41.455   89.511
57593.000   726.000   10734.000   17115.000   -41.517   89.522
57594.000   797.000   10835.000   15457.000   -41.578   89.532
57595.000   758.000   10727.000   14447.000   -41.640   89.542
57596.000   776.000   10683.000   12887.000   -41.701   89.553
57597.000   757.000   10708.000   11718.000   -41.762   89.563
57598.000   752.000   10669.000   9400.000   -41.824   89.574
57599.000   806.000   10857.000   8565.000   -41.885   89.584
57600.000   764.000   27842.000   7731.000   -41.947   89.594
57601.000   750.000   32279.000   6464.000   -42.008   89.605
57602.000   769.000   12994.000   5214.000   -42.070   89.615
57603.000   747.000   33996.000   3728.000   -42.131   89.626
57604.000   761.000   10755.000   1679.000   -42.193   89.637
57605.000   814.000   10583.000   755.000   -42.254   89.647
57606.000   745.000   10570.000   76.000   -42.315   89.658
57607.000   812.000   10382.000   20.000   -42.377   89.669
57608.000   792.000   10310.000   04.000   -42.438   89.679
57609.000   795.000   10162.000   01.000   -42.500   89.690
57610.000   760.000   10183.000   00.000   -42.561   89.701
57611.000   791.000   10020.000   00.000   -42.622   89.712
57612.000   781.000   9857.000   00.000   -42.684   89.722
57613.000   749.000   9752.000   00.000   -42.745   89.733
57614.000   718.000   9556.000   00.000   -42.807   89.744
57615.000   747.000   9393.000   00.000   -42.868   89.755
57616.000   811.000   9094.000   00.000   -42.929   89.766
57617.000   837.000   8887.000   00.000   -42.991   89.777
57618.000   824.000   8949.000   00.000   -43.052   89.788
57619.000   767.000   8585.000   00.000   -43.114   89.799
57620.000   792.000   8350.000   00.000   -43.175   89.810
57621.000   775.000   8162.000   00.000   -43.236   89.821
57622.000   722.000   7845.000   00.000   -43.298   89.832
57623.000   790.000   7606.000   00.000   -43.359   89.843
57624.000   789.000   7422.000   00.000   -43.420   89.855
57625.000   805.000   7300.000   00.000   -43.482   89.866
57626.000   777.000   7235.000   00.000   -43.543   89.877
57627.000   790.000   6992.000   00.000   -43.605   89.888
57628.000   811.000   6945.000   00.000   -43.666   89.900
57629.000   857.000   6765.000   00.000   -43.727   89.911
57630.000   778.000   6600.000   00.000   -43.789   89.922
57631.000   803.000   6319.000   00.000   -43.850   89.934
57632.000   793.000   6238.000   00.000   -43.911   89.945
57633.000   756.000   6258.000   00.000   -43.973   89.957
57634.000   783.000   5892.000   00.000   -44.034   89.968
57635.000   781.000   5929.000   00.000   -44.095   89.980
57636.000   768.000   6035.000   00.000   -44.157   89.991
57637.000   820.000   6014.000   00.000   -44.218   90.003
57638.000   841.000   5937.000   00.000   -44.279   90.015
57639.000   862.000   5919.000   00.000   -44.341   90.026
57640.000   818.000   6087.000   00.000   -44.402   90.038
57641.000   847.000   5890.000   00.000   -44.463   90.050
57642.000   823.000   6172.000   00.000   -44.525   90.061
57643.000   789.000   6136.000   00.000   -44.586   90.073
57644.000   779.000   6140.000   00.000   -44.647   90.085
57645.000   834.000   6337.000   00.000   -44.708   90.097
57646.000   835.000   6340.000   00.000   -44.770   90.109
57647.000   839.000   6478.000   00.000   -44.831   90.121
57648.000   847.000   6732.000   00.000   -44.892   90.133
57649.000   839.000   6933.000   00.000   -44.954   90.145
57650.000   825.000   7235.000   00.000   -45.015   90.157
57651.000   871.000   7299.000   00.000   -45.076   90.169
57652.000   820.000   7512.000   00.000   -45.138   90.181
57653.000   830.000   7470.000   00.000   -45.199   90.193
57654.000   803.000   7584.000   00.000   -45.260   90.205
57655.000   827.000   7967.000   00.000   -45.321   90.218
57656.000   841.000   7807.000   00.000   -45.383   90.230
57657.000   829.000   8062.000   00.000   -45.444   90.242
57658.000   860.000   8262.000   00.000   -45.505   90.254
57659.000   801.000   8429.000   00.000   -45.566   90.267
57660.000   794.000   25139.000   16967.000   -45.628   90.279
57661.000   834.000   29751.000   21576.000   -45.689   90.292
57662.000   845.000   10313.000   2577.000   -45.750   90.304
57663.000   858.000   31846.000   23145.000   -45.811   90.316
57664.000   888.000   9032.000   97.000   -45.873   90.329
57665.000   871.000   9264.000   82.000   -45.934   90.342
57666.000   836.000   429.000   88.000   -45.995   90.354
57667.000   772.000   427.000   82.000   -46.056   90.367
57668.000   858.000   397.000   84.000   -46.118   90.380
57669.000   840.000   406.000   65.000   -46.179   90.392
57670.000   884.000   433.000   80.000   -46.240   90.405
57671.000   850.000   452.000   93.000   -46.301   90.418
57672.000   837.000   384.000   77.000   -46.362   90.431
57673.000   855.000   456.000   90.000   -46.424   90.443
57674.000   786.000   453.000   84.000   -46.485   90.456
57675.000   793.000   419.000   77.000   -46.546   90.469
57676.000   767.000   405.000   75.000   -46.607   90.482
57677.000   809.000   411.000   72.000   -46.668   90.495
57678.000   10323.000   456.000   88.000   -46.730   90.508
57679.000   10197.000   455.000   76.000   -46.791   90.521
57680.000   10085.000   419.000   87.000   -46.852   90.535
57681.000   9983.000   430.000   90.000   -46.913   90.548
57682.000   10282.000   382.000   92.000   -46.974   90.561
57683.000   9935.000   398.000   89.000   -47.036   90.574
57684.000   9913.000   361.000   81.000   -47.097   90.588
57685.000   10090.000   425.000   84.000   -47.158   90.601
57686.000   9941.000   437.000   75.000   -47.219   90.614
57687.000   9911.000   433.000   71.000   -47.280   90.628
57688.000   9984.000   418.000   80.000   -47.341   90.641
57689.000   9987.000   547.000   72.000   -47.403   90.655
57690.000   10038.000   418.000   72.000   -47.464   90.668
57691.000   9933.000   391.000   89.000   -47.525   90.682
57692.000   9776.000   445.000   74.000   -47.586   90.695
57693.000   10060.000   412.000   84.000   -47.647   90.709
57694.000   9861.000   467.000   72.000   -47.708   90.723
57695.000   9781.000   418.000   77.000   -47.769   90.737
57696.000   9803.000   411.000   78.000   -47.831   90.750
57697.000   9894.000   449.000   78.000   -47.892   90.764
57698.000   9527.000   435.000   78.000   -47.953   90.778
57699.000   9681.000   423.000   88.000   -48.014   90.792
57700.000   9672.000   437.000   88.000   -48.075   90.806
57701.000   9628.000   435.000   81.000   -48.136   90.820
57702.000   9499.000   429.000   78.000   -48.197   90.834
57703.000   9423.000   455.000   78.000   -48.258   90.848
57704.000   9615.000   442.000   86.000   -48.319   90.862
57705.000   9758.000   438.000   66.000   -48.381   90.876
57706.000   10088.000   465.000   84.000   -48.442   90.891
57707.000   9995.000   461.000   90.000   -48.503   90.905
57708.000   10186.000   438.000   76.000   -48.564   90.919
57709.000   10160.000   444.000   81.000   -48.625   90.933
57710.000   10207.000   448.000   83.000   -48.686   90.948
57711.000   10108.000   392.000   75.000   -48.747   90.962
57712.000   10194.000   423.000   75.000   -48.808   90.977
57713.000   10358.000   432.000   66.000   -48.869   90.991
57714.000   10182.000   403.000   83.000   -48.930   91.006
57715.000   10402.000   434.000   82.000   -48.991   91.021
57716.000   10179.000   410.000   63.000   -49.052   91.035
57717.000   10063.000   463.000   70.000   -49.113   91.050
57718.000   10064.000   440.000   76.000   -49.174   91.065
57719.000   10158.000   448.000   65.000   -49.236   91.079
57720.000   9703.000   443.000   91.000   -49.297   91.094
57721.000   9785.000   484.000   77.000   -49.358   91.109
57722.000   9696.000   460.000   80.000   -49.419   91.124
57723.000   9532.000   427.000   68.000   -49.480   91.139
57724.000   9492.000   467.000   65.000   -49.541   91.154
57725.000   9134.000   459.000   83.000   -49.602   91.169
57726.000   8937.000   438.000   75.000   -49.663   91.184
57727.000   8455.000   443.000   66.000   -49.724   91.200
57728.000   8071.000   440.000   62.000   -49.785   91.215
57729.000   7895.000   454.000   68.000   -49.846   91.230
57730.000   7641.000   455.000   66.000   -49.907   91.245
57731.000   7279.000   474.000   66.000   -49.968   91.261
57732.000   6896.000   450.000   66.000   -50.029   91.276
57733.000   6379.000   430.000   79.000   -50.090   91.292
57734.000   5957.000   445.000   64.000   -50.151   91.307
57735.000   5639.000   440.000   71.000   -50.212   91.323
57736.000   5149.000   419.000   76.000   -50.273   91.339
57737.000   4838.000   417.000   68.000   -50.334   91.354
57738.000   516.000   461.000   59.000   -50.395   91.370
57739.000   553.000   435.000   62.000   -50.456   91.386
57740.000   535.000   467.000   77.000   -50.516   91.402
57741.000   568.000   415.000   77.000   -50.577   91.417
57742.000   514.000   486.000   58.000   -50.638   91.433
57743.000   542.000   471.000   74.000   -50.699   91.449
57744.000   531.000   501.000   61.000   -50.760   91.465
57745.000   531.000   494.000   81.000   -50.821   91.481
57746.000   553.000   434.000   83.000   -50.882   91.498
57747.000   531.000   474.000   72.000   -50.943   91.514
57748.000   522.000   430.000   72.000   -51.004   91.530
57749.000   541.000   460.000   79.000   -51.065   91.546
57750.000   542.000   448.000   85.000   -51.126   91.563
57751.000   529.000   459.000   62.000   -51.187   91.579
57752.000   518.000   422.000   86.000   -51.248   91.596
57753.000   524.000   452.000   75.000   -51.308   91.612
57754.000   536.000   461.000   82.000   -51.369   91.629
57755.000   513.000   410.000   82.000   -51.430   91.645
57756.000   504.000   427.000   61.000   -51.491   91.662
57757.000   553.000   482.000   57.000   -51.552   91.679
57758.000   548.000   427.000   68.000   -51.613   91.696
57759.000   522.000   442.000   68.000   -51.674   91.712
57760.000   532.000   449.000   68.000   -51.735   91.729
57761.000   633.000   495.000   76.000   -51.796   91.746
57762.000   511.000   464.000   69.000   -51.856   91.763
57763.000   508.000   436.000   62.000   -51.917   91.780
57764.000   558.000   430.000   65.000   -51.978   91.798
57765.000   581.000   476.000   77.000   -52.039   91.815
57766.000   526.000   449.000   60.000   -52.100   91.832
57767.000   587.000   464.000   58.000   -52.161   91.849
57768.000   586.000   474.000   68.000   -52.221   91.867
57769.000   551.000   463.000   66.000   -52.282   91.884
57770.000   542.000   506.000   69.000   -52.343   91.902
57771.000   557.000   466.000   60.000   -52.404   91.919
57772.000   530.000   466.000   62.000   -52.465   91.937
57773.000   563.000   454.000   60.000   -52.525   91.955
57774.000   545.000   480.000   72.000   -52.586   91.972
57775.000   524.000   492.000   57.000   -52.647   91.990
57776.000   538.000   465.000   63.000   -52.708   92.008
57777.000   555.000   491.000   49.000   -52.769   92.026
57778.000   527.000   440.000   75.000   -52.829   92.044
57779.000   513.000   430.000   66.000   -52.890   92.062
57780.000   556.000   443.000   54.000   -52.951   92.080
57781.000   587.000   432.000   67.000   -53.012   92.098
57782.000   564.000   466.000   51.000   -53.072   92.116
57783.000   537.000   462.000   66.000   -53.133   92.135
57784.000   590.000   497.000   59.000   -53.194   92.153
57785.000   589.000   463.000   68.000   -53.255   92.171
57786.000   556.000   5584.000   64.000   -53.315   92.190
57787.000   547.000   5195.000   56.000   -53.376   92.208
57788.000   513.000   4939.000   58.000   -53.437   92.227
57789.000   530.000   4544.000   67.000   -53.498   92.246
57790.000   552.000   4091.000   81.000   -53.558   92.264
57791.000   541.000   3743.000   56.000   -53.619   92.283
57792.000   582.000   3422.000   68.000   -53.680   92.302
57793.000   637.000   3172.000   75.000   -53.741   92.321
57794.000   630.000   2828.000   67.000   -53.801   92.340
57795.000   615.000   2526.000   64.000   -53.862   92.359
57796.000   562.000   2254.000   68.000   -53.923   92.378
57797.000   611.000   2064.000   86.000   -53.983   92.397
57798.000   578.000   1827.000   68.000   -54.044   92.417
57799.000   551.000   1727.000   62.000   -54.105   92.436
57800.000   606.000   1617.000   63.000   -54.165   92.455
57801.000   580.000   1411.000   47.000   -54.226   92.475
57802.000   583.000   1313.000   59.000   -54.287   92.494
57803.000   546.000   1260.000   59.000   -54.347   92.514
57804.000   586.000   1116.000   63.000   -54.408   92.534
57805.000   578.000   1085.000   70.000   -54.469   92.553
57806.000   545.000   971.000   54.000   -54.529   92.573
57807.000   578.000   857.000   73.000   -54.590   92.593
57808.000   615.000   927.000   60.000   -54.650   92.613
57809.000   668.000   891.000   51.000   -54.711   92.633
57810.000   600.000   822.000   59.000   -54.772   92.653
57811.000   601.000   846.000   68.000   -54.832   92.674
57812.000   564.000   917.000   58.000   -54.893   92.694
57813.000   578.000   894.000   68.000   -54.953   92.714
57814.000   600.000   984.000   69.000   -55.014   92.735
57815.000   614.000   1012.000   54.000   -55.075   92.755
57816.000   595.000   1026.000   77.000   -55.135   92.776
57817.000   610.000   1043.000   62.000   -55.196   92.796
57818.000   570.000   1030.000   66.000   -55.256   92.817
57819.000   571.000   1125.000   67.000   -55.317   92.838
57820.000   618.000   1285.000   62.000   -55.377   92.859
57821.000   611.000   1381.000   60.000   -55.438   92.879
57822.000   553.000   1437.000   71.000   -55.499   92.900
57823.000   590.000   1532.000   63.000   -55.559   92.922
57824.000   605.000   1520.000   62.000   -55.620   92.943
57825.000   601.000   1590.000   68.000   -55.680   92.964
57826.000   609.000   1753.000   55.000   -55.741   92.985
57827.000   631.000   1934.000   64.000   -55.801   93.007
57828.000   590.000   2089.000   72.000   -55.862   93.028
57829.000   599.000   2290.000   57.000   -55.922   93.050
57830.000   637.000   2437.000   69.000   -55.983   93.071
57831.000   642.000   2631.000   61.000   -56.043   93.093
57832.000   545.000   2864.000   61.000   -56.104   93.115
57833.000   647.000   3223.000   63.000   -56.164   93.137
57834.000   595.000   3509.000   62.000   -56.225   93.159
57835.000   595.000   3675.000   72.000   -56.285   93.181
57836.000   632.000   3888.000   65.000   -56.345   93.203
57837.000   618.000   4296.000   47.000   -56.406   93.225
57838.000   637.000   4550.000   59.000   -56.466   93.247
57839.000   586.000   4823.000   73.000   -56.527   93.270
58800.000   817.000   507.000   149.000   -62.114   -116.576
