Time range: [ 17:16:01.000  17:31:59.000 ]
Time range duration: 15.0 min, 58.0 sec
Longitude range: [ 73.0  119.0 ]
62161.000   811.000   412.000   119.000   31.548   59.087
62162.000   903.000   395.000   119.000   31.486   59.094
62163.000   882.000   449.000   121.000   31.424   59.101
62164.000   878.000   441.000   128.000   31.362   59.108
62165.000   842.000   414.000   126.000   31.299   59.115
62166.000   854.000   455.000   112.000   31.237   59.122
62167.000   813.000   481.000   121.000   31.175   59.129
62168.000   871.000   435.000   133.000   31.113   59.136
62169.000   838.000   440.000   134.000   31.051   59.143
62170.000   895.000   473.000   125.000   30.989   59.150
62171.000   847.000   400.000   112.000   30.927   59.157
62172.000   883.000   493.000   136.000   30.865   59.164
62173.000   840.000   501.000   144.000   30.802   59.171
62174.000   863.000   436.000   130.000   30.740   59.178
62175.000   852.000   475.000   124.000   30.678   59.184
62176.000   831.000   437.000   112.000   30.616   59.191
62177.000   821.000   468.000   106.000   30.554   59.198
62178.000   842.000   404.000   109.000   30.492   59.205
62179.000   860.000   447.000   115.000   30.430   59.212
62180.000   846.000   406.000   102.000   30.367   59.219
62181.000   929.000   435.000   116.000   30.305   59.225
62182.000   830.000   464.000   123.000   30.243   59.232
62183.000   860.000   433.000   132.000   30.181   59.239
62184.000   854.000   398.000   97.000   30.119   59.246
62185.000   870.000   455.000   108.000   30.057   59.252
62186.000   890.000   448.000   116.000   29.995   59.259
62187.000   881.000   480.000   110.000   29.932   59.266
62188.000   875.000   448.000   116.000   29.870   59.273
62189.000   851.000   444.000   112.000   29.808   59.279
62190.000   830.000   422.000   128.000   29.746   59.286
62191.000   887.000   443.000   117.000   29.684   59.293
62192.000   936.000   425.000   117.000   29.622   59.299
62193.000   851.000   420.000   121.000   29.560   59.306
62194.000   898.000   431.000   126.000   29.497   59.313
62195.000   873.000   439.000   124.000   29.435   59.319
62196.000   881.000   442.000   107.000   29.373   59.326
62197.000   846.000   422.000   121.000   29.311   59.332
62198.000   878.000   430.000   123.000   29.249   59.339
62199.000   876.000   419.000   115.000   29.187   59.345
62200.000   898.000   440.000   110.000   29.124   59.352
62201.000   883.000   445.000   106.000   29.062   59.358
62202.000   867.000   441.000   100.000   29.000   59.365
62203.000   902.000   434.000   118.000   28.938   59.372
62204.000   811.000   423.000   109.000   28.876   59.378
62205.000   832.000   499.000   108.000   28.814   59.384
62206.000   803.000   432.000   93.000   28.751   59.391
62207.000   809.000   374.000   113.000   28.689   59.397
62208.000   778.000   420.000   104.000   28.627   59.404
62209.000   845.000   442.000   91.000   28.565   59.410
62210.000   832.000   435.000   97.000   28.503   59.417
62211.000   836.000   416.000   109.000   28.441   59.423
62212.000   895.000   440.000   120.000   28.378   59.429
62213.000   846.000   423.000   117.000   28.316   59.436
62214.000   863.000   434.000   103.000   28.254   59.442
62215.000   874.000   445.000   108.000   28.192   59.449
62216.000   848.000   447.000   111.000   28.130   59.455
62217.000   872.000   446.000   103.000   28.067   59.461
62218.000   843.000   470.000   116.000   28.005   59.468
62219.000   828.000   486.000   115.000   27.943   59.474
62220.000   865.000   415.000   89.000   27.881   59.480
62221.000   863.000   532.000   102.000   27.819   59.486
62222.000   862.000   438.000   98.000   27.756   59.493
62223.000   851.000   402.000   114.000   27.694   59.499
62224.000   875.000   438.000   99.000   27.632   59.505
62225.000   826.000   449.000   93.000   27.570   59.511
62226.000   842.000   451.000   105.000   27.508   59.518
62227.000   851.000   438.000   109.000   27.446   59.524
62228.000   902.000   422.000   99.000   27.383   59.530
62229.000   840.000   441.000   96.000   27.321   59.536
62230.000   893.000   431.000   122.000   27.259   59.542
62231.000   905.000   428.000   95.000   27.197   59.549
62232.000   849.000   365.000   95.000   27.135   59.555
62233.000   897.000   447.000   112.000   27.072   59.561
62234.000   882.000   444.000   127.000   27.010   59.567
62235.000   885.000   446.000   96.000   26.948   59.573
62236.000   866.000   434.000   113.000   26.886   59.579
62237.000   850.000   473.000   119.000   26.823   59.585
62238.000   826.000   437.000   90.000   26.761   59.591
62239.000   895.000   411.000   114.000   26.699   59.597
62240.000   854.000   473.000   108.000   26.637   59.604
62241.000   877.000   465.000   80.000   26.575   59.610
62242.000   837.000   458.000   113.000   26.512   59.616
62243.000   869.000   458.000   95.000   26.450   59.622
62244.000   841.000   421.000   110.000   26.388   59.628
62245.000   866.000   427.000   83.000   26.326   59.634
62246.000   894.000   478.000   121.000   26.264   59.640
62247.000   899.000   441.000   119.000   26.201   59.646
62248.000   867.000   436.000   105.000   26.139   59.652
62249.000   814.000   433.000   104.000   26.077   59.658
62250.000   814.000   436.000   108.000   26.015   59.664
62251.000   872.000   466.000   109.000   25.952   59.669
62252.000   876.000   431.000   107.000   25.890   59.675
62253.000   901.000   430.000   95.000   25.828   59.681
62254.000   866.000   435.000   109.000   25.766   59.687
62255.000   833.000   469.000   84.000   25.704   59.693
62256.000   820.000   424.000   99.000   25.641   59.699
62257.000   839.000   441.000   101.000   25.579   59.705
62258.000   895.000   445.000   112.000   25.517   59.711
62259.000   867.000   473.000   87.000   25.455   59.717
62260.000   891.000   427.000   96.000   25.392   59.722
62261.000   852.000   479.000   106.000   25.330   59.728
62262.000   839.000   503.000   84.000   25.268   59.734
62263.000   879.000   447.000   109.000   25.206   59.740
62264.000   870.000   422.000   102.000   25.143   59.746
62265.000   852.000   428.000   111.000   25.081   59.752
62266.000   891.000   455.000   101.000   25.019   59.757
62267.000   849.000   431.000   96.000   24.957   59.763
62268.000   844.000   446.000   98.000   24.895   59.769
62269.000   824.000   445.000   91.000   24.832   59.775
62270.000   872.000   479.000   105.000   24.770   59.780
62271.000   854.000   430.000   94.000   24.708   59.786
62272.000   841.000   447.000   103.000   24.646   59.792
62273.000   864.000   468.000   107.000   24.583   59.798
62274.000   835.000   432.000   101.000   24.521   59.803
62275.000   875.000   435.000   80.000   24.459   59.809
62276.000   829.000   443.000   82.000   24.397   59.815
62277.000   893.000   510.000   111.000   24.334   59.820
62278.000   849.000   466.000   108.000   24.272   59.826
62279.000   875.000   467.000   104.000   24.210   59.832
62280.000   816.000   459.000   104.000   24.148   59.837
62281.000   851.000   425.000   95.000   24.085   59.843
62282.000   861.000   450.000   86.000   24.023   59.849
62283.000   848.000   457.000   103.000   23.961   59.854
62284.000   792.000   425.000   80.000   23.899   59.860
62285.000   822.000   462.000   91.000   23.836   59.865
62286.000   849.000   440.000   108.000   23.774   59.871
62287.000   876.000   423.000   106.000   23.712   59.877
62288.000   871.000   438.000   97.000   23.650   59.882
62289.000   860.000   477.000   98.000   23.587   59.888
62290.000   806.000   557.000   113.000   23.525   59.893
62291.000   856.000   541.000   99.000   23.463   59.899
62292.000   898.000   514.000   108.000   23.401   59.904
62293.000   865.000   646.000   87.000   23.338   59.910
62294.000   894.000   545.000   88.000   23.276   59.915
62295.000   871.000   562.000   78.000   23.214   59.921
62296.000   868.000   538.000   108.000   23.151   59.926
62297.000   872.000   531.000   94.000   23.089   59.932
62298.000   839.000   590.000   94.000   23.027   59.937
62299.000   811.000   558.000   99.000   22.965   59.943
62300.000   888.000   553.000   95.000   22.902   59.948
62301.000   884.000   602.000   93.000   22.840   59.954
62302.000   857.000   581.000   88.000   22.778   59.959
62303.000   862.000   594.000   94.000   22.716   59.965
62304.000   878.000   620.000   85.000   22.653   59.970
62305.000   916.000   630.000   93.000   22.591   59.975
62306.000   801.000   688.000   100.000   22.529   59.981
62307.000   829.000   763.000   88.000   22.466   59.986
62308.000   835.000   820.000   91.000   22.404   59.992
62309.000   859.000   899.000   97.000   22.342   59.997
62310.000   862.000   994.000   116.000   22.280   60.002
62311.000   896.000   1098.000   99.000   22.217   60.008
62312.000   828.000   1203.000   99.000   22.155   60.013
62313.000   807.000   1265.000   106.000   22.093   60.019
62314.000   863.000   1402.000   103.000   22.031   60.024
62315.000   816.000   1483.000   113.000   21.968   60.029
62316.000   851.000   1920.000   120.000   21.906   60.035
62317.000   924.000   1970.000   105.000   21.844   60.040
62318.000   838.000   2030.000   126.000   21.781   60.045
62319.000   824.000   2279.000   112.000   21.719   60.050
62320.000   885.000   2372.000   105.000   21.657   60.056
62321.000   850.000   2510.000   122.000   21.595   60.061
62322.000   888.000   2770.000   125.000   21.532   60.066
62323.000   918.000   2899.000   106.000   21.470   60.072
62324.000   784.000   3181.000   125.000   21.408   60.077
62325.000   914.000   3493.000   119.000   21.345   60.082
62326.000   871.000   3721.000   138.000   21.283   60.087
62327.000   828.000   3826.000   142.000   21.221   60.093
62328.000   834.000   4213.000   126.000   21.159   60.098
62329.000   892.000   4544.000   144.000   21.096   60.103
62330.000   850.000   4839.000   117.000   21.034   60.108
62331.000   827.000   5001.000   126.000   20.972   60.113
62332.000   867.000   5382.000   144.000   20.909   60.119
62333.000   855.000   5695.000   132.000   20.847   60.124
62334.000   862.000   5913.000   156.000   20.785   60.129
62335.000   871.000   6103.000   151.000   20.723   60.134
62336.000   867.000   6456.000   149.000   20.660   60.139
62337.000   894.000   6821.000   135.000   20.598   60.145
62338.000   840.000   7163.000   158.000   20.536   60.150
62339.000   915.000   7293.000   172.000   20.473   60.155
62340.000   839.000   24505.000   155.000   20.411   60.160
62341.000   943.000   29189.000   158.000   20.349   60.165
62342.000   873.000   9919.000   146.000   20.286   60.170
62343.000   901.000   31257.000   175.000   20.224   60.175
62344.000   889.000   8348.000   171.000   20.162   60.180
62345.000   937.000   8603.000   153.000   20.100   60.186
62346.000   866.000   8848.000   180.000   20.037   60.191
62347.000   868.000   9102.000   173.000   19.975   60.196
62348.000   841.000   9116.000   176.000   19.913   60.201
62349.000   928.000   9400.000   166.000   19.850   60.206
62350.000   813.000   9635.000   183.000   19.788   60.211
62351.000   856.000   9703.000   185.000   19.726   60.216
62352.000   852.000   9890.000   190.000   19.663   60.221
62353.000   868.000   9832.000   177.000   19.601   60.226
62354.000   895.000   10099.000   220.000   19.539   60.231
62355.000   862.000   10052.000   246.000   19.476   60.236
62356.000   856.000   10108.000   219.000   19.414   60.241
62357.000   800.000   10150.000   237.000   19.352   60.246
62358.000   831.000   10227.000   238.000   19.290   60.251
62359.000   909.000   10511.000   273.000   19.227   60.256
62360.000   865.000   10357.000   244.000   19.165   60.261
62361.000   908.000   10524.000   247.000   19.103   60.266
62362.000   886.000   10376.000   288.000   19.040   60.271
62363.000   895.000   10331.000   298.000   18.978   60.276
62364.000   840.000   10601.000   283.000   18.916   60.281
62365.000   869.000   10539.000   295.000   18.853   60.286
62366.000   870.000   10637.000   308.000   18.791   60.291
62367.000   846.000   10368.000   326.000   18.729   60.296
62368.000   874.000   10185.000   6005.000   18.666   60.301
62369.000   881.000   10422.000   5805.000   18.604   60.306
62370.000   869.000   10434.000   5234.000   18.542   60.311
62371.000   850.000   10482.000   5576.000   18.479   60.316
62372.000   893.000   10346.000   5963.000   18.417   60.321
62373.000   881.000   10432.000   6351.000   18.355   60.326
62374.000   878.000   10321.000   7022.000   18.292   60.330
62375.000   894.000   10451.000   7711.000   18.230   60.335
62376.000   855.000   10208.000   8463.000   18.168   60.340
62377.000   867.000   10347.000   9273.000   18.105   60.345
62378.000   898.000   10458.000   10347.000   18.043   60.350
62379.000   919.000   10376.000   11337.000   17.981   60.355
62380.000   882.000   10385.000   12364.000   17.918   60.360
62381.000   927.000   10298.000   12999.000   17.856   60.365
62382.000   889.000   10458.000   13974.000   17.794   60.369
62383.000   924.000   10388.000   14479.000   17.732   60.374
62384.000   877.000   10437.000   15832.000   17.669   60.379
62385.000   836.000   10328.000   17295.000   17.607   60.384
62386.000   854.000   10427.000   18452.000   17.545   60.389
62387.000   856.000   10476.000   19528.000   17.482   60.394
62388.000   901.000   10229.000   19794.000   17.420   60.398
62389.000   866.000   10422.000   19688.000   17.358   60.403
62390.000   853.000   10512.000   19372.000   17.295   60.408
62391.000   913.000   10425.000   18852.000   17.233   60.413
62392.000   891.000   10460.000   17671.000   17.171   60.418
62393.000   836.000   10514.000   17115.000   17.108   60.422
62394.000   929.000   10629.000   15457.000   17.046   60.427
62395.000   842.000   10532.000   14447.000   16.984   60.432
62396.000   907.000   10509.000   12887.000   16.921   60.437
62397.000   909.000   10478.000   11718.000   16.859   60.441
62398.000   862.000   10496.000   9400.000   16.797   60.446
62399.000   897.000   10634.000   8565.000   16.734   60.451
62400.000   17422.000   27589.000   7731.000   16.672   60.456
62401.000   22048.000   32041.000   6464.000   16.610   60.460
62402.000   1476.000   12753.000   5214.000   16.547   60.465
62403.000   23609.000   33774.000   3728.000   16.485   60.470
62404.000   798.000   10487.000   1679.000   16.423   60.474
62405.000   786.000   10336.000   755.000   16.360   60.479
62406.000   769.000   10310.000   76.000   16.298   60.484
62407.000   799.000   10074.000   20.000   16.235   60.489
62408.000   764.000   10029.000   04.000   16.173   60.493
62409.000   741.000   9818.000   01.000   16.111   60.498
62410.000   748.000   9844.000   00.000   16.048   60.503
62411.000   761.000   9702.000   00.000   15.986   60.507
62412.000   734.000   9453.000   00.000   15.924   60.512
62413.000   733.000   9311.000   00.000   15.861   60.517
62414.000   729.000   9099.000   00.000   15.799   60.521
62415.000   722.000   8904.000   00.000   15.737   60.526
62416.000   765.000   8566.000   00.000   15.674   60.531
62417.000   758.000   8313.000   00.000   15.612   60.535
62418.000   684.000   8320.000   00.000   15.550   60.540
62419.000   685.000   7889.000   00.000   15.487   60.545
62420.000   686.000   7612.000   00.000   15.425   60.549
62421.000   709.000   7415.000   00.000   15.363   60.554
62422.000   659.000   6991.000   00.000   15.300   60.558
62423.000   756.000   6628.000   00.000   15.238   60.563
62424.000   708.000   6378.000   00.000   15.176   60.568
62425.000   690.000   6186.000   00.000   15.113   60.572
62426.000   697.000   5943.000   00.000   15.051   60.577
62427.000   703.000   5556.000   00.000   14.989   60.581
62428.000   716.000   5320.000   00.000   14.926   60.586
62429.000   713.000   5086.000   00.000   14.864   60.591
62430.000   687.000   4756.000   00.000   14.802   60.595
62431.000   662.000   4349.000   00.000   14.739   60.600
62432.000   641.000   4131.000   00.000   14.677   60.604
62433.000   668.000   3932.000   00.000   14.615   60.609
62434.000   671.000   3496.000   00.000   14.552   60.613
62435.000   715.000   3231.000   00.000   14.490   60.618
62436.000   648.000   3100.000   00.000   14.427   60.623
62437.000   627.000   2970.000   00.000   14.365   60.627
62438.000   668.000   2659.000   00.000   14.303   60.632
62439.000   693.000   2450.000   00.000   14.240   60.636
62440.000   669.000   2265.000   00.000   14.178   60.641
62441.000   689.000   2067.000   00.000   14.116   60.645
62442.000   641.000   1938.000   00.000   14.053   60.650
62443.000   711.000   1764.000   00.000   13.991   60.654
62444.000   701.000   1584.000   00.000   13.929   60.659
62445.000   797.000   1493.000   00.000   13.866   60.663
62446.000   695.000   1359.000   00.000   13.804   60.668
62447.000   698.000   1305.000   00.000   13.742   60.672
62448.000   701.000   1158.000   00.000   13.679   60.677
62449.000   694.000   1159.000   00.000   13.617   60.681
62450.000   696.000   1049.000   00.000   13.554   60.686
62451.000   737.000   1048.000   00.000   13.492   60.690
62452.000   663.000   955.000   00.000   13.430   60.695
62453.000   703.000   933.000   00.000   13.367   60.699
62454.000   643.000   851.000   00.000   13.305   60.704
62455.000   691.000   862.000   00.000   13.243   60.708
62456.000   681.000   752.000   00.000   13.180   60.712
62457.000   674.000   735.000   00.000   13.118   60.717
62458.000   676.000   712.000   00.000   13.056   60.721
62459.000   613.000   655.000   00.000   12.993   60.726
62460.000   668.000   17140.000   16967.000   12.931   60.730
62461.000   728.000   21764.000   21576.000   12.869   60.735
62462.000   704.000   1957.000   2577.000   12.806   60.739
62463.000   723.000   23304.000   23145.000   12.744   60.744
62464.000   699.000   368.000   97.000   12.681   60.748
62465.000   725.000   357.000   82.000   12.619   60.752
62466.000   690.000   371.000   88.000   12.557   60.757
62467.000   701.000   386.000   82.000   12.494   60.761
62468.000   656.000   373.000   84.000   12.432   60.766
62469.000   691.000   370.000   65.000   12.370   60.770
62470.000   699.000   405.000   80.000   12.307   60.774
62471.000   695.000   383.000   93.000   12.245   60.779
62472.000   682.000   351.000   77.000   12.183   60.783
62473.000   688.000   381.000   90.000   12.120   60.788
62474.000   581.000   422.000   84.000   12.058   60.792
62475.000   642.000   392.000   77.000   11.995   60.796
62476.000   574.000   372.000   75.000   11.933   60.801
62477.000   590.000   354.000   72.000   11.871   60.805
62478.000   607.000   384.000   88.000   11.808   60.809
62479.000   584.000   404.000   76.000   11.746   60.814
62480.000   619.000   373.000   87.000   11.684   60.818
62481.000   634.000   382.000   90.000   11.621   60.822
62482.000   572.000   314.000   92.000   11.559   60.827
62483.000   603.000   364.000   89.000   11.496   60.831
62484.000   579.000   321.000   81.000   11.434   60.835
62485.000   580.000   377.000   84.000   11.372   60.840
62486.000   582.000   382.000   75.000   11.309   60.844
62487.000   596.000   348.000   71.000   11.247   60.848
62488.000   597.000   384.000   80.000   11.185   60.853
62489.000   584.000   414.000   72.000   11.122   60.857
62490.000   640.000   395.000   72.000   11.060   60.861
62491.000   595.000   370.000   89.000   10.998   60.866
62492.000   602.000   400.000   74.000   10.935   60.870
62493.000   572.000   366.000   84.000   10.873   60.874
62494.000   574.000   401.000   72.000   10.810   60.879
62495.000   642.000   390.000   77.000   10.748   60.883
62496.000   561.000   374.000   78.000   10.686   60.887
62497.000   610.000   374.000   78.000   10.623   60.892
62498.000   582.000   376.000   78.000   10.561   60.896
62499.000   607.000   376.000   88.000   10.499   60.900
62500.000   586.000   379.000   88.000   10.436   60.904
62501.000   602.000   370.000   81.000   10.374   60.909
62502.000   553.000   394.000   78.000   10.311   60.913
62503.000   599.000   423.000   78.000   10.249   60.917
62504.000   631.000   344.000   86.000   10.187   60.921
62505.000   598.000   428.000   66.000   10.124   60.926
62506.000   588.000   408.000   84.000   10.062   60.930
62507.000   585.000   389.000   90.000   10.000   60.934
62508.000   554.000   408.000   76.000   09.937   60.939
62509.000   575.000   394.000   81.000   09.875   60.943
62510.000   596.000   397.000   83.000   09.812   60.947
62511.000   618.000   338.000   75.000   09.750   60.951
62512.000   582.000   389.000   75.000   09.688   60.956
62513.000   595.000   401.000   66.000   09.625   60.960
62514.000   587.000   364.000   83.000   09.563   60.964
62515.000   584.000   395.000   82.000   09.501   60.968
62516.000   605.000   377.000   63.000   09.438   60.972
62517.000   602.000   412.000   70.000   09.376   60.977
62518.000   555.000   362.000   76.000   09.313   60.981
62519.000   601.000   382.000   65.000   09.251   60.985
62520.000   588.000   405.000   91.000   09.189   60.989
62521.000   563.000   410.000   77.000   09.126   60.994
62522.000   553.000   407.000   80.000   09.064   60.998
62523.000   567.000   346.000   68.000   09.002   61.002
62524.000   595.000   418.000   65.000   08.939   61.006
62525.000   580.000   418.000   83.000   08.877   61.010
62526.000   578.000   2624.000   75.000   08.814   61.015
62527.000   633.000   23469.000   66.000   08.752   61.019
62528.000   647.000   380.000   62.000   08.690   61.023
62529.000   598.000   379.000   68.000   08.627   61.027
62530.000   548.000   404.000   66.000   08.565   61.031
62531.000   573.000   402.000   66.000   08.503   61.036
62532.000   638.000   378.000   66.000   08.440   61.040
62533.000   606.000   369.000   79.000   08.378   61.044
62534.000   592.000   379.000   64.000   08.315   61.048
62535.000   587.000   397.000   71.000   08.253   61.052
62536.000   605.000   345.000   76.000   08.191   61.056
62537.000   558.000   345.000   68.000   08.128   61.061
62538.000   595.000   394.000   59.000   08.066   61.065
62539.000   613.000   374.000   62.000   08.004   61.069
62540.000   561.000   419.000   77.000   07.941   61.073
62541.000   579.000   376.000   77.000   07.879   61.077
62542.000   617.000   411.000   58.000   07.816   61.081
62543.000   603.000   385.000   74.000   07.754   61.086
62544.000   605.000   408.000   61.000   07.692   61.090
62545.000   615.000   421.000   81.000   07.629   61.094
62546.000   631.000   378.000   83.000   07.567   61.098
62547.000   626.000   396.000   72.000   07.505   61.102
62548.000   573.000   391.000   72.000   07.442   61.106
62549.000   599.000   372.000   79.000   07.380   61.110
62550.000   601.000   375.000   85.000   07.317   61.115
62551.000   591.000   384.000   62.000   07.255   61.119
62552.000   571.000   358.000   86.000   07.193   61.123
62553.000   609.000   409.000   75.000   07.130   61.127
62554.000   568.000   392.000   82.000   07.068   61.131
62555.000   579.000   357.000   82.000   07.006   61.135
62556.000   578.000   322.000   61.000   06.943   61.139
62557.000   607.000   403.000   57.000   06.881   61.143
62558.000   575.000   373.000   68.000   06.818   61.148
62559.000   600.000   361.000   68.000   06.756   61.152
62560.000   569.000   376.000   68.000   06.694   61.156
62561.000   586.000   409.000   76.000   06.631   61.160
62562.000   563.000   388.000   69.000   06.569   61.164
62563.000   595.000   384.000   62.000   06.506   61.168
62564.000   612.000   372.000   65.000   06.444   61.172
62565.000   576.000   392.000   77.000   06.382   61.176
62566.000   583.000   370.000   60.000   06.319   61.180
62567.000   605.000   374.000   58.000   06.257   61.185
62568.000   593.000   409.000   68.000   06.195   61.189
62569.000   598.000   396.000   66.000   06.132   61.193
62570.000   610.000   435.000   69.000   06.070   61.197
62571.000   601.000   377.000   60.000   06.007   61.201
62572.000   579.000   410.000   62.000   05.945   61.205
62573.000   589.000   381.000   60.000   05.883   61.209
62574.000   559.000   397.000   72.000   05.820   61.213
62575.000   601.000   413.000   57.000   05.758   61.217
62576.000   564.000   400.000   63.000   05.696   61.221
62577.000   602.000   417.000   49.000   05.633   61.225
62578.000   615.000   396.000   75.000   05.571   61.230
62579.000   547.000   372.000   66.000   05.508   61.234
62580.000   553.000   357.000   54.000   05.446   61.238
62581.000   629.000   362.000   67.000   05.384   61.242
62582.000   555.000   377.000   51.000   05.321   61.246
62583.000   602.000   399.000   66.000   05.259   61.250
62584.000   615.000   432.000   59.000   05.197   61.254
62585.000   596.000   366.000   68.000   05.134   61.258
62586.000   621.000   401.000   64.000   05.072   61.262
62587.000   637.000   382.000   56.000   05.009   61.266
62588.000   586.000   385.000   58.000   04.947   61.270
62589.000   592.000   427.000   67.000   04.885   61.274
62590.000   601.000   415.000   81.000   04.822   61.278
62591.000   571.000   423.000   56.000   04.760   61.282
62592.000   633.000   427.000   68.000   04.698   61.287
62593.000   590.000   383.000   75.000   04.635   61.291
62594.000   679.000   398.000   67.000   04.573   61.295
62595.000   607.000   399.000   64.000   04.510   61.299
62596.000   639.000   413.000   68.000   04.448   61.303
62597.000   643.000   377.000   86.000   04.386   61.307
62598.000   623.000   378.000   68.000   04.323   61.311
62599.000   589.000   379.000   62.000   04.261   61.315
62600.000   657.000   396.000   63.000   04.199   61.319
62601.000   597.000   409.000   47.000   04.136   61.323
62602.000   611.000   391.000   59.000   04.074   61.327
62603.000   607.000   425.000   59.000   04.011   61.331
62604.000   656.000   397.000   63.000   03.949   61.335
62605.000   667.000   429.000   70.000   03.887   61.339
62606.000   608.000   404.000   54.000   03.824   61.343
62607.000   618.000   390.000   73.000   03.762   61.347
62608.000   602.000   464.000   60.000   03.700   61.351
62609.000   733.000   403.000   51.000   03.637   61.355
62610.000   633.000   419.000   59.000   03.575   61.359
62611.000   608.000   422.000   68.000   03.512   61.363
62612.000   615.000   501.000   58.000   03.450   61.367
62613.000   661.000   487.000   68.000   03.388   61.371
62614.000   615.000   623.000   69.000   03.325   61.375
62615.000   574.000   608.000   54.000   03.263   61.379
62616.000   661.000   710.000   77.000   03.201   61.383
62617.000   721.000   767.000   62.000   03.138   61.387
62618.000   610.000   778.000   66.000   03.076   61.392
62619.000   599.000   925.000   67.000   03.013   61.396
62620.000   620.000   1074.000   62.000   02.951   61.400
62621.000   646.000   1167.000   60.000   02.889   61.404
62622.000   622.000   1208.000   71.000   02.826   61.408
62623.000   611.000   1379.000   63.000   02.764   61.412
62624.000   640.000   1407.000   62.000   02.702   61.416
62625.000   703.000   1453.000   68.000   02.639   61.420
62626.000   636.000   1630.000   55.000   02.577   61.424
62627.000   645.000   1791.000   64.000   02.514   61.428
62628.000   600.000   1971.000   72.000   02.452   61.432
62629.000   631.000   2161.000   57.000   02.390   61.436
62630.000   599.000   2353.000   69.000   02.327   61.440
62631.000   586.000   2552.000   61.000   02.265   61.444
62632.000   606.000   2787.000   61.000   02.203   61.448
62633.000   620.000   3118.000   63.000   02.140   61.452
62634.000   631.000   3417.000   62.000   02.078   61.456
62635.000   594.000   3586.000   72.000   02.015   61.460
62636.000   675.000   3803.000   65.000   01.953   61.464
62637.000   641.000   4210.000   47.000   01.891   61.468
62638.000   654.000   4432.000   59.000   01.828   61.472
62639.000   621.000   4722.000   73.000   01.766   61.476
62640.000   754.000   464.000   149.000   01.704   61.480
62641.000   757.000   412.000   119.000   01.641   61.484
62642.000   803.000   395.000   119.000   01.579   61.488
62643.000   795.000   449.000   121.000   01.516   61.492
62644.000   804.000   441.000   128.000   01.454   61.496
62645.000   763.000   414.000   126.000   01.392   61.500
62646.000   780.000   455.000   112.000   01.329   61.504
62647.000   751.000   481.000   121.000   01.267   61.508
62648.000   817.000   435.000   133.000   01.205   61.512
62649.000   782.000   440.000   134.000   01.142   61.516
62650.000   776.000   473.000   125.000   01.080   61.520
62651.000   783.000   400.000   112.000   01.018   61.524
62652.000   790.000   493.000   136.000   00.955   61.528
62653.000   749.000   501.000   144.000   00.893   61.532
62654.000   807.000   436.000   130.000   00.830   61.536
62655.000   796.000   475.000   124.000   00.768   61.540
62656.000   772.000   437.000   112.000   00.706   61.544
62657.000   745.000   468.000   106.000   00.643   61.548
62658.000   797.000   404.000   109.000   00.581   61.552
62659.000   773.000   447.000   115.000   00.519   61.556
62660.000   757.000   406.000   102.000   00.456   61.560
62661.000   843.000   435.000   116.000   00.394   61.564
62662.000   807.000   464.000   123.000   00.331   61.568
62663.000   783.000   433.000   132.000   00.269   61.572
62664.000   785.000   398.000   97.000   00.207   61.576
62665.000   806.000   455.000   108.000   00.144   61.580
62666.000   802.000   448.000   116.000   00.082   61.584
62667.000   757.000   480.000   110.000   00.020   61.588
62668.000   772.000   448.000   116.000   -0.043   61.592
62669.000   766.000   444.000   112.000   -0.105   61.596
62670.000   780.000   422.000   128.000   -0.167   61.600
62671.000   822.000   443.000   117.000   -0.230   61.604
62672.000   807.000   425.000   117.000   -0.292   61.608
62673.000   791.000   420.000   121.000   -0.355   61.612
62674.000   790.000   431.000   126.000   -0.417   61.616
62675.000   782.000   439.000   124.000   -0.479   61.620
62676.000   795.000   442.000   107.000   -0.542   61.624
62677.000   786.000   422.000   121.000   -0.604   61.628
62678.000   814.000   430.000   123.000   -0.666   61.632
62679.000   793.000   419.000   115.000   -0.729   61.636
62680.000   802.000   440.000   110.000   -0.791   61.640
62681.000   776.000   445.000   106.000   -0.853   61.644
62682.000   779.000   441.000   100.000   -0.916   61.648
62683.000   836.000   434.000   118.000   -0.978   61.652
62684.000   755.000   423.000   109.000   -1.040   61.656
62685.000   784.000   499.000   108.000   -1.103   61.660
62686.000   779.000   432.000   93.000   -1.165   61.664
62687.000   745.000   374.000   113.000   -1.228   61.668
62688.000   738.000   420.000   104.000   -1.290   61.672
62689.000   743.000   442.000   91.000   -1.352   61.676
62690.000   745.000   435.000   97.000   -1.415   61.680
62691.000   766.000   416.000   109.000   -1.477   61.684
62692.000   833.000   440.000   120.000   -1.539   61.688
62693.000   767.000   423.000   117.000   -1.602   61.692
62694.000   782.000   434.000   103.000   -1.664   61.696
62695.000   827.000   445.000   108.000   -1.726   61.700
62696.000   782.000   447.000   111.000   -1.789   61.704
62697.000   769.000   446.000   103.000   -1.851   61.708
62698.000   763.000   470.000   116.000   -1.913   61.712
62699.000   728.000   486.000   115.000   -1.976   61.716
62700.000   793.000   415.000   89.000   -2.038   61.720
62701.000   821.000   532.000   102.000   -2.100   61.724
62702.000   802.000   438.000   98.000   -2.163   61.728
62703.000   782.000   402.000   114.000   -2.225   61.732
62704.000   788.000   438.000   99.000   -2.288   61.736
62705.000   746.000   449.000   93.000   -2.350   61.740
62706.000   729.000   451.000   105.000   -2.412   61.744
62707.000   760.000   438.000   109.000   -2.475   61.748
62708.000   827.000   422.000   99.000   -2.537   61.752
62709.000   763.000   441.000   96.000   -2.599   61.756
62710.000   814.000   431.000   122.000   -2.662   61.760
62711.000   866.000   428.000   95.000   -2.724   61.764
62712.000   772.000   365.000   95.000   -2.786   61.768
62713.000   804.000   447.000   112.000   -2.849   61.772
62714.000   797.000   444.000   127.000   -2.911   61.776
62715.000   819.000   446.000   96.000   -2.973   61.780
62716.000   835.000   434.000   113.000   -3.036   61.784
62717.000   815.000   473.000   119.000   -3.098   61.788
62718.000   788.000   437.000   90.000   -3.160   61.792
62719.000   799.000   411.000   114.000   -3.223   61.796
62720.000   814.000   473.000   108.000   -3.285   61.800
62721.000   788.000   465.000   80.000   -3.347   61.804
62722.000   749.000   458.000   113.000   -3.410   61.808
62723.000   817.000   458.000   95.000   -3.472   61.812
62724.000   768.000   421.000   110.000   -3.534   61.816
62725.000   818.000   427.000   83.000   -3.597   61.820
62726.000   829.000   478.000   121.000   -3.659   61.824
62727.000   831.000   441.000   119.000   -3.721   61.828
62728.000   762.000   436.000   105.000   -3.784   61.832
62729.000   766.000   433.000   104.000   -3.846   61.836
62730.000   769.000   436.000   108.000   -3.908   61.840
62731.000   813.000   466.000   109.000   -3.971   61.845
62732.000   805.000   431.000   107.000   -4.033   61.849
62733.000   801.000   430.000   95.000   -4.096   61.853
62734.000   776.000   435.000   109.000   -4.158   61.857
62735.000   752.000   469.000   84.000   -4.220   61.861
62736.000   757.000   424.000   99.000   -4.283   61.865
62737.000   743.000   441.000   101.000   -4.345   61.869
62738.000   786.000   445.000   112.000   -4.407   61.873
62739.000   803.000   473.000   87.000   -4.470   61.877
62740.000   832.000   427.000   96.000   -4.532   61.881
62741.000   794.000   479.000   106.000   -4.594   61.885
62742.000   771.000   503.000   84.000   -4.657   61.889
62743.000   772.000   447.000   109.000   -4.719   61.893
62744.000   803.000   422.000   102.000   -4.781   61.897
62745.000   787.000   428.000   111.000   -4.844   61.901
62746.000   794.000   455.000   101.000   -4.906   61.905
62747.000   765.000   431.000   96.000   -4.968   61.909
62748.000   761.000   446.000   98.000   -5.030   61.913
62749.000   782.000   445.000   91.000   -5.093   61.917
62750.000   821.000   479.000   105.000   -5.155   61.921
62751.000   803.000   430.000   94.000   -5.217   61.925
62752.000   779.000   447.000   103.000   -5.280   61.930
62753.000   798.000   468.000   107.000   -5.342   61.934
62754.000   748.000   432.000   101.000   -5.404   61.938
62755.000   822.000   435.000   80.000   -5.467   61.942
62756.000   736.000   443.000   82.000   -5.529   61.946
62757.000   801.000   510.000   111.000   -5.591   61.950
62758.000   817.000   466.000   108.000   -5.654   61.954
62759.000   812.000   467.000   104.000   -5.716   61.958
62760.000   763.000   459.000   104.000   -5.778   61.962
62761.000   760.000   425.000   95.000   -5.841   61.966
62762.000   792.000   450.000   86.000   -5.903   61.970
62763.000   765.000   457.000   103.000   -5.965   61.974
62764.000   766.000   425.000   80.000   -6.028   61.978
62765.000   759.000   462.000   91.000   -6.090   61.983
62766.000   802.000   440.000   108.000   -6.152   61.987
62767.000   809.000   423.000   106.000   -6.215   61.991
62768.000   793.000   438.000   97.000   -6.277   61.995
62769.000   769.000   477.000   98.000   -6.339   61.999
62770.000   754.000   557.000   113.000   -6.402   62.003
62771.000   778.000   541.000   99.000   -6.464   62.007
62772.000   782.000   514.000   108.000   -6.526   62.011
62773.000   857.000   646.000   87.000   -6.589   62.015
62774.000   799.000   545.000   88.000   -6.651   62.019
62775.000   780.000   562.000   78.000   -6.713   62.023
62776.000   774.000   538.000   108.000   -6.775   62.028
62777.000   807.000   531.000   94.000   -6.838   62.032
62778.000   795.000   590.000   94.000   -6.900   62.036
62779.000   793.000   558.000   99.000   -6.962   62.040
62780.000   816.000   553.000   95.000   -7.025   62.044
62781.000   832.000   602.000   93.000   -7.087   62.048
62782.000   772.000   581.000   88.000   -7.149   62.052
62783.000   785.000   594.000   94.000   -7.212   62.056
62784.000   813.000   620.000   85.000   -7.274   62.061
62785.000   828.000   630.000   93.000   -7.336   62.065
62786.000   758.000   688.000   100.000   -7.399   62.069
62787.000   760.000   763.000   88.000   -7.461   62.073
62788.000   750.000   820.000   91.000   -7.523   62.077
62789.000   788.000   899.000   97.000   -7.585   62.081
62790.000   810.000   994.000   116.000   -7.648   62.085
62791.000   779.000   1098.000   99.000   -7.710   62.089
62792.000   778.000   1203.000   99.000   -7.772   62.094
62793.000   788.000   1265.000   106.000   -7.835   62.098
62794.000   795.000   1402.000   103.000   -7.897   62.102
62795.000   788.000   1483.000   113.000   -7.959   62.106
62796.000   824.000   1920.000   120.000   -8.022   62.110
62797.000   882.000   1970.000   105.000   -8.084   62.114
62798.000   764.000   2030.000   126.000   -8.146   62.119
62799.000   769.000   2279.000   112.000   -8.209   62.123
62800.000   834.000   2372.000   105.000   -8.271   62.127
62801.000   797.000   2510.000   122.000   -8.333   62.131
62802.000   823.000   2770.000   125.000   -8.395   62.135
62803.000   831.000   2899.000   106.000   -8.458   62.139
62804.000   753.000   3181.000   125.000   -8.520   62.144
62805.000   843.000   3493.000   119.000   -8.582   62.148
62806.000   768.000   3721.000   138.000   -8.645   62.152
62807.000   769.000   3826.000   142.000   -8.707   62.156
62808.000   777.000   4213.000   126.000   -8.769   62.160
62809.000   829.000   4544.000   144.000   -8.831   62.164
62810.000   790.000   4839.000   117.000   -8.894   62.169
62811.000   775.000   5001.000   126.000   -8.956   62.173
62812.000   835.000   5382.000   144.000   -9.018   62.177
62813.000   801.000   5695.000   132.000   -9.081   62.181
62814.000   826.000   5913.000   156.000   -9.143   62.185
62815.000   780.000   6103.000   151.000   -9.205   62.190
62816.000   802.000   6456.000   149.000   -9.267   62.194
62817.000   783.000   6821.000   135.000   -9.330   62.198
62818.000   781.000   7163.000   158.000   -9.392   62.202
62819.000   818.000   7293.000   172.000   -9.454   62.206
62820.000   780.000   24505.000   155.000   -9.517   62.211
62821.000   880.000   29189.000   158.000   -9.579   62.215
62822.000   824.000   9919.000   146.000   -9.641   62.219
62823.000   847.000   31257.000   175.000   -9.703   62.223
62824.000   842.000   8348.000   171.000   -9.766   62.228
62825.000   861.000   8603.000   153.000   -9.828   62.232
62826.000   795.000   8848.000   180.000   -9.890   62.236
62827.000   805.000   9102.000   173.000   -9.953   62.240
62828.000   786.000   9116.000   176.000   -10.015   62.245
62829.000   907.000   9400.000   166.000   -10.077   62.249
62830.000   783.000   9635.000   183.000   -10.139   62.253
62831.000   821.000   9703.000   185.000   -10.202   62.257
62832.000   813.000   9890.000   190.000   -10.264   62.262
62833.000   831.000   9832.000   177.000   -10.326   62.266
62834.000   862.000   10099.000   220.000   -10.388   62.270
62835.000   812.000   10052.000   246.000   -10.451   62.274
62836.000   825.000   10108.000   219.000   -10.513   62.279
62837.000   783.000   10150.000   237.000   -10.575   62.283
62838.000   786.000   10227.000   238.000   -10.638   62.287
62839.000   812.000   10511.000   273.000   -10.700   62.291
62840.000   805.000   10357.000   244.000   -10.762   62.296
62841.000   818.000   10524.000   247.000   -10.824   62.300
62842.000   828.000   10376.000   288.000   -10.887   62.304
62843.000   834.000   10331.000   298.000   -10.949   62.309
62844.000   813.000   10601.000   283.000   -11.011   62.313
62845.000   844.000   10539.000   295.000   -11.073   62.317
62846.000   843.000   10637.000   308.000   -11.136   62.321
62847.000   798.000   10368.000   326.000   -11.198   62.326
62848.000   866.000   10185.000   6005.000   -11.260   62.330
62849.000   792.000   10422.000   5805.000   -11.322   62.334
62850.000   793.000   10434.000   5234.000   -11.385   62.339
62851.000   761.000   10482.000   5576.000   -11.447   62.343
62852.000   864.000   10346.000   5963.000   -11.509   62.347
62853.000   840.000   10432.000   6351.000   -11.571   62.352
62854.000   816.000   10321.000   7022.000   -11.634   62.356
62855.000   830.000   10451.000   7711.000   -11.696   62.360
62856.000   797.000   10208.000   8463.000   -11.758   62.365
62857.000   829.000   10347.000   9273.000   -11.821   62.369
62858.000   882.000   10458.000   10347.000   -11.883   62.373
62859.000   838.000   10376.000   11337.000   -11.945   62.378
62860.000   820.000   10385.000   12364.000   -12.007   62.382
62861.000   861.000   10298.000   12999.000   -12.070   62.386
62862.000   817.000   10458.000   13974.000   -12.132   62.391
62863.000   864.000   10388.000   14479.000   -12.194   62.395
62864.000   829.000   10437.000   15832.000   -12.256   62.400
62865.000   765.000   10328.000   17295.000   -12.319   62.404
62866.000   792.000   10427.000   18452.000   -12.381   62.408
62867.000   804.000   10476.000   19528.000   -12.443   62.413
62868.000   841.000   10229.000   19794.000   -12.505   62.417
62869.000   839.000   10422.000   19688.000   -12.567   62.421
62870.000   824.000   10512.000   19372.000   -12.630   62.426
62871.000   855.000   10425.000   18852.000   -12.692   62.430
62872.000   827.000   10460.000   17671.000   -12.754   62.435
62873.000   798.000   10514.000   17115.000   -12.816   62.439
62874.000   850.000   10629.000   15457.000   -12.879   62.443
62875.000   767.000   10532.000   14447.000   -12.941   62.448
62876.000   858.000   10509.000   12887.000   -13.003   62.452
62877.000   873.000   10478.000   11718.000   -13.065   62.457
62878.000   796.000   10496.000   9400.000   -13.128   62.461
62879.000   846.000   10634.000   8565.000   -13.190   62.466
62880.000   17399.000   27589.000   7731.000   -13.252   62.470
62881.000   21960.000   32041.000   6464.000   -13.314   62.474
62882.000   1453.000   12753.000   5214.000   -13.377   62.479
62883.000   23604.000   33774.000   3728.000   -13.439   62.483
62884.000   729.000   10487.000   1679.000   -13.501   62.488
62885.000   743.000   10336.000   755.000   -13.563   62.492
62886.000   685.000   10310.000   76.000   -13.625   62.497
62887.000   746.000   10074.000   20.000   -13.688   62.501
62888.000   710.000   10029.000   04.000   -13.750   62.506
62889.000   692.000   9818.000   01.000   -13.812   62.510
62890.000   713.000   9844.000   00.000   -13.874   62.515
62891.000   733.000   9702.000   00.000   -13.937   62.519
62892.000   694.000   9453.000   00.000   -13.999   62.524
62893.000   714.000   9311.000   00.000   -14.061   62.528
62894.000   690.000   9099.000   00.000   -14.123   62.533
62895.000   654.000   8904.000   00.000   -14.185   62.537
62896.000   736.000   8566.000   00.000   -14.248   62.542
62897.000   669.000   8313.000   00.000   -14.310   62.546
62898.000   685.000   8320.000   00.000   -14.372   62.551
62899.000   707.000   7889.000   00.000   -14.434   62.555
62900.000   726.000   7612.000   00.000   -14.497   62.560
62901.000   738.000   7415.000   00.000   -14.559   62.564
62902.000   696.000   6991.000   00.000   -14.621   62.569
62903.000   755.000   6628.000   00.000   -14.683   62.573
62904.000   713.000   6378.000   00.000   -14.745   62.578
62905.000   706.000   6186.000   00.000   -14.808   62.582
62906.000   720.000   5943.000   00.000   -14.870   62.587
62907.000   707.000   5556.000   00.000   -14.932   62.592
62908.000   733.000   5320.000   00.000   -14.994   62.596
62909.000   737.000   5086.000   00.000   -15.056   62.601
62910.000   691.000   4756.000   00.000   -15.119   62.605
62911.000   711.000   4349.000   00.000   -15.181   62.610
62912.000   705.000   4131.000   00.000   -15.243   62.614
62913.000   652.000   3932.000   00.000   -15.305   62.619
62914.000   720.000   3496.000   00.000   -15.367   62.624
62915.000   718.000   3231.000   00.000   -15.430   62.628
62916.000   630.000   3100.000   00.000   -15.492   62.633
62917.000   688.000   2970.000   00.000   -15.554   62.637
62918.000   691.000   2659.000   00.000   -15.616   62.642
62919.000   739.000   2450.000   00.000   -15.678   62.647
62920.000   679.000   2265.000   00.000   -15.741   62.651
62921.000   746.000   2067.000   00.000   -15.803   62.656
62922.000   681.000   1938.000   00.000   -15.865   62.661
62923.000   736.000   1764.000   00.000   -15.927   62.665
62924.000   704.000   1584.000   00.000   -15.989   62.670
62925.000   837.000   1493.000   00.000   -16.052   62.675
62926.000   717.000   1359.000   00.000   -16.114   62.679
62927.000   709.000   1305.000   00.000   -16.176   62.684
62928.000   697.000   1158.000   00.000   -16.238   62.689
62929.000   721.000   1159.000   00.000   -16.300   62.693
62930.000   735.000   1049.000   00.000   -16.362   62.698
62931.000   750.000   1048.000   00.000   -16.425   62.703
62932.000   671.000   955.000   00.000   -16.487   62.707
62933.000   755.000   933.000   00.000   -16.549   62.712
62934.000   666.000   851.000   00.000   -16.611   62.717
62935.000   713.000   862.000   00.000   -16.673   62.721
62936.000   708.000   752.000   00.000   -16.736   62.726
62937.000   690.000   735.000   00.000   -16.798   62.731
62938.000   745.000   712.000   00.000   -16.860   62.736
62939.000   668.000   655.000   00.000   -16.922   62.740
62940.000   17451.000   17140.000   16967.000   -16.984   62.745
62941.000   22078.000   21764.000   21576.000   -17.046   62.750
62942.000   1769.000   1957.000   2577.000   -17.109   62.754
62943.000   23683.000   23304.000   23145.000   -17.171   62.759
62944.000   647.000   368.000   97.000   -17.233   62.764
62945.000   698.000   357.000   82.000   -17.295   62.769
62946.000   680.000   371.000   88.000   -17.357   62.774
62947.000   682.000   386.000   82.000   -17.419   62.778
62948.000   632.000   373.000   84.000   -17.482   62.783
62949.000   668.000   370.000   65.000   -17.544   62.788
62950.000   692.000   405.000   80.000   -17.606   62.793
62951.000   647.000   383.000   93.000   -17.668   62.798
62952.000   664.000   351.000   77.000   -17.730   62.802
62953.000   628.000   381.000   90.000   -17.792   62.807
62954.000   575.000   422.000   84.000   -17.855   62.812
62955.000   601.000   392.000   77.000   -17.917   62.817
62956.000   543.000   372.000   75.000   -17.979   62.822
62957.000   560.000   354.000   72.000   -18.041   62.826
62958.000   570.000   384.000   88.000   -18.103   62.831
62959.000   537.000   404.000   76.000   -18.165   62.836
62960.000   560.000   373.000   87.000   -18.227   62.841
62961.000   585.000   382.000   90.000   -18.290   62.846
62962.000   522.000   314.000   92.000   -18.352   62.851
62963.000   499.000   364.000   89.000   -18.414   62.856
62964.000   501.000   321.000   81.000   -18.476   62.861
62965.000   571.000   377.000   84.000   -18.538   62.865
62966.000   523.000   382.000   75.000   -18.600   62.870
62967.000   560.000   348.000   71.000   -18.662   62.875
62968.000   525.000   384.000   80.000   -18.725   62.880
62969.000   542.000   414.000   72.000   -18.787   62.885
62970.000   559.000   395.000   72.000   -18.849   62.890
62971.000   547.000   370.000   89.000   -18.911   62.895
62972.000   563.000   400.000   74.000   -18.973   62.900
62973.000   532.000   366.000   84.000   -19.035   62.905
62974.000   503.000   401.000   72.000   -19.097   62.910
62975.000   566.000   390.000   77.000   -19.160   62.915
62976.000   532.000   374.000   78.000   -19.222   62.920
62977.000   567.000   374.000   78.000   -19.284   62.925
62978.000   530.000   376.000   78.000   -19.346   62.930
62979.000   587.000   376.000   88.000   -19.408   62.935
62980.000   566.000   379.000   88.000   -19.470   62.940
62981.000   547.000   370.000   81.000   -19.532   62.945
62982.000   530.000   394.000   78.000   -19.594   62.950
62983.000   519.000   423.000   78.000   -19.657   62.955
62984.000   573.000   344.000   86.000   -19.719   62.960
62985.000   563.000   428.000   66.000   -19.781   62.965
62986.000   558.000   408.000   84.000   -19.843   62.970
62987.000   557.000   389.000   90.000   -19.905   62.975
62988.000   510.000   408.000   76.000   -19.967   62.980
62989.000   538.000   394.000   81.000   -20.029   62.985
62990.000   544.000   397.000   83.000   -20.091   62.990
62991.000   566.000   338.000   75.000   -20.154   62.995
62992.000   536.000   389.000   75.000   -20.216   63.000
62993.000   548.000   401.000   66.000   -20.278   63.005
62994.000   535.000   364.000   83.000   -20.340   63.010
62995.000   544.000   395.000   82.000   -20.402   63.015
62996.000   530.000   377.000   63.000   -20.464   63.020
62997.000   552.000   412.000   70.000   -20.526   63.026
62998.000   562.000   362.000   76.000   -20.588   63.031
62999.000   517.000   382.000   65.000   -20.650   63.036
63000.000   515.000   405.000   91.000   -20.712   63.041
63001.000   539.000   410.000   77.000   -20.775   63.046
63002.000   526.000   407.000   80.000   -20.837   63.051
63003.000   560.000   346.000   68.000   -20.899   63.056
63004.000   573.000   418.000   65.000   -20.961   63.062
63005.000   554.000   418.000   83.000   -21.023   63.067
63006.000   534.000   2624.000   75.000   -21.085   63.072
63007.000   586.000   23469.000   66.000   -21.147   63.077
63008.000   618.000   380.000   62.000   -21.209   63.082
63009.000   574.000   379.000   68.000   -21.271   63.088
63010.000   518.000   404.000   66.000   -21.333   63.093
63011.000   524.000   402.000   66.000   -21.395   63.098
63012.000   609.000   378.000   66.000   -21.458   63.103
63013.000   561.000   369.000   79.000   -21.520   63.108
63014.000   542.000   379.000   64.000   -21.582   63.114
63015.000   544.000   397.000   71.000   -21.644   63.119
63016.000   562.000   345.000   76.000   -21.706   63.124
63017.000   524.000   345.000   68.000   -21.768   63.129
63018.000   540.000   394.000   59.000   -21.830   63.135
63019.000   572.000   374.000   62.000   -21.892   63.140
63020.000   526.000   419.000   77.000   -21.954   63.145
63021.000   553.000   376.000   77.000   -22.016   63.151
63022.000   544.000   411.000   58.000   -22.078   63.156
63023.000   564.000   385.000   74.000   -22.140   63.161
63024.000   540.000   408.000   61.000   -22.202   63.167
63025.000   577.000   421.000   81.000   -22.265   63.172
63026.000   559.000   378.000   83.000   -22.327   63.177
63027.000   553.000   396.000   72.000   -22.389   63.183
63028.000   565.000   391.000   72.000   -22.451   63.188
63029.000   535.000   372.000   79.000   -22.513   63.193
63030.000   551.000   375.000   85.000   -22.575   63.199
63031.000   565.000   384.000   62.000   -22.637   63.204
63032.000   516.000   358.000   86.000   -22.699   63.210
63033.000   585.000   409.000   75.000   -22.761   63.215
63034.000   515.000   392.000   82.000   -22.823   63.220
63035.000   564.000   357.000   82.000   -22.885   63.226
63036.000   545.000   322.000   61.000   -22.947   63.231
63037.000   554.000   403.000   57.000   -23.009   63.237
63038.000   542.000   373.000   68.000   -23.071   63.242
63039.000   577.000   361.000   68.000   -23.133   63.248
63040.000   556.000   376.000   68.000   -23.195   63.253
63041.000   559.000   409.000   76.000   -23.257   63.258
63042.000   537.000   388.000   69.000   -23.320   63.264
63043.000   558.000   384.000   62.000   -23.382   63.269
63044.000   587.000   372.000   65.000   -23.444   63.275
63045.000   572.000   392.000   77.000   -23.506   63.280
63046.000   560.000   370.000   60.000   -23.568   63.286
63047.000   583.000   374.000   58.000   -23.630   63.291
63048.000   550.000   409.000   68.000   -23.692   63.297
63049.000   568.000   396.000   66.000   -23.754   63.303
63050.000   574.000   435.000   69.000   -23.816   63.308
63051.000   596.000   377.000   60.000   -23.878   63.314
63052.000   591.000   410.000   62.000   -23.940   63.319
63053.000   545.000   381.000   60.000   -24.002   63.325
63054.000   534.000   397.000   72.000   -24.064   63.330
63055.000   580.000   413.000   57.000   -24.126   63.336
63056.000   518.000   400.000   63.000   -24.188   63.342
63057.000   570.000   417.000   49.000   -24.250   63.347
63058.000   584.000   396.000   75.000   -24.312   63.353
63059.000   556.000   372.000   66.000   -24.374   63.359
63060.000   522.000   357.000   54.000   -24.436   63.364
63061.000   568.000   362.000   67.000   -24.498   63.370
63062.000   529.000   377.000   51.000   -24.560   63.375
63063.000   571.000   399.000   66.000   -24.622   63.381
63064.000   555.000   432.000   59.000   -24.684   63.387
63065.000   559.000   366.000   68.000   -24.746   63.393
63066.000   606.000   401.000   64.000   -24.808   63.398
63067.000   620.000   382.000   56.000   -24.870   63.404
63068.000   587.000   385.000   58.000   -24.932   63.410
63069.000   521.000   427.000   67.000   -24.994   63.415
63070.000   563.000   415.000   81.000   -25.056   63.421
63071.000   524.000   423.000   56.000   -25.118   63.427
63072.000   575.000   427.000   68.000   -25.180   63.433
63073.000   527.000   383.000   75.000   -25.242   63.438
63074.000   681.000   398.000   67.000   -25.304   63.444
63075.000   559.000   399.000   64.000   -25.366   63.450
63076.000   606.000   413.000   68.000   -25.428   63.456
63077.000   617.000   377.000   86.000   -25.490   63.462
63078.000   579.000   378.000   68.000   -25.552   63.467
63079.000   601.000   379.000   62.000   -25.614   63.473
63080.000   614.000   396.000   63.000   -25.676   63.479
63081.000   576.000   409.000   47.000   -25.738   63.485
63082.000   613.000   391.000   59.000   -25.800   63.491
63083.000   578.000   425.000   59.000   -25.862   63.497
63084.000   649.000   397.000   63.000   -25.924   63.503
63085.000   649.000   429.000   70.000   -25.986   63.509
63086.000   608.000   404.000   54.000   -26.048   63.514
63087.000   623.000   390.000   73.000   -26.110   63.520
63088.000   600.000   464.000   60.000   -26.172   63.526
63089.000   720.000   403.000   51.000   -26.234   63.532
63090.000   608.000   419.000   59.000   -26.296   63.538
63091.000   590.000   422.000   68.000   -26.358   63.544
63092.000   605.000   501.000   58.000   -26.420   63.550
63093.000   611.000   487.000   68.000   -26.482   63.556
63094.000   600.000   623.000   69.000   -26.544   63.562
63095.000   582.000   608.000   54.000   -26.606   63.568
63096.000   594.000   710.000   77.000   -26.668   63.574
63097.000   646.000   767.000   62.000   -26.730   63.580
63098.000   594.000   778.000   66.000   -26.792   63.586
63099.000   557.000   925.000   67.000   -26.854   63.592
63100.000   630.000   1074.000   62.000   -26.916   63.598
63101.000   632.000   1167.000   60.000   -26.977   63.604
63102.000   619.000   1208.000   71.000   -27.039   63.610
63103.000   617.000   1379.000   63.000   -27.101   63.617
63104.000   598.000   1407.000   62.000   -27.163   63.623
63105.000   707.000   1453.000   68.000   -27.225   63.629
63106.000   607.000   1630.000   55.000   -27.287   63.635
63107.000   640.000   1791.000   64.000   -27.349   63.641
63108.000   557.000   1971.000   72.000   -27.411   63.647
63109.000   645.000   2161.000   57.000   -27.473   63.653
63110.000   616.000   2353.000   69.000   -27.535   63.659
63111.000   562.000   2552.000   61.000   -27.597   63.666
63112.000   598.000   2787.000   61.000   -27.659   63.672
63113.000   628.000   3118.000   63.000   -27.721   63.678
63114.000   615.000   3417.000   62.000   -27.783   63.684
63115.000   586.000   3586.000   72.000   -27.845   63.691
63116.000   636.000   3803.000   65.000   -27.907   63.697
63117.000   595.000   4210.000   47.000   -27.969   63.703
63118.000   635.000   4432.000   59.000   -28.030   63.709
63119.000   593.000   4722.000   73.000   -28.092   63.716
