Time range: [ 19:24:13.000  20:12:00.000 ]
Time range duration: 47.0 min, 47.0 sec
Longitude range: [ 72.0  74.0 ]
69853.000   664.000   303.000   74.000   -82.520   121.320
69854.000   723.000   279.000   98.000   -82.520   121.792
69855.000   734.000   350.000   81.000   -82.519   122.264
69856.000   760.000   290.000   66.000   -82.518   122.736
69857.000   782.000   274.000   86.000   -82.517   123.208
69858.000   708.000   333.000   88.000   -82.515   123.680
69859.000   728.000   335.000   90.000   -82.512   124.151
69860.000   726.000   311.000   73.000   -82.509   124.622
69861.000   721.000   359.000   79.000   -82.505   125.093
69862.000   701.000   329.000   104.000   -82.501   125.563
69863.000   744.000   302.000   79.000   -82.496   126.032
69864.000   717.000   298.000   101.000   -82.491   126.501
69865.000   702.000   307.000   86.000   -82.485   126.969
69866.000   756.000   323.000   77.000   -82.479   127.437
69867.000   708.000   332.000   93.000   -82.473   127.904
69868.000   747.000   319.000   91.000   -82.465   128.369
69869.000   721.000   335.000   101.000   -82.458   128.834
69870.000   703.000   323.000   72.000   -82.450   129.298
69871.000   739.000   323.000   74.000   -82.441   129.761
69872.000   722.000   324.000   86.000   -82.432   130.223
69873.000   727.000   312.000   85.000   -82.422   130.683
69874.000   704.000   291.000   74.000   -82.412   131.143
69875.000   750.000   316.000   89.000   -82.401   131.601
69876.000   685.000   315.000   70.000   -82.390   132.058
69877.000   820.000   350.000   67.000   -82.378   132.513
69878.000   740.000   357.000   87.000   -82.366   132.967
69879.000   675.000   331.000   89.000   -82.354   133.420
69880.000   744.000   325.000   85.000   -82.341   133.871
69881.000   680.000   314.000   96.000   -82.327   134.321
69882.000   719.000   324.000   77.000   -82.313   134.769
69883.000   735.000   328.000   93.000   -82.299   135.215
69884.000   718.000   343.000   75.000   -82.284   135.659
69885.000   760.000   353.000   71.000   -82.268   136.102
69886.000   675.000   312.000   75.000   -82.252   136.543
69887.000   778.000   292.000   97.000   -82.236   136.982
69888.000   771.000   297.000   79.000   -82.219   137.419
69889.000   740.000   352.000   91.000   -82.202   137.855
69890.000   694.000   311.000   92.000   -82.184   138.288
69891.000   743.000   364.000   121.000   -82.166   138.720
69892.000   728.000   356.000   109.000   -82.147   139.149
69893.000   738.000   351.000   99.000   -82.128   139.576
69894.000   757.000   296.000   82.000   -82.109   140.002
69895.000   707.000   341.000   88.000   -82.089   140.425
69896.000   815.000   360.000   84.000   -82.069   140.846
69897.000   758.000   314.000   89.000   -82.048   141.264
69898.000   708.000   326.000   88.000   -82.027   141.681
69899.000   709.000   361.000   93.000   -82.005   142.095
69900.000   766.000   345.000   94.000   -81.983   142.507
69901.000   761.000   357.000   102.000   -81.961   142.917
69902.000   701.000   321.000   80.000   -81.938   143.325
69903.000   722.000   334.000   92.000   -81.914   143.730
69904.000   742.000   337.000   91.000   -81.891   144.132
69905.000   724.000   372.000   99.000   -81.867   144.533
69906.000   744.000   334.000   73.000   -81.842   144.931
69907.000   731.000   374.000   95.000   -81.817   145.326
69908.000   776.000   372.000   91.000   -81.792   145.720
69909.000   737.000   340.000   71.000   -81.766   146.110
69910.000   743.000   381.000   91.000   -81.740   146.499
69911.000   796.000   348.000   105.000   -81.714   146.885
69912.000   751.000   307.000   87.000   -81.687   147.268
69913.000   721.000   312.000   88.000   -81.660   147.649
69914.000   775.000   333.000   100.000   -81.632   148.027
69915.000   746.000   376.000   89.000   -81.604   148.403
69916.000   727.000   321.000   97.000   -81.576   148.776
69917.000   807.000   355.000   70.000   -81.547   149.147
69918.000   774.000   317.000   64.000   -81.518   149.515
69919.000   795.000   326.000   105.000   -81.489   149.881
69920.000   760.000   345.000   86.000   -81.459   150.244
69921.000   788.000   321.000   83.000   -81.429   150.605
69922.000   767.000   353.000   71.000   -81.399   150.963
69923.000   707.000   360.000   95.000   -81.368   151.319
69924.000   746.000   334.000   79.000   -81.337   151.672
69925.000   734.000   357.000   97.000   -81.306   152.022
69926.000   775.000   349.000   94.000   -81.274   152.370
69927.000   735.000   308.000   82.000   -81.242   152.716
69928.000   703.000   338.000   96.000   -81.210   153.059
69929.000   789.000   330.000   87.000   -81.177   153.399
69930.000   768.000   316.000   99.000   -81.144   153.737
69931.000   750.000   369.000   78.000   -81.111   154.072
69932.000   750.000   314.000   91.000   -81.077   154.405
69933.000   714.000   312.000   119.000   -81.044   154.735
69934.000   730.000   344.000   96.000   -81.009   155.063
69935.000   744.000   346.000   88.000   -80.975   155.388
69936.000   794.000   340.000   90.000   -80.940   155.711
69937.000   788.000   336.000   76.000   -80.905   156.031
69938.000   794.000   333.000   111.000   -80.870   156.349
69939.000   764.000   300.000   84.000   -80.834   156.664
69940.000   808.000   345.000   89.000   -80.798   156.977
69941.000   756.000   360.000   84.000   -80.762   157.288
69942.000   807.000   369.000   93.000   -80.726   157.596
69943.000   771.000   363.000   89.000   -80.689   157.901
69944.000   738.000   385.000   95.000   -80.652   158.204
69945.000   863.000   323.000   84.000   -80.615   158.505
69946.000   694.000   366.000   87.000   -80.577   158.803
69947.000   693.000   362.000   91.000   -80.540   159.099
69948.000   830.000   380.000   94.000   -80.502   159.393
69949.000   797.000   391.000   92.000   -80.463   159.684
69950.000   853.000   386.000   101.000   -80.425   159.973
69951.000   875.000   343.000   89.000   -80.386   160.259
69952.000   823.000   381.000   79.000   -80.347   160.544
69953.000   895.000   390.000   104.000   -80.308   160.826
69954.000   799.000   373.000   100.000   -80.268   161.105
69955.000   865.000   338.000   99.000   -80.229   161.383
69956.000   811.000   382.000   95.000   -80.189   161.658
69957.000   826.000   358.000   85.000   -80.149   161.930
69958.000   852.000   359.000   82.000   -80.108   162.201
69959.000   858.000   365.000   81.000   -80.068   162.469
69960.000   845.000   371.000   88.000   -80.027   162.736
69961.000   930.000   346.000   100.000   -79.986   163.000
69962.000   837.000   348.000   110.000   -79.945   163.262
69963.000   838.000   369.000   113.000   -79.903   163.521
69964.000   832.000   348.000   91.000   -79.861   163.779
69965.000   817.000   347.000   99.000   -79.820   164.034
69966.000   814.000   339.000   106.000   -79.778   164.288
69967.000   870.000   336.000   91.000   -79.735   164.539
69968.000   759.000   326.000   93.000   -79.693   164.788
69969.000   775.000   358.000   86.000   -79.650   165.035
69970.000   800.000   418.000   99.000   -79.607   165.280
69971.000   856.000   319.000   99.000   -79.564   165.523
69972.000   813.000   338.000   101.000   -79.521   165.764
69973.000   784.000   368.000   102.000   -79.478   166.003
69974.000   842.000   331.000   88.000   -79.434   166.240
69975.000   858.000   320.000   89.000   -79.390   166.475
69976.000   815.000   364.000   106.000   -79.346   166.708
69977.000   880.000   354.000   102.000   -79.302   166.940
69978.000   814.000   355.000   98.000   -79.258   167.169
69979.000   888.000   355.000   106.000   -79.213   167.396
69980.000   847.000   352.000   114.000   -79.169   167.622
69981.000   816.000   488.000   89.000   -79.124   167.845
69982.000   865.000   338.000   86.000   -79.079   168.067
69983.000   855.000   368.000   97.000   -79.033   168.287
69984.000   848.000   360.000   87.000   -78.988   168.505
69985.000   863.000   357.000   120.000   -78.943   168.722
69986.000   873.000   365.000   94.000   -78.897   168.936
69987.000   846.000   360.000   91.000   -78.851   169.149
69988.000   835.000   380.000   101.000   -78.805   169.360
69989.000   814.000   356.000   70.000   -78.759   169.569
69990.000   818.000   380.000   112.000   -78.713   169.777
69991.000   865.000   340.000   105.000   -78.666   169.983
69992.000   922.000   327.000   104.000   -78.620   170.187
69993.000   869.000   344.000   95.000   -78.573   170.389
69994.000   886.000   356.000   107.000   -78.526   170.590
69995.000   838.000   351.000   117.000   -78.479   170.789
69996.000   860.000   378.000   102.000   -78.432   170.987
69997.000   878.000   346.000   71.000   -78.385   171.183
69998.000   805.000   379.000   79.000   -78.337   171.377
69999.000   895.000   322.000   99.000   -78.290   171.570
70000.000   853.000   590.000   98.000   -78.242   171.761
70001.000   891.000   580.000   103.000   -78.194   171.950
70002.000   854.000   617.000   93.000   -78.146   172.139
70003.000   870.000   664.000   121.000   -78.098   172.325
70004.000   883.000   654.000   98.000   -78.050   172.510
70005.000   848.000   720.000   69.000   -78.002   172.694
70006.000   909.000   724.000   93.000   -77.953   172.876
70007.000   873.000   796.000   113.000   -77.905   173.056
70008.000   1356.000   855.000   106.000   -77.856   173.235
70009.000   1271.000   922.000   116.000   -77.807   173.413
70010.000   1486.000   927.000   115.000   -77.758   173.589
70011.000   1509.000   1005.000   123.000   -77.709   173.764
70012.000   1609.000   1136.000   101.000   -77.660   173.938
70013.000   1642.000   1206.000   97.000   -77.611   174.110
70014.000   1785.000   1276.000   114.000   -77.562   174.280
70015.000   1908.000   1384.000   91.000   -77.512   174.450
70016.000   2071.000   1523.000   85.000   -77.462   174.617
70017.000   2107.000   1654.000   107.000   -77.413   174.784
70018.000   2272.000   1780.000   90.000   -77.363   174.949
70019.000   2422.000   1907.000   125.000   -77.313   175.113
70020.000   2617.000   2062.000   105.000   -77.263   175.276
70021.000   2753.000   2218.000   99.000   -77.213   175.437
70022.000   2957.000   2409.000   116.000   -77.162   175.598
70023.000   3102.000   2557.000   105.000   -77.112   175.757
70024.000   3353.000   2738.000   99.000   -77.062   175.914
70025.000   3522.000   3002.000   130.000   -77.011   176.071
70026.000   3722.000   3172.000   108.000   -76.960   176.226
70027.000   4022.000   3372.000   123.000   -76.910   176.380
70028.000   4052.000   3558.000   114.000   -76.859   176.532
70029.000   4338.000   3810.000   102.000   -76.808   176.684
70030.000   4557.000   3992.000   111.000   -76.757   176.834
70031.000   4792.000   4280.000   111.000   -76.706   176.984
70032.000   5054.000   4598.000   113.000   -76.654   177.132
70033.000   5224.000   4855.000   89.000   -76.603   177.279
70034.000   5503.000   4956.000   96.000   -76.552   177.424
70035.000   5806.000   5377.000   123.000   -76.500   177.569
70036.000   5982.000   5629.000   112.000   -76.449   177.713
70037.000   6185.000   5925.000   97.000   -76.397   177.855
70038.000   6489.000   5984.000   73.000   -76.345   177.996
70039.000   6732.000   6429.000   107.000   -76.293   178.137
70040.000   6889.000   6863.000   113.000   -76.242   178.276
70041.000   7107.000   6908.000   121.000   -76.190   178.414
70042.000   7355.000   7217.000   94.000   -76.137   178.551
70043.000   7569.000   7561.000   127.000   -76.085   178.687
70044.000   7647.000   7604.000   114.000   -76.033   178.822
70045.000   7979.000   7969.000   103.000   -75.981   178.956
70046.000   8124.000   8140.000   105.000   -75.928   179.090
70047.000   8091.000   8301.000   97.000   -75.876   179.222
70048.000   8248.000   8512.000   120.000   -75.823   179.353
70049.000   8371.000   8472.000   119.000   -75.771   179.483
70050.000   8458.000   8669.000   90.000   -75.718   179.612
70051.000   8475.000   9165.000   100.000   -75.665   179.740
70052.000   8746.000   9196.000   101.000   -75.612   179.867
70053.000   8765.000   9321.000   116.000   -75.559   179.993
70054.000   8853.000   9465.000   105.000   -75.506   -179.881
70055.000   8828.000   9645.000   119.000   -75.453   -179.757
70056.000   8709.000   9889.000   100.000   -75.400   -179.633
70057.000   8907.000   10093.000   130.000   -75.347   -179.511
70058.000   8949.000   10190.000   108.000   -75.294   -179.389
70059.000   8856.000   10345.000   113.000   -75.240   -179.268
70060.000   8908.000   10460.000   126.000   -75.187   -179.148
70061.000   8815.000   10585.000   107.000   -75.133   -179.029
70062.000   8792.000   10612.000   110.000   -75.080   -178.911
70063.000   8565.000   10762.000   109.000   -75.026   -178.794
70064.000   8540.000   10787.000   138.000   -74.973   -178.677
70065.000   8435.000   10696.000   113.000   -74.919   -178.562
70066.000   8295.000   11035.000   116.000   -74.865   -178.447
70067.000   8112.000   10846.000   122.000   -74.811   -178.333
70068.000   8017.000   10684.000   111.000   -74.757   -178.220
70069.000   7839.000   10811.000   128.000   -74.703   -178.107
70070.000   7800.000   10625.000   104.000   -74.649   -177.996
70071.000   7719.000   10687.000   97.000   -74.595   -177.885
70072.000   7779.000   10592.000   115.000   -74.541   -177.775
70073.000   8053.000   10555.000   101.000   -74.487   -177.666
70074.000   7660.000   10500.000   109.000   -74.432   -177.557
70075.000   7479.000   10900.000   130.000   -74.378   -177.450
70076.000   7663.000   10621.000   114.000   -74.324   -177.343
70077.000   7551.000   10878.000   118.000   -74.269   -177.237
70078.000   7512.000   10590.000   122.000   -74.215   -177.131
70079.000   7644.000   10690.000   123.000   -74.160   -177.026
70080.000   50901.000   34071.000   97.000   -74.106   -176.922
70081.000   64754.000   43290.000   107.000   -74.051   -176.819
70082.000   3891.000   4238.000   115.000   -73.996   -176.717
70083.000   69539.000   46545.000   120.000   -73.941   -176.615
70084.000   533.000   316.000   99.000   -73.887   -176.514
70085.000   583.000   293.000   109.000   -73.832   -176.413
70086.000   514.000   333.000   128.000   -73.777   -176.313
70087.000   504.000   334.000   105.000   -73.722   -176.214
70088.000   499.000   351.000   120.000   -73.667   -176.116
70089.000   552.000   318.000   120.000   -73.612   -176.018
70090.000   545.000   364.000   123.000   -73.557   -175.921
70091.000   549.000   437.000   129.000   -73.501   -175.825
70092.000   570.000   307.000   127.000   -73.446   -175.729
70093.000   523.000   327.000   113.000   -73.391   -175.634
70094.000   509.000   321.000   120.000   -73.335   -175.539
70095.000   593.000   352.000   145.000   -73.280   -175.446
70096.000   555.000   346.000   110.000   -73.225   -175.352
70097.000   516.000   318.000   119.000   -73.169   -175.260
70098.000   554.000   338.000   105.000   -73.114   -175.168
70099.000   507.000   298.000   129.000   -73.058   -175.077
70100.000   526.000   331.000   107.000   -73.003   -174.986
70101.000   591.000   336.000   127.000   -72.947   -174.896
70102.000   496.000   324.000   117.000   -72.891   -174.806
70103.000   531.000   375.000   135.000   -72.835   -174.717
70104.000   521.000   337.000   126.000   -72.780   -174.629
70105.000   558.000   334.000   119.000   -72.724   -174.541
70106.000   528.000   315.000   123.000   -72.668   -174.454
70107.000   542.000   336.000   123.000   -72.612   -174.367
70108.000   533.000   319.000   4306.000   -72.556   -174.281
70109.000   519.000   348.000   4535.000   -72.500   -174.195
70110.000   521.000   309.000   4603.000   -72.444   -174.110
70111.000   554.000   333.000   4752.000   -72.388   -174.026
70112.000   545.000   360.000   4985.000   -72.332   -173.942
70113.000   546.000   312.000   5146.000   -72.276   -173.859
70114.000   546.000   346.000   5396.000   -72.220   -173.776
70115.000   537.000   321.000   5698.000   -72.163   -173.694
70116.000   534.000   344.000   5813.000   -72.107   -173.612
70117.000   561.000   323.000   6140.000   -72.051   -173.531
70118.000   526.000   320.000   6430.000   -71.995   -173.450
70119.000   514.000   371.000   6821.000   -71.938   -173.370
70120.000   524.000   386.000   7292.000   -71.882   -173.290
70121.000   523.000   340.000   7792.000   -71.825   -173.211
70122.000   571.000   366.000   8108.000   -71.769   -173.132
70123.000   555.000   372.000   8699.000   -71.712   -173.054
70124.000   524.000   348.000   9249.000   -71.656   -172.976
70125.000   565.000   386.000   9597.000   -71.599   -172.899
70126.000   535.000   333.000   9772.000   -71.542   -172.822
70127.000   570.000   352.000   10146.000   -71.486   -172.746
70128.000   504.000   374.000   10500.000   -71.429   -172.670
70129.000   562.000   394.000   10753.000   -71.372   -172.595
70130.000   571.000   370.000   11036.000   -71.316   -172.520
70131.000   511.000   377.000   11126.000   -71.259   -172.445
70132.000   580.000   347.000   11166.000   -71.202   -172.372
70133.000   536.000   364.000   11578.000   -71.145   -172.298
70134.000   573.000   365.000   11567.000   -71.088   -172.225
70135.000   554.000   376.000   11593.000   -71.031   -172.152
70136.000   538.000   354.000   11676.000   -70.974   -172.080
70137.000   591.000   388.000   11691.000   -70.917   -172.008
70138.000   595.000   378.000   11904.000   -70.860   -171.937
70139.000   561.000   348.000   11660.000   -70.803   -171.866
70140.000   558.000   377.000   16967.000   -70.746   -171.796
70141.000   541.000   392.000   21576.000   -70.689   -171.726
70142.000   628.000   363.000   2577.000   -70.632   -171.656
70143.000   543.000   377.000   23184.000   -70.575   -171.587
70144.000   583.000   370.000   56.000   -70.517   -171.518
70145.000   562.000   330.000   63.000   -70.460   -171.450
70146.000   658.000   357.000   46.000   -70.403   -171.382
70147.000   629.000   370.000   57.000   -70.346   -171.315
70148.000   577.000   381.000   48.000   -70.288   -171.247
70149.000   625.000   353.000   49.000   -70.231   -171.181
70150.000   627.000   319.000   54.000   -70.174   -171.114
70151.000   558.000   356.000   62.000   -70.116   -171.048
70152.000   567.000   377.000   43.000   -70.059   -170.983
70153.000   601.000   359.000   52.000   -70.001   -170.918
70154.000   628.000   369.000   57.000   -69.944   -170.853
70155.000   553.000   379.000   57.000   -69.886   -170.788
70156.000   595.000   360.000   53.000   -69.829   -170.724
70157.000   587.000   366.000   56.000   -69.771   -170.661
70158.000   609.000   383.000   57.000   -69.714   -170.597
70159.000   569.000   369.000   56.000   -69.656   -170.534
70160.000   621.000   391.000   51.000   -69.598   -170.472
70161.000   599.000   345.000   63.000   -69.541   -170.410
70162.000   565.000   338.000   56.000   -69.483   -170.348
70163.000   632.000   357.000   50.000   -69.425   -170.286
70164.000   618.000   404.000   61.000   -69.367   -170.225
70165.000   567.000   385.000   57.000   -69.310   -170.164
70166.000   632.000   385.000   62.000   -69.252   -170.104
70167.000   584.000   386.000   65.000   -69.194   -170.044
70168.000   667.000   379.000   52.000   -69.136   -169.984
70169.000   604.000   355.000   48.000   -69.078   -169.924
70170.000   555.000   376.000   59.000   -69.020   -169.865
70171.000   604.000   345.000   59.000   -68.962   -169.806
70172.000   553.000   399.000   59.000   -68.904   -169.748
70173.000   628.000   360.000   49.000   -68.846   -169.690
70174.000   596.000   372.000   59.000   -68.788   -169.632
70175.000   558.000   381.000   50.000   -68.730   -169.575
70176.000   606.000   399.000   41.000   -68.672   -169.517
70177.000   584.000   393.000   52.000   -68.614   -169.461
70178.000   587.000   369.000   50.000   -68.556   -169.404
70179.000   579.000   390.000   58.000   -68.498   -169.348
70180.000   573.000   375.000   59.000   -68.440   -169.292
70181.000   565.000   392.000   62.000   -68.382   -169.236
70182.000   556.000   379.000   47.000   -68.323   -169.181
70183.000   554.000   376.000   59.000   -68.265   -169.126
70184.000   599.000   370.000   62.000   -68.207   -169.071
70185.000   615.000   458.000   52.000   -68.149   -169.017
70186.000   581.000   384.000   58.000   -68.091   -168.963
70187.000   601.000   391.000   50.000   -68.032   -168.909
70188.000   592.000   399.000   58.000   -67.974   -168.855
70189.000   578.000   374.000   63.000   -67.916   -168.802
70190.000   573.000   389.000   51.000   -67.857   -168.749
70191.000   601.000   360.000   50.000   -67.799   -168.697
70192.000   575.000   412.000   55.000   -67.740   -168.644
70193.000   569.000   404.000   61.000   -67.682   -168.592
70194.000   568.000   384.000   60.000   -67.624   -168.540
70195.000   563.000   356.000   57.000   -67.565   -168.489
70196.000   589.000   352.000   65.000   -67.507   -168.437
70197.000   579.000   394.000   68.000   -67.448   -168.386
70198.000   560.000   337.000   69.000   -67.390   -168.336
70199.000   575.000   378.000   43.000   -67.331   -168.285
70200.000   542.000   371.000   56.000   -67.273   -168.235
70201.000   599.000   405.000   56.000   -67.214   -168.185
70202.000   612.000   368.000   59.000   -67.155   -168.136
70203.000   582.000   352.000   43.000   -67.097   -168.086
70204.000   581.000   416.000   70.000   -67.038   -168.037
70205.000   598.000   352.000   60.000   -66.979   -167.988
70206.000   601.000   306.000   41.000   -66.921   -167.939
70207.000   560.000   273.000   56.000   -66.862   -167.891
70208.000   609.000   303.000   46.000   -66.803   -167.843
70209.000   570.000   310.000   66.000   -66.745   -167.795
70210.000   558.000   321.000   50.000   -66.686   -167.747
70211.000   565.000   331.000   61.000   -66.627   -167.700
70212.000   619.000   303.000   49.000   -66.568   -167.653
70213.000   614.000   343.000   53.000   -66.510   -167.606
70214.000   655.000   325.000   53.000   -66.451   -167.559
70215.000   647.000   296.000   62.000   -66.392   -167.513
70216.000   564.000   311.000   55.000   -66.333   -167.467
70217.000   566.000   334.000   68.000   -66.274   -167.421
70218.000   596.000   296.000   75.000   -66.215   -167.375
70219.000   603.000   295.000   58.000   -66.157   -167.329
70220.000   577.000   344.000   47.000   -66.098   -167.284
70221.000   592.000   338.000   59.000   -66.039   -167.239
70222.000   593.000   319.000   56.000   -65.980   -167.194
70223.000   602.000   316.000   66.000   -65.921   -167.150
70224.000   580.000   341.000   60.000   -65.862   -167.105
70225.000   583.000   335.000   57.000   -65.803   -167.061
70226.000   580.000   334.000   51.000   -65.744   -167.017
70227.000   609.000   325.000   52.000   -65.685   -166.974
70228.000   588.000   331.000   75.000   -65.626   -166.930
70229.000   558.000   328.000   83.000   -65.567   -166.887
70230.000   575.000   302.000   76.000   -65.508   -166.844
70231.000   629.000   288.000   62.000   -65.448   -166.801
70232.000   592.000   327.000   70.000   -65.389   -166.758
70233.000   558.000   337.000   70.000   -65.330   -166.716
70234.000   633.000   363.000   73.000   -65.271   -166.674
70235.000   588.000   286.000   58.000   -65.212   -166.632
70236.000   577.000   282.000   67.000   -65.153   -166.590
70237.000   624.000   349.000   69.000   -65.094   -166.548
70238.000   568.000   335.000   70.000   -65.034   -166.507
70239.000   596.000   317.000   73.000   -64.975   -166.466
70240.000   562.000   236.000   78.000   -64.916   -166.425
70241.000   588.000   239.000   57.000   -64.857   -166.384
70242.000   600.000   212.000   57.000   -64.797   -166.343
70243.000   575.000   200.000   66.000   -64.738   -166.303
70244.000   584.000   222.000   69.000   -64.679   -166.263
70245.000   626.000   228.000   68.000   -64.620   -166.223
70246.000   646.000   223.000   63.000   -64.560   -166.183
70247.000   608.000   180.000   77.000   -64.501   -166.143
70248.000   580.000   213.000   65.000   -64.442   -166.104
70249.000   586.000   244.000   72.000   -64.382   -166.065
70250.000   561.000   241.000   63.000   -64.323   -166.026
70251.000   580.000   241.000   64.000   -64.264   -165.987
70252.000   582.000   238.000   81.000   -64.204   -165.948
70253.000   591.000   222.000   73.000   -64.145   -165.910
70254.000   627.000   227.000   57.000   -64.085   -165.871
70255.000   598.000   177.000   62.000   -64.026   -165.833
70256.000   591.000   219.000   68.000   -63.966   -165.795
70257.000   591.000   215.000   78.000   -63.907   -165.757
70258.000   589.000   219.000   72.000   -63.848   -165.720
70259.000   576.000   218.000   75.000   -63.788   -165.682
70260.000   588.000   204.000   82.000   -63.729   -165.645
70261.000   628.000   260.000   72.000   -63.669   -165.608
70262.000   624.000   239.000   70.000   -63.610   -165.571
70263.000   606.000   224.000   66.000   -63.550   -165.534
70264.000   604.000   233.000   79.000   -63.490   -165.498
70265.000   586.000   217.000   61.000   -63.431   -165.461
70266.000   573.000   207.000   73.000   -63.371   -165.425
70267.000   622.000   223.000   73.000   -63.312   -165.389
70268.000   584.000   222.000   72.000   -63.252   -165.353
70269.000   605.000   228.000   67.000   -63.193   -165.317
70270.000   576.000   256.000   77.000   -63.133   -165.282
70271.000   631.000   234.000   67.000   -63.073   -165.246
70272.000   603.000   237.000   77.000   -63.014   -165.211
70273.000   595.000   255.000   68.000   -62.954   -165.176
70274.000   589.000   233.000   55.000   -62.894   -165.141
70275.000   690.000   232.000   72.000   -62.835   -165.106
70276.000   677.000   243.000   85.000   -62.775   -165.072
70277.000   665.000   235.000   71.000   -62.715   -165.037
70278.000   613.000   231.000   71.000   -62.655   -165.003
70279.000   623.000   246.000   72.000   -62.596   -164.969
70280.000   607.000   212.000   72.000   -62.536   -164.935
70281.000   595.000   247.000   67.000   -62.476   -164.901
70282.000   644.000   226.000   74.000   -62.417   -164.867
70283.000   621.000   226.000   75.000   -62.357   -164.834
70284.000   675.000   255.000   78.000   -62.297   -164.800
70285.000   664.000   233.000   69.000   -62.237   -164.767
70286.000   683.000   234.000   79.000   -62.177   -164.734
70287.000   629.000   242.000   77.000   -62.118   -164.701
70288.000   697.000   269.000   68.000   -62.058   -164.668
70289.000   635.000   241.000   43.000   -61.998   -164.635
70290.000   670.000   214.000   76.000   -61.938   -164.603
70291.000   648.000   239.000   74.000   -61.878   -164.570
70292.000   688.000   262.000   65.000   -61.818   -164.538
70293.000   620.000   214.000   79.000   -61.758   -164.506
70294.000   654.000   207.000   80.000   -61.699   -164.474
70295.000   659.000   204.000   95.000   -61.639   -164.442
70296.000   656.000   254.000   79.000   -61.579   -164.411
70297.000   691.000   260.000   76.000   -61.519   -164.379
70298.000   653.000   260.000   77.000   -61.459   -164.348
70299.000   677.000   258.000   89.000   -61.399   -164.316
70300.000   655.000   244.000   72.000   -61.339   -164.285
70301.000   666.000   227.000   90.000   -61.279   -164.254
70302.000   666.000   257.000   71.000   -61.219   -164.223
70303.000   679.000   268.000   93.000   -61.159   -164.193
70304.000   628.000   242.000   64.000   -61.099   -164.162
70305.000   636.000   291.000   73.000   -61.039   -164.132
70306.000   641.000   250.000   88.000   -60.979   -164.101
70307.000   688.000   244.000   83.000   -60.919   -164.071
70308.000   984.000   210.000   85.000   -60.859   -164.041
70309.000   1032.000   228.000   73.000   -60.799   -164.011
70310.000   1091.000   277.000   97.000   -60.739   -163.981
70311.000   1188.000   248.000   95.000   -60.679   -163.952
70312.000   1316.000   232.000   74.000   -60.619   -163.922
70313.000   1320.000   239.000   73.000   -60.559   -163.893
70314.000   1355.000   211.000   81.000   -60.499   -163.863
70315.000   1505.000   253.000   76.000   -60.438   -163.834
70316.000   1542.000   253.000   80.000   -60.378   -163.805
70317.000   1739.000   211.000   88.000   -60.318   -163.776
70318.000   1720.000   272.000   89.000   -60.258   -163.747
70319.000   1822.000   229.000   93.000   -60.198   -163.718
70320.000   672.000   319.000   72.000   -60.138   -163.690
70321.000   829.000   336.000   85.000   -60.078   -163.661
70322.000   697.000   328.000   74.000   -60.018   -163.633
70323.000   670.000   335.000   72.000   -59.957   -163.605
70324.000   720.000   280.000   99.000   -59.897   -163.577
70325.000   690.000   307.000   79.000   -59.837   -163.549
70326.000   721.000   337.000   88.000   -59.777   -163.521
70327.000   719.000   288.000   97.000   -59.717   -163.493
70328.000   701.000   317.000   86.000   -59.656   -163.465
70329.000   793.000   302.000   84.000   -59.596   -163.438
70330.000   702.000   322.000   82.000   -59.536   -163.410
70331.000   715.000   286.000   88.000   -59.476   -163.383
70332.000   679.000   342.000   80.000   -59.415   -163.356
70333.000   664.000   303.000   74.000   -59.355   -163.329
70334.000   723.000   279.000   98.000   -59.295   -163.302
70335.000   734.000   350.000   81.000   -59.235   -163.275
70336.000   760.000   290.000   66.000   -59.174   -163.248
70337.000   782.000   274.000   86.000   -59.114   -163.221
70338.000   708.000   333.000   88.000   -59.054   -163.195
70339.000   728.000   335.000   90.000   -58.993   -163.168
70340.000   726.000   311.000   73.000   -58.933   -163.142
70341.000   721.000   359.000   79.000   -58.873   -163.116
70342.000   701.000   329.000   104.000   -58.812   -163.090
70343.000   744.000   302.000   79.000   -58.752   -163.064
70344.000   717.000   298.000   101.000   -58.692   -163.038
70345.000   702.000   307.000   86.000   -58.631   -163.012
70346.000   756.000   323.000   77.000   -58.571   -162.986
70347.000   708.000   332.000   93.000   -58.511   -162.961
70348.000   747.000   319.000   91.000   -58.450   -162.935
70349.000   721.000   335.000   101.000   -58.390   -162.910
70350.000   703.000   323.000   72.000   -58.329   -162.884
70351.000   739.000   323.000   74.000   -58.269   -162.859
70352.000   722.000   324.000   86.000   -58.209   -162.834
70353.000   727.000   312.000   85.000   -58.148   -162.809
70354.000   704.000   291.000   74.000   -58.088   -162.784
70355.000   750.000   316.000   89.000   -58.027   -162.759
70356.000   685.000   315.000   70.000   -57.967   -162.735
70357.000   820.000   350.000   67.000   -57.906   -162.710
70358.000   740.000   357.000   87.000   -57.846   -162.686
70359.000   675.000   331.000   89.000   -57.786   -162.661
70360.000   744.000   325.000   85.000   -57.725   -162.637
70361.000   680.000   314.000   96.000   -57.665   -162.613
70362.000   719.000   324.000   77.000   -57.604   -162.588
70363.000   735.000   328.000   93.000   -57.544   -162.564
70364.000   718.000   343.000   75.000   -57.483   -162.540
70365.000   760.000   353.000   71.000   -57.423   -162.517
70366.000   675.000   312.000   75.000   -57.362   -162.493
70367.000   778.000   292.000   97.000   -57.302   -162.469
70368.000   771.000   297.000   79.000   -57.241   -162.446
70369.000   740.000   352.000   91.000   -57.180   -162.422
70370.000   694.000   311.000   92.000   -57.120   -162.399
70371.000   743.000   364.000   121.000   -57.059   -162.375
70372.000   728.000   356.000   109.000   -56.999   -162.352
70373.000   738.000   351.000   99.000   -56.938   -162.329
70374.000   757.000   296.000   82.000   -56.878   -162.306
70375.000   707.000   341.000   88.000   -56.817   -162.283
70376.000   815.000   360.000   84.000   -56.756   -162.260
70377.000   758.000   314.000   89.000   -56.696   -162.237
70378.000   708.000   326.000   88.000   -56.635   -162.215
70379.000   709.000   361.000   93.000   -56.575   -162.192
70380.000   766.000   345.000   94.000   -56.514   -162.169
70381.000   761.000   357.000   102.000   -56.453   -162.147
70382.000   701.000   321.000   80.000   -56.393   -162.125
70383.000   722.000   334.000   92.000   -56.332   -162.102
70384.000   742.000   337.000   91.000   -56.271   -162.080
70385.000   724.000   372.000   99.000   -56.211   -162.058
70386.000   744.000   334.000   73.000   -56.150   -162.036
70387.000   731.000   374.000   95.000   -56.090   -162.014
70388.000   776.000   372.000   91.000   -56.029   -161.992
70389.000   737.000   340.000   71.000   -55.968   -161.970
70390.000   743.000   381.000   91.000   -55.907   -161.949
70391.000   796.000   348.000   105.000   -55.847   -161.927
70392.000   751.000   307.000   87.000   -55.786   -161.906
70393.000   721.000   312.000   88.000   -55.725   -161.884
70394.000   775.000   333.000   100.000   -55.665   -161.863
70395.000   746.000   376.000   89.000   -55.604   -161.841
70396.000   727.000   321.000   97.000   -55.543   -161.820
70397.000   807.000   355.000   70.000   -55.483   -161.799
70398.000   774.000   317.000   64.000   -55.422   -161.778
70399.000   795.000   326.000   105.000   -55.361   -161.757
70400.000   760.000   345.000   86.000   -55.300   -161.736
70401.000   788.000   321.000   83.000   -55.240   -161.715
70402.000   767.000   353.000   71.000   -55.179   -161.695
70403.000   707.000   360.000   95.000   -55.118   -161.674
70404.000   746.000   334.000   79.000   -55.057   -161.653
70405.000   734.000   357.000   97.000   -54.996   -161.633
70406.000   775.000   349.000   94.000   -54.936   -161.612
70407.000   735.000   308.000   82.000   -54.875   -161.592
70408.000   703.000   338.000   96.000   -54.814   -161.571
70409.000   789.000   330.000   87.000   -54.753   -161.551
70410.000   768.000   316.000   99.000   -54.692   -161.531
70411.000   750.000   369.000   78.000   -54.632   -161.511
70412.000   750.000   314.000   91.000   -54.571   -161.491
70413.000   714.000   312.000   119.000   -54.510   -161.471
70414.000   730.000   344.000   96.000   -54.449   -161.451
70415.000   744.000   346.000   88.000   -54.388   -161.431
70416.000   794.000   340.000   90.000   -54.328   -161.412
70417.000   788.000   336.000   76.000   -54.267   -161.392
70418.000   794.000   333.000   111.000   -54.206   -161.372
70419.000   764.000   300.000   84.000   -54.145   -161.353
70420.000   808.000   345.000   89.000   -54.084   -161.333
70421.000   756.000   360.000   84.000   -54.023   -161.314
70422.000   807.000   369.000   93.000   -53.962   -161.295
70423.000   771.000   363.000   89.000   -53.901   -161.275
70424.000   738.000   385.000   95.000   -53.841   -161.256
70425.000   863.000   323.000   84.000   -53.780   -161.237
70426.000   694.000   366.000   87.000   -53.719   -161.218
70427.000   693.000   362.000   91.000   -53.658   -161.199
70428.000   830.000   380.000   94.000   -53.597   -161.180
70429.000   797.000   391.000   92.000   -53.536   -161.161
70430.000   853.000   386.000   101.000   -53.475   -161.142
70431.000   875.000   343.000   89.000   -53.414   -161.124
70432.000   823.000   381.000   79.000   -53.353   -161.105
70433.000   895.000   390.000   104.000   -53.292   -161.086
70434.000   799.000   373.000   100.000   -53.231   -161.068
70435.000   865.000   338.000   99.000   -53.170   -161.049
70436.000   811.000   382.000   95.000   -53.109   -161.031
70437.000   826.000   358.000   85.000   -53.048   -161.013
70438.000   852.000   359.000   82.000   -52.988   -160.994
70439.000   858.000   365.000   81.000   -52.927   -160.976
70440.000   845.000   371.000   88.000   -52.866   -160.958
70441.000   930.000   346.000   100.000   -52.805   -160.940
70442.000   837.000   348.000   110.000   -52.744   -160.922
70443.000   838.000   369.000   113.000   -52.683   -160.904
70444.000   832.000   348.000   91.000   -52.622   -160.886
70445.000   817.000   347.000   99.000   -52.561   -160.868
70446.000   814.000   339.000   106.000   -52.500   -160.850
70447.000   870.000   336.000   91.000   -52.439   -160.833
70448.000   759.000   326.000   93.000   -52.378   -160.815
70449.000   775.000   358.000   86.000   -52.317   -160.797
70450.000   800.000   418.000   99.000   -52.255   -160.780
70451.000   856.000   319.000   99.000   -52.194   -160.762
70452.000   813.000   338.000   101.000   -52.133   -160.745
70453.000   784.000   368.000   102.000   -52.072   -160.728
70454.000   842.000   331.000   88.000   -52.011   -160.710
70455.000   858.000   320.000   89.000   -51.950   -160.693
70456.000   815.000   364.000   106.000   -51.889   -160.676
70457.000   880.000   354.000   102.000   -51.828   -160.659
70458.000   814.000   355.000   98.000   -51.767   -160.642
70459.000   888.000   355.000   106.000   -51.706   -160.625
70460.000   847.000   352.000   114.000   -51.645   -160.608
70461.000   816.000   488.000   89.000   -51.584   -160.591
70462.000   865.000   338.000   86.000   -51.523   -160.574
70463.000   855.000   368.000   97.000   -51.462   -160.557
70464.000   848.000   360.000   87.000   -51.401   -160.540
70465.000   863.000   357.000   120.000   -51.339   -160.524
70466.000   873.000   365.000   94.000   -51.278   -160.507
70467.000   846.000   360.000   91.000   -51.217   -160.491
70468.000   835.000   380.000   101.000   -51.156   -160.474
70469.000   814.000   356.000   70.000   -51.095   -160.458
70470.000   818.000   380.000   112.000   -51.034   -160.441
70471.000   865.000   340.000   105.000   -50.973   -160.425
70472.000   922.000   327.000   104.000   -50.912   -160.409
70473.000   869.000   344.000   95.000   -50.850   -160.392
70474.000   886.000   356.000   107.000   -50.789   -160.376
70475.000   838.000   351.000   117.000   -50.728   -160.360
70476.000   860.000   378.000   102.000   -50.667   -160.344
70477.000   878.000   346.000   71.000   -50.606   -160.328
70478.000   805.000   379.000   79.000   -50.545   -160.312
70479.000   895.000   322.000   99.000   -50.483   -160.296
70480.000   853.000   590.000   98.000   -50.422   -160.280
70481.000   891.000   580.000   103.000   -50.361   -160.264
70482.000   854.000   617.000   93.000   -50.300   -160.248
70483.000   870.000   664.000   121.000   -50.239   -160.233
70484.000   883.000   654.000   98.000   -50.178   -160.217
70485.000   848.000   720.000   69.000   -50.116   -160.201
70486.000   909.000   724.000   93.000   -50.055   -160.186
70487.000   873.000   796.000   113.000   -49.994   -160.170
70488.000   1356.000   855.000   106.000   -49.933   -160.155
70489.000   1271.000   922.000   116.000   -49.872   -160.139
70490.000   1486.000   927.000   115.000   -49.810   -160.124
70491.000   1509.000   1005.000   123.000   -49.749   -160.109
70492.000   1609.000   1136.000   101.000   -49.688   -160.093
70493.000   1642.000   1206.000   97.000   -49.627   -160.078
70494.000   1785.000   1276.000   114.000   -49.565   -160.063
70495.000   1908.000   1384.000   91.000   -49.504   -160.048
70496.000   2071.000   1523.000   85.000   -49.443   -160.033
70497.000   2107.000   1654.000   107.000   -49.382   -160.018
70498.000   2272.000   1780.000   90.000   -49.320   -160.003
70499.000   2422.000   1907.000   125.000   -49.259   -159.988
70500.000   2617.000   2062.000   105.000   -49.198   -159.973
70501.000   2753.000   2218.000   99.000   -49.137   -159.958
70502.000   2957.000   2409.000   116.000   -49.075   -159.943
70503.000   3102.000   2557.000   105.000   -49.014   -159.929
70504.000   3353.000   2738.000   99.000   -48.953   -159.914
70505.000   3522.000   3002.000   130.000   -48.891   -159.899
70506.000   3722.000   3172.000   108.000   -48.830   -159.885
70507.000   4022.000   3372.000   123.000   -48.769   -159.870
70508.000   4052.000   3558.000   114.000   -48.708   -159.856
70509.000   4338.000   3810.000   102.000   -48.646   -159.841
70510.000   4557.000   3992.000   111.000   -48.585   -159.827
70511.000   4792.000   4280.000   111.000   -48.524   -159.812
70512.000   5054.000   4598.000   113.000   -48.462   -159.798
70513.000   5224.000   4855.000   89.000   -48.401   -159.784
70514.000   5503.000   4956.000   96.000   -48.340   -159.769
70515.000   5806.000   5377.000   123.000   -48.278   -159.755
70516.000   5982.000   5629.000   112.000   -48.217   -159.741
70517.000   6185.000   5925.000   97.000   -48.156   -159.727
70518.000   6489.000   5984.000   73.000   -48.094   -159.713
70519.000   6732.000   6429.000   107.000   -48.033   -159.699
70520.000   6889.000   6863.000   113.000   -47.972   -159.685
70521.000   7107.000   6908.000   121.000   -47.910   -159.671
70522.000   7355.000   7217.000   94.000   -47.849   -159.657
70523.000   7569.000   7561.000   127.000   -47.788   -159.643
70524.000   7647.000   7604.000   114.000   -47.726   -159.629
70525.000   7979.000   7969.000   103.000   -47.665   -159.615
70526.000   8124.000   8140.000   105.000   -47.603   -159.602
70527.000   8091.000   8301.000   97.000   -47.542   -159.588
70528.000   8248.000   8512.000   120.000   -47.481   -159.574
70529.000   8371.000   8472.000   119.000   -47.419   -159.561
70530.000   8458.000   8669.000   90.000   -47.358   -159.547
70531.000   8475.000   9165.000   100.000   -47.297   -159.534
70532.000   8746.000   9196.000   101.000   -47.235   -159.520
70533.000   8765.000   9321.000   116.000   -47.174   -159.507
70534.000   8853.000   9465.000   105.000   -47.112   -159.493
70535.000   8828.000   9645.000   119.000   -47.051   -159.480
70536.000   8709.000   9889.000   100.000   -46.990   -159.466
70537.000   8907.000   10093.000   130.000   -46.928   -159.453
70538.000   8949.000   10190.000   108.000   -46.867   -159.440
70539.000   8856.000   10345.000   113.000   -46.805   -159.427
70540.000   8908.000   10460.000   126.000   -46.744   -159.413
70541.000   8815.000   10585.000   107.000   -46.682   -159.400
70542.000   8792.000   10612.000   110.000   -46.621   -159.387
70543.000   8565.000   10762.000   109.000   -46.560   -159.374
70544.000   8540.000   10787.000   138.000   -46.498   -159.361
70545.000   8435.000   10696.000   113.000   -46.437   -159.348
70546.000   8295.000   11035.000   116.000   -46.375   -159.335
70547.000   8112.000   10846.000   122.000   -46.314   -159.322
70548.000   8017.000   10684.000   111.000   -46.252   -159.309
70549.000   7839.000   10811.000   128.000   -46.191   -159.297
70550.000   7800.000   10625.000   104.000   -46.129   -159.284
70551.000   7719.000   10687.000   97.000   -46.068   -159.271
70552.000   7779.000   10592.000   115.000   -46.006   -159.258
70553.000   8053.000   10555.000   101.000   -45.945   -159.246
70554.000   7660.000   10500.000   109.000   -45.884   -159.233
70555.000   7479.000   10900.000   130.000   -45.822   -159.220
70556.000   7663.000   10621.000   114.000   -45.761   -159.208
70557.000   7551.000   10878.000   118.000   -45.699   -159.195
70558.000   7512.000   10590.000   122.000   -45.638   -159.183
70559.000   7644.000   10690.000   123.000   -45.576   -159.170
70560.000   50901.000   34071.000   97.000   -45.515   -159.158
70561.000   64754.000   43290.000   107.000   -45.453   -159.146
70562.000   3891.000   4238.000   115.000   -45.392   -159.133
70563.000   69539.000   46545.000   120.000   -45.330   -159.121
70564.000   533.000   316.000   99.000   -45.269   -159.109
70565.000   583.000   293.000   109.000   -45.207   -159.096
70566.000   514.000   333.000   128.000   -45.145   -159.084
70567.000   504.000   334.000   105.000   -45.084   -159.072
70568.000   499.000   351.000   120.000   -45.022   -159.060
70569.000   552.000   318.000   120.000   -44.961   -159.048
70570.000   545.000   364.000   123.000   -44.899   -159.036
70571.000   549.000   437.000   129.000   -44.838   -159.024
70572.000   570.000   307.000   127.000   -44.776   -159.012
70573.000   523.000   327.000   113.000   -44.715   -159.000
70574.000   509.000   321.000   120.000   -44.653   -158.988
70575.000   593.000   352.000   145.000   -44.592   -158.976
70576.000   555.000   346.000   110.000   -44.530   -158.964
70577.000   516.000   318.000   119.000   -44.469   -158.952
70578.000   554.000   338.000   105.000   -44.407   -158.940
70579.000   507.000   298.000   129.000   -44.345   -158.929
70580.000   526.000   331.000   107.000   -44.284   -158.917
70581.000   591.000   336.000   127.000   -44.222   -158.905
70582.000   496.000   324.000   117.000   -44.161   -158.894
70583.000   531.000   375.000   135.000   -44.099   -158.882
70584.000   521.000   337.000   126.000   -44.038   -158.870
70585.000   558.000   334.000   119.000   -43.976   -158.859
70586.000   528.000   315.000   123.000   -43.914   -158.847
70587.000   542.000   336.000   123.000   -43.853   -158.836
70588.000   533.000   319.000   4306.000   -43.791   -158.824
70589.000   519.000   348.000   4535.000   -43.730   -158.813
70590.000   521.000   309.000   4603.000   -43.668   -158.801
70591.000   554.000   333.000   4752.000   -43.606   -158.790
70592.000   545.000   360.000   4985.000   -43.545   -158.779
70593.000   546.000   312.000   5146.000   -43.483   -158.767
70594.000   546.000   346.000   5396.000   -43.421   -158.756
70595.000   537.000   321.000   5698.000   -43.360   -158.745
70596.000   534.000   344.000   5813.000   -43.298   -158.734
70597.000   561.000   323.000   6140.000   -43.237   -158.722
70598.000   526.000   320.000   6430.000   -43.175   -158.711
70599.000   514.000   371.000   6821.000   -43.113   -158.700
70600.000   524.000   386.000   7292.000   -43.052   -158.689
70601.000   523.000   340.000   7792.000   -42.990   -158.678
70602.000   571.000   366.000   8108.000   -42.928   -158.667
70603.000   555.000   372.000   8699.000   -42.867   -158.656
70604.000   524.000   348.000   9249.000   -42.805   -158.645
70605.000   565.000   386.000   9597.000   -42.743   -158.634
70606.000   535.000   333.000   9772.000   -42.682   -158.623
70607.000   570.000   352.000   10146.000   -42.620   -158.612
70608.000   504.000   374.000   10500.000   -42.559   -158.601
70609.000   562.000   394.000   10753.000   -42.497   -158.590
70610.000   571.000   370.000   11036.000   -42.435   -158.580
70611.000   511.000   377.000   11126.000   -42.374   -158.569
70612.000   580.000   347.000   11166.000   -42.312   -158.558
70613.000   536.000   364.000   11578.000   -42.250   -158.547
70614.000   573.000   365.000   11567.000   -42.188   -158.537
70615.000   554.000   376.000   11593.000   -42.127   -158.526
70616.000   538.000   354.000   11676.000   -42.065   -158.516
70617.000   591.000   388.000   11691.000   -42.003   -158.505
70618.000   595.000   378.000   11904.000   -41.942   -158.494
70619.000   561.000   348.000   11660.000   -41.880   -158.484
70620.000   558.000   377.000   16967.000   -41.818   -158.473
70621.000   541.000   392.000   21576.000   -41.757   -158.463
70622.000   628.000   363.000   2577.000   -41.695   -158.452
70623.000   543.000   377.000   23184.000   -41.633   -158.442
70624.000   583.000   370.000   56.000   -41.571   -158.432
70625.000   562.000   330.000   63.000   -41.510   -158.421
70626.000   658.000   357.000   46.000   -41.448   -158.411
70627.000   629.000   370.000   57.000   -41.386   -158.400
70628.000   577.000   381.000   48.000   -41.325   -158.390
70629.000   625.000   353.000   49.000   -41.263   -158.380
70630.000   627.000   319.000   54.000   -41.201   -158.370
70631.000   558.000   356.000   62.000   -41.139   -158.359
70632.000   567.000   377.000   43.000   -41.078   -158.349
70633.000   601.000   359.000   52.000   -41.016   -158.339
70634.000   628.000   369.000   57.000   -40.954   -158.329
70635.000   553.000   379.000   57.000   -40.892   -158.319
70636.000   595.000   360.000   53.000   -40.831   -158.309
70637.000   587.000   366.000   56.000   -40.769   -158.299
70638.000   609.000   383.000   57.000   -40.707   -158.289
70639.000   569.000   369.000   56.000   -40.645   -158.279
70640.000   621.000   391.000   51.000   -40.584   -158.269
70641.000   599.000   345.000   63.000   -40.522   -158.259
70642.000   565.000   338.000   56.000   -40.460   -158.249
70643.000   632.000   357.000   50.000   -40.398   -158.239
70644.000   618.000   404.000   61.000   -40.337   -158.229
70645.000   567.000   385.000   57.000   -40.275   -158.219
70646.000   632.000   385.000   62.000   -40.213   -158.209
70647.000   584.000   386.000   65.000   -40.151   -158.200
70648.000   667.000   379.000   52.000   -40.090   -158.190
70649.000   604.000   355.000   48.000   -40.028   -158.180
70650.000   555.000   376.000   59.000   -39.966   -158.170
70651.000   604.000   345.000   59.000   -39.904   -158.161
70652.000   553.000   399.000   59.000   -39.842   -158.151
70653.000   628.000   360.000   49.000   -39.781   -158.141
70654.000   596.000   372.000   59.000   -39.719   -158.132
70655.000   558.000   381.000   50.000   -39.657   -158.122
70656.000   606.000   399.000   41.000   -39.595   -158.113
70657.000   584.000   393.000   52.000   -39.533   -158.103
70658.000   587.000   369.000   50.000   -39.472   -158.094
70659.000   579.000   390.000   58.000   -39.410   -158.084
70660.000   573.000   375.000   59.000   -39.348   -158.075
70661.000   565.000   392.000   62.000   -39.286   -158.065
70662.000   556.000   379.000   47.000   -39.224   -158.056
70663.000   554.000   376.000   59.000   -39.162   -158.046
70664.000   599.000   370.000   62.000   -39.101   -158.037
70665.000   615.000   458.000   52.000   -39.039   -158.028
70666.000   581.000   384.000   58.000   -38.977   -158.018
70667.000   601.000   391.000   50.000   -38.915   -158.009
70668.000   592.000   399.000   58.000   -38.853   -158.000
70669.000   578.000   374.000   63.000   -38.791   -157.990
70670.000   573.000   389.000   51.000   -38.730   -157.981
70671.000   601.000   360.000   50.000   -38.668   -157.972
70672.000   575.000   412.000   55.000   -38.606   -157.963
70673.000   569.000   404.000   61.000   -38.544   -157.954
70674.000   568.000   384.000   60.000   -38.482   -157.944
70675.000   563.000   356.000   57.000   -38.420   -157.935
70676.000   589.000   352.000   65.000   -38.358   -157.926
70677.000   579.000   394.000   68.000   -38.297   -157.917
70678.000   560.000   337.000   69.000   -38.235   -157.908
70679.000   575.000   378.000   43.000   -38.173   -157.899
70680.000   542.000   371.000   56.000   -38.111   -157.890
70681.000   599.000   405.000   56.000   -38.049   -157.881
70682.000   612.000   368.000   59.000   -37.987   -157.872
70683.000   582.000   352.000   43.000   -37.925   -157.863
70684.000   581.000   416.000   70.000   -37.863   -157.854
70685.000   598.000   352.000   60.000   -37.802   -157.845
70686.000   601.000   306.000   41.000   -37.740   -157.836
70687.000   560.000   273.000   56.000   -37.678   -157.828
70688.000   609.000   303.000   46.000   -37.616   -157.819
70689.000   570.000   310.000   66.000   -37.554   -157.810
70690.000   558.000   321.000   50.000   -37.492   -157.801
70691.000   565.000   331.000   61.000   -37.430   -157.792
70692.000   619.000   303.000   49.000   -37.368   -157.784
70693.000   614.000   343.000   53.000   -37.306   -157.775
70694.000   655.000   325.000   53.000   -37.245   -157.766
70695.000   647.000   296.000   62.000   -37.183   -157.757
70696.000   564.000   311.000   55.000   -37.121   -157.749
70697.000   566.000   334.000   68.000   -37.059   -157.740
70698.000   596.000   296.000   75.000   -36.997   -157.731
70699.000   603.000   295.000   58.000   -36.935   -157.723
70700.000   577.000   344.000   47.000   -36.873   -157.714
70701.000   592.000   338.000   59.000   -36.811   -157.706
70702.000   593.000   319.000   56.000   -36.749   -157.697
70703.000   602.000   316.000   66.000   -36.687   -157.689
70704.000   580.000   341.000   60.000   -36.625   -157.680
70705.000   583.000   335.000   57.000   -36.563   -157.672
70706.000   580.000   334.000   51.000   -36.501   -157.663
70707.000   609.000   325.000   52.000   -36.439   -157.655
70708.000   588.000   331.000   75.000   -36.378   -157.646
70709.000   558.000   328.000   83.000   -36.316   -157.638
70710.000   575.000   302.000   76.000   -36.254   -157.630
70711.000   629.000   288.000   62.000   -36.192   -157.621
70712.000   592.000   327.000   70.000   -36.130   -157.613
70713.000   558.000   337.000   70.000   -36.068   -157.604
70714.000   633.000   363.000   73.000   -36.006   -157.596
70715.000   588.000   286.000   58.000   -35.944   -157.588
70716.000   577.000   282.000   67.000   -35.882   -157.580
70717.000   624.000   349.000   69.000   -35.820   -157.571
70718.000   568.000   335.000   70.000   -35.758   -157.563
70719.000   596.000   317.000   73.000   -35.696   -157.555
70720.000   562.000   236.000   78.000   -35.634   -157.547
70721.000   588.000   239.000   57.000   -35.572   -157.539
70722.000   600.000   212.000   57.000   -35.510   -157.530
70723.000   575.000   200.000   66.000   -35.448   -157.522
70724.000   584.000   222.000   69.000   -35.386   -157.514
70725.000   626.000   228.000   68.000   -35.324   -157.506
70726.000   646.000   223.000   63.000   -35.262   -157.498
70727.000   608.000   180.000   77.000   -35.200   -157.490
70728.000   580.000   213.000   65.000   -35.138   -157.482
70729.000   586.000   244.000   72.000   -35.076   -157.474
70730.000   561.000   241.000   63.000   -35.014   -157.466
70731.000   580.000   241.000   64.000   -34.952   -157.458
70732.000   582.000   238.000   81.000   -34.890   -157.450
70733.000   591.000   222.000   73.000   -34.828   -157.442
70734.000   627.000   227.000   57.000   -34.766   -157.434
70735.000   598.000   177.000   62.000   -34.704   -157.426
70736.000   591.000   219.000   68.000   -34.642   -157.418
70737.000   591.000   215.000   78.000   -34.580   -157.410
70738.000   589.000   219.000   72.000   -34.518   -157.402
70739.000   576.000   218.000   75.000   -34.456   -157.395
70740.000   588.000   204.000   82.000   -34.394   -157.387
70741.000   628.000   260.000   72.000   -34.332   -157.379
70742.000   624.000   239.000   70.000   -34.270   -157.371
70743.000   606.000   224.000   66.000   -34.208   -157.363
70744.000   604.000   233.000   79.000   -34.146   -157.356
70745.000   586.000   217.000   61.000   -34.084   -157.348
70746.000   573.000   207.000   73.000   -34.022   -157.340
70747.000   622.000   223.000   73.000   -33.960   -157.332
70748.000   584.000   222.000   72.000   -33.898   -157.325
70749.000   605.000   228.000   67.000   -33.836   -157.317
70750.000   576.000   256.000   77.000   -33.774   -157.309
70751.000   631.000   234.000   67.000   -33.712   -157.302
70752.000   603.000   237.000   77.000   -33.650   -157.294
70753.000   595.000   255.000   68.000   -33.588   -157.287
70754.000   589.000   233.000   55.000   -33.526   -157.279
70755.000   690.000   232.000   72.000   -33.464   -157.271
70756.000   677.000   243.000   85.000   -33.401   -157.264
70757.000   665.000   235.000   71.000   -33.339   -157.256
70758.000   613.000   231.000   71.000   -33.277   -157.249
70759.000   623.000   246.000   72.000   -33.215   -157.241
70760.000   607.000   212.000   72.000   -33.153   -157.234
70761.000   595.000   247.000   67.000   -33.091   -157.226
70762.000   644.000   226.000   74.000   -33.029   -157.219
70763.000   621.000   226.000   75.000   -32.967   -157.211
70764.000   675.000   255.000   78.000   -32.905   -157.204
70765.000   664.000   233.000   69.000   -32.843   -157.197
70766.000   683.000   234.000   79.000   -32.781   -157.189
70767.000   629.000   242.000   77.000   -32.719   -157.182
70768.000   697.000   269.000   68.000   -32.657   -157.175
70769.000   635.000   241.000   43.000   -32.595   -157.167
70770.000   670.000   214.000   76.000   -32.532   -157.160
70771.000   648.000   239.000   74.000   -32.470   -157.153
70772.000   688.000   262.000   65.000   -32.408   -157.145
70773.000   620.000   214.000   79.000   -32.346   -157.138
70774.000   654.000   207.000   80.000   -32.284   -157.131
70775.000   659.000   204.000   95.000   -32.222   -157.123
70776.000   656.000   254.000   79.000   -32.160   -157.116
70777.000   691.000   260.000   76.000   -32.098   -157.109
70778.000   653.000   260.000   77.000   -32.036   -157.102
70779.000   677.000   258.000   89.000   -31.974   -157.095
70780.000   655.000   244.000   72.000   -31.911   -157.087
70781.000   666.000   227.000   90.000   -31.849   -157.080
70782.000   666.000   257.000   71.000   -31.787   -157.073
70783.000   679.000   268.000   93.000   -31.725   -157.066
70784.000   628.000   242.000   64.000   -31.663   -157.059
70785.000   636.000   291.000   73.000   -31.601   -157.052
70786.000   641.000   250.000   88.000   -31.539   -157.045
70787.000   688.000   244.000   83.000   -31.477   -157.038
70788.000   984.000   210.000   85.000   -31.414   -157.031
70789.000   1032.000   228.000   73.000   -31.352   -157.024
70790.000   1091.000   277.000   97.000   -31.290   -157.017
70791.000   1188.000   248.000   95.000   -31.228   -157.009
70792.000   1316.000   232.000   74.000   -31.166   -157.002
70793.000   1320.000   239.000   73.000   -31.104   -156.996
70794.000   1355.000   211.000   81.000   -31.042   -156.989
70795.000   1505.000   253.000   76.000   -30.980   -156.982
70796.000   1542.000   253.000   80.000   -30.917   -156.975
70797.000   1739.000   211.000   88.000   -30.855   -156.968
70798.000   1720.000   272.000   89.000   -30.793   -156.961
70799.000   1822.000   229.000   93.000   -30.731   -156.954
70800.000   848.000   332.000   72.000   -30.669   -156.947
70801.000   971.000   312.000   85.000   -30.607   -156.940
70802.000   853.000   325.000   74.000   -30.544   -156.933
70803.000   836.000   314.000   72.000   -30.482   -156.926
70804.000   897.000   275.000   99.000   -30.420   -156.920
70805.000   833.000   301.000   79.000   -30.358   -156.913
70806.000   863.000   326.000   88.000   -30.296   -156.906
70807.000   878.000   294.000   97.000   -30.234   -156.899
70808.000   887.000   312.000   86.000   -30.171   -156.893
70809.000   1018.000   295.000   84.000   -30.109   -156.886
70810.000   815.000   318.000   82.000   -30.047   -156.879
70811.000   864.000   288.000   88.000   -29.985   -156.872
70812.000   814.000   326.000   80.000   -29.923   -156.866
70813.000   830.000   314.000   74.000   -29.861   -156.859
70814.000   837.000   287.000   98.000   -29.798   -156.852
70815.000   908.000   311.000   81.000   -29.736   -156.845
70816.000   854.000   304.000   66.000   -29.674   -156.839
70817.000   866.000   265.000   86.000   -29.612   -156.832
70818.000   867.000   309.000   88.000   -29.550   -156.826
70819.000   838.000   320.000   90.000   -29.488   -156.819
70820.000   854.000   296.000   73.000   -29.425   -156.812
70821.000   847.000   328.000   79.000   -29.363   -156.806
70822.000   835.000   307.000   104.000   -29.301   -156.799
70823.000   911.000   279.000   79.000   -29.239   -156.793
70824.000   850.000   290.000   101.000   -29.177   -156.786
70825.000   840.000   318.000   86.000   -29.114   -156.779
70826.000   880.000   286.000   77.000   -29.052   -156.773
70827.000   857.000   308.000   93.000   -28.990   -156.766
70828.000   840.000   331.000   91.000   -28.928   -156.760
70829.000   931.000   329.000   101.000   -28.866   -156.753
70830.000   832.000   316.000   72.000   -28.803   -156.747
70831.000   905.000   311.000   74.000   -28.741   -156.740
70832.000   855.000   312.000   86.000   -28.679   -156.734
70833.000   837.000   304.000   85.000   -28.617   -156.728
70834.000   811.000   288.000   74.000   -28.554   -156.721
70835.000   859.000   291.000   89.000   -28.492   -156.715
70836.000   815.000   297.000   70.000   -28.430   -156.708
70837.000   900.000   313.000   67.000   -28.368   -156.702
70838.000   866.000   334.000   87.000   -28.306   -156.696
70839.000   795.000   317.000   89.000   -28.243   -156.689
70840.000   823.000   321.000   85.000   -28.181   -156.683
70841.000   793.000   312.000   96.000   -28.119   -156.676
70842.000   901.000   298.000   77.000   -28.057   -156.670
70843.000   850.000   319.000   93.000   -27.994   -156.664
70844.000   829.000   333.000   75.000   -27.932   -156.657
70845.000   904.000   314.000   71.000   -27.870   -156.651
70846.000   790.000   311.000   75.000   -27.808   -156.645
70847.000   921.000   253.000   97.000   -27.745   -156.639
70848.000   850.000   297.000   79.000   -27.683   -156.632
70849.000   889.000   280.000   91.000   -27.621   -156.626
70850.000   823.000   282.000   92.000   -27.559   -156.620
70851.000   814.000   324.000   121.000   -27.496   -156.614
70852.000   821.000   325.000   109.000   -27.434   -156.607
70853.000   978.000   317.000   99.000   -27.372   -156.601
70854.000   853.000   299.000   82.000   -27.310   -156.595
70855.000   850.000   317.000   88.000   -27.247   -156.589
70856.000   910.000   302.000   84.000   -27.185   -156.583
70857.000   854.000   301.000   89.000   -27.123   -156.576
70858.000   832.000   298.000   88.000   -27.061   -156.570
70859.000   815.000   310.000   93.000   -26.998   -156.564
70860.000   859.000   343.000   94.000   -26.936   -156.558
70861.000   809.000   318.000   102.000   -26.874   -156.552
70862.000   833.000   285.000   80.000   -26.812   -156.546
70863.000   857.000   304.000   92.000   -26.749   -156.540
70864.000   867.000   309.000   91.000   -26.687   -156.534
70865.000   851.000   320.000   99.000   -26.625   -156.528
70866.000   860.000   305.000   73.000   -26.562   -156.522
70867.000   856.000   298.000   95.000   -26.500   -156.516
70868.000   888.000   335.000   91.000   -26.438   -156.509
70869.000   909.000   319.000   71.000   -26.376   -156.503
70870.000   886.000   312.000   91.000   -26.313   -156.497
70871.000   910.000   292.000   105.000   -26.251   -156.491
70872.000   874.000   266.000   87.000   -26.189   -156.485
70873.000   838.000   288.000   88.000   -26.126   -156.479
70874.000   885.000   286.000   100.000   -26.064   -156.473
70875.000   874.000   329.000   89.000   -26.002   -156.468
70876.000   877.000   312.000   97.000   -25.940   -156.462
70877.000   859.000   335.000   70.000   -25.877   -156.456
70878.000   882.000   256.000   64.000   -25.815   -156.450
70879.000   916.000   266.000   105.000   -25.753   -156.444
70880.000   895.000   299.000   86.000   -25.690   -156.438
70881.000   890.000   296.000   83.000   -25.628   -156.432
70882.000   920.000   334.000   71.000   -25.566   -156.426
70883.000   832.000   334.000   95.000   -25.503   -156.420
70884.000   842.000   296.000   79.000   -25.441   -156.414
70885.000   810.000   329.000   97.000   -25.379   -156.408
70886.000   894.000   308.000   94.000   -25.316   -156.403
70887.000   833.000   300.000   82.000   -25.254   -156.397
70888.000   861.000   293.000   96.000   -25.192   -156.391
70889.000   878.000   294.000   87.000   -25.130   -156.385
70890.000   856.000   314.000   99.000   -25.067   -156.379
70891.000   857.000   348.000   78.000   -25.005   -156.374
70892.000   871.000   281.000   91.000   -24.943   -156.368
70893.000   843.000   268.000   119.000   -24.880   -156.362
70894.000   811.000   301.000   96.000   -24.818   -156.356
70895.000   884.000   281.000   88.000   -24.756   -156.350
70896.000   911.000   320.000   90.000   -24.693   -156.345
70897.000   845.000   298.000   76.000   -24.631   -156.339
70898.000   897.000   308.000   111.000   -24.569   -156.333
70899.000   858.000   277.000   84.000   -24.506   -156.328
70900.000   906.000   308.000   89.000   -24.444   -156.322
70901.000   912.000   307.000   84.000   -24.382   -156.316
70902.000   933.000   301.000   93.000   -24.319   -156.310
70903.000   875.000   301.000   89.000   -24.257   -156.305
70904.000   823.000   302.000   95.000   -24.195   -156.299
70905.000   930.000   308.000   84.000   -24.132   -156.293
70906.000   856.000   304.000   87.000   -24.070   -156.288
70907.000   859.000   293.000   91.000   -24.008   -156.282
70908.000   988.000   292.000   94.000   -23.945   -156.276
70909.000   937.000   332.000   92.000   -23.883   -156.271
70910.000   984.000   313.000   101.000   -23.820   -156.265
70911.000   1019.000   297.000   89.000   -23.758   -156.260
70912.000   924.000   307.000   79.000   -23.696   -156.254
70913.000   958.000   320.000   104.000   -23.633   -156.248
70914.000   968.000   304.000   100.000   -23.571   -156.243
70915.000   980.000   295.000   99.000   -23.509   -156.237
70916.000   962.000   308.000   95.000   -23.446   -156.232
70917.000   960.000   309.000   85.000   -23.384   -156.226
70918.000   1020.000   301.000   82.000   -23.322   -156.221
70919.000   1002.000   304.000   81.000   -23.259   -156.215
70920.000   1008.000   298.000   88.000   -23.197   -156.210
70921.000   965.000   294.000   100.000   -23.134   -156.204
70922.000   953.000   298.000   110.000   -23.072   -156.199
70923.000   969.000   313.000   113.000   -23.010   -156.193
70924.000   958.000   321.000   91.000   -22.947   -156.188
70925.000   962.000   302.000   99.000   -22.885   -156.182
70926.000   922.000   288.000   106.000   -22.823   -156.177
70927.000   963.000   276.000   91.000   -22.760   -156.171
70928.000   929.000   301.000   93.000   -22.698   -156.166
70929.000   926.000   312.000   86.000   -22.635   -156.160
70930.000   963.000   312.000   99.000   -22.573   -156.155
70931.000   963.000   280.000   99.000   -22.511   -156.149
70932.000   975.000   291.000   101.000   -22.448   -156.144
70933.000   874.000   315.000   102.000   -22.386   -156.139
70934.000   966.000   280.000   88.000   -22.324   -156.133
70935.000   948.000   243.000   89.000   -22.261   -156.128
70936.000   937.000   290.000   106.000   -22.199   -156.122
70937.000   933.000   291.000   102.000   -22.136   -156.117
70938.000   941.000   289.000   98.000   -22.074   -156.112
70939.000   974.000   287.000   106.000   -22.012   -156.106
70940.000   936.000   307.000   114.000   -21.949   -156.101
70941.000   961.000   413.000   89.000   -21.887   -156.096
70942.000   977.000   298.000   86.000   -21.824   -156.090
70943.000   954.000   288.000   97.000   -21.762   -156.085
70944.000   940.000   300.000   87.000   -21.700   -156.080
70945.000   1003.000   289.000   120.000   -21.637   -156.074
70946.000   1000.000   303.000   94.000   -21.575   -156.069
70947.000   980.000   289.000   91.000   -21.512   -156.064
70948.000   951.000   310.000   101.000   -21.450   -156.058
70949.000   968.000   306.000   70.000   -21.387   -156.053
70950.000   941.000   280.000   112.000   -21.325   -156.048
70951.000   1009.000   278.000   105.000   -21.263   -156.043
70952.000   1019.000   293.000   104.000   -21.200   -156.037
70953.000   915.000   339.000   95.000   -21.138   -156.032
70954.000   1000.000   311.000   107.000   -21.075   -156.027
70955.000   909.000   329.000   117.000   -21.013   -156.022
70956.000   994.000   286.000   102.000   -20.951   -156.016
70957.000   961.000   288.000   71.000   -20.888   -156.011
70958.000   979.000   308.000   79.000   -20.826   -156.006
70959.000   998.000   307.000   99.000   -20.763   -156.001
70960.000   983.000   331.000   98.000   -20.701   -155.996
70961.000   994.000   310.000   103.000   -20.638   -155.990
70962.000   973.000   295.000   93.000   -20.576   -155.985
70963.000   979.000   338.000   121.000   -20.514   -155.980
70964.000   1003.000   319.000   98.000   -20.451   -155.975
70965.000   946.000   298.000   69.000   -20.389   -155.970
70966.000   1008.000   286.000   93.000   -20.326   -155.965
70967.000   979.000   288.000   113.000   -20.264   -155.959
70968.000   1500.000   266.000   106.000   -20.201   -155.954
70969.000   1428.000   282.000   116.000   -20.139   -155.949
70970.000   1558.000   318.000   115.000   -20.076   -155.944
70971.000   1581.000   295.000   123.000   -20.014   -155.939
70972.000   1703.000   318.000   101.000   -19.952   -155.934
70973.000   1735.000   311.000   97.000   -19.889   -155.929
70974.000   1912.000   292.000   114.000   -19.827   -155.924
70975.000   1988.000   287.000   91.000   -19.764   -155.919
70976.000   2178.000   311.000   85.000   -19.702   -155.914
70977.000   2229.000   300.000   107.000   -19.639   -155.908
70978.000   2350.000   259.000   90.000   -19.577   -155.903
70979.000   2538.000   298.000   125.000   -19.514   -155.898
70980.000   2691.000   17166.000   105.000   -19.452   -155.893
70981.000   2827.000   21754.000   99.000   -19.390   -155.888
70982.000   3009.000   2024.000   116.000   -19.327   -155.883
70983.000   3167.000   23367.000   105.000   -19.265   -155.878
70984.000   3381.000   298.000   99.000   -19.202   -155.873
70985.000   3615.000   315.000   130.000   -19.140   -155.868
70986.000   3759.000   293.000   108.000   -19.077   -155.863
70987.000   4183.000   288.000   123.000   -19.015   -155.858
70988.000   4138.000   312.000   114.000   -18.952   -155.853
70989.000   4415.000   305.000   102.000   -18.890   -155.848
70990.000   4672.000   321.000   111.000   -18.827   -155.843
70991.000   4894.000   318.000   111.000   -18.765   -155.838
70992.000   5179.000   280.000   113.000   -18.702   -155.833
70993.000   5337.000   315.000   89.000   -18.640   -155.828
70994.000   5630.000   307.000   96.000   -18.577   -155.823
70995.000   5903.000   350.000   123.000   -18.515   -155.818
70996.000   6064.000   307.000   112.000   -18.452   -155.814
70997.000   6265.000   329.000   97.000   -18.390   -155.809
70998.000   6591.000   298.000   73.000   -18.328   -155.804
70999.000   6861.000   321.000   107.000   -18.265   -155.799
71000.000   6964.000   301.000   113.000   -18.203   -155.794
71001.000   7202.000   320.000   121.000   -18.140   -155.789
71002.000   7460.000   324.000   94.000   -18.078   -155.784
71003.000   7650.000   317.000   127.000   -18.015   -155.779
71004.000   7776.000   318.000   114.000   -17.953   -155.774
71005.000   8028.000   313.000   103.000   -17.890   -155.769
71006.000   8224.000   316.000   105.000   -17.828   -155.764
71007.000   8220.000   308.000   97.000   -17.765   -155.760
71008.000   8311.000   293.000   120.000   -17.703   -155.755
71009.000   8381.000   298.000   119.000   -17.640   -155.750
71010.000   8553.000   296.000   90.000   -17.578   -155.745
71011.000   8580.000   315.000   100.000   -17.515   -155.740
71012.000   8817.000   288.000   101.000   -17.453   -155.735
71013.000   8893.000   295.000   116.000   -17.390   -155.731
71014.000   8953.000   303.000   105.000   -17.328   -155.726
71015.000   8884.000   314.000   119.000   -17.265   -155.721
71016.000   8827.000   293.000   100.000   -17.203   -155.716
71017.000   9022.000   294.000   130.000   -17.140   -155.711
71018.000   9033.000   305.000   108.000   -17.078   -155.706
71019.000   8997.000   313.000   113.000   -17.015   -155.702
71020.000   9014.000   341.000   126.000   -16.953   -155.697
71021.000   8910.000   297.000   107.000   -16.890   -155.692
71022.000   8867.000   293.000   110.000   -16.828   -155.687
71023.000   8685.000   307.000   109.000   -16.765   -155.683
71024.000   8626.000   336.000   138.000   -16.703   -155.678
71025.000   8479.000   300.000   113.000   -16.640   -155.673
71026.000   8359.000   299.000   116.000   -16.578   -155.668
71027.000   8209.000   307.000   122.000   -16.515   -155.663
71028.000   8104.000   291.000   111.000   -16.452   -155.659
71029.000   7959.000   291.000   128.000   -16.390   -155.654
71030.000   7852.000   301.000   104.000   -16.327   -155.649
71031.000   7836.000   312.000   97.000   -16.265   -155.645
71032.000   7872.000   284.000   115.000   -16.202   -155.640
71033.000   8073.000   287.000   101.000   -16.140   -155.635
71034.000   7768.000   288.000   109.000   -16.077   -155.630
71035.000   7617.000   310.000   130.000   -16.015   -155.626
71036.000   7723.000   329.000   114.000   -15.952   -155.621
71037.000   7606.000   292.000   118.000   -15.890   -155.616
71038.000   7590.000   359.000   122.000   -15.827   -155.612
71039.000   7734.000   325.000   123.000   -15.765   -155.607
71040.000   34334.000   17222.000   97.000   -15.702   -155.602
71041.000   43604.000   21819.000   107.000   -15.640   -155.598
71042.000   3228.000   2544.000   115.000   -15.577   -155.593
71043.000   46758.000   23393.000   120.000   -15.515   -155.588
71044.000   727.000   311.000   99.000   -15.452   -155.584
71045.000   786.000   310.000   109.000   -15.389   -155.579
71046.000   689.000   327.000   128.000   -15.327   -155.574
71047.000   720.000   320.000   105.000   -15.264   -155.570
71048.000   667.000   338.000   120.000   -15.202   -155.565
71049.000   720.000   301.000   120.000   -15.139   -155.560
71050.000   694.000   338.000   123.000   -15.077   -155.556
71051.000   702.000   339.000   129.000   -15.014   -155.551
71052.000   768.000   292.000   127.000   -14.952   -155.547
71053.000   674.000   334.000   113.000   -14.889   -155.542
71054.000   658.000   313.000   120.000   -14.827   -155.537
71055.000   707.000   331.000   145.000   -14.764   -155.533
71056.000   723.000   332.000   110.000   -14.701   -155.528
71057.000   746.000   313.000   119.000   -14.639   -155.524
71058.000   758.000   326.000   105.000   -14.576   -155.519
71059.000   719.000   332.000   129.000   -14.514   -155.514
71060.000   709.000   319.000   107.000   -14.451   -155.510
71061.000   735.000   306.000   127.000   -14.389   -155.505
71062.000   695.000   318.000   117.000   -14.326   -155.501
71063.000   719.000   361.000   135.000   -14.264   -155.496
71064.000   718.000   297.000   126.000   -14.201   -155.491
71065.000   702.000   331.000   119.000   -14.138   -155.487
71066.000   702.000   301.000   123.000   -14.076   -155.482
71067.000   739.000   330.000   123.000   -14.013   -155.478
71068.000   704.000   305.000   4306.000   -13.951   -155.473
71069.000   706.000   307.000   4535.000   -13.888   -155.469
71070.000   727.000   306.000   4603.000   -13.826   -155.464
71071.000   745.000   303.000   4752.000   -13.763   -155.460
71072.000   706.000   328.000   4985.000   -13.701   -155.455
71073.000   691.000   315.000   5146.000   -13.638   -155.451
71074.000   765.000   331.000   5396.000   -13.575   -155.446
71075.000   725.000   283.000   5698.000   -13.513   -155.442
71076.000   718.000   318.000   5813.000   -13.450   -155.437
71077.000   739.000   313.000   6140.000   -13.388   -155.433
71078.000   696.000   299.000   6430.000   -13.325   -155.428
71079.000   716.000   333.000   6821.000   -13.263   -155.424
71080.000   689.000   341.000   7292.000   -13.200   -155.419
71081.000   707.000   337.000   7792.000   -13.137   -155.415
71082.000   764.000   325.000   8108.000   -13.075   -155.410
71083.000   731.000   331.000   8699.000   -13.012   -155.406
71084.000   731.000   321.000   9249.000   -12.950   -155.401
71085.000   734.000   325.000   9597.000   -12.887   -155.397
71086.000   732.000   306.000   9772.000   -12.824   -155.392
71087.000   723.000   332.000   10146.000   -12.762   -155.388
71088.000   690.000   327.000   10500.000   -12.699   -155.383
71089.000   728.000   351.000   10753.000   -12.637   -155.379
71090.000   741.000   338.000   11036.000   -12.574   -155.375
71091.000   701.000   346.000   11126.000   -12.512   -155.370
71092.000   752.000   310.000   11166.000   -12.449   -155.366
71093.000   736.000   297.000   11578.000   -12.386   -155.361
71094.000   732.000   298.000   11567.000   -12.324   -155.357
71095.000   743.000   301.000   11593.000   -12.261   -155.352
71096.000   754.000   307.000   11676.000   -12.199   -155.348
71097.000   709.000   353.000   11691.000   -12.136   -155.344
71098.000   756.000   335.000   11904.000   -12.073   -155.339
71099.000   744.000   325.000   11660.000   -12.011   -155.335
71100.000   17324.000   335.000   16967.000   -11.948   -155.330
71101.000   21925.000   354.000   21576.000   -11.886   -155.326
71102.000   1436.000   290.000   2577.000   -11.823   -155.322
71103.000   23539.000   323.000   23184.000   -11.760   -155.317
71104.000   648.000   324.000   56.000   -11.698   -155.313
71105.000   655.000   326.000   63.000   -11.635   -155.308
71106.000   677.000   291.000   46.000   -11.573   -155.304
71107.000   727.000   323.000   57.000   -11.510   -155.300
71108.000   673.000   323.000   48.000   -11.447   -155.295
71109.000   690.000   333.000   49.000   -11.385   -155.291
71110.000   680.000   291.000   54.000   -11.322   -155.287
71111.000   616.000   312.000   62.000   -11.260   -155.282
71112.000   642.000   301.000   43.000   -11.197   -155.278
71113.000   688.000   303.000   52.000   -11.134   -155.274
71114.000   718.000   319.000   57.000   -11.072   -155.269
71115.000   647.000   306.000   57.000   -11.009   -155.265
71116.000   637.000   288.000   53.000   -10.947   -155.260
71117.000   648.000   318.000   56.000   -10.884   -155.256
71118.000   682.000   324.000   57.000   -10.821   -155.252
71119.000   623.000   314.000   56.000   -10.759   -155.247
71120.000   683.000   321.000   51.000   -10.696   -155.243
71121.000   694.000   293.000   63.000   -10.633   -155.239
71122.000   621.000   291.000   56.000   -10.571   -155.234
71123.000   660.000   314.000   50.000   -10.508   -155.230
71124.000   707.000   317.000   61.000   -10.446   -155.226
71125.000   627.000   347.000   57.000   -10.383   -155.222
71126.000   718.000   310.000   62.000   -10.320   -155.217
71127.000   641.000   304.000   65.000   -10.258   -155.213
71128.000   709.000   321.000   52.000   -10.195   -155.209
71129.000   666.000   293.000   48.000   -10.133   -155.204
71130.000   644.000   336.000   59.000   -10.070   -155.200
71131.000   684.000   267.000   59.000   -10.007   -155.196
71132.000   598.000   363.000   59.000   -9.945   -155.191
71133.000   708.000   323.000   49.000   -9.882   -155.187
71134.000   665.000   288.000   59.000   -9.819   -155.183
71135.000   631.000   330.000   50.000   -9.757   -155.179
71136.000   658.000   317.000   41.000   -9.694   -155.174
71137.000   651.000   335.000   52.000   -9.632   -155.170
71138.000   626.000   278.000   50.000   -9.569   -155.166
71139.000   666.000   318.000   58.000   -9.506   -155.162
71140.000   643.000   296.000   59.000   -9.444   -155.157
71141.000   640.000   341.000   62.000   -9.381   -155.153
71142.000   632.000   314.000   47.000   -9.318   -155.149
71143.000   599.000   314.000   59.000   -9.256   -155.144
71144.000   583.000   320.000   62.000   -9.193   -155.140
71145.000   751.000   405.000   52.000   -9.130   -155.136
71146.000   662.000   328.000   58.000   -9.068   -155.132
71147.000   621.000   300.000   50.000   -9.005   -155.127
71148.000   637.000   335.000   58.000   -8.943   -155.123
71149.000   615.000   329.000   63.000   -8.880   -155.119
71150.000   645.000   319.000   51.000   -8.817   -155.115
71151.000   657.000   295.000   50.000   -8.755   -155.111
71152.000   630.000   334.000   55.000   -8.692   -155.106
71153.000   607.000   363.000   61.000   -8.629   -155.102
71154.000   654.000   306.000   60.000   -8.567   -155.098
71155.000   600.000   297.000   57.000   -8.504   -155.094
71156.000   671.000   302.000   65.000   -8.441   -155.089
71157.000   650.000   284.000   68.000   -8.379   -155.085
71158.000   654.000   307.000   69.000   -8.316   -155.081
71159.000   637.000   340.000   43.000   -8.253   -155.077
71160.000   616.000   323.000   56.000   -8.191   -155.073
71161.000   660.000   327.000   56.000   -8.128   -155.068
71162.000   681.000   300.000   59.000   -8.066   -155.064
71163.000   616.000   288.000   43.000   -8.003   -155.060
71164.000   656.000   363.000   70.000   -7.940   -155.056
71165.000   633.000   327.000   60.000   -7.878   -155.052
71166.000   659.000   221.000   41.000   -7.815   -155.047
71167.000   627.000   216.000   56.000   -7.752   -155.043
71168.000   628.000   259.000   46.000   -7.690   -155.039
71169.000   711.000   270.000   66.000   -7.627   -155.035
71170.000   590.000   269.000   50.000   -7.564   -155.031
71171.000   650.000   269.000   61.000   -7.502   -155.026
71172.000   647.000   266.000   49.000   -7.439   -155.022
71173.000   692.000   262.000   53.000   -7.376   -155.018
71174.000   696.000   244.000   53.000   -7.314   -155.014
71175.000   685.000   226.000   62.000   -7.251   -155.010
71176.000   604.000   257.000   55.000   -7.188   -155.006
71177.000   723.000   282.000   68.000   -7.126   -155.001
71178.000   689.000   236.000   75.000   -7.063   -154.997
71179.000   639.000   257.000   58.000   -7.000   -154.993
71180.000   645.000   253.000   47.000   -6.938   -154.989
71181.000   637.000   260.000   59.000   -6.875   -154.985
71182.000   662.000   251.000   56.000   -6.812   -154.981
71183.000   635.000   257.000   66.000   -6.750   -154.976
71184.000   659.000   283.000   60.000   -6.687   -154.972
71185.000   618.000   293.000   57.000   -6.624   -154.968
71186.000   610.000   248.000   51.000   -6.562   -154.964
71187.000   652.000   257.000   52.000   -6.499   -154.960
71188.000   657.000   257.000   75.000   -6.436   -154.956
71189.000   600.000   309.000   83.000   -6.374   -154.952
71190.000   648.000   249.000   76.000   -6.311   -154.947
71191.000   658.000   204.000   62.000   -6.248   -154.943
71192.000   665.000   258.000   70.000   -6.186   -154.939
71193.000   651.000   267.000   70.000   -6.123   -154.935
71194.000   675.000   273.000   73.000   -6.060   -154.931
71195.000   631.000   224.000   58.000   -5.998   -154.927
71196.000   614.000   257.000   67.000   -5.935   -154.923
71197.000   659.000   267.000   69.000   -5.872   -154.918
71198.000   615.000   272.000   70.000   -5.810   -154.914
71199.000   664.000   237.000   73.000   -5.747   -154.910
71200.000   607.000   259.000   78.000   -5.684   -154.906
71201.000   628.000   270.000   57.000   -5.622   -154.902
71202.000   655.000   282.000   57.000   -5.559   -154.898
71203.000   638.000   238.000   66.000   -5.496   -154.894
71204.000   621.000   234.000   69.000   -5.434   -154.890
71205.000   619.000   251.000   68.000   -5.371   -154.885
71206.000   682.000   246.000   63.000   -5.308   -154.881
71207.000   639.000   210.000   77.000   -5.246   -154.877
71208.000   598.000   237.000   65.000   -5.183   -154.873
71209.000   654.000   280.000   72.000   -5.120   -154.869
71210.000   629.000   261.000   63.000   -5.058   -154.865
71211.000   662.000   263.000   64.000   -4.995   -154.861
71212.000   650.000   266.000   81.000   -4.932   -154.857
71213.000   667.000   256.000   73.000   -4.870   -154.853
71214.000   645.000   255.000   57.000   -4.807   -154.849
71215.000   642.000   210.000   62.000   -4.744   -154.844
71216.000   656.000   262.000   68.000   -4.681   -154.840
71217.000   646.000   257.000   78.000   -4.619   -154.836
71218.000   620.000   223.000   72.000   -4.556   -154.832
71219.000   637.000   243.000   75.000   -4.493   -154.828
71220.000   604.000   220.000   82.000   -4.431   -154.824
71221.000   676.000   286.000   72.000   -4.368   -154.820
71222.000   673.000   275.000   70.000   -4.305   -154.816
71223.000   648.000   254.000   66.000   -4.243   -154.812
71224.000   17333.000   259.000   79.000   -4.180   -154.808
71225.000   21951.000   241.000   61.000   -4.117   -154.804
71226.000   1656.000   234.000   73.000   -4.055   -154.799
71227.000   23597.000   244.000   73.000   -3.992   -154.795
71228.000   564.000   247.000   72.000   -3.929   -154.791
71229.000   590.000   231.000   67.000   -3.867   -154.787
71230.000   574.000   257.000   77.000   -3.804   -154.783
71231.000   596.000   229.000   67.000   -3.741   -154.779
71232.000   611.000   226.000   77.000   -3.678   -154.775
71233.000   613.000   237.000   68.000   -3.616   -154.771
71234.000   591.000   230.000   55.000   -3.553   -154.767
71235.000   645.000   234.000   72.000   -3.490   -154.763
71236.000   661.000   235.000   85.000   -3.428   -154.759
71237.000   668.000   199.000   71.000   -3.365   -154.755
71238.000   589.000   197.000   71.000   -3.302   -154.751
71239.000   621.000   248.000   72.000   -3.240   -154.746
71240.000   599.000   211.000   72.000   -3.177   -154.742
71241.000   578.000   241.000   67.000   -3.114   -154.738
71242.000   606.000   200.000   74.000   -3.051   -154.734
71243.000   605.000   220.000   75.000   -2.989   -154.730
71244.000   640.000   251.000   78.000   -2.926   -154.726
71245.000   615.000   208.000   69.000   -2.863   -154.722
71246.000   577.000   211.000   79.000   -2.801   -154.718
71247.000   590.000   244.000   77.000   -2.738   -154.714
71248.000   668.000   248.000   68.000   -2.675   -154.710
71249.000   580.000   217.000   43.000   -2.613   -154.706
71250.000   581.000   194.000   76.000   -2.550   -154.702
71251.000   620.000   238.000   74.000   -2.487   -154.698
71252.000   646.000   223.000   65.000   -2.424   -154.694
71253.000   569.000   177.000   79.000   -2.362   -154.690
71254.000   603.000   190.000   80.000   -2.299   -154.686
71255.000   602.000   208.000   95.000   -2.236   -154.681
71256.000   567.000   235.000   79.000   -2.174   -154.677
71257.000   649.000   222.000   76.000   -2.111   -154.673
71258.000   628.000   237.000   77.000   -2.048   -154.669
71259.000   670.000   228.000   89.000   -1.986   -154.665
71260.000   619.000   229.000   72.000   -1.923   -154.661
71261.000   645.000   234.000   90.000   -1.860   -154.657
71262.000   607.000   224.000   71.000   -1.797   -154.653
71263.000   657.000   246.000   93.000   -1.735   -154.649
71264.000   590.000   220.000   64.000   -1.672   -154.645
71265.000   586.000   246.000   73.000   -1.609   -154.641
71266.000   606.000   233.000   88.000   -1.547   -154.637
71267.000   615.000   228.000   83.000   -1.484   -154.633
71268.000   921.000   189.000   85.000   -1.421   -154.629
71269.000   960.000   197.000   73.000   -1.358   -154.625
71270.000   1029.000   236.000   97.000   -1.296   -154.621
71271.000   1131.000   228.000   95.000   -1.233   -154.617
71272.000   1247.000   202.000   74.000   -1.170   -154.613
71273.000   1225.000   215.000   73.000   -1.108   -154.609
71274.000   1314.000   206.000   81.000   -1.045   -154.605
71275.000   1435.000   216.000   76.000   -0.982   -154.600
71276.000   1456.000   200.000   80.000   -0.920   -154.596
71277.000   1640.000   204.000   88.000   -0.857   -154.592
71278.000   1659.000   228.000   89.000   -0.794   -154.588
71279.000   1764.000   237.000   93.000   -0.731   -154.584
72720.000   848.000   417.000   72.000   82.520   -70.500
