Time range: [ 00:15:31.000  00:19:59.000 ]
Time range duration: 4.0 min, 28.0 sec
Longitude range: [ 45.0  61.0 ]
931.000   1484.000   601.000   61.000   -82.520   50.235
932.000   1457.000   611.000   37.000   -82.520   50.707
933.000   1472.000   566.000   49.000   -82.519   51.179
934.000   1430.000   566.000   55.000   -82.518   51.651
935.000   1415.000   601.000   48.000   -82.516   52.123
936.000   1437.000   571.000   46.000   -82.514   52.595
937.000   1547.000   594.000   57.000   -82.511   53.066
938.000   1398.000   611.000   67.000   -82.508   53.537
939.000   1366.000   577.000   56.000   -82.504   54.007
940.000   1458.000   600.000   39.000   -82.499   54.477
941.000   1407.000   585.000   51.000   -82.494   54.946
942.000   1438.000   583.000   49.000   -82.489   55.414
943.000   1445.000   584.000   48.000   -82.483   55.882
944.000   1485.000   560.000   42.000   -82.477   56.350
945.000   1503.000   537.000   42.000   -82.470   56.816
946.000   1502.000   564.000   46.000   -82.463   57.281
947.000   1492.000   548.000   46.000   -82.455   57.746
948.000   1438.000   552.000   62.000   -82.446   58.209
949.000   1510.000   555.000   47.000   -82.438   58.672
950.000   1535.000   588.000   57.000   -82.428   59.133
951.000   1487.000   549.000   57.000   -82.418   59.593
952.000   1499.000   585.000   51.000   -82.408   60.052
953.000   1672.000   612.000   51.000   -82.397   60.510
954.000   1578.000   587.000   52.000   -82.386   60.966
955.000   1529.000   578.000   53.000   -82.374   61.421
956.000   1654.000   582.000   44.000   -82.362   61.874
957.000   1626.000   622.000   46.000   -82.349   62.326
958.000   1555.000   570.000   38.000   -82.336   62.777
959.000   1542.000   560.000   53.000   -82.322   63.226
960.000   1617.000   17354.000   42.000   -82.308   63.673
961.000   1595.000   21942.000   46.000   -82.293   64.118
962.000   1573.000   4383.000   54.000   -82.278   64.562
963.000   1610.000   46618.000   49.000   -82.262   65.004
964.000   1575.000   631.000   65.000   -82.246   65.445
965.000   1697.000   592.000   43.000   -82.230   65.883
966.000   1542.000   643.000   42.000   -82.213   66.319
967.000   1488.000   631.000   55.000   -82.195   66.754
968.000   1650.000   632.000   49.000   -82.178   67.187
969.000   1657.000   593.000   61.000   -82.159   67.617
970.000   1592.000   613.000   54.000   -82.141   68.046
971.000   1527.000   631.000   42.000   -82.121   68.472
972.000   1570.000   651.000   53.000   -82.102   68.897
973.000   1665.000   624.000   39.000   -82.082   69.319
974.000   1574.000   630.000   46.000   -82.061   69.739
975.000   1507.000   597.000   57.000   -82.040   70.157
976.000   1590.000   623.000   41.000   -82.019   70.573
977.000   1548.000   685.000   48.000   -81.997   70.986
978.000   1498.000   617.000   44.000   -81.975   71.397
979.000   1547.000   698.000   43.000   -81.952   71.806
980.000   1493.000   626.000   48.000   -81.929   72.213
981.000   1479.000   680.000   45.000   -81.906   72.617
982.000   1602.000   587.000   42.000   -81.882   73.019
983.000   1613.000   623.000   55.000   -81.858   73.418
984.000   1578.000   631.000   44.000   -81.833   73.816
985.000   1654.000   705.000   43.000   -81.808   74.210
986.000   1664.000   653.000   47.000   -81.783   74.602
987.000   1592.000   657.000   45.000   -81.757   74.992
988.000   1627.000   649.000   39.000   -81.731   75.380
989.000   1627.000   612.000   50.000   -81.704   75.764
990.000   1728.000   654.000   40.000   -81.677   76.147
991.000   1638.000   586.000   44.000   -81.650   76.527
992.000   1604.000   601.000   49.000   -81.622   76.904
993.000   1622.000   652.000   44.000   -81.594   77.279
994.000   1602.000   590.000   49.000   -81.566   77.651
995.000   1694.000   652.000   59.000   -81.537   78.021
996.000   1609.000   619.000   58.000   -81.508   78.389
997.000   1653.000   610.000   51.000   -81.478   78.753
998.000   1541.000   597.000   56.000   -81.449   79.116
999.000   1620.000   591.000   39.000   -81.418   79.475
1000.000   1630.000   575.000   49.000   -81.388   79.833
1001.000   1668.000   651.000   49.000   -81.357   80.187
1002.000   1688.000   611.000   48.000   -81.326   80.539
1003.000   1572.000   566.000   46.000   -81.295   80.889
1004.000   1597.000   611.000   48.000   -81.263   81.236
1005.000   1556.000   591.000   47.000   -81.231   81.580
1006.000   1628.000   612.000   50.000   -81.198   81.922
1007.000   1613.000   583.000   45.000   -81.165   82.262
1008.000   1670.000   618.000   53.000   -81.132   82.598
1009.000   1692.000   601.000   47.000   -81.099   82.933
1010.000   1686.000   568.000   49.000   -81.065   83.265
1011.000   1724.000   613.000   47.000   -81.031   83.594
1012.000   1691.000   608.000   47.000   -80.997   83.921
1013.000   1685.000   636.000   50.000   -80.962   84.245
1014.000   1676.000   587.000   37.000   -80.928   84.567
1015.000   1728.000   555.000   57.000   -80.892   84.886
1016.000   1697.000   593.000   51.000   -80.857   85.203
1017.000   1763.000   673.000   43.000   -80.821   85.518
1018.000   1745.000   566.000   49.000   -80.785   85.829
1019.000   1710.000   596.000   37.000   -80.749   86.139
1020.000   1698.000   598.000   51.000   -80.713   86.446
1021.000   1697.000   538.000   49.000   -80.676   86.751
1022.000   1729.000   531.000   49.000   -80.639   87.053
1023.000   1856.000   547.000   45.000   -80.601   87.353
1024.000   1809.000   586.000   59.000   -80.564   87.650
1025.000   1773.000   604.000   43.000   -80.526   87.945
1026.000   1826.000   569.000   50.000   -80.488   88.238
1027.000   1798.000   522.000   48.000   -80.450   88.528
1028.000   1668.000   504.000   58.000   -80.411   88.816
1029.000   1823.000   595.000   39.000   -80.372   89.102
1030.000   1818.000   531.000   36.000   -80.333   89.385
1031.000   1778.000   552.000   44.000   -80.294   89.666
1032.000   1902.000   523.000   44.000   -80.254   89.945
1033.000   1791.000   534.000   45.000   -80.214   90.222
1034.000   1758.000   519.000   46.000   -80.174   90.496
1035.000   1705.000   526.000   48.000   -80.134   90.768
1036.000   1700.000   519.000   53.000   -80.094   91.038
1037.000   1706.000   601.000   49.000   -80.053   91.305
1038.000   1617.000   487.000   45.000   -80.012   91.571
1039.000   1606.000   501.000   48.000   -79.971   91.834
1040.000   1653.000   525.000   49.000   -79.930   92.095
1041.000   1654.000   548.000   105.000   -79.888   92.354
1042.000   1674.000   569.000   43.000   -79.847   92.611
1043.000   1755.000   501.000   48.000   -79.805   92.865
1044.000   1625.000   512.000   54.000   -79.762   93.118
1045.000   1641.000   519.000   58.000   -79.720   93.368
1046.000   1681.000   519.000   43.000   -79.678   93.617
1047.000   1581.000   538.000   44.000   -79.635   93.863
1048.000   1634.000   514.000   53.000   -79.592   94.107
1049.000   1682.000   508.000   109.000   -79.549   94.349
1050.000   1599.000   527.000   45.000   -79.505   94.590
1051.000   1609.000   467.000   38.000   -79.462   94.828
1052.000   1682.000   562.000   57.000   -79.418   95.064
1053.000   1674.000   509.000   40.000   -79.374   95.299
1054.000   1668.000   531.000   40.000   -79.330   95.531
1055.000   1757.000   574.000   45.000   -79.286   95.761
1056.000   1831.000   502.000   44.000   -79.242   95.990
1057.000   1793.000   521.000   105.000   -79.197   96.217
1058.000   1852.000   543.000   47.000   -79.153   96.442
1059.000   1882.000   523.000   38.000   -79.108   96.664
1060.000   1865.000   561.000   52.000   -79.063   96.886
1061.000   1889.000   592.000   45.000   -79.017   97.105
1062.000   1860.000   544.000   32.000   -78.972   97.322
1063.000   1883.000   535.000   40.000   -78.926   97.538
1064.000   1724.000   509.000   48.000   -78.881   97.752
1065.000   1832.000   520.000   41.000   -78.835   97.964
1066.000   1847.000   541.000   46.000   -78.789   98.174
1067.000   1807.000   568.000   38.000   -78.743   98.383
1068.000   1848.000   588.000   38.000   -78.696   98.590
1069.000   1857.000   586.000   54.000   -78.650   98.795
1070.000   1865.000   564.000   39.000   -78.603   98.999
1071.000   2213.000   580.000   50.000   -78.557   99.201
1072.000   2250.000   576.000   44.000   -78.510   99.401
1073.000   2315.000   515.000   105.000   -78.463   99.599
1074.000   2280.000   576.000   62.000   -78.415   99.796
1075.000   2057.000   528.000   36.000   -78.368   99.992
1076.000   1925.000   531.000   46.000   -78.321   100.185
1077.000   2035.000   626.000   49.000   -78.273   100.377
1078.000   2231.000   517.000   46.000   -78.225   100.568
1079.000   2018.000   503.000   47.000   -78.178   100.757
1080.000   1854.000   17277.000   58.000   -78.130   100.945
1081.000   1816.000   21939.000   38.000   -78.081   101.131
1082.000   1836.000   2697.000   54.000   -78.033   101.315
1083.000   1803.000   23883.000   50.000   -77.985   101.498
1084.000   1827.000   841.000   50.000   -77.936   101.680
1085.000   1819.000   823.000   109.000   -77.888   101.860
1086.000   2512.000   832.000   39.000   -77.839   102.038
1087.000   2344.000   834.000   42.000   -77.790   102.215
1088.000   2788.000   821.000   44.000   -77.741   102.391
1089.000   2485.000   838.000   41.000   -77.692   102.565
1090.000   2334.000   952.000   41.000   -77.643   102.738
1091.000   2545.000   894.000   38.000   -77.594   102.910
1092.000   2758.000   951.000   40.000   -77.544   103.080
1093.000   2074.000   1105.000   107.000   -77.495   103.249
1094.000   2013.000   1058.000   39.000   -77.445   103.416
1095.000   2373.000   1098.000   47.000   -77.395   103.582
1096.000   2463.000   1120.000   38.000   -77.345   103.747
1097.000   3846.000   1035.000   49.000   -77.295   103.911
1098.000   3683.000   998.000   51.000   -77.245   104.073
1099.000   3048.000   1074.000   49.000   -77.195   104.234
1100.000   3471.000   1124.000   42.000   -77.145   104.394
1101.000   4737.000   1261.000   109.000   -77.094   104.552
1102.000   754.000   1158.000   49.000   -77.044   104.709
1103.000   685.000   1198.000   40.000   -76.993   104.865
1104.000   690.000   1272.000   44.000   -76.943   105.020
1105.000   687.000   1422.000   53.000   -76.892   105.173
1106.000   707.000   1330.000   38.000   -76.841   105.326
1107.000   687.000   1291.000   39.000   -76.790   105.477
1108.000   701.000   1361.000   43.000   -76.739   105.627
1109.000   706.000   1337.000   41.000   -76.688   105.776
1110.000   676.000   1318.000   46.000   -76.637   105.923
1111.000   701.000   1440.000   46.000   -76.585   106.070
1112.000   685.000   1493.000   55.000   -76.534   106.215
1113.000   671.000   1576.000   43.000   -76.482   106.359
1114.000   675.000   1554.000   44.000   -76.431   106.502
1115.000   745.000   1577.000   58.000   -76.379   106.645
1116.000   712.000   1613.000   55.000   -76.327   106.786
1117.000   682.000   1716.000   107.000   -76.275   106.925
1118.000   704.000   1769.000   47.000   -76.223   107.064
1119.000   702.000   1712.000   46.000   -76.171   107.202
1120.000   675.000   1761.000   45.000   -76.119   107.339
1121.000   697.000   1811.000   40.000   -76.067   107.475
1122.000   708.000   1711.000   43.000   -76.015   107.609
1123.000   705.000   1794.000   39.000   -75.963   107.743
1124.000   741.000   1881.000   43.000   -75.910   107.876
1125.000   698.000   1920.000   127.000   -75.858   108.007
1126.000   678.000   1945.000   43.000   -75.805   108.138
1127.000   679.000   1960.000   40.000   -75.752   108.268
1128.000   699.000   2098.000   29.000   -75.700   108.396
1129.000   729.000   2113.000   45.000   -75.647   108.524
1130.000   697.000   2244.000   47.000   -75.594   108.651
1131.000   743.000   2214.000   46.000   -75.541   108.777
1132.000   749.000   2209.000   51.000   -75.488   108.902
1133.000   708.000   2300.000   59.000   -75.435   109.026
1134.000   698.000   2293.000   39.000   -75.382   109.149
1135.000   739.000   2394.000   41.000   -75.329   109.271
1136.000   678.000   2440.000   62.000   -75.275   109.393
1137.000   727.000   2508.000   38.000   -75.222   109.513
1138.000   691.000   2507.000   50.000   -75.168   109.633
1139.000   729.000   2546.000   52.000   -75.115   109.752
1140.000   708.000   2673.000   52.000   -75.061   109.870
1141.000   726.000   2842.000   38.000   -75.008   109.987
1142.000   739.000   2830.000   50.000   -74.954   110.103
1143.000   746.000   2970.000   34.000   -74.900   110.218
1144.000   764.000   17334.000   51.000   -74.847   110.333
1145.000   740.000   21966.000   47.000   -74.793   110.446
1146.000   734.000   2990.000   52.000   -74.739   110.559
1147.000   782.000   23592.000   49.000   -74.685   110.671
1148.000   726.000   708.000   46.000   -74.631   110.783
1149.000   741.000   736.000   38.000   -74.577   110.893
1150.000   731.000   649.000   38.000   -74.522   111.003
1151.000   748.000   673.000   37.000   -74.468   111.112
1152.000   770.000   620.000   47.000   -74.414   111.220
1153.000   733.000   647.000   48.000   -74.359   111.327
1154.000   745.000   640.000   47.000   -74.305   111.434
1155.000   725.000   659.000   49.000   -74.251   111.540
1156.000   797.000   660.000   47.000   -74.196   111.645
1157.000   712.000   655.000   55.000   -74.141   111.749
1158.000   738.000   635.000   40.000   -74.087   111.853
1159.000   720.000   618.000   39.000   -74.032   111.956
1160.000   733.000   610.000   42.000   -73.977   112.058
1161.000   775.000   715.000   39.000   -73.923   112.160
1162.000   770.000   609.000   60.000   -73.868   112.261
1163.000   766.000   596.000   47.000   -73.813   112.361
1164.000   763.000   653.000   54.000   -73.758   112.461
1165.000   783.000   628.000   44.000   -73.703   112.559
1166.000   804.000   636.000   40.000   -73.648   112.658
1167.000   754.000   580.000   41.000   -73.593   112.755
1168.000   745.000   617.000   42.000   -73.538   112.852
1169.000   762.000   687.000   49.000   -73.482   112.948
1170.000   788.000   613.000   54.000   -73.427   113.044
1171.000   726.000   623.000   36.000   -73.372   113.138
1172.000   800.000   584.000   45.000   -73.317   113.233
1173.000   821.000   623.000   52.000   -73.261   113.326
1174.000   846.000   601.000   47.000   -73.206   113.419
1175.000   818.000   566.000   49.000   -73.150   113.512
1176.000   799.000   621.000   50.000   -73.095   113.603
1177.000   793.000   575.000   42.000   -73.039   113.694
1178.000   759.000   639.000   39.000   -72.984   113.785
1179.000   830.000   642.000   34.000   -72.928   113.875
1180.000   802.000   558.000   50.000   -72.872   113.964
1181.000   857.000   584.000   58.000   -72.817   114.053
1182.000   753.000   582.000   37.000   -72.761   114.141
1183.000   798.000   583.000   48.000   -72.705   114.229
1184.000   762.000   606.000   64.000   -72.649   114.316
1185.000   921.000   604.000   42.000   -72.593   114.402
1186.000   785.000   611.000   41.000   -72.537   114.488
1187.000   798.000   558.000   50.000   -72.481   114.573
1188.000   755.000   575.000   44.000   -72.425   114.658
1189.000   796.000   522.000   35.000   -72.369   114.743
1190.000   808.000   556.000   44.000   -72.313   114.826
1191.000   812.000   563.000   39.000   -72.257   114.909
1192.000   822.000   579.000   47.000   -72.201   114.992
1193.000   824.000   530.000   40.000   -72.144   115.074
1194.000   770.000   552.000   45.000   -72.088   115.156
1195.000   780.000   544.000   43.000   -72.032   115.237
1196.000   807.000   545.000   41.000   -71.975   115.317
1197.000   909.000   531.000   36.000   -71.919   115.397
1198.000   836.000   547.000   45.000   -71.863   115.477
1199.000   779.000   546.000   45.000   -71.806   115.556
