Time range: [ 00:00:-0.000  00:21:00.000 ]
Time range duration: 21.0 min, 0.0 sec
Longitude range: [ 74.0  176.0 ]
-0.000   906.000   251.000   74.000   10.603   171.011
01.000   843.000   234.000   56.000   10.665   171.015
02.000   825.000   251.000   59.000   10.728   171.020
03.000   860.000   256.000   81.000   10.790   171.024
04.000   870.000   259.000   73.000   10.853   171.028
05.000   825.000   244.000   67.000   10.916   171.033
06.000   859.000   285.000   71.000   10.978   171.037
07.000   833.000   299.000   61.000   11.041   171.041
08.000   814.000   269.000   66.000   11.103   171.046
09.000   848.000   267.000   67.000   11.166   171.050
10.000   798.000   265.000   72.000   11.228   171.054
11.000   878.000   293.000   51.000   11.291   171.059
12.000   856.000   251.000   78.000   11.354   171.063
13.000   837.000   228.000   62.000   11.416   171.067
14.000   843.000   259.000   64.000   11.479   171.072
15.000   861.000   270.000   73.000   11.541   171.076
16.000   785.000   282.000   57.000   11.604   171.080
17.000   850.000   266.000   54.000   11.667   171.085
18.000   824.000   267.000   57.000   11.729   171.089
19.000   832.000   289.000   65.000   11.792   171.094
20.000   850.000   270.000   69.000   11.854   171.098
21.000   821.000   282.000   63.000   11.917   171.102
22.000   792.000   285.000   61.000   11.979   171.107
23.000   843.000   264.000   61.000   12.042   171.111
24.000   842.000   253.000   61.000   12.105   171.116
25.000   855.000   251.000   59.000   12.167   171.120
26.000   820.000   258.000   60.000   12.230   171.124
27.000   801.000   275.000   62.000   12.292   171.129
28.000   787.000   291.000   63.000   12.355   171.133
29.000   921.000   275.000   64.000   12.417   171.138
30.000   865.000   265.000   62.000   12.480   171.142
31.000   813.000   246.000   65.000   12.543   171.147
32.000   849.000   245.000   69.000   12.605   171.151
33.000   847.000   296.000   56.000   12.668   171.155
34.000   814.000   296.000   56.000   12.730   171.160
35.000   886.000   295.000   54.000   12.793   171.164
36.000   912.000   236.000   57.000   12.855   171.169
37.000   809.000   268.000   73.000   12.918   171.173
38.000   855.000   307.000   50.000   12.981   171.178
39.000   811.000   241.000   60.000   13.043   171.182
40.000   804.000   269.000   73.000   13.106   171.187
41.000   776.000   252.000   72.000   13.168   171.191
42.000   834.000   277.000   59.000   13.231   171.196
43.000   826.000   265.000   65.000   13.294   171.200
44.000   835.000   281.000   56.000   13.356   171.205
45.000   847.000   255.000   64.000   13.419   171.209
46.000   832.000   279.000   60.000   13.481   171.214
47.000   855.000   269.000   66.000   13.544   171.218
48.000   785.000   260.000   54.000   13.606   171.223
49.000   852.000   245.000   69.000   13.669   171.227
50.000   845.000   275.000   66.000   13.732   171.232
51.000   831.000   257.000   68.000   13.794   171.236
52.000   828.000   243.000   82.000   13.857   171.241
53.000   832.000   280.000   67.000   13.919   171.245
54.000   778.000   261.000   74.000   13.982   171.250
55.000   813.000   263.000   69.000   14.044   171.254
56.000   862.000   258.000   62.000   14.107   171.259
57.000   880.000   270.000   51.000   14.169   171.263
58.000   774.000   229.000   69.000   14.232   171.268
59.000   818.000   283.000   72.000   14.295   171.272
60.000   801.000   269.000   56.000   14.357   171.277
61.000   867.000   272.000   61.000   14.420   171.282
62.000   830.000   282.000   53.000   14.482   171.286
63.000   866.000   268.000   54.000   14.545   171.291
64.000   790.000   264.000   74.000   14.607   171.295
65.000   794.000   275.000   66.000   14.670   171.300
66.000   806.000   278.000   59.000   14.733   171.304
67.000   877.000   264.000   59.000   14.795   171.309
68.000   796.000   274.000   71.000   14.858   171.314
69.000   873.000   291.000   54.000   14.920   171.318
70.000   867.000   283.000   72.000   14.983   171.323
71.000   877.000   251.000   72.000   15.045   171.328
72.000   835.000   266.000   64.000   15.108   171.332
73.000   849.000   252.000   59.000   15.171   171.337
74.000   845.000   282.000   55.000   15.233   171.341
75.000   796.000   284.000   46.000   15.296   171.346
76.000   804.000   274.000   56.000   15.358   171.351
77.000   898.000   264.000   64.000   15.421   171.355
78.000   805.000   232.000   55.000   15.483   171.360
79.000   870.000   248.000   44.000   15.546   171.365
80.000   820.000   276.000   58.000   15.608   171.369
81.000   849.000   274.000   73.000   15.671   171.374
82.000   887.000   261.000   78.000   15.734   171.379
83.000   758.000   281.000   55.000   15.796   171.383
84.000   851.000   267.000   49.000   15.859   171.388
85.000   777.000   258.000   63.000   15.921   171.393
86.000   838.000   263.000   64.000   15.984   171.397
87.000   863.000   277.000   59.000   16.046   171.402
88.000   801.000   250.000   77.000   16.109   171.407
89.000   840.000   254.000   69.000   16.171   171.412
90.000   849.000   264.000   56.000   16.234   171.416
91.000   879.000   262.000   58.000   16.297   171.421
92.000   885.000   251.000   70.000   16.359   171.426
93.000   834.000   275.000   52.000   16.422   171.430
94.000   860.000   264.000   66.000   16.484   171.435
95.000   827.000   245.000   55.000   16.547   171.440
96.000   883.000   300.000   71.000   16.609   171.445
97.000   856.000   268.000   61.000   16.672   171.449
98.000   813.000   268.000   75.000   16.734   171.454
99.000   845.000   252.000   60.000   16.797   171.459
100.000   822.000   267.000   79.000   16.860   171.464
101.000   828.000   250.000   56.000   16.922   171.469
102.000   805.000   251.000   66.000   16.985   171.473
103.000   843.000   278.000   71.000   17.047   171.478
104.000   817.000   232.000   58.000   17.110   171.483
105.000   810.000   239.000   58.000   17.172   171.488
106.000   787.000   276.000   70.000   17.235   171.493
107.000   832.000   279.000   61.000   17.297   171.497
108.000   859.000   253.000   56.000   17.360   171.502
109.000   821.000   269.000   71.000   17.422   171.507
110.000   829.000   268.000   59.000   17.485   171.512
111.000   819.000   264.000   58.000   17.548   171.517
112.000   778.000   271.000   64.000   17.610   171.522
113.000   852.000   262.000   60.000   17.673   171.526
114.000   832.000   253.000   61.000   17.735   171.531
115.000   850.000   280.000   52.000   17.798   171.536
116.000   870.000   265.000   67.000   17.860   171.541
117.000   851.000   265.000   66.000   17.923   171.546
118.000   841.000   262.000   56.000   17.985   171.551
119.000   767.000   256.000   63.000   18.048   171.556
120.000   793.000   286.000   67.000   18.110   171.561
121.000   759.000   253.000   63.000   18.173   171.566
122.000   855.000   247.000   62.000   18.236   171.571
123.000   871.000   260.000   66.000   18.298   171.575
124.000   823.000   238.000   57.000   18.361   171.580
125.000   839.000   249.000   66.000   18.423   171.585
126.000   822.000   297.000   57.000   18.486   171.590
127.000   855.000   265.000   70.000   18.548   171.595
128.000   833.000   253.000   59.000   18.611   171.600
129.000   854.000   289.000   60.000   18.673   171.605
130.000   800.000   268.000   64.000   18.736   171.610
131.000   834.000   280.000   56.000   18.798   171.615
132.000   816.000   287.000   56.000   18.861   171.620
133.000   834.000   278.000   52.000   18.923   171.625
134.000   861.000   278.000   69.000   18.986   171.630
135.000   846.000   231.000   66.000   19.048   171.635
136.000   822.000   291.000   60.000   19.111   171.640
137.000   829.000   263.000   50.000   19.174   171.645
138.000   845.000   294.000   67.000   19.236   171.650
139.000   828.000   252.000   74.000   19.299   171.655
140.000   857.000   252.000   54.000   19.361   171.660
141.000   825.000   276.000   73.000   19.424   171.665
142.000   903.000   256.000   61.000   19.486   171.670
143.000   853.000   250.000   55.000   19.549   171.675
144.000   868.000   260.000   65.000   19.611   171.680
145.000   815.000   261.000   77.000   19.674   171.685
146.000   851.000   250.000   59.000   19.736   171.691
147.000   813.000   265.000   74.000   19.799   171.696
148.000   883.000   230.000   59.000   19.861   171.701
149.000   819.000   286.000   72.000   19.924   171.706
150.000   820.000   266.000   71.000   19.986   171.711
151.000   823.000   266.000   49.000   20.049   171.716
152.000   827.000   271.000   67.000   20.111   171.721
153.000   882.000   283.000   66.000   20.174   171.726
154.000   838.000   280.000   72.000   20.236   171.731
155.000   831.000   259.000   76.000   20.299   171.737
156.000   849.000   280.000   70.000   20.361   171.742
157.000   873.000   254.000   56.000   20.424   171.747
158.000   879.000   292.000   65.000   20.486   171.752
159.000   863.000   250.000   56.000   20.549   171.757
160.000   820.000   269.000   77.000   20.612   171.762
161.000   848.000   259.000   62.000   20.674   171.768
162.000   834.000   233.000   70.000   20.737   171.773
163.000   823.000   288.000   54.000   20.799   171.778
164.000   858.000   272.000   58.000   20.862   171.783
165.000   877.000   262.000   58.000   20.924   171.788
166.000   891.000   288.000   73.000   20.987   171.794
167.000   835.000   260.000   61.000   21.049   171.799
168.000   886.000   277.000   57.000   21.112   171.804
169.000   880.000   268.000   69.000   21.174   171.809
170.000   851.000   272.000   60.000   21.237   171.815
171.000   850.000   258.000   59.000   21.299   171.820
172.000   849.000   268.000   75.000   21.362   171.825
173.000   860.000   241.000   49.000   21.424   171.831
174.000   816.000   254.000   64.000   21.487   171.836
175.000   872.000   260.000   69.000   21.549   171.841
176.000   831.000   253.000   63.000   21.612   171.846
177.000   786.000   266.000   67.000   21.674   171.852
178.000   821.000   289.000   58.000   21.737   171.857
179.000   831.000   285.000   60.000   21.799   171.862
180.000   838.000   244.000   58.000   21.862   171.868
181.000   877.000   293.000   65.000   21.924   171.873
182.000   838.000   267.000   70.000   21.987   171.878
183.000   839.000   254.000   66.000   22.049   171.884
184.000   807.000   284.000   55.000   22.112   171.889
185.000   835.000   280.000   56.000   22.174   171.895
186.000   818.000   270.000   66.000   22.237   171.900
187.000   795.000   256.000   58.000   22.299   171.905
188.000   811.000   256.000   72.000   22.362   171.911
189.000   825.000   261.000   60.000   22.424   171.916
190.000   804.000   295.000   63.000   22.487   171.922
191.000   844.000   258.000   67.000   22.549   171.927
192.000   870.000   304.000   58.000   22.612   171.933
193.000   812.000   271.000   75.000   22.674   171.938
194.000   860.000   268.000   65.000   22.737   171.943
195.000   850.000   259.000   71.000   22.799   171.949
196.000   781.000   300.000   64.000   22.861   171.954
197.000   878.000   250.000   58.000   22.924   171.960
198.000   815.000   295.000   55.000   22.986   171.965
199.000   798.000   256.000   70.000   23.049   171.971
200.000   794.000   254.000   53.000   23.111   171.976
201.000   776.000   271.000   72.000   23.174   171.982
202.000   804.000   271.000   59.000   23.236   171.988
203.000   833.000   272.000   69.000   23.299   171.993
204.000   797.000   265.000   49.000   23.361   171.999
205.000   841.000   268.000   57.000   23.424   172.004
206.000   875.000   294.000   55.000   23.486   172.010
207.000   822.000   257.000   66.000   23.549   172.015
208.000   858.000   251.000   64.000   23.611   172.021
209.000   823.000   284.000   54.000   23.674   172.026
210.000   845.000   271.000   60.000   23.736   172.032
211.000   807.000   267.000   57.000   23.799   172.038
212.000   843.000   275.000   64.000   23.861   172.043
213.000   863.000   279.000   53.000   23.924   172.049
214.000   874.000   269.000   56.000   23.986   172.055
215.000   843.000   305.000   81.000   24.049   172.060
216.000   844.000   260.000   52.000   24.111   172.066
217.000   844.000   257.000   66.000   24.173   172.072
218.000   817.000   280.000   58.000   24.236   172.077
219.000   846.000   268.000   72.000   24.298   172.083
220.000   834.000   281.000   71.000   24.361   172.089
221.000   824.000   291.000   73.000   24.423   172.094
222.000   882.000   272.000   60.000   24.486   172.100
223.000   817.000   254.000   77.000   24.548   172.106
224.000   860.000   266.000   80.000   24.611   172.112
225.000   839.000   269.000   63.000   24.673   172.117
226.000   859.000   255.000   64.000   24.736   172.123
227.000   824.000   247.000   48.000   24.798   172.129
228.000   831.000   265.000   58.000   24.861   172.135
229.000   790.000   266.000   85.000   24.923   172.140
230.000   798.000   237.000   68.000   24.985   172.146
231.000   838.000   283.000   70.000   25.048   172.152
232.000   823.000   270.000   57.000   25.110   172.158
233.000   782.000   285.000   69.000   25.173   172.164
234.000   828.000   263.000   67.000   25.235   172.170
235.000   782.000   275.000   64.000   25.298   172.175
236.000   839.000   278.000   56.000   25.360   172.181
237.000   869.000   254.000   55.000   25.423   172.187
238.000   833.000   289.000   69.000   25.485   172.193
239.000   864.000   259.000   58.000   25.547   172.199
240.000   816.000   277.000   62.000   25.610   172.205
241.000   819.000   290.000   59.000   25.672   172.211
242.000   804.000   269.000   70.000   25.735   172.217
243.000   833.000   288.000   70.000   25.797   172.223
244.000   849.000   275.000   71.000   25.860   172.229
245.000   841.000   287.000   64.000   25.922   172.235
246.000   823.000   228.000   71.000   25.985   172.241
247.000   806.000   265.000   61.000   26.047   172.247
248.000   782.000   280.000   66.000   26.109   172.252
249.000   795.000   283.000   88.000   26.172   172.259
250.000   795.000   295.000   78.000   26.234   172.265
251.000   805.000   254.000   68.000   26.297   172.271
252.000   824.000   266.000   61.000   26.359   172.277
253.000   841.000   274.000   67.000   26.422   172.283
254.000   815.000   300.000   69.000   26.484   172.289
255.000   827.000   251.000   67.000   26.546   172.295
256.000   836.000   269.000   65.000   26.609   172.301
257.000   852.000   252.000   72.000   26.671   172.307
258.000   777.000   281.000   62.000   26.734   172.313
259.000   836.000   247.000   73.000   26.796   172.319
260.000   812.000   285.000   59.000   26.859   172.325
261.000   825.000   277.000   55.000   26.921   172.331
262.000   831.000   255.000   73.000   26.983   172.338
263.000   848.000   277.000   54.000   27.046   172.344
264.000   863.000   270.000   65.000   27.108   172.350
265.000   846.000   266.000   73.000   27.171   172.356
266.000   849.000   258.000   73.000   27.233   172.362
267.000   826.000   309.000   73.000   27.296   172.368
268.000   780.000   284.000   61.000   27.358   172.375
269.000   821.000   291.000   73.000   27.420   172.381
270.000   812.000   263.000   83.000   27.483   172.387
271.000   841.000   268.000   63.000   27.545   172.393
272.000   782.000   237.000   82.000   27.608   172.400
273.000   788.000   281.000   70.000   27.670   172.406
274.000   801.000   278.000   63.000   27.732   172.412
275.000   835.000   279.000   64.000   27.795   172.418
276.000   801.000   284.000   66.000   27.857   172.425
277.000   865.000   263.000   69.000   27.920   172.431
278.000   843.000   272.000   71.000   27.982   172.437
279.000   838.000   287.000   67.000   28.044   172.444
280.000   872.000   275.000   55.000   28.107   172.450
281.000   812.000   269.000   71.000   28.169   172.457
282.000   801.000   287.000   81.000   28.232   172.463
283.000   836.000   282.000   59.000   28.294   172.469
284.000   834.000   276.000   60.000   28.356   172.476
285.000   859.000   234.000   65.000   28.419   172.482
286.000   799.000   275.000   67.000   28.481   172.489
287.000   810.000   262.000   78.000   28.544   172.495
288.000   806.000   278.000   70.000   28.606   172.501
289.000   839.000   268.000   57.000   28.668   172.508
290.000   856.000   270.000   54.000   28.731   172.514
291.000   840.000   263.000   71.000   28.793   172.521
292.000   801.000   303.000   63.000   28.856   172.527
293.000   848.000   257.000   67.000   28.918   172.534
294.000   875.000   270.000   70.000   28.980   172.540
295.000   767.000   276.000   64.000   29.043   172.547
296.000   814.000   257.000   63.000   29.105   172.554
297.000   811.000   253.000   60.000   29.167   172.560
298.000   803.000   281.000   66.000   29.230   172.567
299.000   824.000   246.000   77.000   29.292   172.573
300.000   831.000   301.000   52.000   29.355   172.580
301.000   872.000   259.000   62.000   29.417   172.587
302.000   842.000   270.000   69.000   29.479   172.593
303.000   802.000   279.000   70.000   29.542   172.600
304.000   855.000   292.000   64.000   29.604   172.606
305.000   807.000   268.000   66.000   29.666   172.613
306.000   836.000   257.000   59.000   29.729   172.620
307.000   858.000   276.000   68.000   29.791   172.627
308.000   863.000   281.000   55.000   29.854   172.633
309.000   860.000   236.000   77.000   29.916   172.640
310.000   898.000   308.000   69.000   29.978   172.647
311.000   828.000   298.000   60.000   30.041   172.654
312.000   831.000   288.000   75.000   30.103   172.660
313.000   789.000   249.000   74.000   30.165   172.667
314.000   823.000   299.000   60.000   30.228   172.674
315.000   882.000   247.000   56.000   30.290   172.681
316.000   844.000   264.000   70.000   30.352   172.688
317.000   771.000   257.000   63.000   30.415   172.694
318.000   793.000   264.000   66.000   30.477   172.701
319.000   794.000   251.000   52.000   30.539   172.708
320.000   797.000   268.000   68.000   30.602   172.715
321.000   814.000   282.000   68.000   30.664   172.722
322.000   838.000   257.000   76.000   30.726   172.729
323.000   881.000   264.000   50.000   30.789   172.736
324.000   839.000   255.000   65.000   30.851   172.743
325.000   852.000   261.000   69.000   30.913   172.750
326.000   814.000   299.000   75.000   30.976   172.757
327.000   863.000   278.000   73.000   31.038   172.764
328.000   836.000   241.000   68.000   31.101   172.771
329.000   786.000   301.000   69.000   31.163   172.778
330.000   866.000   265.000   68.000   31.225   172.785
331.000   857.000   267.000   66.000   31.288   172.792
332.000   825.000   275.000   83.000   31.350   172.799
333.000   767.000   288.000   77.000   31.412   172.806
334.000   855.000   290.000   70.000   31.475   172.813
335.000   786.000   271.000   65.000   31.537   172.820
336.000   878.000   319.000   80.000   31.599   172.827
337.000   829.000   290.000   68.000   31.661   172.834
338.000   814.000   270.000   73.000   31.724   172.841
339.000   825.000   274.000   62.000   31.786   172.849
340.000   846.000   300.000   66.000   31.848   172.856
341.000   828.000   291.000   77.000   31.911   172.863
342.000   819.000   297.000   74.000   31.973   172.870
343.000   891.000   303.000   53.000   32.035   172.877
344.000   807.000   300.000   68.000   32.098   172.885
345.000   831.000   253.000   63.000   32.160   172.892
346.000   844.000   273.000   80.000   32.222   172.899
347.000   828.000   292.000   69.000   32.285   172.906
348.000   842.000   255.000   78.000   32.347   172.914
349.000   836.000   271.000   56.000   32.409   172.921
350.000   825.000   318.000   61.000   32.472   172.928
351.000   824.000   259.000   66.000   32.534   172.936
352.000   869.000   296.000   72.000   32.596   172.943
353.000   828.000   264.000   75.000   32.658   172.950
354.000   883.000   260.000   73.000   32.721   172.958
355.000   795.000   271.000   70.000   32.783   172.965
356.000   829.000   281.000   73.000   32.845   172.973
357.000   837.000   261.000   71.000   32.908   172.980
358.000   871.000   259.000   71.000   32.970   172.988
359.000   874.000   297.000   81.000   33.032   172.995
360.000   791.000   266.000   74.000   33.095   173.003
361.000   893.000   275.000   70.000   33.157   173.010
362.000   834.000   278.000   70.000   33.219   173.018
363.000   833.000   287.000   71.000   33.281   173.025
364.000   868.000   303.000   73.000   33.344   173.033
365.000   864.000   307.000   64.000   33.406   173.040
366.000   886.000   295.000   68.000   33.468   173.048
367.000   825.000   259.000   69.000   33.531   173.055
368.000   839.000   269.000   81.000   33.593   173.063
369.000   834.000   293.000   72.000   33.655   173.071
370.000   834.000   271.000   68.000   33.717   173.078
371.000   802.000   300.000   57.000   33.780   173.086
372.000   812.000   316.000   82.000   33.842   173.094
373.000   808.000   301.000   72.000   33.904   173.101
374.000   816.000   258.000   82.000   33.966   173.109
375.000   780.000   286.000   68.000   34.029   173.117
376.000   752.000   291.000   68.000   34.091   173.125
377.000   848.000   268.000   66.000   34.153   173.133
378.000   820.000   313.000   63.000   34.215   173.140
379.000   801.000   277.000   82.000   34.278   173.148
380.000   857.000   329.000   67.000   34.340   173.156
381.000   846.000   270.000   77.000   34.402   173.164
382.000   835.000   251.000   69.000   34.464   173.172
383.000   833.000   277.000   69.000   34.527   173.180
384.000   859.000   322.000   64.000   34.589   173.188
385.000   826.000   308.000   81.000   34.651   173.195
386.000   846.000   293.000   41.000   34.713   173.203
387.000   871.000   291.000   69.000   34.776   173.211
388.000   832.000   272.000   69.000   34.838   173.219
389.000   829.000   324.000   81.000   34.900   173.227
390.000   833.000   285.000   70.000   34.962   173.235
391.000   834.000   265.000   63.000   35.025   173.243
392.000   818.000   280.000   86.000   35.087   173.251
393.000   910.000   302.000   70.000   35.149   173.260
394.000   822.000   306.000   75.000   35.211   173.268
395.000   823.000   280.000   71.000   35.274   173.276
396.000   797.000   289.000   68.000   35.336   173.284
397.000   866.000   283.000   80.000   35.398   173.292
398.000   856.000   302.000   63.000   35.460   173.300
399.000   818.000   311.000   77.000   35.523   173.308
400.000   795.000   296.000   68.000   35.585   173.317
401.000   865.000   273.000   71.000   35.647   173.325
402.000   838.000   315.000   62.000   35.709   173.333
403.000   836.000   325.000   71.000   35.771   173.341
404.000   795.000   301.000   83.000   35.834   173.350
405.000   858.000   275.000   75.000   35.896   173.358
406.000   827.000   278.000   59.000   35.958   173.366
407.000   920.000   285.000   74.000   36.020   173.375
408.000   840.000   289.000   72.000   36.082   173.383
409.000   839.000   296.000   79.000   36.145   173.391
410.000   868.000   288.000   66.000   36.207   173.400
411.000   801.000   285.000   68.000   36.269   173.408
412.000   795.000   287.000   66.000   36.331   173.417
413.000   810.000   303.000   79.000   36.394   173.425
414.000   834.000   294.000   78.000   36.456   173.433
415.000   873.000   303.000   71.000   36.518   173.442
416.000   884.000   286.000   78.000   36.580   173.450
417.000   851.000   278.000   75.000   36.642   173.459
418.000   834.000   294.000   80.000   36.704   173.468
419.000   885.000   274.000   63.000   36.767   173.476
420.000   806.000   287.000   73.000   36.829   173.485
421.000   871.000   290.000   68.000   36.891   173.493
422.000   800.000   289.000   83.000   36.953   173.502
423.000   890.000   270.000   81.000   37.015   173.511
424.000   793.000   306.000   70.000   37.078   173.519
425.000   797.000   293.000   69.000   37.140   173.528
426.000   837.000   300.000   60.000   37.202   173.537
427.000   857.000   271.000   70.000   37.264   173.546
428.000   887.000   289.000   65.000   37.326   173.554
429.000   843.000   290.000   76.000   37.388   173.563
430.000   822.000   324.000   64.000   37.451   173.572
431.000   831.000   294.000   71.000   37.513   173.581
432.000   842.000   294.000   87.000   37.575   173.590
433.000   885.000   305.000   76.000   37.637   173.599
434.000   828.000   320.000   79.000   37.699   173.607
435.000   825.000   281.000   86.000   37.761   173.616
436.000   869.000   289.000   62.000   37.824   173.625
437.000   882.000   290.000   76.000   37.886   173.634
438.000   857.000   279.000   86.000   37.948   173.643
439.000   882.000   319.000   69.000   38.010   173.652
440.000   862.000   293.000   68.000   38.072   173.661
441.000   852.000   287.000   89.000   38.134   173.670
442.000   840.000   297.000   79.000   38.196   173.679
443.000   899.000   325.000   81.000   38.259   173.689
444.000   769.000   292.000   66.000   38.321   173.698
445.000   803.000   295.000   73.000   38.383   173.707
446.000   851.000   284.000   73.000   38.445   173.716
447.000   847.000   290.000   81.000   38.507   173.725
448.000   819.000   297.000   90.000   38.569   173.734
449.000   864.000   315.000   84.000   38.631   173.744
450.000   850.000   296.000   93.000   38.694   173.753
451.000   829.000   315.000   75.000   38.756   173.762
452.000   879.000   294.000   83.000   38.818   173.771
453.000   908.000   309.000   71.000   38.880   173.781
454.000   860.000   298.000   72.000   38.942   173.790
455.000   839.000   276.000   79.000   39.004   173.799
456.000   850.000   310.000   79.000   39.066   173.809
457.000   823.000   289.000   69.000   39.128   173.818
458.000   836.000   308.000   86.000   39.190   173.828
459.000   837.000   326.000   66.000   39.253   173.837
460.000   841.000   301.000   80.000   39.315   173.847
461.000   828.000   286.000   78.000   39.377   173.856
462.000   863.000   327.000   65.000   39.439   173.866
463.000   839.000   286.000   83.000   39.501   173.875
464.000   750.000   283.000   74.000   39.563   173.885
465.000   783.000   274.000   87.000   39.625   173.895
466.000   865.000   294.000   75.000   39.687   173.904
467.000   866.000   333.000   96.000   39.749   173.914
468.000   844.000   308.000   74.000   39.811   173.924
469.000   896.000   331.000   81.000   39.873   173.933
470.000   793.000   321.000   84.000   39.936   173.943
471.000   853.000   343.000   83.000   39.998   173.953
472.000   857.000   316.000   72.000   40.060   173.963
473.000   881.000   309.000   89.000   40.122   173.972
474.000   881.000   291.000   83.000   40.184   173.982
475.000   855.000   341.000   67.000   40.246   173.992
476.000   882.000   318.000   100.000   40.308   174.002
477.000   844.000   336.000   91.000   40.370   174.012
478.000   848.000   308.000   77.000   40.432   174.022
479.000   842.000   315.000   73.000   40.494   174.032
480.000   840.000   308.000   93.000   40.556   174.042
481.000   824.000   303.000   80.000   40.618   174.052
482.000   795.000   325.000   81.000   40.680   174.062
483.000   890.000   314.000   56.000   40.742   174.072
484.000   777.000   300.000   79.000   40.804   174.082
485.000   851.000   286.000   74.000   40.867   174.092
486.000   815.000   302.000   73.000   40.929   174.102
487.000   809.000   339.000   90.000   40.991   174.113
488.000   856.000   311.000   86.000   41.053   174.123
489.000   828.000   310.000   73.000   41.115   174.133
490.000   847.000   322.000   81.000   41.177   174.143
491.000   854.000   308.000   76.000   41.239   174.154
492.000   823.000   308.000   89.000   41.301   174.164
493.000   822.000   289.000   77.000   41.363   174.174
494.000   851.000   278.000   94.000   41.425   174.185
495.000   817.000   278.000   73.000   41.487   174.195
496.000   838.000   306.000   72.000   41.549   174.206
497.000   821.000   301.000   73.000   41.611   174.216
498.000   876.000   320.000   75.000   41.673   174.226
499.000   860.000   318.000   88.000   41.735   174.237
500.000   810.000   330.000   85.000   41.797   174.248
501.000   823.000   318.000   75.000   41.859   174.258
502.000   818.000   323.000   89.000   41.921   174.269
503.000   858.000   300.000   67.000   41.983   174.279
504.000   829.000   327.000   89.000   42.045   174.290
505.000   848.000   301.000   78.000   42.107   174.301
506.000   794.000   335.000   68.000   42.169   174.311
507.000   846.000   290.000   73.000   42.231   174.322
508.000   848.000   299.000   89.000   42.293   174.333
509.000   837.000   325.000   79.000   42.355   174.344
510.000   845.000   292.000   100.000   42.417   174.355
511.000   886.000   298.000   84.000   42.479   174.365
512.000   834.000   311.000   79.000   42.541   174.376
513.000   849.000   316.000   77.000   42.603   174.387
514.000   840.000   332.000   84.000   42.665   174.398
515.000   807.000   330.000   81.000   42.727   174.409
516.000   850.000   347.000   86.000   42.789   174.420
517.000   859.000   348.000   99.000   42.851   174.431
518.000   813.000   337.000   75.000   42.913   174.442
519.000   878.000   329.000   89.000   42.975   174.453
520.000   884.000   335.000   79.000   43.037   174.465
521.000   821.000   339.000   91.000   43.099   174.476
522.000   886.000   289.000   80.000   43.161   174.487
523.000   843.000   298.000   91.000   43.223   174.498
524.000   866.000   334.000   79.000   43.285   174.509
525.000   868.000   307.000   83.000   43.346   174.521
526.000   832.000   328.000   91.000   43.408   174.532
527.000   854.000   330.000   85.000   43.470   174.543
528.000   814.000   337.000   62.000   43.532   174.555
529.000   878.000   365.000   77.000   43.594   174.566
530.000   873.000   343.000   87.000   43.656   174.578
531.000   822.000   311.000   73.000   43.718   174.589
532.000   842.000   320.000   98.000   43.780   174.601
533.000   841.000   294.000   93.000   43.842   174.612
534.000   906.000   347.000   88.000   43.904   174.624
535.000   847.000   351.000   93.000   43.966   174.635
536.000   862.000   329.000   69.000   44.028   174.647
537.000   880.000   328.000   90.000   44.090   174.659
538.000   857.000   349.000   74.000   44.152   174.670
539.000   842.000   313.000   80.000   44.213   174.682
540.000   806.000   331.000   75.000   44.275   174.694
541.000   799.000   310.000   95.000   44.337   174.706
542.000   781.000   320.000   90.000   44.399   174.718
543.000   841.000   351.000   88.000   44.461   174.729
544.000   841.000   347.000   82.000   44.523   174.741
545.000   846.000   314.000   87.000   44.585   174.753
546.000   873.000   324.000   97.000   44.647   174.765
547.000   845.000   325.000   85.000   44.709   174.777
548.000   833.000   305.000   100.000   44.771   174.789
549.000   847.000   337.000   89.000   44.832   174.801
550.000   821.000   340.000   85.000   44.894   174.814
551.000   830.000   337.000   76.000   44.956   174.826
552.000   868.000   347.000   115.000   45.018   174.838
553.000   856.000   341.000   83.000   45.080   174.850
554.000   888.000   350.000   72.000   45.142   174.862
555.000   825.000   345.000   90.000   45.204   174.875
556.000   856.000   334.000   88.000   45.265   174.887
557.000   869.000   361.000   95.000   45.327   174.899
558.000   872.000   334.000   83.000   45.389   174.912
559.000   846.000   319.000   87.000   45.451   174.924
560.000   892.000   325.000   101.000   45.513   174.937
561.000   871.000   350.000   94.000   45.575   174.949
562.000   856.000   294.000   102.000   45.637   174.962
563.000   886.000   366.000   76.000   45.698   174.974
564.000   850.000   311.000   98.000   45.760   174.987
565.000   869.000   322.000   103.000   45.822   175.000
566.000   843.000   350.000   82.000   45.884   175.012
567.000   809.000   333.000   84.000   45.946   175.025
568.000   931.000   354.000   77.000   46.008   175.038
569.000   890.000   352.000   98.000   46.069   175.051
570.000   835.000   344.000   77.000   46.131   175.063
571.000   864.000   339.000   105.000   46.193   175.076
572.000   863.000   323.000   97.000   46.255   175.089
573.000   840.000   342.000   65.000   46.317   175.102
574.000   889.000   356.000   84.000   46.378   175.115
575.000   812.000   363.000   99.000   46.440   175.128
576.000   783.000   334.000   90.000   46.502   175.141
577.000   927.000   336.000   90.000   46.564   175.154
578.000   851.000   394.000   103.000   46.626   175.168
579.000   870.000   364.000   88.000   46.687   175.181
580.000   844.000   404.000   82.000   46.749   175.194
581.000   860.000   342.000   89.000   46.811   175.207
582.000   853.000   362.000   93.000   46.873   175.221
583.000   847.000   338.000   86.000   46.935   175.234
584.000   895.000   337.000   88.000   46.996   175.247
585.000   886.000   355.000   87.000   47.058   175.261
586.000   838.000   347.000   83.000   47.120   175.274
587.000   874.000   368.000   87.000   47.182   175.288
588.000   853.000   306.000   111.000   47.243   175.301
589.000   820.000   353.000   103.000   47.305   175.315
590.000   851.000   350.000   102.000   47.367   175.329
591.000   885.000   404.000   92.000   47.429   175.342
592.000   909.000   342.000   92.000   47.490   175.356
593.000   873.000   355.000   98.000   47.552   175.370
594.000   886.000   351.000   88.000   47.614   175.384
595.000   880.000   338.000   96.000   47.676   175.397
596.000   863.000   360.000   89.000   47.737   175.411
597.000   863.000   362.000   99.000   47.799   175.425
598.000   934.000   354.000   98.000   47.861   175.439
599.000   815.000   382.000   96.000   47.923   175.453
600.000   881.000   338.000   112.000   47.984   175.467
601.000   872.000   372.000   96.000   48.046   175.481
602.000   849.000   363.000   94.000   48.108   175.496
603.000   866.000   366.000   83.000   48.169   175.510
604.000   872.000   362.000   85.000   48.231   175.524
605.000   821.000   373.000   106.000   48.293   175.538
606.000   867.000   390.000   100.000   48.354   175.553
607.000   881.000   339.000   95.000   48.416   175.567
608.000   911.000   390.000   110.000   48.478   175.581
609.000   858.000   355.000   100.000   48.540   175.596
610.000   848.000   360.000   83.000   48.601   175.610
611.000   823.000   379.000   88.000   48.663   175.625
612.000   852.000   369.000   92.000   48.725   175.640
613.000   843.000   369.000   111.000   48.786   175.654
614.000   858.000   362.000   105.000   48.848   175.669
615.000   799.000   368.000   96.000   48.910   175.684
616.000   850.000   390.000   107.000   48.971   175.698
617.000   859.000   363.000   109.000   49.033   175.713
618.000   872.000   364.000   101.000   49.095   175.728
619.000   871.000   389.000   96.000   49.156   175.743
620.000   855.000   390.000   101.000   49.218   175.758
621.000   872.000   314.000   98.000   49.279   175.773
622.000   905.000   388.000   91.000   49.341   175.788
623.000   843.000   341.000   88.000   49.403   175.803
624.000   864.000   362.000   102.000   49.464   175.818
625.000   904.000   358.000   121.000   49.526   175.834
626.000   890.000   363.000   89.000   49.588   175.849
627.000   893.000   367.000   94.000   49.649   175.864
628.000   893.000   399.000   112.000   49.711   175.880
629.000   869.000   396.000   82.000   49.772   175.895
630.000   833.000   352.000   109.000   49.834   175.910
631.000   925.000   353.000   118.000   49.896   175.926
632.000   900.000   349.000   108.000   49.957   175.942
633.000   902.000   390.000   95.000   50.019   175.957
634.000   849.000   367.000   98.000   50.080   175.973
635.000   844.000   363.000   93.000   50.142   175.989
636.000   906.000   401.000   103.000   50.204   176.004
637.000   884.000   368.000   106.000   50.265   176.020
638.000   853.000   379.000   97.000   50.327   176.036
639.000   947.000   356.000   83.000   50.388   176.052
640.000   890.000   395.000   97.000   50.450   176.068
641.000   863.000   368.000   87.000   50.511   176.084
642.000   859.000   392.000   91.000   50.573   176.100
643.000   894.000   373.000   111.000   50.635   176.116
644.000   929.000   373.000   106.000   50.696   176.132
645.000   902.000   374.000   85.000   50.758   176.149
646.000   896.000   383.000   104.000   50.819   176.165
647.000   875.000   349.000   114.000   50.881   176.181
648.000   894.000   391.000   83.000   50.942   176.198
649.000   858.000   366.000   97.000   51.004   176.214
650.000   852.000   416.000   107.000   51.065   176.231
651.000   849.000   331.000   115.000   51.127   176.247
652.000   874.000   387.000   96.000   51.188   176.264
653.000   876.000   391.000   115.000   51.250   176.280
654.000   889.000   361.000   107.000   51.311   176.297
655.000   909.000   394.000   98.000   51.373   176.314
656.000   899.000   379.000   133.000   51.434   176.331
657.000   886.000   414.000   96.000   51.496   176.348
658.000   871.000   397.000   104.000   51.557   176.365
659.000   952.000   376.000   88.000   51.619   176.382
660.000   900.000   347.000   93.000   51.680   176.399
661.000   865.000   371.000   103.000   51.742   176.416
662.000   890.000   401.000   113.000   51.803   176.433
663.000   921.000   382.000   100.000   51.865   176.450
664.000   881.000   402.000   106.000   51.926   176.468
665.000   892.000   373.000   116.000   51.988   176.485
666.000   979.000   416.000   100.000   52.049   176.502
667.000   909.000   418.000   104.000   52.111   176.520
668.000   868.000   399.000   103.000   52.172   176.537
669.000   870.000   373.000   102.000   52.234   176.555
670.000   910.000   384.000   102.000   52.295   176.573
671.000   897.000   386.000   104.000   52.356   176.590
672.000   873.000   441.000   122.000   52.418   176.608
673.000   963.000   378.000   104.000   52.479   176.626
674.000   956.000   369.000   109.000   52.541   176.644
675.000   933.000   409.000   104.000   52.602   176.662
676.000   934.000   349.000   107.000   52.663   176.680
677.000   950.000   422.000   113.000   52.725   176.698
678.000   948.000   421.000   129.000   52.786   176.716
679.000   998.000   434.000   114.000   52.848   176.734
680.000   917.000   416.000   110.000   52.909   176.753
681.000   992.000   378.000   112.000   52.970   176.771
682.000   983.000   448.000   131.000   53.032   176.789
683.000   951.000   399.000   110.000   53.093   176.808
684.000   971.000   424.000   117.000   53.155   176.826
685.000   957.000   381.000   114.000   53.216   176.845
686.000   977.000   397.000   101.000   53.277   176.864
687.000   935.000   393.000   108.000   53.339   176.882
688.000   981.000   422.000   128.000   53.400   176.901
689.000   975.000   418.000   84.000   53.461   176.920
690.000   1003.000   432.000   99.000   53.523   176.939
691.000   966.000   428.000   122.000   53.584   176.958
692.000   983.000   406.000   134.000   53.645   176.977
693.000   1048.000   423.000   130.000   53.707   176.996
694.000   1032.000   398.000   118.000   53.768   177.015
695.000   1062.000   407.000   102.000   53.829   177.034
696.000   1070.000   428.000   99.000   53.891   177.054
697.000   1079.000   405.000   122.000   53.952   177.073
698.000   1123.000   448.000   101.000   54.013   177.093
699.000   1113.000   397.000   104.000   54.074   177.112
700.000   1032.000   409.000   121.000   54.136   177.132
701.000   1033.000   412.000   127.000   54.197   177.151
702.000   1068.000   399.000   103.000   54.258   177.171
703.000   1079.000   406.000   118.000   54.320   177.191
704.000   1117.000   430.000   99.000   54.381   177.211
705.000   1108.000   398.000   97.000   54.442   177.231
706.000   1134.000   396.000   115.000   54.503   177.251
707.000   1159.000   430.000   98.000   54.565   177.271
708.000   1171.000   431.000   128.000   54.626   177.291
709.000   1195.000   443.000   112.000   54.687   177.311
710.000   1196.000   420.000   117.000   54.748   177.332
711.000   1166.000   416.000   96.000   54.810   177.352
712.000   1239.000   429.000   116.000   54.871   177.373
713.000   1190.000   421.000   116.000   54.932   177.393
714.000   1161.000   417.000   113.000   54.993   177.414
715.000   1210.000   411.000   113.000   55.054   177.435
716.000   1172.000   455.000   146.000   55.116   177.455
717.000   1202.000   413.000   100.000   55.177   177.476
718.000   1146.000   424.000   108.000   55.238   177.497
719.000   1251.000   432.000   106.000   55.299   177.518
720.000   1170.000   425.000   121.000   55.360   177.539
721.000   1199.000   442.000   119.000   55.422   177.560
722.000   1216.000   449.000   125.000   55.483   177.582
723.000   1158.000   405.000   123.000   55.544   177.603
724.000   1176.000   406.000   132.000   55.605   177.624
725.000   1133.000   443.000   123.000   55.666   177.646
726.000   1175.000   441.000   121.000   55.727   177.667
727.000   1234.000   447.000   105.000   55.788   177.689
728.000   1144.000   439.000   113.000   55.850   177.711
729.000   1192.000   455.000   106.000   55.911   177.733
730.000   1092.000   439.000   107.000   55.972   177.754
731.000   1175.000   451.000   128.000   56.033   177.776
732.000   1108.000   436.000   126.000   56.094   177.798
733.000   1129.000   444.000   141.000   56.155   177.821
734.000   1159.000   407.000   132.000   56.216   177.843
735.000   1169.000   442.000   124.000   56.277   177.865
736.000   1177.000   413.000   134.000   56.338   177.888
737.000   1202.000   416.000   126.000   56.399   177.910
738.000   1083.000   420.000   123.000   56.461   177.933
739.000   1157.000   431.000   122.000   56.522   177.955
740.000   1146.000   469.000   143.000   56.583   177.978
741.000   1131.000   452.000   114.000   56.644   178.001
742.000   1114.000   431.000   131.000   56.705   178.024
743.000   1154.000   450.000   123.000   56.766   178.047
744.000   1054.000   457.000   109.000   56.827   178.070
745.000   1117.000   421.000   118.000   56.888   178.093
746.000   1127.000   428.000   110.000   56.949   178.116
747.000   1110.000   445.000   121.000   57.010   178.139
748.000   1167.000   440.000   128.000   57.071   178.163
749.000   1134.000   425.000   127.000   57.132   178.186
750.000   1102.000   431.000   130.000   57.193   178.210
751.000   1100.000   429.000   122.000   57.254   178.234
752.000   1136.000   452.000   106.000   57.315   178.258
753.000   1108.000   482.000   130.000   57.376   178.281
754.000   1093.000   443.000   144.000   57.437   178.305
755.000   1078.000   430.000   119.000   57.498   178.330
756.000   1148.000   446.000   144.000   57.559   178.354
757.000   1060.000   434.000   131.000   57.620   178.378
758.000   1092.000   451.000   146.000   57.680   178.402
759.000   1058.000   473.000   114.000   57.741   178.427
760.000   1079.000   413.000   132.000   57.802   178.451
761.000   1022.000   440.000   117.000   57.863   178.476
762.000   1025.000   458.000   125.000   57.924   178.501
763.000   1116.000   497.000   130.000   57.985   178.526
764.000   977.000   446.000   146.000   58.046   178.551
765.000   1059.000   461.000   149.000   58.107   178.576
766.000   1046.000   437.000   127.000   58.168   178.601
767.000   1040.000   459.000   141.000   58.229   178.626
768.000   983.000   513.000   130.000   58.289   178.651
769.000   1025.000   459.000   144.000   58.350   178.677
770.000   996.000   439.000   132.000   58.411   178.702
771.000   993.000   446.000   130.000   58.472   178.728
772.000   979.000   444.000   134.000   58.533   178.754
773.000   1044.000   505.000   128.000   58.594   178.780
774.000   1035.000   444.000   121.000   58.654   178.806
775.000   1061.000   460.000   120.000   58.715   178.832
776.000   1026.000   396.000   136.000   58.776   178.858
777.000   911.000   425.000   131.000   58.837   178.884
778.000   1015.000   484.000   141.000   58.898   178.911
779.000   1024.000   471.000   125.000   58.958   178.937
780.000   989.000   471.000   145.000   59.019   178.964
781.000   981.000   441.000   147.000   59.080   178.990
782.000   986.000   467.000   125.000   59.141   179.017
783.000   899.000   500.000   145.000   59.201   179.044
784.000   954.000   459.000   134.000   59.262   179.071
785.000   935.000   461.000   123.000   59.323   179.098
786.000   971.000   448.000   129.000   59.384   179.126
787.000   951.000   462.000   131.000   59.444   179.153
788.000   944.000   485.000   131.000   59.505   179.180
789.000   998.000   463.000   136.000   59.566   179.208
790.000   992.000   458.000   112.000   59.626   179.236
791.000   956.000   480.000   157.000   59.687   179.264
792.000   971.000   472.000   130.000   59.748   179.292
793.000   934.000   472.000   133.000   59.808   179.320
794.000   989.000   460.000   143.000   59.869   179.348
795.000   953.000   487.000   138.000   59.930   179.376
796.000   936.000   493.000   112.000   59.990   179.405
797.000   1017.000   461.000   146.000   60.051   179.433
798.000   1005.000   461.000   125.000   60.112   179.462
799.000   973.000   493.000   124.000   60.172   179.491
800.000   969.000   440.000   127.000   60.233   179.519
801.000   973.000   471.000   138.000   60.294   179.548
802.000   980.000   466.000   130.000   60.354   179.578
803.000   983.000   431.000   122.000   60.415   179.607
804.000   996.000   496.000   127.000   60.475   179.636
805.000   948.000   493.000   122.000   60.536   179.666
806.000   985.000   496.000   141.000   60.596   179.696
807.000   971.000   507.000   139.000   60.657   179.725
808.000   1033.000   476.000   142.000   60.717   179.755
809.000   950.000   465.000   148.000   60.778   179.785
810.000   958.000   557.000   148.000   60.838   179.815
811.000   946.000   508.000   140.000   60.899   179.846
812.000   1048.000   504.000   151.000   60.959   179.876
813.000   1058.000   532.000   187.000   61.020   179.907
814.000   1048.000   545.000   153.000   61.080   179.937
815.000   963.000   631.000   182.000   61.141   179.968
816.000   1016.000   620.000   175.000   61.201   179.999
817.000   1098.000   576.000   212.000   61.262   -179.970
818.000   1053.000   578.000   215.000   61.322   -179.939
819.000   1037.000   691.000   247.000   61.383   -179.907
820.000   1095.000   710.000   257.000   61.443   -179.876
821.000   1107.000   697.000   244.000   61.503   -179.844
822.000   1114.000   773.000   288.000   61.564   -179.812
823.000   1099.000   844.000   299.000   61.624   -179.780
824.000   1176.000   872.000   305.000   61.685   -179.748
825.000   1260.000   929.000   357.000   61.745   -179.716
826.000   1238.000   942.000   351.000   61.805   -179.684
827.000   1220.000   1149.000   432.000   61.866   -179.651
828.000   1304.000   1194.000   431.000   61.926   -179.619
829.000   1442.000   1225.000   489.000   61.986   -179.586
830.000   1416.000   1222.000   576.000   62.047   -179.553
831.000   1536.000   1463.000   631.000   62.107   -179.520
832.000   1543.000   1532.000   684.000   62.167   -179.487
833.000   1636.000   1611.000   720.000   62.228   -179.453
834.000   1731.000   1834.000   774.000   62.288   -179.420
835.000   1801.000   1924.000   890.000   62.348   -179.386
836.000   1885.000   2067.000   945.000   62.408   -179.352
837.000   1971.000   2275.000   1049.000   62.469   -179.318
838.000   2137.000   2363.000   1121.000   62.529   -179.284
839.000   2174.000   2614.000   1278.000   62.589   -179.250
840.000   2184.000   2757.000   1310.000   62.649   -179.215
841.000   2342.000   3080.000   1436.000   62.709   -179.181
842.000   2501.000   3320.000   1491.000   62.770   -179.146
843.000   2618.000   3449.000   1581.000   62.830   -179.111
844.000   2761.000   3617.000   1759.000   62.890   -179.076
845.000   2826.000   3835.000   1899.000   62.950   -179.041
846.000   3033.000   4112.000   1992.000   63.010   -179.006
847.000   3176.000   4386.000   2108.000   63.070   -178.970
848.000   3310.000   4760.000   2231.000   63.131   -178.934
849.000   3418.000   4884.000   2383.000   63.191   -178.898
850.000   3531.000   5112.000   2513.000   63.251   -178.862
851.000   3719.000   5440.000   2640.000   63.311   -178.826
852.000   3812.000   5653.000   2763.000   63.371   -178.790
853.000   4122.000   5815.000   2802.000   63.431   -178.753
854.000   4054.000   6019.000   2953.000   63.491   -178.716
855.000   4223.000   6257.000   2962.000   63.551   -178.679
856.000   4493.000   6515.000   3056.000   63.611   -178.642
857.000   4534.000   6620.000   3230.000   63.671   -178.605
858.000   4665.000   7017.000   3331.000   63.731   -178.568
859.000   4784.000   7115.000   3485.000   63.791   -178.530
860.000   5026.000   7399.000   3413.000   63.851   -178.492
861.000   5129.000   7611.000   3493.000   63.911   -178.454
862.000   5363.000   7781.000   3646.000   63.971   -178.416
863.000   5441.000   7872.000   3705.000   64.031   -178.378
864.000   5395.000   8157.000   3898.000   64.091   -178.339
865.000   5740.000   8273.000   3724.000   64.151   -178.301
866.000   5933.000   8390.000   3889.000   64.211   -178.262
867.000   6070.000   8387.000   3723.000   64.270   -178.223
868.000   6175.000   8579.000   3903.000   64.330   -178.184
869.000   6446.000   8813.000   3942.000   64.390   -178.144
870.000   6655.000   9000.000   4052.000   64.450   -178.105
871.000   6850.000   8990.000   4000.000   64.510   -178.065
872.000   7148.000   9210.000   4089.000   64.570   -178.025
873.000   7499.000   9282.000   4121.000   64.629   -177.984
874.000   7729.000   9398.000   4047.000   64.689   -177.944
875.000   7804.000   9577.000   4048.000   64.749   -177.903
876.000   8314.000   9664.000   4034.000   64.809   -177.863
877.000   8622.000   9668.000   3917.000   64.868   -177.822
878.000   8850.000   9991.000   3930.000   64.928   -177.781
879.000   9300.000   10059.000   3913.000   64.988   -177.739
880.000   9752.000   10076.000   3771.000   65.048   -177.698
881.000   10288.000   10347.000   3775.000   65.107   -177.656
882.000   10530.000   10410.000   3786.000   65.167   -177.614
883.000   10904.000   10632.000   3740.000   65.227   -177.571
884.000   11540.000   10734.000   3696.000   65.286   -177.529
885.000   12215.000   10936.000   3631.000   65.346   -177.486
886.000   12644.000   10943.000   3502.000   65.406   -177.444
887.000   13177.000   10892.000   3434.000   65.465   -177.401
888.000   13840.000   11188.000   3511.000   65.525   -177.357
889.000   14561.000   11452.000   3314.000   65.584   -177.314
890.000   15198.000   11687.000   3212.000   65.644   -177.270
891.000   15798.000   11884.000   3141.000   65.703   -177.226
892.000   16499.000   11974.000   3094.000   65.763   -177.182
893.000   17238.000   12585.000   3087.000   65.822   -177.138
894.000   18093.000   12705.000   3004.000   65.882   -177.093
895.000   18761.000   12924.000   2971.000   65.941   -177.048
896.000   19600.000   13170.000   2997.000   66.001   -177.003
897.000   20101.000   13164.000   2832.000   66.060   -176.958
898.000   20709.000   13566.000   2711.000   66.120   -176.912
899.000   21413.000   13939.000   2708.000   66.179   -176.866
900.000   21992.000   14048.000   2590.000   66.238   -176.820
901.000   22497.000   14157.000   2480.000   66.298   -176.774
902.000   22816.000   13928.000   2466.000   66.357   -176.728
903.000   23287.000   14291.000   2339.000   66.416   -176.681
904.000   23816.000   14491.000   2279.000   66.476   -176.634
905.000   24353.000   14985.000   2419.000   66.535   -176.587
906.000   24620.000   14833.000   2282.000   66.594   -176.540
907.000   23994.000   14914.000   2276.000   66.654   -176.492
908.000   24188.000   14657.000   2197.000   66.713   -176.444
909.000   24254.000   14478.000   2140.000   66.772   -176.396
910.000   24236.000   14435.000   1938.000   66.831   -176.347
911.000   23971.000   14506.000   1935.000   66.891   -176.299
912.000   24403.000   14403.000   1870.000   66.950   -176.250
913.000   24455.000   14125.000   1805.000   67.009   -176.200
914.000   24870.000   14444.000   1752.000   67.068   -176.151
915.000   25185.000   14452.000   1679.000   67.127   -176.101
916.000   25309.000   14428.000   1685.000   67.186   -176.051
917.000   25360.000   14397.000   1629.000   67.245   -176.001
918.000   25243.000   14166.000   1626.000   67.304   -175.950
919.000   24960.000   14275.000   1551.000   67.363   -175.900
920.000   24598.000   14255.000   1530.000   67.422   -175.849
921.000   24501.000   14053.000   1500.000   67.482   -175.797
922.000   24953.000   13842.000   1458.000   67.540   -175.746
923.000   24948.000   13883.000   1437.000   67.599   -175.694
924.000   24768.000   13917.000   1418.000   67.658   -175.642
925.000   24811.000   13740.000   1371.000   67.717   -175.589
926.000   24374.000   13347.000   1352.000   67.776   -175.536
927.000   24003.000   13263.000   1328.000   67.835   -175.483
928.000   23837.000   13085.000   1225.000   67.894   -175.430
929.000   24128.000   13065.000   1338.000   67.953   -175.376
930.000   24367.000   13083.000   1287.000   68.012   -175.323
931.000   24120.000   12806.000   1241.000   68.070   -175.268
932.000   23813.000   12462.000   1235.000   68.129   -175.214
933.000   23361.000   12446.000   1174.000   68.188   -175.159
934.000   23410.000   12365.000   1159.000   68.247   -175.104
935.000   23097.000   12062.000   1178.000   68.306   -175.049
936.000   22534.000   12054.000   1189.000   68.364   -174.993
937.000   22427.000   11833.000   1094.000   68.423   -174.937
938.000   22245.000   11440.000   1084.000   68.482   -174.881
939.000   22120.000   11488.000   1093.000   68.540   -174.824
940.000   21870.000   11146.000   1017.000   68.599   -174.767
941.000   21272.000   11013.000   1088.000   68.657   -174.710
942.000   21008.000   10787.000   1080.000   68.716   -174.652
943.000   20645.000   10708.000   1066.000   68.774   -174.594
944.000   20390.000   10407.000   1032.000   68.833   -174.536
945.000   20118.000   10153.000   1039.000   68.891   -174.477
946.000   19297.000   9970.000   970.000   68.950   -174.418
947.000   19077.000   9921.000   973.000   69.008   -174.359
948.000   18551.000   9591.000   961.000   69.067   -174.300
949.000   18621.000   9350.000   996.000   69.125   -174.240
950.000   18365.000   9253.000   1056.000   69.184   -174.179
951.000   18174.000   9139.000   1022.000   69.242   -174.119
952.000   19186.000   8906.000   912.000   69.300   -174.058
953.000   19009.000   8953.000   863.000   69.359   -173.996
954.000   18238.000   8499.000   887.000   69.417   -173.935
955.000   17627.000   8369.000   858.000   69.475   -173.873
956.000   17100.000   8132.000   821.000   69.533   -173.810
957.000   16222.000   7803.000   851.000   69.592   -173.748
958.000   15691.000   7560.000   832.000   69.650   -173.684
959.000   15176.000   7225.000   778.000   69.708   -173.621
960.000   14590.000   7075.000   764.000   69.766   -173.557
961.000   13922.000   6855.000   760.000   69.824   -173.493
962.000   13626.000   6504.000   746.000   69.882   -173.428
963.000   12847.000   6192.000   698.000   69.940   -173.363
964.000   12276.000   5984.000   653.000   69.998   -173.298
965.000   11943.000   5654.000   651.000   70.056   -173.232
966.000   11590.000   5382.000   649.000   70.114   -173.166
967.000   10996.000   5152.000   593.000   70.172   -173.099
968.000   10699.000   4891.000   532.000   70.230   -173.032
969.000   10269.000   4746.000   589.000   70.288   -172.965
970.000   9936.000   4605.000   552.000   70.346   -172.897
971.000   9446.000   4249.000   521.000   70.403   -172.829
972.000   9143.000   4154.000   531.000   70.461   -172.761
973.000   8738.000   3931.000   463.000   70.519   -172.692
974.000   8216.000   3738.000   467.000   70.577   -172.622
975.000   7837.000   3513.000   455.000   70.634   -172.552
976.000   7872.000   3474.000   467.000   70.692   -172.482
977.000   9435.000   3597.000   417.000   70.750   -172.411
978.000   9995.000   3830.000   379.000   70.807   -172.340
979.000   10404.000   3622.000   366.000   70.865   -172.269
980.000   10451.000   3429.000   340.000   70.922   -172.197
981.000   10465.000   3231.000   346.000   70.980   -172.124
982.000   9835.000   3106.000   326.000   71.037   -172.052
983.000   9559.000   2875.000   288.000   71.095   -171.978
984.000   9037.000   2698.000   291.000   71.152   -171.904
985.000   8650.000   2494.000   269.000   71.210   -171.830
986.000   8015.000   2260.000   240.000   71.267   -171.755
987.000   7281.000   2085.000   264.000   71.324   -171.680
988.000   6701.000   1958.000   215.000   71.382   -171.605
989.000   6034.000   1745.000   265.000   71.439   -171.529
990.000   5849.000   1617.000   209.000   71.496   -171.452
991.000   5541.000   1564.000   216.000   71.553   -171.375
992.000   5185.000   1459.000   193.000   71.610   -171.297
993.000   4921.000   1349.000   173.000   71.667   -171.219
994.000   4778.000   1292.000   198.000   71.724   -171.141
995.000   4882.000   1274.000   204.000   71.781   -171.062
996.000   5185.000   1252.000   195.000   71.838   -170.982
997.000   4976.000   1190.000   164.000   71.895   -170.902
998.000   4531.000   1077.000   192.000   71.952   -170.821
999.000   3997.000   996.000   170.000   72.009   -170.740
1000.000   3576.000   917.000   196.000   72.066   -170.659
1001.000   3133.000   899.000   168.000   72.123   -170.577
1002.000   3187.000   830.000   162.000   72.180   -170.494
1003.000   3072.000   787.000   143.000   72.236   -170.411
1004.000   2839.000   738.000   156.000   72.293   -170.327
1005.000   2767.000   727.000   143.000   72.350   -170.243
1006.000   2766.000   705.000   159.000   72.406   -170.158
1007.000   2550.000   713.000   144.000   72.463   -170.072
1008.000   2408.000   652.000   158.000   72.519   -169.987
1009.000   2291.000   700.000   157.000   72.576   -169.900
1010.000   2079.000   639.000   144.000   72.632   -169.813
1011.000   2070.000   608.000   136.000   72.689   -169.725
1012.000   2031.000   591.000   127.000   72.745   -169.637
1013.000   1960.000   583.000   128.000   72.801   -169.548
1014.000   1879.000   592.000   124.000   72.858   -169.459
1015.000   1858.000   624.000   162.000   72.914   -169.369
1016.000   1890.000   574.000   164.000   72.970   -169.278
1017.000   1729.000   585.000   143.000   73.026   -169.187
1018.000   1878.000   556.000   139.000   73.082   -169.095
1019.000   2448.000   620.000   166.000   73.138   -169.002
1020.000   2007.000   591.000   134.000   73.194   -168.909
1021.000   1697.000   606.000   138.000   73.250   -168.816
1022.000   1790.000   604.000   138.000   73.306   -168.721
1023.000   1811.000   619.000   137.000   73.362   -168.626
1024.000   1921.000   596.000   151.000   73.418   -168.531
1025.000   1860.000   620.000   145.000   73.474   -168.434
1026.000   1795.000   576.000   145.000   73.529   -168.337
1027.000   1768.000   569.000   154.000   73.585   -168.240
1028.000   1614.000   646.000   169.000   73.641   -168.141
1029.000   1631.000   553.000   155.000   73.696   -168.042
1030.000   1783.000   594.000   125.000   73.752   -167.943
1031.000   1700.000   549.000   147.000   73.807   -167.842
1032.000   1582.000   613.000   158.000   73.863   -167.741
1033.000   1599.000   514.000   147.000   73.918   -167.639
1034.000   1563.000   541.000   139.000   73.973   -167.537
1035.000   1757.000   533.000   145.000   74.029   -167.434
1036.000   1691.000   598.000   166.000   74.084   -167.330
1037.000   1672.000   606.000   145.000   74.139   -167.225
1038.000   1549.000   572.000   183.000   74.194   -167.120
1039.000   1590.000   536.000   135.000   74.249   -167.014
1040.000   1791.000   540.000   137.000   74.304   -166.907
1041.000   1624.000   575.000   169.000   74.359   -166.799
1042.000   1738.000   614.000   173.000   74.414   -166.691
1043.000   1752.000   578.000   126.000   74.469   -166.581
1044.000   1710.000   558.000   131.000   74.523   -166.471
1045.000   1679.000   568.000   143.000   74.578   -166.361
1046.000   1543.000   544.000   143.000   74.633   -166.249
1047.000   1445.000   564.000   156.000   74.687   -166.137
1048.000   1494.000   581.000   158.000   74.742   -166.023
1049.000   1372.000   540.000   140.000   74.796   -165.909
1050.000   1386.000   568.000   151.000   74.851   -165.795
1051.000   1423.000   522.000   162.000   74.905   -165.679
1052.000   1353.000   534.000   139.000   74.959   -165.562
1053.000   1372.000   545.000   135.000   75.013   -165.445
1054.000   1379.000   553.000   172.000   75.068   -165.327
1055.000   1469.000   541.000   174.000   75.122   -165.208
1056.000   1408.000   552.000   120.000   75.176   -165.088
1057.000   1382.000   548.000   156.000   75.230   -164.967
1058.000   1359.000   598.000   155.000   75.283   -164.845
1059.000   1346.000   544.000   146.000   75.337   -164.722
1060.000   1278.000   558.000   162.000   75.391   -164.599
1061.000   1216.000   557.000   158.000   75.445   -164.474
1062.000   1255.000   582.000   155.000   75.498   -164.349
1063.000   1206.000   562.000   139.000   75.552   -164.222
1064.000   1239.000   605.000   144.000   75.605   -164.095
1065.000   1229.000   534.000   152.000   75.659   -163.967
1066.000   1258.000   560.000   139.000   75.712   -163.838
1067.000   1172.000   548.000   144.000   75.765   -163.707
1068.000   1193.000   538.000   175.000   75.818   -163.576
1069.000   1235.000   527.000   153.000   75.871   -163.444
1070.000   1244.000   590.000   136.000   75.924   -163.311
1071.000   1211.000   530.000   125.000   75.977   -163.176
1072.000   1222.000   548.000   153.000   76.030   -163.041
1073.000   1194.000   531.000   169.000   76.083   -162.905
1074.000   1242.000   542.000   139.000   76.135   -162.768
1075.000   1197.000   592.000   165.000   76.188   -162.629
1076.000   1219.000   574.000   159.000   76.240   -162.490
1077.000   1239.000   601.000   155.000   76.293   -162.349
1078.000   1194.000   532.000   154.000   76.345   -162.208
1079.000   1156.000   526.000   145.000   76.397   -162.065
1080.000   1190.000   577.000   168.000   76.450   -161.921
1081.000   1156.000   527.000   128.000   76.502   -161.776
1082.000   1140.000   574.000   159.000   76.554   -161.630
1083.000   1141.000   554.000   153.000   76.606   -161.483
1084.000   1205.000   578.000   146.000   76.657   -161.334
1085.000   1142.000   581.000   145.000   76.709   -161.185
1086.000   1165.000   557.000   137.000   76.761   -161.034
1087.000   1152.000   582.000   146.000   76.812   -160.882
1088.000   1188.000   558.000   139.000   76.864   -160.729
1089.000   1229.000   537.000   148.000   76.915   -160.575
1090.000   1132.000   529.000   158.000   76.966   -160.419
1091.000   1188.000   522.000   127.000   77.017   -160.262
1092.000   1118.000   559.000   167.000   77.068   -160.104
1093.000   1141.000   546.000   135.000   77.119   -159.945
1094.000   1146.000   540.000   138.000   77.170   -159.784
1095.000   1112.000   561.000   120.000   77.221   -159.623
1096.000   1139.000   526.000   152.000   77.271   -159.459
1097.000   1132.000   529.000   149.000   77.322   -159.295
1098.000   1140.000   530.000   159.000   77.372   -159.129
1099.000   1151.000   535.000   154.000   77.423   -158.962
1100.000   1169.000   591.000   157.000   77.473   -158.793
1101.000   1131.000   581.000   120.000   77.523   -158.624
1102.000   1185.000   517.000   170.000   77.573   -158.452
1103.000   1162.000   529.000   146.000   77.623   -158.280
1104.000   1148.000   516.000   149.000   77.672   -158.106
1105.000   1140.000   544.000   148.000   77.722   -157.930
1106.000   1149.000   548.000   129.000   77.772   -157.753
1107.000   1114.000   534.000   137.000   77.821   -157.575
1108.000   1120.000   594.000   137.000   77.870   -157.395
1109.000   1140.000   586.000   155.000   77.919   -157.214
1110.000   1097.000   555.000   147.000   77.968   -157.031
1111.000   1095.000   510.000   145.000   78.017   -156.847
1112.000   1114.000   512.000   134.000   78.066   -156.661
1113.000   1132.000   513.000   131.000   78.115   -156.474
1114.000   1108.000   553.000   135.000   78.163   -156.285
1115.000   1172.000   546.000   137.000   78.212   -156.095
1116.000   1130.000   545.000   151.000   78.260   -155.903
1117.000   1146.000   554.000   143.000   78.308   -155.709
1118.000   1169.000   574.000   142.000   78.356   -155.514
1119.000   1103.000   566.000   112.000   78.404   -155.317
1120.000   1129.000   529.000   154.000   78.451   -155.118
1121.000   1068.000   540.000   152.000   78.499   -154.918
1122.000   1083.000   570.000   133.000   78.546   -154.717
1123.000   1105.000   593.000   144.000   78.594   -154.513
1124.000   1090.000   562.000   143.000   78.641   -154.308
1125.000   1137.000   529.000   163.000   78.688   -154.101
1126.000   1143.000   517.000   130.000   78.734   -153.892
1127.000   1093.000   561.000   151.000   78.781   -153.682
1128.000   1128.000   513.000   164.000   78.828   -153.470
1129.000   1132.000   561.000   164.000   78.874   -153.256
1130.000   1146.000   571.000   125.000   78.920   -153.040
1131.000   1117.000   577.000   177.000   78.966   -152.823
1132.000   1139.000   575.000   135.000   79.012   -152.603
1133.000   1065.000   546.000   127.000   79.058   -152.382
1134.000   1054.000   580.000   138.000   79.103   -152.159
1135.000   1125.000   592.000   151.000   79.149   -151.934
1136.000   1047.000   569.000   153.000   79.194   -151.707
1137.000   1050.000   526.000   159.000   79.239   -151.479
1138.000   1063.000   547.000   138.000   79.284   -151.248
1139.000   1109.000   575.000   161.000   79.328   -151.015
1140.000   1095.000   544.000   132.000   79.373   -150.781
1141.000   1092.000   564.000   153.000   79.417   -150.544
1142.000   1067.000   519.000   138.000   79.461   -150.305
1143.000   1042.000   522.000   145.000   79.505   -150.065
1144.000   1105.000   488.000   153.000   79.549   -149.822
1145.000   1100.000   551.000   140.000   79.592   -149.578
1146.000   1115.000   550.000   144.000   79.636   -149.331
1147.000   1089.000   556.000   137.000   79.679   -149.082
1148.000   1085.000   611.000   149.000   79.722   -148.831
1149.000   1050.000   568.000   165.000   79.765   -148.578
1150.000   1054.000   581.000   145.000   79.807   -148.323
1151.000   1035.000   508.000   159.000   79.850   -148.066
1152.000   1102.000   576.000   129.000   79.892   -147.806
1153.000   1090.000   582.000   143.000   79.934   -147.545
1154.000   1090.000   529.000   126.000   79.975   -147.281
1155.000   1122.000   555.000   131.000   80.017   -147.015
1156.000   1056.000   528.000   139.000   80.058   -146.746
1157.000   1087.000   570.000   155.000   80.099   -146.476
1158.000   1073.000   522.000   153.000   80.140   -146.203
1159.000   1068.000   535.000   152.000   80.181   -145.928
1160.000   1047.000   539.000   160.000   80.221   -145.651
1161.000   1031.000   529.000   131.000   80.261   -145.371
1162.000   1068.000   528.000   142.000   80.301   -145.089
1163.000   1067.000   539.000   151.000   80.341   -144.805
1164.000   1041.000   547.000   143.000   80.380   -144.518
1165.000   1031.000   523.000   138.000   80.419   -144.229
1166.000   1035.000   548.000   136.000   80.458   -143.938
1167.000   1037.000   564.000   127.000   80.497   -143.644
1168.000   1038.000   519.000   153.000   80.535   -143.348
1169.000   1081.000   513.000   161.000   80.573   -143.049
1170.000   1075.000   521.000   139.000   80.611   -142.748
1171.000   1059.000   554.000   138.000   80.649   -142.445
1172.000   1044.000   538.000   139.000   80.686   -142.139
1173.000   1055.000   547.000   131.000   80.723   -141.831
1174.000   1085.000   531.000   123.000   80.760   -141.520
1175.000   1005.000   560.000   160.000   80.797   -141.207
1176.000   1066.000   579.000   152.000   80.833   -140.891
1177.000   1025.000   578.000   143.000   80.869   -140.572
1178.000   1070.000   542.000   152.000   80.905   -140.251
1179.000   1039.000   544.000   139.000   80.940   -139.928
1180.000   1052.000   531.000   138.000   80.975   -139.602
1181.000   1047.000   544.000   130.000   81.010   -139.274
1182.000   1049.000   515.000   161.000   81.045   -138.943
1183.000   1036.000   539.000   143.000   81.079   -138.609
1184.000   1047.000   531.000   160.000   81.113   -138.273
1185.000   1052.000   576.000   128.000   81.146   -137.934
1186.000   1012.000   526.000   131.000   81.180   -137.593
1187.000   1014.000   552.000   142.000   81.213   -137.249
1188.000   1033.000   530.000   148.000   81.245   -136.902
1189.000   1055.000   552.000   159.000   81.278   -136.553
1190.000   1042.000   529.000   154.000   81.310   -136.202
1191.000   1026.000   541.000   143.000   81.341   -135.847
1192.000   1031.000   593.000   147.000   81.373   -135.490
1193.000   1055.000   555.000   145.000   81.404   -135.131
1194.000   1083.000   547.000   154.000   81.434   -134.769
1195.000   954.000   513.000   147.000   81.465   -134.404
1196.000   1028.000   529.000   153.000   81.494   -134.037
1197.000   1025.000   570.000   140.000   81.524   -133.667
1198.000   1032.000   545.000   144.000   81.553   -133.295
1199.000   1007.000   558.000   132.000   81.582   -132.920
1200.000   1024.000   562.000   163.000   81.611   -132.542
1201.000   1059.000   532.000   156.000   81.639   -132.162
1202.000   1072.000   557.000   132.000   81.667   -131.779
1203.000   1034.000   513.000   138.000   81.694   -131.394
1204.000   914.000   589.000   122.000   81.721   -131.006
1205.000   1007.000   538.000   154.000   81.748   -130.616
1206.000   1034.000   514.000   162.000   81.774   -130.223
1207.000   1002.000   571.000   136.000   81.800   -129.828
1208.000   1051.000   579.000   154.000   81.825   -129.430
1209.000   1004.000   537.000   150.000   81.850   -129.030
1210.000   1067.000   542.000   139.000   81.875   -128.627
1211.000   1030.000   512.000   140.000   81.899   -128.222
1212.000   964.000   560.000   155.000   81.923   -127.814
1213.000   1011.000   533.000   142.000   81.946   -127.404
1214.000   966.000   546.000   143.000   81.969   -126.992
1215.000   1025.000   548.000   153.000   81.992   -126.577
1216.000   1005.000   553.000   144.000   82.014   -126.160
1217.000   1038.000   567.000   152.000   82.036   -125.741
1218.000   1015.000   541.000   151.000   82.057   -125.319
1219.000   1001.000   541.000   140.000   82.078   -124.895
1220.000   992.000   499.000   126.000   82.098   -124.469
1221.000   1020.000   545.000   141.000   82.118   -124.041
1222.000   923.000   540.000   163.000   82.138   -123.610
1223.000   1024.000   560.000   140.000   82.157   -123.178
1224.000   1029.000   535.000   158.000   82.175   -122.743
1225.000   1011.000   529.000   137.000   82.193   -122.307
1226.000   1006.000   524.000   145.000   82.211   -121.868
1227.000   959.000   511.000   142.000   82.228   -121.427
1228.000   1040.000   547.000   155.000   82.245   -120.984
1229.000   970.000   556.000   152.000   82.261   -120.540
1230.000   980.000   509.000   144.000   82.277   -120.093
1231.000   1001.000   532.000   144.000   82.293   -119.645
1232.000   1013.000   581.000   172.000   82.307   -119.195
1233.000   939.000   525.000   138.000   82.322   -118.744
1234.000   988.000   560.000   140.000   82.336   -118.290
1235.000   1051.000   518.000   145.000   82.349   -117.835
1236.000   962.000   534.000   129.000   82.362   -117.379
1237.000   1011.000   560.000   126.000   82.375   -116.920
1238.000   987.000   557.000   150.000   82.387   -116.461
1239.000   967.000   547.000   149.000   82.398   -116.000
1240.000   953.000   518.000   158.000   82.409   -115.538
1241.000   1011.000   515.000   159.000   82.420   -115.074
1242.000   988.000   564.000   138.000   82.430   -114.609
1243.000   967.000   555.000   133.000   82.439   -114.143
1244.000   936.000   516.000   137.000   82.448   -113.676
1245.000   1035.000   553.000   139.000   82.456   -113.207
1246.000   1052.000   562.000   148.000   82.464   -112.738
1247.000   1012.000   576.000   143.000   82.472   -112.267
1248.000   964.000   532.000   141.000   82.479   -111.796
1249.000   984.000   569.000   116.000   82.485   -111.324
1250.000   981.000   520.000   140.000   82.491   -110.851
1251.000   954.000   539.000   156.000   82.496   -110.378
1252.000   1023.000   546.000   135.000   82.501   -109.903
1253.000   931.000   520.000   141.000   82.506   -109.429
1254.000   972.000   567.000   137.000   82.510   -108.953
1255.000   967.000   551.000   155.000   82.513   -108.477
1256.000   959.000   548.000   156.000   82.516   -108.001
1257.000   971.000   529.000   156.000   82.518   -107.525
1258.000   980.000   551.000   162.000   82.520   -107.048
1259.000   1001.000   508.000   133.000   82.521   -106.571
1260.000   981.000   539.000   176.000   82.522   -106.094
